1372 1.00001
38.5262 38.5262 38.5262 
19.1345 19.1345 19.1345 
1 1 1 1 1 1 1 1 1 1 1 1 1 1 1 1 1 1 1 1 1 1 1 1 1 1 1 1 1 1 1 1 1 1 1 1 1 1 1 1 1 1 1 1 1 1 1 1 1 1 1 1 1 1 1 1 1 1 1 1 1 1 1 1 1 1 1 1 1 1 1 1 1 1 1 1 1 1 1 1 1 1 1 1 1 1 1 1 1 1 1 1 1 1 1 1 1 1 1 1 
1 1 1 1 1 1 1 1 1 1 1 1 1 1 1 1 1 1 1 1 1 1 1 1 1 1 1 1 1 1 1 1 1 1 1 1 1 1 1 1 1 1 1 1 1 1 1 1 1 1 1 1 1 1 1 1 1 1 1 1 1 1 1 1 1 1 1 1 1 1 1 1 1 1 1 1 1 1 1 1 1 1 1 1 1 1 1 1 1 1 1 1 1 1 1 1 1 1 1 1 
1 1 1 1 1 1 1 1 1 1 1 1 1 1 1 1 1 1 1 1 1 1 1 1 1 1 1 1 1 1 1 1 1 1 1 1 1 1 1 1 1 1 1 1 1 1 1 1 1 1 1 1 1 1 1 1 1 1 1 1 1 1 1 1 1 1 1 1 1 1 1 1 1 1 1 1 1 1 1 1 1 1 1 1 1 1 1 1 1 1 1 1 1 1 1 1 1 1 1 1 
1 1 1 1 1 1 1 1 1 1 1 1 1 1 1 1 1 1 1 1 1 1 1 1 1 1 1 1 1 1 1 1 1 1 1 1 1 1 1 1 1 1 1 1 1 1 1 1 1 1 1 1 1 1 1 1 1 1 1 1 1 1 1 1 1 1 1 1 1 1 1 1 1 1 1 1 1 1 1 1 1 1 1 1 1 1 1 1 1 1 1 1 1 1 1 1 1 1 1 1 
1 1 1 1 1 1 1 1 1 1 1 1 1 1 1 1 1 1 1 1 1 1 1 1 1 1 1 1 1 1 1 1 1 1 1 1 1 1 1 1 1 1 1 1 1 1 1 1 1 1 1 1 1 1 1 1 1 1 1 1 1 1 1 1 1 1 1 1 1 1 1 1 1 1 1 1 1 1 1 1 1 1 1 1 1 1 1 1 1 1 1 1 1 1 1 1 1 1 1 1 
1 1 1 1 1 1 1 1 1 1 1 1 1 1 1 1 1 1 1 1 1 1 1 1 1 1 1 1 1 1 1 1 1 1 1 1 1 1 1 1 1 1 1 1 1 1 1 1 1 1 1 1 1 1 1 1 1 1 1 1 1 1 1 1 1 1 1 1 1 1 1 1 1 1 1 1 1 1 1 1 1 1 1 1 1 1 1 1 1 1 1 1 1 1 1 1 1 1 1 1 
1 1 1 1 1 1 1 1 1 1 1 1 1 1 1 1 1 1 1 1 1 1 1 1 1 1 1 1 1 1 1 1 1 1 1 1 1 1 1 1 1 1 1 1 1 1 1 1 1 1 1 1 1 1 1 1 1 1 1 1 1 1 1 1 1 1 1 1 1 1 1 1 1 1 1 1 1 1 1 1 1 1 1 1 1 1 1 1 1 1 1 1 1 1 1 1 1 1 1 1 
1 1 1 1 1 1 1 1 1 1 1 1 1 1 1 1 1 1 1 1 1 1 1 1 1 1 1 1 1 1 1 1 1 1 1 1 1 1 1 1 1 1 1 1 1 1 1 1 1 1 1 1 1 1 1 1 1 1 1 1 1 1 1 1 1 1 1 1 1 1 1 1 1 1 1 1 1 1 1 1 1 1 1 1 1 1 1 1 1 1 1 1 1 1 1 1 1 1 1 1 
1 1 1 1 1 1 1 1 1 1 1 1 1 1 1 1 1 1 1 1 1 1 1 1 1 1 1 1 1 1 1 1 1 1 1 1 1 1 1 1 1 1 1 1 1 1 1 1 1 1 1 1 1 1 1 1 1 1 1 1 1 1 1 1 1 1 1 1 1 1 1 1 1 1 1 1 1 1 1 1 1 1 1 1 1 1 1 1 1 1 1 1 1 1 1 1 1 1 1 1 
1 1 1 1 1 1 1 1 1 1 1 1 1 1 1 1 1 1 1 1 1 1 1 1 1 1 1 1 1 1 1 1 1 1 1 1 1 1 1 1 1 1 1 1 1 1 1 1 1 1 1 1 1 1 1 1 1 1 1 1 1 1 1 1 1 1 1 1 1 1 1 1 1 1 1 1 1 1 1 1 1 1 1 1 1 1 1 1 1 1 1 1 1 1 1 1 1 1 1 1 
1 1 1 1 1 1 1 1 1 1 1 1 1 1 1 1 1 1 1 1 1 1 1 1 1 1 1 1 1 1 1 1 1 1 1 1 1 1 1 1 1 1 1 1 1 1 1 1 1 1 1 1 1 1 1 1 1 1 1 1 1 1 1 1 1 1 1 1 1 1 1 1 1 1 1 1 1 1 1 1 1 1 1 1 1 1 1 1 1 1 1 1 1 1 1 1 1 1 1 1 
1 1 1 1 1 1 1 1 1 1 1 1 1 1 1 1 1 1 1 1 1 1 1 1 1 1 1 1 1 1 1 1 1 1 1 1 1 1 1 1 1 1 1 1 1 1 1 1 1 1 1 1 1 1 1 1 1 1 1 1 1 1 1 1 1 1 1 1 1 1 1 1 1 1 1 1 1 1 1 1 1 1 1 1 1 1 1 1 1 1 1 1 1 1 1 1 1 1 1 1 
1 1 1 1 1 1 1 1 1 1 1 1 1 1 1 1 1 1 1 1 1 1 1 1 1 1 1 1 1 1 1 1 1 1 1 1 1 1 1 1 1 1 1 1 1 1 1 1 1 1 1 1 1 1 1 1 1 1 1 1 1 1 1 1 1 1 1 1 1 1 1 1 1 1 1 1 1 1 1 1 1 1 1 1 1 1 1 1 1 1 1 1 1 1 1 1 1 1 1 1 
1 1 1 1 1 1 1 1 1 1 1 1 1 1 1 1 1 1 1 1 1 1 1 1 1 1 1 1 1 1 1 1 1 1 1 1 1 1 1 1 1 1 1 1 1 1 1 1 1 1 1 1 1 1 1 1 1 1 1 1 1 1 1 1 1 1 1 1 1 1 1 1 
0 0.446312 1.55195 1.35847 0 1.33612 3.75534 4.10581 0 4.37465 1.27065 3.95972 0 3.94091 4.02283 1.04914 0 6.92023 0.963317 1.42602 0 6.72 3.75872 3.72832 0 9.49858 0.819443 3.87435 0 9.85667 3.61241 1.24814 0 12.0482 0.704996 1.40919 0 12.2897 3.83545 4.03591 0 15.0675 1.03646 4.42298 0 15.0176 3.46701 1.3112 0 17.5975 0.570747 1.01121 0 17.8543 3.20111 3.84308 0 20.4045 0.721508 3.59297 0 20.3053 3.24844 1.07552 0 22.9015 1.14986 1.07712 0 23.2186 3.92163 3.64443 0 25.6798 1.46558 3.4294 0 25.9325 3.98127 0.9277 0 28.8881 1.63282 1.43609 0 27.7423 4.43403 4.15879 0 31.3943 1.69941 3.97394 0 31.7311 3.97207 0.868545 0 34.6024 1.209 0.935713 0 33.8011 4.19485 4.20609 0 37.3064 1.24452 4.42494 0 36.7928 4.41116 2.12459 0 0.951028 6.42274 1.10169 0 1.67671 9.48433 4.37183 0 3.77199 6.30851 4.00871 0 4.4075 9.30392 1.76824 0 6.92343 6.20801 1.47905 0 6.97879 9.15485 4.13151 0 9.61345 6.03822 4.23789 0 9.62576 9.19854 1.35207 0 12.5849 6.33357 1.53486 0 12.1622 9.41433 3.63236 0 15.8168 6.6942 4.10516 0 15.2496 9.81613 1.48158 0 18.0357 6.3257 1.52404 0 18.1438 9.80234 3.88931 0 20.3251 6.24253 4.20962 0 19.8794 9.30226 0.884528 0 22.9591 6.94328 0.742845 0 22.2959 9.69154 3.76181 0 25.1405 7.39213 3.49097 0 25.3123 9.5308 0.708164 0 28.3215 7.06531 0.928245 0 28.3172 9.49145 3.74618 0 31.2049 7.02879 4.24344 0 31.5914 8.71068 0.983704 0 34.635 6.8762 0.686033 0 34.3551 8.8986 3.85949 0 37.819 7.07476 4.13853 0 37.3458 9.54839 1.63924 0 1.45023 12.6009 1.24095 0 1.76781 15.3154 4.19348 0 4.01329 12.2876 3.58141 0 4.39836 15.0271 1.16604 0 7.05724 11.658 1.33277 0 7.00694 14.8849 3.80036 0 9.58483 11.9707 3.98372 0 9.39151 14.9218 1.34126 0 11.7922 12.1674 1.36474 0 12.3738 14.9532 4.40643 0 14.611 12.2626 3.78857 0 15.0579 15.3717 1.72917 0 17.4048 12.6402 1.29155 0 17.5099 15.3592 3.74655 0 20.1202 12.8693 3.71216 0 20.1843 15.7511 1.38822 0 22.8379 12.1812 0.983458 0 23.0659 15.2873 3.57178 0 25.3949 11.9237 3.30447 0 25.8548 14.4097 0.94154 0 29.4601 11.7861 1.18179 0 28.5965 14.3025 4.25232 0 31.4206 11.9897 4.54201 0 31.8435 14.7076 1.6745 0 34.1311 11.8505 1.87948 0 34.0209 14.9504 4.4782 0 37.2973 12.4161 4.38634 0 36.9943 14.5151 0.763244 0 2.0964 17.7923 1.68302 0 1.56664 20.2221 4.46797 0 4.53911 17.6231 4.24211 0 4.3492 20.7839 1.52184 0 7.30866 17.9209 1.28115 0 7.08076 20.6342 4.05668 0 9.787 17.8619 4.20503 0 9.7353 20.6332 1.01689 0 12.0028 17.9746 1.26738 0 11.6074 20.9425 4.13614 0 14.3385 18.4227 3.90543 0 14.2114 21.1196 1.03535 0 17.4026 18.3275 1.32412 0 17.2131 21.2236 3.79145 0 20.388 17.6698 4.39471 0 20.5294 20.698 1.59322 
0 23.2307 17.6441 1.08646 0 23.4764 20.1926 4.08266 0 25.7954 17.3672 4.0339 0 25.6713 20.3475 0.81193 0 28.5984 17.0776 1.66486 0 28.3382 20.4242 3.23622 0 31.0683 17.4787 4.17089 0 31.4865 20.1882 1.73526 0 34.1904 17.6176 1.77794 0 34.5762 20.6944 4.10599 0 36.9556 18.0986 4.37956 0 37.2136 20.5518 1.2579 0 1.67509 23.2706 1.81832 0 1.59838 26.3353 3.67165 0 4.32512 23.4175 4.3179 0 4.7677 26.117 1.36153 0 7.54265 23.9168 1.23737 0 6.74978 25.9287 4.33834 0 9.55305 23.605 3.9279 0 9.45283 26.489 1.23404 0 11.7612 23.5756 1.01645 0 12.2324 26.33 3.55533 0 14.5676 23.6134 4.37168 0 14.7877 26.0747 0.898996 0 17.5334 23.5948 1.30284 0 17.582 25.5695 4.48974 0 20.5005 23.4139 4.06374 0 20.8493 25.7613 1.36499 0 23.401 22.9849 1.49885 0 23.749 25.7321 3.92863 0 26.2433 23.5948 3.95689 0 26.5074 26.6632 1.20433 0 28.3602 23.1093 1.00677 0 29.0073 26.6906 4.15457 0 30.7219 23.0923 3.74863 0 31.2611 25.9296 1.37681 0 33.9124 23.2621 1.25142 0 34.3782 26.1068 3.61104 0 37.2472 23.1144 3.72115 0 37.156 25.9695 1.4918 0 1.55453 28.3069 0.917154 0 0.799017 31.7051 4.10558 0 4.08632 29.0214 4.00232 0 3.87352 32.0793 1.56921 0 6.82021 29.0532 0.906926 0 6.25226 32.0134 4.07915 0 8.76378 29.2567 3.82214 0 9.59098 31.3228 1.24076 0 12.1579 29.0581 1.25819 0 12.0988 31.6229 3.98526 0 15.1449 28.5339 3.67346 0 14.7371 31.2981 1.44958 0 17.9967 28.3383 1.39524 0 17.9276 31.2244 3.72601 0 20.7398 28.6947 4.26066 0 20.6586 31.1934 1.28067 0 23.3774 28.4244 1.63357 0 23.1103 31.225 4.15164 0 25.9453 28.651 4.43863 0 25.7957 31.2787 1.28783 0 29.2926 28.8768 1.66833 0 29.0971 31.1395 4.44511 0 32.0122 28.7558 4.08285 0 31.5997 31.2764 1.70067 0 34.5565 28.8949 1.59938 0 35.1565 31.5198 4.14737 0 37.3068 28.5851 4.09415 0 37.3958 31.0191 0.957979 0 0.925797 33.796 1.27388 0 1.69595 37.6762 3.82165 0 3.80907 34.4504 4.56282 0 4.23195 36.2857 1.31208 0 6.8085 34.2279 1.15324 0 6.94361 37.036 3.88803 0 9.35003 34.1963 4.00535 0 9.55009 36.7897 1.06412 0 12.1363 34.3068 1.03369 0 12.3406 36.4067 4.06854 0 15.3203 33.9477 3.97606 0 14.9896 36.6394 1.38144 0 17.4848 34.195 1.07958 0 17.7889 36.4859 3.8305 0 20.3838 33.9028 4.13623 0 20.4356 36.5099 1.22309 0 23.2146 33.795 1.24532 0 23.1353 36.6917 3.49963 0 26.1286 34.4272 4.64545 0 26.1134 36.9085 0.759913 0 28.8912 34.134 1.68691 0 28.6024 37.1294 3.44948 0 31.5565 33.8919 4.3795 0 31.9906 36.8253 1.1915 0 34.5964 33.936 1.78537 0 34.0819 37.4352 4.27826 0 36.6955 34.8354 4.571 0 36.8377 36.8292 1.31519 0 1.56367 1.19944 7.04678 0 1.04637 4.12517 9.95596 0 4.21344 2.09397 9.40239 0 4.12129 3.98286 6.29289 
0 6.99049 1.44463 6.6634 0 7.7249 3.75479 9.68775 0 9.53316 0.660596 9.20625 0 10.1175 3.63035 6.95593 0 12.2207 0.956527 6.7618 0 12.2341 3.67289 9.93645 0 14.935 0.927993 9.32299 0 15.3473 4.38191 6.49319 0 18.1216 0.73728 6.60745 0 18.0077 3.55597 9.14896 0 20.8575 0.966465 9.5058 0 20.6951 3.58004 6.5144 0 23.2458 0.776806 6.0238 0 23.0326 4.10241 9.93061 0 25.7737 1.59362 9.37041 0 25.1686 3.93389 6.70691 0 28.0626 1.49467 6.72017 0 27.9479 4.28601 9.85218 0 31.0097 1.18551 9.3861 0 30.9944 4.50036 6.92551 0 33.5465 1.17287 6.60468 0 33.9113 4.11688 9.89111 0 36.4971 1.73582 9.70007 0 37.3658 3.91592 6.88612 0 1.48487 6.92005 6.95686 0 2.26354 9.71829 9.25481 0 4.67421 6.17385 9.70919 0 4.66764 9.08951 6.86321 0 6.80823 6.03684 6.70507 0 7.14231 9.50054 9.48305 0 9.91776 6.86385 9.76511 0 9.7673 9.47287 6.55523 0 12.1046 6.66516 6.95504 0 12.3463 9.39691 9.33241 0 15.0259 6.18642 9.79224 0 14.9424 8.84697 6.59716 0 18.1869 6.42406 7.13243 0 17.821 9.15962 9.64953 0 20.284 6.87698 9.9641 0 20.0185 9.48121 7.03568 0 22.6151 7.20997 6.64734 0 22.7549 10.055 9.40412 0 25.465 7.48901 8.93007 0 25.2506 9.72692 6.07475 0 28.3376 6.99814 6.82496 0 28.8318 9.22391 9.58322 0 31.2381 6.84386 9.64418 0 31.5032 9.47213 6.81082 0 34.5773 6.60858 6.88686 0 34.5244 9.67472 9.43345 0 37.4241 6.75926 9.6088 0 37.4584 9.55706 6.76094 0 1.72342 12.5559 6.75803 0 1.59361 14.7335 9.50961 0 4.49903 12.227 9.63277 0 4.57584 14.7344 6.53133 0 7.42165 12.2451 6.92412 0 6.9651 14.5564 9.54862 0 9.82888 12.1967 9.4371 0 9.65366 15.1417 6.73485 0 12.5789 12.0501 6.70377 0 12.4767 14.8849 8.90397 0 14.9684 12.1166 9.18272 0 15.2795 15.5463 6.55894 0 17.2462 12.1768 6.3988 0 17.6857 15.2026 9.01771 0 19.6604 12.3682 9.601 0 20.1811 14.7208 6.90483 0 22.763 12.1679 6.43639 0 22.8835 14.5245 9.52285 0 26.0821 11.9923 9.59339 0 25.5891 14.9969 6.92358 0 28.5601 11.5011 6.81525 0 28.4006 14.9329 9.28988 0 31.3011 12.249 9.10671 0 31.0508 15.0634 6.79273 0 34.6616 12.0837 6.34082 0 34.1556 14.09 9.01556 0 37.6281 12.1123 9.00708 0 36.9989 15.0147 7.05137 0 1.84861 17.5252 6.93973 0 0.975286 20.4368 9.53175 0 4.41612 17.4452 9.39252 0 4.02114 20.283 6.80499 0 6.87089 18.0543 6.89385 0 6.20801 20.6386 9.79731 0 9.50931 17.2163 9.48109 0 9.51098 20.1315 6.90696 0 12.0543 17.8183 6.75259 0 12.0977 20.7792 9.71871 0 14.8922 17.848 9.08444 0 14.4063 20.6781 6.43534 0 17.218 18.2849 6.18249 0 17.4291 21.0661 9.5591 0 20.5845 17.5944 9.28245 0 20.5868 20.9789 6.43036 0 23.3985 17.7487 6.90077 0 23.1353 20.422 9.52935 0 25.9813 17.7981 9.35884 0 25.643 20.3787 6.56762 
0 28.2175 17.3059 6.53427 0 28.4773 20.7512 8.9707 0 31.1972 17.9543 9.15638 0 31.0889 20.296 6.30324 0 34.4166 17.718 7.00073 0 34.1578 20.5049 9.04315 0 37.1461 17.8782 9.21115 0 37.1601 20.5453 6.72302 0 1.13956 23.4909 6.36978 0 1.19391 26.436 9.19278 0 3.67694 23.2638 9.29843 0 3.666 25.8691 6.66005 0 7.30261 22.8696 6.83817 0 6.47995 25.8532 9.55392 0 9.03931 23.0292 10.1307 0 9.46266 26.4837 7.0183 0 11.7828 23.5508 7.11382 0 12.1248 26.739 9.43852 0 14.6555 23.9608 9.64797 0 14.8401 26.6592 6.79626 0 17.6297 22.9983 6.68868 0 17.4333 25.9571 9.25113 0 20.2237 23.5667 9.47384 0 20.325 26.0089 6.72081 0 23.2714 23.3473 6.78411 0 23.1365 25.7684 9.51216 0 25.8826 23.1177 9.48878 0 26.2189 26.1498 7.27025 0 28.3919 23.4818 6.92334 0 28.9714 26.013 9.64598 0 31.7984 23.1888 9.02836 0 31.369 26.0742 6.6326 0 33.7717 23.5761 5.86441 0 34.5171 25.8329 8.76869 0 36.9221 23.2364 9.34032 0 37.033 25.8363 6.39693 0 1.623 28.7937 6.71708 0 1.25999 31.6543 9.44147 0 4.02608 28.9775 9.48903 0 3.89424 31.4681 6.58298 0 6.47529 28.6777 6.55682 0 6.53362 31.9518 9.54238 0 8.90086 29.1328 9.38715 0 9.33153 31.5803 6.21379 0 12.0958 28.6388 6.40232 0 12.0396 31.3086 9.08017 0 14.9503 28.9796 9.07071 0 14.8869 31.6883 6.67439 0 18.0087 28.7108 6.8638 0 17.9709 31.3187 9.72932 0 21.1262 28.7606 9.49178 0 20.6646 31.1807 6.8425 0 23.3893 28.5926 6.85696 0 23.6352 31.7072 9.73348 0 25.6821 28.7596 10.1141 0 25.6814 31.4461 6.94826 0 28.8904 29.1669 7.38179 0 28.2304 31.4192 9.94216 0 31.6907 28.8126 10.0852 0 31.7208 31.3681 7.53575 0 34.608 29.137 6.41733 0 34.3244 31.7008 9.88389 0 36.8814 28.9051 8.83557 0 36.7606 32.1594 7.29921 0 1.27023 34.658 7.16122 0 1.37013 37.675 9.82219 0 3.52298 34.9983 9.98476 0 4.40787 37.41 6.76068 0 6.81275 34.2572 7.04181 0 6.5172 37.0849 9.61904 0 9.534 34.581 9.07707 0 9.60785 36.9806 6.42737 0 12.2413 34.0506 6.83888 0 12.5331 36.9573 9.16195 0 15.2101 33.8793 9.21421 0 14.9867 36.885 6.55546 0 18.0824 34.0788 6.8358 0 17.8202 36.574 9.35815 0 20.9668 34.0444 9.35592 0 20.8637 36.9479 6.60168 0 23.2596 34.417 6.72604 0 23.5584 36.7737 9.74722 0 26.2106 34.1903 9.05311 0 25.7183 36.9635 7.0297 0 28.9581 33.9282 6.90519 0 28.786 36.9898 9.72142 0 31.1325 34.4078 9.55234 0 31.2144 36.8743 6.0669 0 33.8835 34.3472 7.11334 0 33.9241 37.727 9.45813 0 37.2256 34.4608 9.86873 0 37.2942 37.0873 7.73604 0 0.670923 1.73639 12.5468 0 1.01399 4.46448 15.365 0 3.39693 1.54284 15.6911 0 4.04759 3.94458 12.5373 0 7.02645 1.13755 12.1587 0 6.87152 4.00008 15.0316 0 10.4105 0.707934 15.1628 0 9.83703 3.66906 12.792 
0 12.9084 0.91102 12.3735 0 12.785 3.96052 14.5819 0 15.5245 0.947767 14.8452 0 15.8425 3.78074 12.1223 0 17.8016 0.774135 11.7517 0 17.7667 3.68828 15.1268 0 20.4087 1.21642 15.2763 0 20.3008 4.00486 12.5815 0 22.9969 0.802322 12.221 0 23.0257 3.64673 14.9321 0 25.8645 1.17795 14.9841 0 25.6274 4.32272 12.3444 0 28.5261 1.53589 12.4933 0 28.8136 4.46768 15.3219 0 31.2003 1.63886 15.3061 0 30.98 4.0017 11.9364 0 33.8054 1.82604 12.6717 0 34.3158 4.37078 15.3146 0 36.7639 1.47527 15.0585 0 36.5694 4.69537 12.6462 0 1.15735 7.08431 12.3426 0 0.864917 9.40317 15.223 0 3.63406 7.02757 14.954 0 4.10783 9.68563 12.3139 0 6.56993 6.57307 12.5333 0 6.25765 10.454 14.9857 0 10.2002 6.6646 15.4623 0 8.97963 9.45395 12.4904 0 12.2769 6.5537 12.4309 0 12.5769 9.27166 15.4721 0 15.1316 6.80283 15.3689 0 15.19 9.17991 12.1818 0 17.6759 6.6804 13.0523 0 17.9219 9.60665 15.3458 0 20.6178 6.65333 15.3945 0 20.0492 9.66302 12.0967 0 22.8604 6.78322 12.3216 0 22.8062 9.89461 15.1933 0 25.6183 6.54642 15.1605 0 25.589 9.06695 12.0841 0 28.6983 6.97636 12.5116 0 28.7247 9.48478 15.0707 0 31.4714 6.75666 15.3082 0 31.4693 9.90967 12.2593 0 34.1732 7.2589 12.5043 0 34.0779 9.64301 15.1436 0 36.3453 7.09911 15.5258 0 37.245 9.36552 12.011 0 1.42938 12.2245 11.9346 0 0.915476 14.7432 14.4493 0 3.25642 12.1688 15.049 0 4.10452 14.7603 12.1182 0 6.90857 12.4094 12.1185 0 6.98732 15.0599 14.8434 0 9.23952 12.0153 15.1795 0 10.1966 15.1201 12.1948 0 12.2888 11.9847 12.2578 0 12.9145 15.0135 14.8322 0 15.1211 12.2524 14.8012 0 15.15 15.0643 11.807 0 17.4761 12.449 12.5937 0 17.7044 15.601 14.8164 0 20.4602 12.4032 15.1305 0 20.1917 15.5794 12.1135 0 23.144 11.9826 12.3519 0 23.2471 14.8589 14.6322 0 25.8935 12.7251 14.9677 0 26.203 15.151 11.9641 0 28.5796 12.0289 12.1584 0 28.6509 15.4846 14.3564 0 30.9838 12.4457 15.0044 0 31.7045 14.7424 11.6194 0 34.27 12.2898 12.213 0 34.0101 15.1544 14.8653 0 36.7386 12.0198 14.5028 0 36.9551 14.9381 11.8521 0 0.883916 17.5152 11.7477 0 1.02181 20.3738 14.5756 0 4.05837 17.134 14.92 0 3.63781 20.2917 11.8545 0 6.73307 17.4679 12.1818 0 6.26114 19.9571 14.4518 0 9.84229 17.3326 15.09 0 9.27998 20.1729 12.4805 0 12.4243 18.0656 12.116 0 12.2078 20.8694 15.3847 0 15.1171 18.2942 15.2875 0 14.6853 21.3876 11.8833 0 17.4356 18.386 11.8515 0 17.7647 20.6188 14.9533 0 20.1617 18.0842 15.076 0 20.0554 21.158 12.2685 0 23.1034 18.081 12.6512 0 22.9661 20.9408 14.6561 0 26.0534 17.8155 14.6365 0 26.0487 20.5561 11.8294 0 28.906 18.1402 11.6959 0 28.6114 20.5273 14.9273 0 31.3594 18.1584 14.5251 0 31.2863 20.5559 11.6456 
0 34.1725 17.5233 11.4501 0 34.1523 20.4984 14.4205 0 37.085 17.6785 14.9143 0 36.5709 20.3353 11.7837 0 1.09081 22.9304 12.0863 0 0.55783 25.8169 14.1393 0 3.72328 22.8257 14.7062 0 3.8926 26.0575 12.2889 0 7.00323 23.429 12.938 0 7.06739 26.685 14.5877 0 9.75073 23.5458 14.7118 0 9.41065 26.4557 11.7065 0 12.1508 23.8304 12.2152 0 11.8573 26.6553 14.6104 0 14.9958 23.5977 14.8451 0 14.996 26.6958 11.9487 0 17.4629 23.5466 12.1946 0 17.8626 26.2185 14.7835 0 20.6656 23.6519 15.1092 0 20.5305 26.2697 12.2334 0 22.8602 23.4931 11.9842 0 23.4733 26.1231 14.8446 0 26.7392 23.4539 14.3025 0 25.818 25.6945 11.787 0 28.9142 22.8748 11.6265 0 28.7568 26.3516 15.1861 0 31.2823 23.2027 14.6696 0 31.2225 25.7927 12.5596 0 34.0694 23.4702 11.7577 0 34.0066 25.7416 14.7044 0 36.6975 23.2071 14.6695 0 36.626 26.022 11.7427 0 1.45351 28.6283 11.8303 0 0.640565 31.8048 14.9726 0 3.67841 28.9907 14.5894 0 3.48 31.4025 11.9887 0 6.49977 29.0848 12.1954 0 6.68153 31.5494 14.6102 0 9.81205 29.751 14.9031 0 9.27518 31.9526 11.8558 0 12.4453 29.402 12.1088 0 12.7334 31.8311 15.0636 0 15.0016 29.1044 14.6667 0 15.08 31.6613 11.942 0 18.0699 28.6765 12.1524 0 17.9467 31.353 14.7231 0 20.6948 29.0325 14.9226 0 20.8077 31.5282 12.3766 0 23.3028 28.7886 12.4951 0 23.0029 31.621 15.2527 0 25.9228 28.8555 15.3413 0 25.8837 31.4634 12.5481 0 28.3418 28.6274 12.5965 0 28.5901 31.3442 15.0605 0 31.3768 28.5577 15.1224 0 31.3456 31.5512 12.1254 0 34.2674 28.9899 12.2407 0 33.9544 31.8756 14.9723 0 37.0411 28.8181 14.9788 0 36.9779 31.7094 12.1256 0 1.42178 34.4997 12.6891 0 1.13968 37.2367 15.042 0 4.00237 34.4155 15.4279 0 3.87199 37.757 12.9517 0 6.04968 34.378 12.6992 0 7.14149 36.685 14.7253 0 9.848 34.6272 14.4948 0 9.07791 36.7167 11.8185 0 12.1493 33.9034 11.4286 0 12.7136 36.6563 14.5206 0 15.5905 33.8602 15.0768 0 15.2398 36.2721 11.7951 0 18.1498 33.9986 12.0901 0 17.9415 36.9724 14.6013 0 20.3633 34.0931 14.9935 0 20.6193 36.6599 11.9984 0 23.4746 34.1295 12.2973 0 23.4368 36.8206 14.9806 0 25.8297 33.7536 15.1648 0 26.1144 36.5658 12.2776 0 28.9812 34.2711 12.6646 0 29.0047 37.1955 14.8947 0 31.7051 34.5349 15.1715 0 31.7397 37.4453 12.2893 0 34.1215 34.5604 11.7574 0 33.6091 37.8722 15.4261 0 36.6046 34.3899 15.2486 0 36.6106 37.527 12.2278 0 0.742824 1.39229 17.7834 0 1.40979 4.53725 20.7627 0 3.84036 1.3847 19.6313 0 3.7629 4.85637 17.7571 0 6.87554 0.7944 17.2385 0 7.006 3.90515 19.9577 0 9.94459 1.33991 20.5595 0 9.85404 3.47348 17.414 0 13.0363 1.45065 17.8495 0 12.1224 4.01267 20.2862 0 15.2469 1.28198 21.211 0 15.0684 4.46389 18.4158 
0 17.3615 1.4988 18.2849 0 17.5218 3.95964 20.9921 0 20.5748 1.276 20.8479 0 20.3574 3.61654 17.9856 0 23.2979 1.32672 17.9424 0 23.1169 3.82995 21.0938 0 25.6684 1.28686 20.8457 0 25.7443 4.07018 18.0317 0 28.382 1.44399 17.8865 0 28.2947 4.90274 21.3794 0 31.2559 1.45072 20.5279 0 31.0053 4.53221 18.254 0 34.1142 2.02608 17.7059 0 33.6038 4.12936 20.9782 0 36.8213 1.79532 20.8818 0 36.8103 4.48304 18.3167 0 1.08961 6.92324 18.1712 0 1.0667 10.2005 20.5016 0 3.90163 7.48339 20.7778 0 3.59179 9.90169 17.7549 0 6.66942 7.50289 17.3123 0 7.06773 9.8067 20.9006 0 9.27945 6.72164 20.2307 0 9.79013 9.72558 18.1879 0 12.554 7.30672 18.3785 0 12.8774 9.61855 21.039 0 15.5043 6.89159 20.8999 0 15.4643 10.0992 17.504 0 17.9645 6.961 18.1889 0 17.9622 9.95939 20.255 0 20.8175 6.62585 20.4358 0 20.6339 9.16701 17.6484 0 23.3315 6.65733 17.8717 0 23.2486 9.85345 20.6998 0 25.2063 6.83157 20.8764 0 25.8997 9.74071 17.4537 0 28.475 6.78756 18.1991 0 28.9076 9.60194 20.8506 0 31.4494 6.89669 20.7389 0 31.0744 9.41201 17.7734 0 34.0011 7.2519 18.1322 0 33.9847 9.86865 20.5887 0 37.4067 7.09887 21.0217 0 36.8597 9.85661 18.1743 0 0.995389 12.5457 17.4832 0 0.834281 14.8635 20.7221 0 3.727 12.5338 20.2466 0 3.61823 14.9931 17.3479 0 7.08455 12.6444 18.156 0 6.74946 15.102 20.4909 0 9.76419 11.8457 20.9134 0 9.80211 14.8368 17.832 0 12.9799 12.42 17.8275 0 12.2254 14.8692 20.7371 0 15.0983 12.7136 20.6389 0 14.8968 15.357 17.9718 0 17.8097 13.0232 18.2155 0 17.5601 15.2918 20.7592 0 20.5322 12.2818 19.9349 0 20.7197 15.3112 17.1501 0 23.3195 12.3041 17.6153 0 23.6566 15.1338 20.6312 0 26.3587 12.4143 20.4113 0 26.154 15.0597 17.7686 0 28.6345 12.4945 17.6035 0 28.6566 15.3269 20.1719 0 31.3681 12.2223 20.5672 0 31.1721 15.1241 17.2186 0 34.105 12.4713 17.1437 0 34.2495 14.9758 19.7278 0 36.8776 12.3618 20.7292 0 36.6394 15.1785 17.3525 0 1.16259 17.8998 17.3309 0 1.2676 19.9367 20.5007 0 3.77261 17.5431 20.242 0 3.9018 20.056 17.3598 0 6.59333 17.7536 17.3907 0 6.25278 20.1425 20.1265 0 8.93147 17.9107 20.431 0 9.55336 20.3403 17.5923 0 12.1251 17.574 18.2491 0 12.3026 20.3033 20.9421 0 14.6516 17.883 20.5578 0 15.1762 20.5761 17.9149 0 17.7338 17.5494 17.6654 0 18.1114 20.6462 20.3926 0 20.4541 18.0144 20.3965 0 20.5301 20.5547 17.3723 0 23.1222 17.3657 17.5118 0 23.2854 20.5094 20.098 0 25.7563 18.1237 20.6052 0 25.5133 20.5918 17.419 0 28.3426 18.3713 17.6049 0 28.7382 20.7201 20.37 0 31.419 17.6482 20.3182 0 31.3243 20.8536 17.5533 0 33.7583 17.9456 17.6621 0 34.0909 20.6814 20.4733 0 36.3361 17.8594 20.0172 0 36.7288 20.5116 17.231 
0 0.828906 22.9986 17.4073 0 1.3125 25.6107 19.9055 0 4.05324 22.8161 19.6093 0 4.19726 26.0262 16.7259 0 6.7768 23.3533 16.952 0 6.52865 25.9062 20.2646 0 9.36337 22.8636 20.3912 0 10.0717 26.303 17.7965 0 12.3822 22.8976 18.0119 0 12.1814 26.0609 20.4776 0 15.1873 22.9423 20.9977 0 15.2621 26.5356 17.4871 0 18.0484 23.4802 17.6837 0 17.2101 26.035 20.3457 0 20.2354 23.3014 20.4086 0 20.1897 26.1746 17.9538 0 23.2819 23.2914 17.8263 0 23.0765 26.2126 20.1737 0 25.9268 23.1793 20.7592 0 26.0288 25.9899 17.5355 0 29.0772 23.425 17.2913 0 28.4371 25.9027 20.2167 0 31.5713 23.2938 20.2146 0 31.5349 25.6146 17.4779 0 34.343 23.387 17.6257 0 34.1463 25.5169 20.8928 0 36.8859 22.4797 20.6794 0 36.7481 26.0407 17.4483 0 1.16074 28.439 17.1754 0 0.812179 30.4 20.6848 0 3.6973 28.2256 20.5665 0 4.14441 30.5856 17.8207 0 7.45326 29.0678 17.451 0 7.1376 31.6984 20.0053 0 9.37445 28.5466 20.6854 0 10.3408 32.122 17.9651 0 12.5602 28.9438 17.7501 0 12.394 31.1827 20.8206 0 14.8717 28.8337 20.3842 0 15.2605 31.8128 17.7925 0 17.7258 28.9927 17.9654 0 17.7167 31.3276 20.7386 0 20.1737 28.732 20.3768 0 20.3844 31.8465 18.004 0 23.2682 29.1337 17.7851 0 23.3233 32.1372 20.6843 0 26.027 28.9033 20.2866 0 25.7381 31.512 17.9553 0 29.0533 29.0425 17.9089 0 28.5874 31.7733 20.3478 0 31.6363 28.2189 20.387 0 30.9911 31.9226 17.7329 0 34.086 28.3363 17.224 0 34.1743 30.7012 20.7042 0 36.8288 28.2527 19.9063 0 36.7109 31.4882 17.5851 0 1.1661 33.8141 17.8748 0 0.816035 37.4031 19.8865 0 4.03493 33.3474 20.7684 0 3.88899 36.5888 18.1248 0 6.807 34.0483 17.585 0 6.83263 35.713 20.5759 0 10.152 34.0355 20.7354 0 10.0427 36.7681 17.95 0 12.8882 34.7713 17.6672 0 12.5624 37.1335 20.5099 0 15.1076 34.0768 20.504 0 15.6748 37.1223 17.5443 0 17.8015 34.3776 17.7705 0 17.5491 36.8817 20.5052 0 19.9637 34.4305 20.5955 0 20.502 36.8455 17.6182 0 23.2419 34.1848 17.6167 0 22.8553 37.0106 20.4735 0 26.1132 34.2927 20.7349 0 25.8599 37.1438 17.9679 0 28.3488 34.5428 18.0097 0 28.7793 37.7818 20.5734 0 31.1477 34.5881 20.653 0 31.1536 37.07 17.7449 0 34.0531 34.4635 17.9881 0 34.9175 37.4219 20.1782 0 36.9857 33.5455 20.1504 0 36.858 37.04 17.3025 0 1.32646 1.43411 23.6749 0 1.66899 3.95665 26.5552 0 4.18955 1.09651 25.7407 0 4.21559 4.27504 23.2278 0 6.48129 1.09421 22.5504 0 6.88667 4.15579 25.8059 0 9.12259 1.39299 25.3547 0 9.24997 3.85548 22.9588 0 12.2209 1.58003 23.1498 0 11.8668 4.394 26.0262 0 14.8501 1.02385 26.0743 0 14.7998 4.08156 23.4974 0 17.6512 0.794764 23.6776 0 17.6172 3.89766 26.4069 0 20.338 0.869892 26.5462 0 20.2636 3.59557 24.2058 
0 23.0065 0.774327 23.5488 0 23.427 3.88845 26.6357 0 25.6887 1.04121 26.4018 0 25.4708 3.98712 23.6393 0 28.6485 1.87467 23.9368 0 28.8041 4.28382 26.5315 0 31.5049 1.40554 26.2426 0 31.3871 4.22763 24.0033 0 34.5248 2.07314 24.0267 0 34.2354 4.40508 26.4903 0 37.086 2.17565 26.5107 0 36.9791 4.50122 23.5125 0 1.45017 7.33465 23.2901 0 1.47863 9.62022 25.8258 0 4.07587 6.63493 25.9411 0 4.62558 9.42514 23.737 0 7.20179 7.03404 23.6121 0 6.91771 9.7685 26.4484 0 9.72145 7.28506 26.3053 0 9.63705 9.57071 23.4665 0 11.6188 6.32488 22.9114 0 12.5484 9.76982 26.4433 0 14.45 6.99952 25.6296 0 15.6711 9.74547 23.3221 0 18.0576 6.64964 23.6567 0 17.8354 9.87045 26.2523 0 20.1704 6.18032 26.8367 0 20.1462 10.4017 23.1012 0 22.5309 6.52712 23.8111 0 22.8944 8.96272 26.3469 0 26.1319 6.73716 25.9038 0 25.8737 9.6694 23.2289 0 29.1262 7.20477 23.7775 0 29.0792 9.5878 26.1601 0 31.556 6.90123 26.6947 0 31.5492 10.6075 23.4152 0 34.1374 7.22468 23.0533 0 34.1705 9.30248 26.2154 0 37.0396 6.74028 25.8596 0 36.9414 9.83961 23.504 0 1.34562 12.1398 23.4144 0 1.12984 15.7255 26.3975 0 4.13526 12.2384 26.1443 0 3.56591 14.7904 23.263 0 6.78265 12.7277 23.1374 0 6.73207 14.6523 26.5533 0 9.6736 11.8576 26.3843 0 9.652 14.5834 23.6919 0 12.6962 12.1737 23.6692 0 12.1156 14.7109 26.1285 0 15.2072 12.3839 26.568 0 14.7697 15.0134 23.401 0 17.4496 12.6332 23.7611 0 17.9676 15.0978 26.2417 0 20.7565 12.6164 25.8554 0 20.6156 15.3269 22.9821 0 23.2092 12.389 23.2929 0 23.6774 14.7433 26.0228 0 25.5542 11.7737 25.9469 0 25.7379 15.2124 23.265 0 28.4667 12.5328 23.2652 0 28.9094 14.849 26.1807 0 31.9546 12.5514 26.3542 0 31.768 15.2108 23.2523 0 34.4072 12.674 23.3515 0 33.9383 15.5793 26.1396 0 36.9311 12.647 26.3289 0 36.8404 14.9841 23.6017 0 0.724878 17.5109 23.0343 0 1.84495 20.2747 26.4335 0 3.96713 17.3942 26.0981 0 3.81791 20.2161 23.3242 0 6.60834 17.1178 23.4586 0 6.69246 20.3319 25.6415 0 9.19086 17.3637 26.3008 0 9.30282 20.1739 23.0408 0 12.0814 17.6354 23.3512 0 12.0936 20.3811 25.7719 0 14.7296 17.3195 25.9978 0 15.0191 20.3673 23.8112 0 18.0109 17.9362 23.6238 0 18.2456 20.8086 26.0054 0 20.5683 17.8636 25.7956 0 20.8121 20.652 23.0369 0 23.0206 18.0035 23.2525 0 23.5334 20.5344 25.9237 0 26.0452 17.7692 26.1212 0 25.9997 20.7533 23.3376 0 28.5968 17.5431 22.8892 0 28.5099 20.4736 25.9776 0 31.2268 18.391 26.2447 0 31.0701 20.042 23.1723 0 34.2904 18.3897 23.0486 0 33.8852 20.5428 25.7953 0 37.0695 18.0369 26.3412 0 37.1637 20.8488 23.6254 0 1.60064 23.3 22.9708 0 0.723939 25.6699 25.9128 0 4.25812 23.379 26.2027 0 4.10039 26.0557 23.7682 
0 5.89531 22.9854 22.9928 0 6.77461 25.8308 26.1958 0 8.9167 23.1907 25.5848 0 9.15429 25.5791 23.033 0 12.1142 23.2589 23.4615 0 12.0555 26.2924 25.717 0 15.4896 23.2641 26.0114 0 15.0283 26.1313 23.3229 0 17.931 23.4446 23.625 0 18.197 25.9405 26.3956 0 20.9257 23.3771 25.8175 0 20.9916 26.0033 23.4702 0 23.2951 23.5917 23.2081 0 23.7066 26.2331 25.8664 0 26.7037 23.9658 25.3326 0 25.7311 26.2804 22.7317 0 29.0209 23.043 22.8618 0 28.8938 26.4938 25.664 0 31.1986 23.4174 25.8366 0 31.2936 26.0534 23.068 0 34.0303 23.2791 23.5592 0 33.9504 25.9965 25.8268 0 36.5321 23.3962 26.219 0 37.3854 25.3631 22.8653 0 0.710376 28.1827 23.3425 0 1.21793 31.245 26.8283 0 3.03153 28.243 26.2524 0 3.74 31.3506 23.526 0 6.84798 28.4613 23.2036 0 6.86371 30.9015 25.9851 0 9.46049 28.6344 26.1247 0 9.30843 31.5222 23.0366 0 12.0399 28.5349 23.1993 0 12.3663 31.5471 25.9315 0 15.0794 28.5924 26.3384 0 15.1719 31.9418 23.5756 0 17.3871 28.8972 23.3599 0 17.7709 31.7002 25.5703 0 20.7221 28.9181 26.009 0 20.7322 31.4456 23.0183 0 22.812 28.8568 22.7196 0 23.4836 31.5534 25.7401 0 25.9263 28.966 25.3029 0 25.632 31.6699 23.1118 0 28.9046 28.786 22.6798 0 28.9276 31.4342 25.3734 0 31.9813 28.8031 25.2911 0 31.3685 31.751 22.631 0 34.624 28.3928 23.1745 0 34.0599 32.1205 25.7692 0 36.8981 28.4702 26.1215 0 37.3681 31.2333 23.9471 0 0.794925 34.5032 22.9128 0 0.708022 37.2009 25.9585 0 3.72447 33.9244 25.8639 0 3.80313 36.9164 23.1003 0 6.86184 34.0279 23.7966 0 6.82971 36.8052 25.9402 0 9.78198 33.8432 26.0359 0 9.03457 37.0354 23.212 0 12.5161 34.3089 23.2866 0 11.7795 36.9638 25.5539 0 15.1002 34.5651 26.1326 0 14.6976 37.0911 23.2288 0 17.8606 34.5327 23.1808 0 17.6963 36.8213 26.4127 0 20.5908 34.0883 25.9865 0 20.5207 37.2069 23.6332 0 23.2373 35.0359 23.6043 0 23.2004 37.0299 26.3978 0 26.2243 34.5267 25.9348 0 26.1127 37.3578 23.6766 0 28.6528 34.3818 23.2395 0 28.7324 37.1995 26.3949 0 31.7066 34.5586 25.6622 0 31.9405 37.189 22.6883 0 34.3121 33.7488 22.6954 0 34.1775 37.1354 25.783 0 37.0084 34.3589 26.0694 0 36.8915 37.6948 23.208 0 1.30139 1.06615 28.7721 0 1.72844 3.66982 31.3145 0 4.36905 1.16579 31.4664 0 4.62038 3.48093 28.8014 0 7.19288 1.08476 28.1249 0 6.68987 3.69628 31.6759 0 9.10494 0.576136 31.3925 0 9.20104 3.67888 28.6493 0 11.7929 1.43256 28.088 0 12.7132 3.71407 31.2257 0 15.0154 1.24836 31.5317 0 14.9692 3.65075 28.6259 0 17.7574 1.04825 28.7109 0 17.4162 3.85207 31.7742 0 20.5416 1.09555 31.6886 0 20.6642 3.77185 29.0085 0 23.1735 0.821091 28.9353 0 23.7677 3.7835 31.2965 0 26.1534 1.25075 31.8248 0 26.131 3.84713 28.8692 
0 28.8865 1.39783 28.8163 0 28.9899 4.07251 32.0469 0 31.5415 1.03217 31.9809 0 31.6354 4.11257 29.0768 0 34.2801 1.18208 28.5028 0 34.3951 3.90399 32.0319 0 37.3526 1.39988 31.3523 0 37.12 4.38896 29.3302 0 1.78342 6.6099 28.4693 0 1.20482 9.92222 31.382 0 4.14019 6.42084 31.3117 0 3.75921 9.67322 28.9903 0 6.55919 6.75391 28.729 0 6.40122 9.03442 31.581 0 9.32336 6.50367 31.6778 0 9.22526 9.25316 29.3576 0 11.6948 6.58081 29.0752 0 12.2577 9.60937 31.9042 0 14.8828 6.89476 31.7822 0 15.1877 9.50738 29.079 0 17.2644 6.28276 28.8298 0 17.6251 9.57269 31.7193 0 20.2109 6.91316 31.4182 0 20.1544 9.26026 28.9669 0 23.2531 6.67335 29.1642 0 23.3863 9.64847 31.8245 0 26.2154 6.66569 31.7303 0 26.5402 9.25251 29.291 0 29.0711 7.0174 29.0033 0 28.9691 9.81892 31.7685 0 32.0501 7.00746 31.4319 0 31.8378 10.0191 29.0209 0 34.5742 6.96636 28.8955 0 34.5614 9.52403 31.5046 0 37.6571 6.98348 31.4463 0 37.2678 9.90857 28.6626 0 0.933583 13.0737 28.7179 0 1.73476 14.9369 31.8283 0 3.86067 12.3082 31.8989 0 4.13519 14.7088 28.8402 0 6.70119 12.2061 29.5517 0 7.0308 15.0627 31.5426 0 9.48456 11.7907 32.0205 0 9.51779 14.8106 28.6428 0 12.411 12.2723 29.3358 0 12.1333 14.9296 31.7027 0 14.9335 12.2258 31.3984 0 14.5358 15.2909 28.7627 0 18.4401 12.3499 28.7915 0 17.2704 15.6575 31.1791 0 20.7611 12.2389 31.3433 0 20.6546 15.2111 28.623 0 23.6387 12.7809 28.9655 0 22.9176 15.4913 31.65 0 26.3448 12.6326 31.1708 0 26.2006 15.2301 28.5984 0 29.1524 12.2494 28.9992 0 28.4567 15.7098 31.1877 0 31.9655 12.0941 32.0067 0 31.801 15.0459 29.3509 0 34.4471 12.8691 28.9004 0 34.3555 15.3754 31.6544 0 36.9682 12.5958 31.5832 0 36.9237 15.5791 29.0038 0 0.986574 17.8134 29.2702 0 0.880253 20.4631 31.697 0 4.61297 17.285 31.3754 0 3.97611 20.84 29.3356 0 6.55247 18.1604 28.543 0 6.83864 20.5197 31.3872 0 9.66099 17.5788 31.4969 0 9.3791 20.2937 28.6397 0 12.1659 17.9913 28.5686 0 12.2643 20.7399 31.2616 0 14.8639 18.1541 31.3795 0 14.6999 20.6376 28.4691 0 18.0524 17.7876 28.3156 0 17.7826 20.9823 31.3021 0 20.1051 17.6898 31.2401 0 21.025 21.1352 28.748 0 23.5604 18.1129 28.61 0 23.8913 20.6285 31.5108 0 25.7659 17.8987 31.5149 0 26.1205 20.7669 29.0255 0 28.8138 18.1823 28.742 0 28.5752 20.0827 31.7773 0 31.5902 17.9286 31.7719 0 31.3161 20.8691 28.8974 0 33.631 18.2343 28.703 0 33.9362 20.5753 31.5005 0 36.8446 18.3349 31.712 0 36.6308 20.7661 28.6618 0 0.954091 23.1581 28.6729 0 1.35574 25.2082 31.5627 0 4.01223 23.1505 32.5129 0 4.14339 24.9907 29.2078 0 6.87761 22.7432 28.5636 0 6.57307 25.7995 31.5422 0 9.03273 23.2904 31.3503 0 9.3638 25.5071 28.5564 
0 12.2229 23.1554 27.9074 0 12.1063 25.8832 30.9279 0 14.7909 23.2335 31.2577 0 15.0919 25.7814 28.6587 0 18.7344 23.724 28.9102 0 18.0878 26.2994 31.3686 0 21.322 23.1875 31.7111 0 21.2738 26.2725 28.5305 0 24.143 23.6201 28.4698 0 23.7471 25.9232 31.4424 0 26.5885 23.4801 31.3822 0 25.9866 26.4716 28.2476 0 28.7118 23.7952 28.2709 0 29.0711 26.0274 31.3815 0 30.8543 23.0262 32.0874 0 31.4088 26.4534 28.813 0 34.0764 23.9452 29.0112 0 34.3701 25.5392 31.8157 0 36.6552 23.1027 31.5827 0 36.7534 25.7789 29.0404 0 1.06081 27.8258 29.225 0 1.6033 31.099 30.7851 0 4.07626 28.5199 31.4191 0 4.36801 31.5084 28.3948 0 6.43925 28.1425 28.5158 0 6.66243 31.1291 31.6574 0 9.27717 28.4911 31.3559 0 9.77469 31.2503 28.6885 0 12.3255 28.559 28.7365 0 12.3051 31.6608 31.5767 0 15.2296 28.8636 31.1632 0 14.83 31.5342 28.4082 0 18.1933 28.9054 28.8379 0 17.915 31.62 31.6289 0 21.41 28.5841 31.6218 0 21.1407 31.3368 28.641 0 23.4329 28.8688 28.3401 0 23.8223 31.1411 31.4814 0 26.5863 28.4078 30.9454 0 26.2732 31.4418 28.095 0 29.425 29.218 28.0465 0 29.129 31.3317 30.8447 0 31.6092 28.8725 31.3612 0 31.7592 31.9571 28.5743 0 34.0395 28.9791 28.5247 0 34.2844 31.1875 31.2448 0 36.7688 28.5517 31.2414 0 36.9628 31.3402 28.8199 0 1.36855 34.0164 28.6541 0 1.41673 36.8545 31.1327 0 4.30015 33.6915 31.0606 0 4.2325 36.9519 28.591 0 7.08205 33.6965 28.7818 0 6.92315 36.3543 31.1959 0 9.31214 33.9485 31.7692 0 9.44248 36.7317 28.6956 0 12.0812 34.2607 29.019 0 12.1149 37.1655 31.1484 0 15.475 33.7324 31.5439 0 15.185 36.8974 28.9574 0 18.0306 33.4724 28.6162 0 17.9097 36.3642 31.5566 0 20.658 33.7903 31.4467 0 20.4343 36.5657 28.9609 0 23.8135 34.1639 28.4772 0 23.3317 36.6243 31.6972 0 26.5798 33.9461 31.2606 0 25.9895 37.2273 29.2209 0 28.916 34.2517 28.6254 0 28.734 36.6832 31.6669 0 31.5568 34.2162 31.3546 0 31.3777 36.7364 29.153 0 34.5946 34.4094 28.3815 0 34.4598 37.2175 31.7652 0 36.7245 33.7338 31.3607 0 37.1133 36.9239 28.9473 0 0.992829 0.890608 34.4377 0 1.29003 3.89898 36.6873 0 3.74366 0.883819 36.9749 0 4.13328 3.68647 34.7354 0 6.93718 1.10883 34.6335 0 6.78218 3.67905 37.0573 0 9.47104 1.06969 36.9471 0 10.2798 3.67261 34.0231 0 12.7543 0.911781 34.179 0 12.0986 3.25103 37.1122 0 14.9236 0.422564 37.1741 0 15.2947 3.79778 34.9511 0 17.6607 0.817324 34.5463 0 18.1473 4.12996 36.6714 0 20.7571 0.674229 36.8361 0 20.4615 3.28985 34.139 0 23.891 0.83014 34.2464 0 23.2395 3.71055 37.0618 0 25.8201 0.882527 37.1307 0 26.3231 3.7177 34.2097 0 28.5803 1.18402 34.7721 0 28.3376 4.18613 37.1112 0 32.0414 0.899223 37.0369 0 31.3484 3.76057 34.2807 
0 34.2729 1.07832 34.3937 0 34.947 3.97895 36.9689 0 37.1879 0.907427 37.019 0 37.4775 3.68173 33.9523 0 1.37404 6.80086 34.0111 0 1.64202 9.21561 37.1633 0 3.84502 6.57292 36.9891 0 3.97541 9.30616 34.1591 0 6.98646 6.45852 34.2407 0 6.71077 9.24909 37.1752 0 9.62449 5.95259 37.0599 0 9.49859 9.23076 35.0666 0 12.2208 6.70197 33.8988 0 12.5657 9.49249 37.427 0 15.2368 6.48166 37.6411 0 14.9448 9.83495 34.6051 0 17.2429 6.86881 34.4657 0 17.2578 9.30767 37.0729 0 20.6051 6.5836 36.6179 0 20.0226 10.2141 34.2372 0 23.2362 6.59475 33.5681 0 22.384 9.92081 36.654 0 25.6064 6.78949 36.3418 0 26.572 9.89572 34.0361 0 29.0485 6.80419 34.2595 0 28.8217 9.68295 36.7753 0 32.3068 6.40784 36.824 0 31.8454 9.1057 34.379 0 34.9734 6.60661 34.4191 0 34.4237 9.54709 37.0631 0 37.476 6.67465 36.7886 0 37.3932 9.55079 34.4874 0 1.38255 12.3386 34.4049 0 1.48934 15.3342 37.2378 0 4.24725 11.7184 36.8029 0 4.13336 15.3545 34.6884 0 6.80924 12.3115 34.2843 0 6.85565 14.1675 37.0977 0 9.61076 12.1095 37.1131 0 9.36316 14.6692 34.1758 0 12.3192 12.2969 34.367 0 12.3433 15.745 36.9681 0 14.9878 12.6276 37.2566 0 15.1051 15.1359 34.2064 0 17.6442 12.5431 33.6612 0 17.432 15.3378 37.2587 0 19.9495 12.9789 36.9719 0 20.0295 15.4773 34.5396 0 22.8886 12.7437 34.0418 0 23.2195 15.2157 36.7088 0 25.6938 12.2428 36.4999 0 25.6744 15.0653 33.9779 0 28.6795 12.551 34.4605 0 29.0279 14.8393 37.6391 0 31.6543 12.5033 36.8639 0 31.4225 14.9598 34.0491 0 34.914 12.6932 34.3764 0 34.1841 15.0159 36.6567 0 37.1286 11.7777 37.1991 0 37.5052 15.4921 34.2771 0 1.31854 18.2731 34.366 0 1.15441 20.7094 37.2976 0 4.50111 17.8801 37.6759 0 4.07423 20.3614 34.7648 0 6.95611 17.7361 34.8091 0 7.01196 20.5628 36.8989 0 9.83411 17.9381 36.897 0 9.6205 20.4793 33.7377 0 12.3644 18.0119 34.35 0 11.8686 20.903 36.3745 0 14.6204 18.3073 37.1734 0 14.9804 20.4599 34.2389 0 17.5179 17.8608 34.7214 0 17.7919 20.7142 37.116 0 20.6555 18.0339 37.148 0 19.8236 20.5926 34.2775 0 22.9264 18.3722 34.2866 0 22.8358 20.7425 37.1041 0 25.9713 17.4653 37.296 0 25.8248 20.6152 34.48 0 28.6234 17.6498 34.4889 0 28.9628 19.9865 37.5785 0 31.6382 17.3236 37.0357 0 31.4537 20.5213 34.7573 0 34.3826 18.1348 34.4781 0 33.9791 20.3888 37.2489 0 37.0044 18.0142 37.3669 0 36.7789 20.8489 34.5045 0 1.20909 22.9042 34.3707 0 1.6739 25.6358 37.2389 0 4.26978 23.1968 37.3602 0 4.15778 26.2678 34.4401 0 7.11357 23.4689 34.6342 0 7.23072 26.3349 36.9651 0 9.67132 23.5797 36.9445 0 9.71098 25.9759 33.8345 0 12.1051 23.489 33.78 0 12.7972 26.3071 36.4818 0 14.2116 23.366 37.0818 0 15.1638 25.5546 33.7944 
0 18.142 23.5194 34.0087 0 17.5396 26.0184 36.9144 0 20.0481 23.4239 36.9572 0 21.0645 26.1022 34.225 0 23.9725 23.5411 34.4703 0 23.5098 26.2624 36.9449 0 25.5658 23.3088 37.3432 0 26.7249 26.348 34.383 0 28.361 23.0301 34.5845 0 29.147 26.1 37.2247 0 31.3012 23.0025 37.3359 0 31.4374 25.5278 34.7322 0 34.0254 23.1527 34.939 0 34.4057 26.1875 37.6861 0 37.1967 23.6781 37.0746 0 37.3747 25.8216 33.8881 0 1.3868 28.3663 34.0036 0 1.19793 30.9347 36.5323 0 4.20234 28.6398 36.886 0 4.15116 31.1971 34.1851 0 7.14256 28.77 34.3201 0 7.02706 31.5298 37.1384 0 9.76898 28.5247 36.5235 0 9.48833 31.3434 34.3207 0 12.3867 28.2387 33.4714 0 12.3119 31.4382 37.0919 0 14.9084 29.0848 37.2051 0 14.8041 31.5779 34.0893 0 17.3641 28.6779 34.1963 0 17.8685 31.1646 37.1114 0 20.4223 28.5187 36.9782 0 20.5412 31.2575 34.7117 0 24.0034 28.6102 34.1885 0 23.5745 31.4642 36.8525 0 26.4252 29.0352 37.2952 0 26.9863 31.2873 33.4563 0 29.4043 28.6557 33.9126 0 29.3574 31.1107 36.8829 0 32.0147 28.5806 37.59 0 31.5336 31.7284 33.9524 0 34.1837 28.4415 34.5736 0 33.93 31.2387 37.1021 0 37.4228 27.7139 36.6436 0 36.8795 30.7195 33.9843 0 1.35676 33.8881 33.271 0 1.25549 36.572 37.3585 0 3.85001 33.8045 36.9396 0 3.78877 36.0846 33.7944 0 6.77339 33.9346 34.5549 0 6.52096 36.7192 36.821 0 9.50729 33.9728 36.8934 0 9.30143 36.6737 34.0999 0 12.2016 34.418 33.8549 0 12.009 36.5699 36.8674 0 15.2824 33.997 36.9463 0 15.3847 36.7903 33.992 0 17.7741 33.7296 34.4824 0 17.9931 36.4731 37.046 0 20.4355 33.7562 37.0401 0 20.5214 36.2628 34.6228 0 23.7474 34.0061 34.3102 0 23.5597 36.7898 36.9966 0 26.2305 33.6533 37.2492 0 26.0289 36.6849 33.9497 0 29.09 34.0628 34.6028 0 29.0734 36.9278 37.1035 0 31.7031 33.9104 36.8922 0 31.7232 37.0052 34.6565 0 34.4118 33.837 34.4706 0 34.5114 36.2334 37.3973 0 37.3705 33.9398 36.7889 0 37.5252 36.6731 34.3504 
0.775847 0.727363 -2.34541 -0.376933 -2.62173 3.5819 -2.50634 -0.320632 0.376756 -0.319236 0.0672047 0.0151199 0.540679 1.46585 1.20884 1.0629 -0.356635 -1.84768 -0.647409 2.1475 2.42688 -0.44427 2.73911 0.85315 1.27619 -0.814094 0.279379 -0.586454 -0.257274 -0.914447 -0.637382 1.09045 -0.300591 1.39387 0.262126 -1.34218 -2.5946 -1.03755 -2.20547 -0.324797 -0.570685 1.26479 0.804783 1.30592 -1.96488 0.466085 -0.63628 0.519985 1.34816 0.70141 0.79615 -0.625247 0.473425 0.460518 -1.67762 2.94102 -0.364859 2.63324 -1.34169 -0.820116 -0.307368 0.0174375 -1.71687 -0.414778 0.590799 -1.71886 2.04186 0.697634 0.700766 1.25291 -0.454789 1.07198 -0.811051 -0.847741 0.00714436 0.43585 -0.648164 -1.39043 1.88925 -0.830476 -0.493027 2.51692 -1.53874 -0.136381 -0.878484 -0.125764 0.120631 -2.988 2.89576 1.39801 -0.619912 -0.0892401 0.65409 0.640518 2.10058 -0.835753 -0.533426 0.529577 -1.33043 0.290696 1.38268 1.19826 -0.34332 0.07557 2.76092 -1.19278 0.834298 -0.0699933 -0.9299 1.27937 -0.314592 2.8215 -0.864964 -0.350127 0.0343686 -0.809458 -1.11881 1.62422 1.02497 0.286389 0.440761 1.51449 0.386161 -1.02813 1.03618 -0.0734254 0.112901 -2.17207 1.28185 1.35435 -0.29817 -0.667794 -1.61106 -0.436251 -2.17762 1.03125 -0.104239 -0.925463 2.60596 -0.948555 -0.0667752 -0.423201 1.09723 -0.468761 -0.564815 0.663877 -2.05467 -0.491103 -0.726917 1.78901 -0.154106 1.69669 2.8839 0.482411 -0.403558 -1.68034 -2.42208 -0.967775 -0.155672 -0.314495 2.45204 -0.466339 0.149624 1.14167 1.84566 0.271867 0.138231 -0.739562 -0.19387 -3.60347 -0.251743 -1.58243 -1.89229 -0.361645 -0.413265 -0.0704978 1.33648 0.535013 -1.79779 2.30453 -1.87347 0.626571 0.00161961 -0.110073 -1.12091 1.77697 0.671202 2.21647 0.443781 0.551153 -0.236198 -0.763575 -0.103709 -1.22056 0.154178 -0.79868 2.32285 1.07138 0.912685 -0.0326155 -0.604234 1.98761 -1.14615 -0.701571 -0.283386 0.550752 2.19678 -1.16111 0.966488 0.447923 -0.10702 -0.0893085 -1.57777 -1.97204 0.641949 -1.96062 0.0925949 -0.429401 -1.85847 -1.1212 -0.480113 -1.85947 -0.176508 1.4917 -1.15669 2.35692 1.29159 1.70261 -2.04401 -1.18297 -0.374586 0.103298 1.32999 1.49684 1.88706 -1.27248 0.440116 -0.473088 0.1812 -1.19513 0.568606 0.958011 3.60709 -3.12944 -1.02639 -0.855393 0.576014 1.40571 -0.608237 0.811941 0.76982 -0.0950647 -0.988765 -1.01781 0.703826 0.377232 -0.998825 1.06347 1.71811 0.170278 -1.64955 1.11069 -1.24006 -0.00999001 0.0465331 -0.878361 -0.298841 1.82491 1.51887 -0.209369 -1.95888 0.913581 0.798878 1.14913 0.902388 -1.83487 0.74583 1.29593 -0.687489 -2.65285 1.68796 -0.409349 -3.45115 0.0448748 2.43043 -0.0474446 -1.12286 -0.364385 -0.28691 -1.30991 2.65185 0.531766 -1.35552 -1.43315 -0.656656 -0.236799 0.753025 -0.20309 -0.963973 3.36258 
1.63889 -1.02424 4.44764 -2.26806 1.05797 -0.784316 0.330816 1.86466 1.54766 -1.10997 -0.413617 -0.491563 1.84362 0.699126 1.28924 1.67043 -0.0486775 0.739665 2.25648 0.542742 -0.354635 1.35625 -0.972171 -2.47458 1.9453 1.3874 0.312621 -0.42635 -0.713777 0.548094 0.0179139 -1.92181 2.5716 0.696908 0.350914 0.0438043 -2.10406 0.224695 1.89014 -0.126476 1.29835 0.62581 -1.4894 -0.651238 0.36292 0.131463 -1.27491 0.0779401 1.09027 -0.538685 -0.238089 0.833708 0.31536 1.35439 -1.13298 0.101738 3.07044 0.319562 -0.582977 -1.35297 0.362373 0.817883 0.34326 1.80808 1.14927 -1.90794 1.24475 2.62391 -2.43313 2.83016 -0.716552 0.253568 -0.497424 1.09843 -2.72943 2.24884 -0.132333 0.438109 0.362177 1.09394 0.321461 -1.84767 1.75418 -1.21213 -2.27058 -1.38811 0.214624 0.819753 -1.00545 0.114115 -0.672314 0.140647 1.39736 1.732 -1.04945 -1.21861 -0.938158 -1.52177 -2.80632 2.1163 -1.08678 1.57523 -0.1843 1.38562 -3.5026 -0.287405 1.58948 -3.56432 2.43687 -1.98764 1.46237 -0.610893 -1.058 -0.70396 -0.807837 0.0548495 -0.391744 -0.273471 -1.22445 -0.792868 1.92674 -2.42885 -1.34823 0.335932 -0.983027 -0.435812 0.99558 0.844592 0.648616 -0.377462 -1.68227 1.10856 -0.525022 0.685929 -1.54515 -1.01065 -0.510518 1.25555 1.78891 -0.377527 -0.399508 -1.31162 -0.4078 0.191986 0.842808 2.15542 1.65338 1.03264 0.325565 -1.56006 3.26512 -0.656368 -0.425556 0.665545 1.0072 0.502504 1.44047 -0.230086 -0.61798 0.308147 -0.149497 1.84249 1.91042 0.326941 2.69293 1.45762 0.684789 -1.51897 -1.28809 0.230526 -1.3883 2.13138 -2.29381 -2.57397 2.2437 -1.06002 1.05222 0.630125 2.25353 0.637664 -1.69947 0.834352 -2.17064 -0.0947022 -0.821516 -1.43229 1.24354 0.730265 2.83633 -3.03908 0.225051 -1.35084 1.29797 0.261092 0.833688 -0.750083 0.0849708 -1.5567 0.122258 -0.821665 -0.40351 -0.0356259 -1.14168 -2.01286 -1.29067 2.46345 0.0364976 -0.640618 -0.321628 -2.36963 1.20709 1.18712 -0.843396 0.561732 1.26276 0.63034 -1.64826 -1.18723 -1.32183 -0.798482 -1.13506 0.460173 -1.86921 -0.0988973 -0.815295 0.758668 -0.0500833 2.33177 1.36296 -0.0353944 -1.85661 -1.85945 -0.0824147 -0.275926 -0.417675 -1.2237 0.923316 -3.78879 -1.72037 -1.0285 0.649372 0.678849 -0.877708 -1.467 -0.853307 -0.509708 -2.77477 -1.70428 -2.85747 0.176665 -1.22045 -2.1827 -1.10179 -0.0187046 -0.114728 -0.0836319 -1.20574 -1.56056 -2.27664 0.00416369 -0.327993 -0.154101 3.90045 -2.00982 -0.034228 -0.331151 2.26924 -1.62948 1.00497 1.78268 -0.847722 -1.94283 0.0586295 0.550248 2.75743 -1.28905 -0.832264 -1.54208 -1.16188 -1.71877 0.62644 -0.669571 -0.888166 1.29016 2.436 0.291219 1.97938 0.869436 -2.10216 2.05912 1.08124 0.817455 1.8197 2.69326 -2.07685 -1.59808 1.29379 -0.44011 1.09031 -1.13024 
0.284064 -2.11043 -1.24176 -1.20427 -1.50199 -1.94047 2.86227 -2.64754 2.83919 -0.464346 0.852869 0.424717 0.826506 1.5266 -2.34389 0.93032 1.68456 -1.21483 -0.177739 0.95366 0.0243792 -1.31997 0.864333 0.0743376 -0.262492 0.140965 -0.886687 1.25585 -1.61771 -1.51689 -1.37161 1.57229 1.40136 -2.22704 0.566477 0.299366 -0.269077 0.803797 0.17623 -0.785221 -0.125872 -0.155213 0.0724068 0.372838 0.636235 1.14523 -2.70024 2.62026 -0.87165 0.842522 1.48303 1.17119 0.900958 -1.14963 -0.253914 1.29729 -0.377573 0.10026 0.31053 -0.716814 -0.650165 -2.8203 -1.187 -1.4276 -0.227947 -0.798251 1.91049 1.18208 1.27357 -0.0361642 -2.43017 0.407217 0.871 -1.82821 -2.42679 -0.0691324 -0.549142 1.33335 1.21369 0.76965 3.63969 0.684936 0.863834 -0.659122 1.37922 0.446945 -0.896121 -0.931571 0.519538 -0.675189 -0.180312 -2.3031 1.06045 -0.368758 0.84962 -1.59857 2.26846 0.800303 0.0675997 -0.325939 -2.45951 0.770294 -0.457601 2.26208 -0.219898 -1.60278 -0.730399 -0.839078 -1.57719 1.70368 0.795115 -1.47332 -1.54218 -1.59213 1.16281 0.641697 0.875411 1.10158 -2.63431 -1.02147 -0.163831 0.724934 -0.171765 0.200798 -1.55154 -0.0856233 -0.500962 1.03431 0.485078 1.1663 0.648984 -0.833899 0.930306 0.492483 -1.35544 -1.61084 2.07986 1.44568 -0.39304 1.10231 -0.12051 2.00058 0.1752 1.4571 -0.687384 -1.49788 0.952776 -4.05329 1.09261 -2.68624 -1.27076 -0.30692 -0.15848 0.859888 -0.180854 -0.859231 0.757664 0.120025 -0.49298 -1.09826 -2.2953 -1.59111 -0.515782 -1.81375 -0.855793 -1.45008 2.01439 -1.81026 1.05307 -2.40055 0.0887598 -1.93394 1.32222 2.15166 1.93224 -0.456896 -0.465887 0.25368 1.67324 -1.31708 -0.0990285 -1.06299 0.213071 0.885043 0.721153 0.703083 -2.04502 -0.176959 0.380876 -0.427009 -0.210346 1.23487 1.46887 -2.2863 2.06228 -0.696104 0.474656 0.692632 -0.385119 -1.84373 -0.0743447 0.690633 -0.941399 0.461252 0.302497 0.252765 -0.0714171 -2.91983 0.646274 0.469612 1.78468 0.190116 -1.58979 -1.11292 2.60156 0.15961 2.57319 -1.20578 -1.65121 -1.31167 -2.87921 2.80952 -3.16501 -1.74264 -1.66358 -2.57279 1.49635 -0.384799 -0.793352 -2.00681 -0.159434 -0.610684 -0.624355 -3.85165 -0.398196 -0.651047 -0.572459 2.16183 -2.21129 -1.13005 -1.22823 0.693009 -0.130212 1.08799 0.0238303 -0.458078 -0.0166595 -2.44231 0.863039 -1.69463 -2.2884 -0.0618218 -1.1862 -2.85839 -1.09233 0.697249 1.12309 1.64339 -0.527212 0.382723 -2.60517 -1.58245 0.310733 0.214449 -1.95493 1.81973 -2.48393 0.325849 0.712283 -1.82463 -1.64083 -1.68491 1.68306 -1.52686 -0.653863 0.0022532 0.285179 0.52021 0.855241 -0.995907 0.0488543 -0.198043 -0.770071 -2.71554 0.691394 -1.89752 0.522083 -1.51963 -0.56694 0.355355 -1.72252 2.01424 -0.0418333 -2.45911 1.43008 -1.25736 -0.815834 0.536177 -0.513157 0.661546 
1.24736 -1.47471 -0.124002 0.812521 -0.331253 0.443574 -0.749004 -1.21494 0.871711 -0.964773 -0.954189 -0.978086 -0.420219 -2.71886 -0.795687 1.91728 0.752065 -0.133673 2.10036 -0.359149 0.799728 -0.734414 0.0155639 -0.869703 1.1229 2.01845 -1.64733 0.341473 -1.65104 -0.316125 1.09648 1.50626 1.50438 -0.727055 2.28333 -0.688602 0.867171 0.650073 0.267866 1.5488 1.81426 -1.33162 1.14064 -0.240581 -0.865629 2.584 3.11428 1.03825 2.17351 -1.32586 -3.79127 -1.36532 -0.236453 -0.390693 -1.17268 -1.53913 0.578763 -1.13723 0.00310162 -0.591881 0.250792 -1.45208 -2.38997 -0.304364 -0.858266 -0.28121 -1.19592 -0.146507 0.81065 0.353116 -1.32149 0.0693839 -1.56433 -2.68756 -1.04831 0.914301 -1.26507 0.622423 -1.2547 -0.859126 0.0668149 -0.665763 0.150684 -0.939795 1.63379 -0.445034 0.271145 -0.901224 -1.32946 0.960011 0.34983 -0.955634 0.926264 1.32182 1.85361 -2.81433 1.6118 0.845456 -1.57896 -0.887674 -3.77433 1.17672 1.15311 -0.189725 0.611288 2.15257 1.27209 2.86883 -1.19111 1.16516 0.445358 -0.218572 -1.09105 1.28239 0.806642 1.18166 0.023175 1.14179 0.6158 1.69305 -1.17078 -2.21928 0.350918 0.493562 -1.63667 -2.9094 0.0749018 -0.0492226 1.41627 -0.0789258 0.509948 1.472 -1.47102 1.38749 0.406653 -2.73284 -0.133372 0.145922 -1.16025 -0.233304 1.503 1.49691 0.398594 -2.86243 0.628024 0.0831346 0.873943 0.156746 -1.02655 0.576607 1.69228 -0.524302 1.87458 -0.0129672 0.89916 -3.53113 -3.20262 0.0646044 1.0906 -0.307145 3.46287 -2.28785 -1.67817 -1.37145 0.141806 0.857739 -1.14082 -0.0219756 1.96865 1.20086 -3.44738 0.796211 -1.12711 -2.12852 2.34989 -0.0745351 0.0138885 0.779093 0.173051 -0.260734 0.453429 0.200034 1.37855 -0.683025 -1.61312 0.0087157 1.56457 -0.704087 3.39149 -1.33124 -0.874058 -1.03823 1.88976 -1.8705 0.801706 -0.214555 0.0958466 -1.51241 1.95918 0.321538 0.404699 1.23675 -0.258732 -0.844041 0.514538 -1.01909 -0.906396 -0.0780188 1.06194 -1.1142 1.22324 0.202516 0.874912 -1.07034 0.275762 0.146638 0.770175 -2.57321 0.658547 -0.0336594 -0.0122855 -0.441261 0.246411 -0.68748 -0.385023 -1.52782 -1.22009 -1.63878 -0.632748 0.160516 -0.273133 -2.53678 0.298921 0.810734 0.14691 1.94871 2.52432 3.55411 -1.38881 2.68661 -0.33233 1.51153 0.56445 0.0388039 -0.964074 -2.04649 -0.0256269 -0.176033 1.89578 1.39347 1.82746 -0.575046 -0.73795 -1.81883 1.3176 0.919621 0.621312 0.0312867 -1.57055 -1.91073 -0.788207 -1.18931 2.12083 1.32351 -0.882451 -0.133047 0.815796 1.16123 0.984887 -0.998079 -3.36066 -1.43031 -0.0780013 0.801291 -1.30316 0.731445 1.82004 4.59364 -2.52073 -0.74478 -0.958125 -0.276556 0.854922 2.22453 -0.724187 2.5597 -1.15059 0.0954504 -0.452922 1.62739 0.709563 0.830212 -2.05349 0.484263 0.462883 1.1964 -0.416245 0.509146 1.82322 -2.29053 
1.71939 1.53536 3.47917 2.36757 -0.0979053 0.573733 1.57932 -2.00455 0.137553 -0.776912 -0.410232 -0.746087 0.994261 0.451475 -0.324278 -1.6119 3.81658 -1.91075 0.636121 -0.383112 1.23112 1.19113 1.23606 1.30435 0.508474 -0.239611 1.5174 -1.54898 0.811622 0.31958 0.961555 -1.39278 -0.202973 -1.73747 0.22548 1.7857 1.40524 0.0289026 -0.0499345 1.32384 0.530212 0.392911 0.378997 -2.35097 1.94178 3.7053 0.690965 -1.20568 0.0264797 -2.6861 -0.0659249 1.40321 4.53157 0.0483346 1.9758 -1.47287 0.205309 1.90219 0.36348 0.28741 0.34556 1.21551 0.237027 0.2868 -0.317568 0.753161 -2.56527 -0.888361 -0.933095 -1.72699 -1.21481 1.18544 -1.11703 0.461661 1.93986 0.626417 0.915494 0.839881 1.66131 0.968824 2.10675 0.654171 -0.00501162 -0.250369 0.181901 1.17318 0.550852 0.156416 2.11598 -0.518748 -1.74492 -0.944048 3.25368 -0.104758 1.14095 1.00923 -0.402471 0.972651 -1.8937 1.3161 1.12584 0.16753 -0.692374 0.407101 0.782269 0.238975 0.493234 1.85697 0.820206 0.647966 -0.947094 -2.33471 1.55628 -1.0363 -2.1336 -0.371183 -0.756114 0.84082 0.847548 1.25741 -0.706032 0.211674 -1.83332 -0.891516 0.722597 -0.966735 -3.32802 2.30439 1.35021 -1.51948 0.986259 -1.23523 0.655703 -0.518731 -1.23845 -1.12508 1.68348 -2.44499 0.845262 -1.49658 -1.73498 -0.413366 -0.496484 -0.211968 1.07 -3.69319 1.29001 -0.52355 -1.52823 -1.02864 2.22296 0.106432 -1.04514 1.06217 -1.50548 -1.52963 -1.33963 -0.710769 -1.29709 -0.0140686 0.436255 -0.988553 -0.747686 -0.162357 -0.849608 4.13753 -2.14637 0.645821 -1.99411 1.32754 0.555913 -1.39388 -2.24783 -1.10566 0.837581 -0.039436 -0.567918 0.471105 0.070187 -1.92844 -0.462905 -0.723588 -0.326287 -0.0824222 -0.332804 -0.502526 -0.970161 -2.45222 -1.36519 0.40268 -1.79169 -1.42248 -2.09207 1.62129 0.876945 0.806888 0.882537 -0.961097 1.89863 0.262014 4.13744 -2.36698 -1.75181 -3.13757 -1.68434 -0.959818 -0.413092 -3.59088 0.559233 -0.981548 -1.66775 3.03116 2.34942 0.717251 -1.35184 1.15486 1.92837 1.62926 -2.41793 -0.49829 0.454176 0.855045 -0.0980934 -0.820333 0.972619 -0.263057 1.44519 -0.0662224 0.79233 0.376322 -0.546333 0.328542 0.949399 0.291975 -0.310455 0.278585 0.994924 0.317214 2.33126 1.10415 1.88722 0.0472842 1.97628 -0.378814 0.197173 -3.42931 0.455549 -0.822237 0.0781537 1.3572 -0.31433 0.173582 -2.02545 0.873502 0.96145 -0.937634 0.118724 1.57308 -1.9926 -0.855669 1.60756 -2.29275 1.46413 -0.952812 1.80326 -0.444718 1.3673 -1.12624 0.761902 1.91676 1.44703 -0.468883 0.890263 -0.377323 3.71826 -1.18359 -0.688476 -1.01749 -2.60004 -0.314002 0.820396 -1.0089 -0.521492 -1.14856 -1.10319 1.45945 0.118932 0.303974 -0.958606 -1.99783 1.80514 0.752425 -0.399077 -1.31573 -4.25879 -0.725379 -0.80215 0.135874 0.7853 -0.2591 
-1.97266 1.48979 1.5648 -1.43066 1.97874 -1.57911 -1.30321 1.14515 -1.29015 -0.932761 0.917219 0.190948 0.367049 -1.30259 1.43139 1.29148 0.849617 0.007014 0.115073 -1.31779 1.63033 -1.38116 1.22784 1.75829 -1.10055 1.46163 -1.32184 -1.16916 -0.70087 -0.59799 -1.31572 -0.105881 1.18114 -0.0237521 0.670919 0.474885 -0.596092 -0.537112 -2.22496 2.58948 -3.19129 -0.636287 0.139008 -1.26959 1.4239 0.15863 0.474564 -0.790053 -0.276017 -2.11026 0.0734647 -0.224443 2.07419 -1.93672 2.08029 2.09834 -0.928626 -2.52818 -0.528487 -0.136894 -1.08086 -0.561212 -0.979532 -1.56547 -0.216781 -0.329489 2.04808 -0.835392 1.06947 -1.1516 0.541875 1.62858 0.657163 0.213658 0.468475 -1.89823 -0.523252 -0.646906 0.45793 -1.16118 1.9763 0.84568 0.622321 -0.553531 0.0190625 0.336734 -0.909915 -1.00665 1.25265 -1.89646 0.621483 -0.62065 1.60359 0.917633 -0.215272 -1.7835 -1.86406 0.335615 0.0276771 2.17214 -0.372048 1.1282 -0.227917 -0.48328 0.334989 0.315948 1.82028 -0.538572 1.9932 -0.701903 -1.34875 0.0844097 1.04244 -2.92755 0.26374 -1.48815 0.694866 -1.4861 -0.706715 1.06307 -2.15052 0.724959 -1.33858 -3.24028 -1.81634 -0.534404 0.533471 0.80174 1.31572 -1.03066 -1.21051 -0.468875 -0.675471 1.05636 0.883363 0.953614 -1.9358 3.82699 1.02989 2.06709 2.42658 0.553568 3.08552 2.32074 0.246875 -1.03992 -1.08239 0.115631 0.935963 0.571023 0.146547 0.0449053 2.22714 -1.94444 0.932413 1.36838 -0.278745 -1.06361 0.93682 0.132665 4.08922 -0.0433513 -0.805711 0.571132 0.399225 -2.68631 0.244081 1.18929 0.371266 -1.89406 0.47484 3.10695 0.93858 -2.58412 0.821032 -1.43388 -0.34107 0.945251 -1.22062 0.00431265 -1.24314 2.44513 -0.452671 2.05911 0.407417 0.561696 0.581064 -0.991163 0.867962 0.181228 -0.117196 -0.914087 1.21461 1.19311 1.39773 0.410834 -0.483815 -0.745745 0.741724 1.26911 2.81676 -0.649604 0.0824693 0.0952505 -1.61228 -0.641048 2.30817 -0.21161 0.777582 1.57253 0.284509 -1.07158 1.29131 1.85426 0.120167 1.50057 0.519945 -1.55578 -1.82679 1.20946 -1.75795 2.73886 -2.3717 -1.03248 1.09153 -2.31694 -1.1719 1.18229 0.298179 3.34576 2.06946 0.254537 0.508055 -0.485557 0.22889 -0.831871 0.436555 0.816829 1.02337 -3.54163 -0.884116 1.84636 1.47201 0.217826 0.862197 0.694364 1.44048 0.813333 -1.65214 -0.553354 -0.620336 -0.549347 -3.06202 -1.17984 -0.844914 0.660859 -1.39427 1.87184 -2.70294 -1.33811 -0.366423 -2.38753 -0.253986 0.851131 -0.554085 0.243397 -1.0798 0.698617 1.12353 2.56636 -2.43897 0.120057 -1.39876 0.0533977 0.0692927 1.55366 -1.95302 -0.127447 -1.96404 -1.70874 -2.62374 2.32497 0.796407 -0.136647 -0.331038 0.469315 1.16981 -1.0271 1.57067 0.677112 0.414111 3.65493 -0.640248 0.631133 -0.604172 1.24338 1.22597 2.04494 2.27957 -1.12216 
0.0601624 3.23225 -0.559563 -1.71613 0.175932 -0.558442 -0.731185 -1.06416 -1.87094 -0.712551 0.206904 0.305016 0.643968 0.0604911 0.0294855 0.75942 1.70999 -0.619022 -0.0637709 0.36417 -0.0421807 -0.929852 0.612566 3.24338 0.729957 -1.83294 1.36356 0.504963 0.274541 -0.0788525 0.697444 -0.447018 -0.454139 -1.51933 1.73246 -1.55967 -1.10693 -0.843968 -2.28586 1.30798 0.673368 0.000595115 0.562728 3.68518 -0.196507 0.77978 -1.12082 0.434963 1.38406 1.13436 1.99186 -0.111211 0.296018 -1.4075 1.36605 1.22613 1.74895 0.421777 -1.20406 0.842186 4.01532 1.59938 0.462861 1.50358 0.881841 -0.0863855 -0.941862 -3.17953 0.351721 2.90361 -1.05887 -0.69228 -0.896373 -0.0550807 -0.00775172 -0.814743 0.309802 -1.05641 -0.79681 -1.14292 0.259036 -1.48654 -1.6359 -0.312622 -0.733495 -2.74045 2.28969 -0.257067 0.184391 1.46001 -0.370416 0.14344 1.22376 -1.90447 -3.13204 1.54513 -0.355062 -1.07971 1.23265 -2.47355 3.1224 0.468276 1.81987 0.165765 1.99589 0.0830638 -0.0249798 -2.76717 -1.09792 -0.980605 -0.202378 -1.22454 -0.708985 2.22787 1.081 0.129646 1.38773 0.662657 0.152205 0.906381 0.138716 0.937579 1.6032 -0.174189 0.197798 -0.454689 -0.788339 -1.16278 -0.608857 1.22749 -0.743424 -0.846019 1.57038 -0.36451 0.470642 -0.809369 0.561156 -2.35945 -1.51658 0.343315 -0.928069 0.77952 1.52447 -1.0724 3.76053 0.541774 2.03398 -0.722014 -0.393078 -1.24697 0.127435 1.37324 0.285467 1.47557 1.04398 2.37115 1.09575 -1.14531 -0.844824 -2.3987 -0.17223 0.927088 0.368186 -1.23484 -1.05866 -1.58245 -3.26539 1.5748 -0.00361335 0.804922 2.49942 0.717154 -0.935642 0.797725 -2.46756 -0.758099 1.11082 -0.53234 3.36153 -1.74564 -0.804424 1.8608 1.65772 -0.875965 1.64181 1.32328 -0.59809 -0.728021 0.0979434 -0.919242 -1.15096 -0.443106 1.27486 -2.08371 -1.53179 -0.774258 -0.916594 0.409121 0.259111 1.05296 -1.03088 -0.578371 0.0917506 0.733591 -0.727456 -1.10885 0.183907 -0.117714 -1.97604 0.163614 -0.034946 0.669236 -0.0307105 -2.6086 1.92809 0.40891 -0.203874 -0.209223 0.580484 -2.22481 -0.640542 -1.68245 0.525687 -1.5168 -0.598088 -0.637098 3.19891 0.0835528 -1.8395 -1.46677 -1.0961 -0.708463 0.351193 1.15405 0.942122 1.04584 -1.18435 2.89053 -1.03528 0.784737 1.36039 -0.143083 -0.662236 1.16661 -1.54641 -0.574436 0.770077 -0.254835 0.928653 0.136245 -0.977058 -1.37177 -0.181402 -1.60268 -0.596366 2.12877 -0.0108168 -2.22371 -0.756112 -1.02062 -1.49466 0.471682 -0.516621 -1.02211 1.52134 0.29436 1.45581 -0.0254992 1.68596 -1.91157 0.606328 0.999226 -0.634324 -1.35989 2.27525 -1.73567 -2.12531 1.76465 -0.27907 0.318208 -1.10458 0.869357 0.957021 -3.09755 -1.06883 0.243382 0.113149 -0.478668 -1.27204 -1.4011 2.59879 1.17317 0.465977 0.363963 -0.401391 0.497891 -0.637514 -0.90371 -0.66984 -0.410185 
0.728175 0.46972 -2.15892 -1.92183 -0.475688 -2.20937 2.15129 -1.37016 0.627682 2.17221 1.55225 2.013 1.68037 2.6925 1.25042 3.33197 1.72043 -1.76671 -2.60387 0.437966 -1.38257 1.08606 0.0418858 -2.1177 1.09997 -0.247995 -0.266944 -0.927048 0.225832 -1.43737 0.481899 1.41562 1.24934 -0.1416 1.45516 1.11452 -0.311027 -0.996997 -0.952229 0.453374 -0.0264075 -0.370346 -0.4446 0.251317 -1.86334 1.72326 1.74507 0.690856 -0.503389 -0.577473 1.30835 0.0366567 -0.196178 -0.678898 1.4093 2.40439 2.11878 1.00352 -1.13655 2.01509 1.27406 -0.696838 -0.395841 0.351499 3.57564 -0.577482 2.6268 1.04415 -2.18947 -2.95079 -0.865244 -1.42841 2.73319 -0.673417 -0.735939 -1.26898 0.720152 -0.794337 -2.20776 2.10044 -0.998003 0.935539 -1.80019 0.211758 -2.35056 0.976267 -1.99419 0.246218 -0.461191 -0.882946 0.49146 -2.67502 2.59879 -1.58337 -0.921127 1.62493 -2.06199 -2.31461 1.45137 -3.08048 2.15176 0.0983288 -1.07567 0.705718 1.65084 -0.0466163 -1.92031 1.60945 -0.899005 -0.111555 0.243822 -1.29839 0.796905 -0.00652681 0.665245 0.327785 -0.803035 -1.62467 -2.63941 -1.58015 -0.95309 1.32191 2.91288 -0.291206 1.43339 2.20856 -2.02164 -1.11449 1.26713 0.408892 -2.23347 2.03364 2.88269 -1.01775 -0.305315 -1.72689 2.33574 2.80312 0.480323 1.51767 1.60717 -0.242849 1.39981 0.26752 1.14662 1.20785 -0.583487 0.621398 0.0112041 2.46932 2.39416 -1.41619 -1.33705 -0.830423 1.25152 -1.35075 1.21621 0.66448 1.9722 0.0503862 2.62214 -1.49094 3.06549 0.833716 0.765735 0.915974 -1.13932 1.02582 -0.438136 -1.0137 -1.67833 -0.0611188 -0.179232 0.285183 -0.156775 -1.42957 -1.08284 1.33989 1.36374 1.008 -1.57717 1.2426 1.88407 0.0253689 -1.11125 1.04036 -2.51603 -1.4805 -0.671813 -0.640075 -1.50132 1.20115 -0.538503 0.0273579 0.787621 -2.76433 -1.21682 -1.23755 0.437233 0.943786 3.76452 -1.44733 1.73572 0.681353 -2.61239 -0.714335 0.942321 0.0198457 -0.740076 -0.749502 0.0115783 -1.95943 1.27425 1.11601 -0.315311 -2.00595 0.82316 -0.445012 2.34674 0.693408 0.12231 -0.0834474 0.867918 1.17222 -0.151233 0.360278 -1.03235 -0.622488 0.427014 -0.231024 1.54108 -1.43413 -0.173837 -2.31101 -1.65147 -0.131816 3.22231 -2.53368 1.45145 -0.929087 -1.11948 0.694628 -0.105384 -0.00760145 -0.513814 0.517853 -2.41095 0.326332 0.255462 2.56922 -1.30373 0.227837 -1.75113 -0.920782 0.147702 0.276432 0.290329 -0.387017 0.479773 -0.0588237 -2.19181 0.632368 1.36696 -1.28829 1.17749 -0.207923 -0.230316 1.75394 -0.571517 -0.227377 0.224895 0.865727 0.956626 -1.08091 0.0259122 -1.5157 -0.288069 1.14737 1.39803 1.4123 0.264147 1.69535 -0.535848 -0.589293 0.103966 2.52182 1.63927 -0.032973 -0.640399 1.70331 -0.0757881 -1.24016 2.13845 -1.79065 -1.18457 -0.423526 -2.45734 0.71444 1.45679 -0.917425 
0.216814 1.56953 -1.25452 -0.350717 0.396136 3.04764 1.9871 -0.455451 -1.88598 -0.846555 3.22211 -1.04254 -0.568021 -2.10681 1.12934 -2.17463 -0.336977 1.25221 -1.01047 0.684844 0.623207 0.826973 1.53998 -1.00245 0.249801 -1.59533 0.556887 -1.15266 -1.12336 -0.413915 2.72036 0.410364 -0.691961 2.21351 0.252453 -0.973909 0.278445 -0.37041 -0.470088 1.05207 0.0228038 1.71952 -0.0992383 -1.50821 -0.241765 -0.489894 -0.429655 -1.68044 2.08903 -0.416206 0.989878 -0.652364 -0.693772 -0.60284 3.74321 1.7294 2.3406 -0.949231 0.0646286 -0.0577569 -0.239043 2.64129 4.13212 0.426437 2.30379 -0.34436 0.527682 2.56693 1.44393 -1.75629 0.274344 -0.175979 0.329856 1.49598 -0.796571 -0.166455 0.567971 0.949645 -1.45406 2.52615 0.595226 0.313507 -1.34209 2.103 0.753426 -0.0520893 -1.29648 -0.073211 2.9203 2.73026 -1.07179 -2.34187 -1.4184 0.846772 0.553835 2.23324 -0.645394 -1.00593 -0.778752 -0.986598 -1.49384 2.42683 -1.9659 2.39475 0.598121 3.43479 -0.114162 1.22209 0.523035 0.192389 1.25732 -1.7466 0.401491 0.866896 0.114344 0.651292 1.46279 -0.0185138 -1.99241 -0.968919 0.827171 -0.303048 0.783838 -3.38545 -1.09804 -0.10655 0.772053 1.06048 1.39518 -1.04663 -0.323416 -0.424655 -1.75006 0.77915 0.515337 2.23465 -1.45133 2.74252 0.65383 0.93913 -0.498043 -0.498079 -2.69079 -1.91552 -0.503393 3.11046 1.68486 0.309719 -0.16611 0.136604 -2.20739 0.62159 0.122958 0.474211 0.308009 0.420013 -0.704128 -2.30421 0.0188873 1.19675 -0.713127 -0.488162 -1.7609 1.30472 0.94212 0.165859 -2.17022 0.687147 -2.61051 1.72651 -0.187811 -1.50663 -0.879972 2.60828 0.604189 -1.58582 0.700835 -1.35138 3.09019 1.25961 -2.12449 -2.08183 1.48774 -1.32663 -0.2287 -0.277252 -1.16303 -2.5659 1.43385 -1.78334 -0.405142 -1.29979 1.06095 -1.72935 1.16221 1.99829 -0.304569 -0.743247 -1.0641 -0.504023 -0.56747 -1.59013 -1.12412 -0.833408 1.05946 -0.382648 0.426735 -0.258488 0.853895 0.243681 -1.36832 -1.64829 2.06873 0.798238 2.00305 0.766512 -0.0800058 0.0599238 -0.858233 0.708533 -0.216843 1.19693 1.58745 -0.415258 -1.19022 -1.91475 0.571956 1.37139 -0.927448 0.509069 1.13019 -0.0495866 1.46164 -0.553342 0.523591 1.52225 0.00605251 0.5174 1.23961 -1.38011 1.21672 -2.41697 2.71719 -0.121743 1.97227 1.89293 -1.40587 0.531842 0.00941846 2.02589 0.45674 -1.573 0.565616 -0.806351 -0.233447 -0.0829107 -0.111509 0.791418 -0.265003 -3.00401 -0.569358 -1.38436 1.33184 0.92205 -2.91396 -0.968623 1.30755 1.58982 -1.21214 0.454101 -2.5687 0.144684 0.82562 -0.17649 -0.567291 0.330939 0.520012 0.0464115 1.10199 0.154485 1.24624 -0.844544 1.61274 0.932428 -0.0762857 1.73724 0.138702 -0.969464 -0.891463 -1.06159 1.76952 -0.804299 1.85889 0.597785 0.676746 0.658614 2.42724 2.03348 -0.676093 -0.130959 
1.94111 0.585372 -0.15566 2.0269 0.61638 -1.28866 0.620425 1.62484 -2.86689 -0.975735 -0.654957 1.76377 -0.587592 -1.02044 -0.941868 1.50778 -2.5895 2.04674 0.117848 -0.398482 -0.388901 0.439073 -1.35555 -1.09023 0.32909 0.679483 0.081257 -0.379598 -0.67636 0.110021 2.38963 -0.641034 0.858986 -0.00671038 -1.97832 -0.230885 -0.652522 -1.98307 -0.312985 -0.401822 0.0785259 -2.07273 2.46489 -2.36015 0.858788 0.880143 1.85603 -1.5433 -0.844438 -1.48961 -3.34399 -0.90754 -0.419365 1.98437 0.981531 0.861083 0.336702 0.514735 2.5738 0.292995 0.62355 -1.1191 -0.315068 -3.77603 -0.255728 0.359861 -0.228516 -0.527473 0.554622 2.03209 -2.55713 0.609862 -0.286162 -0.453244 -0.310212 -3.06137 0.17278 -1.06008 -1.3411 -0.0362365 -0.81304 1.96519 -0.319289 -0.0572743 -0.0905797 1.1263 -0.697012 -1.13481 -1.00271 2.1378 0.969429 -0.508518 1.23533 0.725309 1.47372 -0.810068 1.59846 -0.100553 2.24194 -0.0586913 2.05392 -0.913896 -1.43877 -0.231555 2.32837 -0.777091 1.57389 -2.67763 -3.5362 4.79943 -1.24136 -1.22886 0.605584 -0.952945 0.711876 2.8991 1.14427 -0.84137 0.129418 -0.493801 2.0018 2.1095 -2.98558 0.64064 -2.62456 1.30698 3.43862 1.39625 -0.0135902 -0.422652 0.723212 0.297112 1.48763 0.572372 1.9734 -1.05395 -2.03585 -1.00627 0.0625333 -0.0660651 0.525621 -0.578717 -1.09361 0.398505 -1.33053 -0.76755 -1.19301 -1.05871 0.422568 -2.10921 -1.93051 0.256698 -1.98684 -2.35385 1.03108 -2.82908 -0.23328 -2.88544 -1.21867 -1.75975 0.366482 -2.28635 0.684655 2.998 -0.635043 0.700475 -2.2432 1.51724 -0.907628 0.043135 -5.73486 0.824747 -0.512678 -0.407888 1.37256 -5.05866 0.543821 -2.43228 1.20341 -0.196583 0.944908 -1.80529 2.3761 1.32567 0.261345 -0.191797 -3.87389 2.64932 -0.609472 0.262041 -0.408549 -0.355809 1.09938 -0.120042 -0.692355 -0.00765953 0.350488 -0.128512 0.907268 0.337732 -0.937435 1.08966 -0.988254 -0.995936 2.41785 -1.91982 -1.28493 0.0559181 0.940527 1.04057 1.10343 -2.11007 1.42477 1.86238 -0.906566 -0.537707 0.77298 -0.85337 -0.241268 2.92966 -0.945421 0.0269971 -0.189484 1.66942 1.54474 0.577383 0.680426 0.214706 1.29407 1.62659 1.2422 -0.099624 -1.7003 -0.890887 -0.398567 0.06409 0.249699 0.104495 0.846007 1.12219 -0.390867 -0.921467 0.822087 1.34091 -0.399411 -1.56029 1.16442 0.706927 0.127313 0.974332 1.09427 0.397006 1.04694 1.61627 0.569715 -0.698522 -1.40467 -0.40276 1.27154 1.62713 1.08721 1.67595 -0.00831736 0.134049 0.253246 1.18885 0.608424 0.999479 0.0285795 0.665207 0.535784 -0.621742 -0.79541 1.13375 0.218016 0.894216 -0.213236 -0.241417 -1.10799 0.521943 -0.487437 -0.967231 1.6409 -0.594541 -0.306991 1.38415 -1.73194 -1.81796 -1.59477 1.12836 0.99653 -0.434311 0.514077 -0.291596 0.0694202 -1.41363 0.838025 1.40749 1.28447 -2.02184 
1.0038 0.683991 -0.764101 1.43228 -1.97154 2.08694 -0.284099 -2.91305 -1.45982 -1.05361 -0.990936 1.55476 -0.0806604 -0.0591994 -0.0782475 2.31833 1.87132 -1.46698 3.01802 1.53416 -1.51344 0.386979 0.798645 0.170342 2.44522 -0.0940148 -0.442715 -0.0725439 2.11664 -0.57669 -0.356989 -2.35333 0.188305 1.67318 1.53142 -0.187034 1.53447 2.97175 -1.06353 0.904539 0.666986 -3.39511 -0.320253 -0.247014 -0.26699 0.736757 -0.211942 -1.06211 -0.0898641 -0.180559 -0.272133 1.83775 -1.09131 -0.648185 -0.32514 -0.341719 1.05495 -1.25603 -0.369639 -0.0514471 2.40329 -2.55407 -0.184794 1.03444 -1.75868 1.92807 -0.214193 0.580275 -0.686217 1.5209 1.13387 -1.94987 0.981562 -1.44537 -0.801903 3.00475 0.942149 1.00559 -0.148904 -0.484435 0.42191 0.919474 0.0672142 1.29554 0.670141 -1.30091 -0.27043 -1.59965 -0.639899 -0.954683 0.881834 -0.197219 -1.2464 -0.667568 -1.47016 -0.430606 0.8261 0.869715 1.01731 -1.24051 1.20209 -0.637157 1.38457 0.331838 1.78785 -0.424859 -1.16933 -0.217354 -0.490867 1.49937 0.26686 -1.50063 0.531053 -1.1964 -0.1668 -0.413459 0.431724 0.735484 1.22408 -0.387289 -0.594484 1.00226 -2.41352 0.165698 -1.70628 0.607314 1.25144 1.05282 -1.7049 -1.53106 -0.749955 -1.80964 -2.06935 1.38159 0.363359 1.15695 0.960514 0.20791 -0.889715 0.290766 0.551413 0.270965 -2.50348 -3.59656 -0.505884 -0.224167 2.40862 0.838854 0.724882 0.527309 0.770345 -2.98805 0.589023 -1.21104 0.229339 -1.32347 1.14564 2.75785 -0.763829 1.55914 0.922429 -1.96862 1.32949 -1.26712 -1.97331 0.381447 1.48471 -1.24193 -0.468487 0.216104 -1.27864 -0.531248 -1.30899 0.345909 -1.88789 -0.984637 1.14675 0.208685 -0.547951 -0.622245 -0.9534 0.112827 0.706904 0.258078 0.747887 1.77726 -0.0274942 1.30519 1.93001 0.488276 -2.94432 1.9867 1.00063 0.470959 0.593044 2.55544 1.1138 -1.79527 2.15025 1.12634 3.15899 -0.0945012 -2.01426 -1.5094 1.45762 0.569388 -1.72815 -0.504444 -1.19572 0.522926 -0.466744 -0.0145157 0.0553104 1.03512 -0.559917 1.48727 -1.51537 -0.765113 1.32656 0.22671 0.182866 1.22411 -1.16417 -1.18179 0.0425021 1.45912 1.86914 -0.267924 0.522962 -0.419866 -0.0900887 -2.77593 -0.767479 -2.96966 -2.55696 -1.35126 0.103466 0.350975 0.665658 0.397816 0.0797071 0.168134 -1.87118 0.644696 1.78463 0.968415 0.667369 -0.571199 1.71806 0.734982 -1.9559 -2.12275 -0.679938 -0.618483 0.552414 -1.26496 -2.07466 0.143246 -0.430895 2.62178 -0.570899 -1.16333 0.113448 0.104055 1.42209 0.447356 1.86882 -0.163525 1.44376 -0.195784 1.23956 -0.446183 0.92397 -0.677388 -0.0219422 -1.16523 -0.710563 0.763468 -0.452687 1.44063 -0.531903 0.386908 -1.8767 0.986378 -2.73256 2.79103 4.09767 -0.602302 -0.269485 -0.0850648 0.522716 0.0112945 -1.4035 1.46885 -2.10495 1.08169 -0.249438 0.833469 0.150282 0.227377 
1.07319 -0.475798 -0.83344 -2.67586 -0.033934 -1.05509 0.916011 1.14672 1.12942 -1.39879 -0.0858595 -1.70074 -1.13739 -0.719115 -0.143912 0.553998 -1.57532 -1.52784 0.0876002 -2.87539 0.229236 1.67903 -0.0627825 1.22457 0.23753 0.345773 0.194358 0.360095 -1.39248 -1.73153 -0.0887705 0.900815 0.993053 1.2129 0.980534 -1.50615 -2.35679 -0.745817 0.476724 1.2482 0.696166 0.363652 1.15451 -0.767354 -1.1731 1.0108 -0.735603 -0.23336 2.17245 -0.283611 0.262818 -0.21733 0.454139 0.168002 1.06566 -3.49808 -0.0235667 -0.90175 -0.217842 -0.654815 -1.2379 2.86412 -2.67702 -1.61887 -0.940331 -0.40503 2.95412 -0.42304 1.19788 -0.0307359 -0.206871 -0.789884 1.44389 0.391333 2.4033 -0.554743 -0.761776 1.79779 0.903659 -1.8134 -0.873171 -4.15347 -0.684723 -0.760426 0.227478 1.94783 -0.34863 -0.714853 1.18274 -0.343665 0.743043 -1.57174 -2.26331 0.992975 0.47618 -1.25608 -1.62039 0.275157 -2.11609 -0.832709 -0.88573 -1.79961 -2.48883 -0.0809283 1.02507 0.218847 1.04666 -0.0645147 0.653687 -1.42522 1.24229 1.59866 -0.329114 1.61962 -1.86347 -1.96602 -0.0975719 -0.597577 2.3742 0.0011838 -0.104841 0.823644 0.4407 3.12158 1.70543 0.418446 2.25974 1.57578 -1.95972 -0.667416 -3.00973 0.0150044 0.34338 -1.64802 -3.05243 0.254735 -0.0327094 -0.39367 0.584472 0.89795 1.02663 -0.564969 -0.84898 -0.225275 -1.4438 1.07144 0.548584 -0.66565 -0.63462 1.47744 -0.397303 0.802732 -2.53171 -1.68291 -1.15043 -2.39681 -1.85424 -1.73118 0.804096 -0.507134 -0.753348 1.41129 0.0720159 -0.395903 -3.00104 0.807051 0.245998 0.880034 -1.13061 0.308073 -1.39284 -1.06592 -0.925046 -0.030371 1.52782 -1.47787 0.53928 0.733925 0.382313 -0.656147 -0.479266 -2.3821 -0.574086 1.33557 0.137592 -0.881245 -0.567161 1.02679 3.62962 -0.659638 1.17995 -0.509886 -0.336755 -1.33363 1.27763 0.593837 0.0596207 1.58795 0.875679 2.81168 -1.17158 2.3988 0.762758 0.341518 0.520887 -0.958248 2.31959 -0.682007 -1.13519 0.604955 -1.3052 0.65366 1.15399 0.858446 -2.15362 -2.23805 -0.73031 0.5342 -2.01577 -0.917198 -2.12559 0.866408 1.10029 2.09176 0.1482 0.10328 -0.331145 -0.0473014 -1.02426 -0.810291 1.0908 0.0388012 -0.227558 0.77233 -0.691405 1.16906 -1.19708 -1.39411 0.80306 -0.30495 0.0195613 -1.66338 -0.477421 0.43137 0.536799 0.335134 1.45259 0.444281 2.35477 -1.57617 -0.539272 0.0810181 -3.67725 -1.35574 -1.61873 -0.566776 -0.808513 -2.04262 0.069372 -0.617579 1.62781 -1.04743 2.79624 0.90972 0.698397 -1.14462 0.706767 -0.4249 -3.4746 -0.857905 3.06341 0.780586 -2.08943 0.829474 -1.61142 -0.0734897 -0.613213 0.929796 -0.917862 -2.15328 -1.0462 1.12076 1.84043 -0.405083 1.7741 -0.5861 1.0758 0.171143 1.17502 -0.931027 -2.60122 -0.412714 1.43321 0.89118 2.37317 0.576947 -2.47058 -0.112326 0.039178 -2.96182 
-0.402967 2.78266 1.97194 -1.08905 -1.56233 0.949257 1.40371 2.05754 -2.46289 -0.629777 -0.560008 -0.617761 0.505278 -0.46482 0.378715 2.06349 0.343972 -0.00926115 2.92947 -1.935 -0.417113 -0.550416 -0.434808 -1.37256 2.54834 -0.680331 -0.229496 -1.23058 0.852873 -1.37518 0.592293 2.70422 -0.0856754 -0.725166 0.500245 -0.596692 -0.716945 0.990481 1.23605 3.42868 -0.948276 -3.09847 -0.091597 -2.36662 -0.786083 1.1366 0.664085 -1.14707 -0.706594 1.33539 0.768502 1.06356 -0.369214 0.99699 -1.71453 0.516818 2.5768 -1.0463 -0.541119 0.420799 0.0888974 1.25078 -1.5037 -0.834247 0.992207 0.297498 0.826805 2.23433 0.113019 -0.778459 -0.882138 -0.745687 0.0830779 -2.08447 1.46951 -1.06996 2.3607 1.28308 -1.87708 1.73005 -0.433296 -0.565311 -0.337732 -1.27002 -2.36436 1.2427 0.5413 -1.98033 0.332687 0.433644 0.273847 1.71611 -0.870974 -0.127173 -1.86265 -0.427616 -1.36197 -0.725922 1.72081 -0.544676 1.93702 0.140959 2.7988 -1.3202 -0.105985 1.05526 0.0893024 0.574816 1.34286 -0.163459 -0.660611 1.10352 -0.630686 1.03391 2.38579 -1.00096 -0.273005 1.8666 -0.21135 1.90533 2.54621 -1.34821 -1.07648 -1.44628 0.381707 -1.0616 0.859394 -0.3066 -2.61062 -0.190362 0.217585 -0.884179 -0.87579 -0.210486 1.02528 -0.941948 1.17343 -0.0791057 -1.09953 -1.77283 -0.626793 -1.22533 -1.45665 0.0616816 3.35259 -1.13312 0.158082 -1.35037 -0.9355 -0.396849 -0.846415 -0.570697 1.58656 0.709822 -0.24223 1.99915 1.66983 0.281156 -0.372069 1.85621 -0.506227 -0.391897 1.05217 -0.765977 0.19412 -2.01313 -0.0613038 0.200129 -0.332091 1.69299 1.13689 0.587016 -2.00151 2.66801 -3.32535 -0.632121 -0.247925 1.15265 0.824528 0.332822 -3.34578 -0.971576 1.02477 -0.186185 0.866741 -0.979873 -0.329056 1.7 -1.53707 -1.73907 0.974721 -0.744974 -0.276605 1.59936 -0.517112 -0.951249 0.0691077 1.04254 -1.81743 -0.887107 0.650988 -1.15243 0.369664 1.1117 -0.109798 0.242948 -0.81134 1.46148 0.339301 3.81172 -0.0690076 -2.00496 -1.27141 -2.57222 0.399634 -4.0754 1.20814 -1.07658 -2.28238 -0.76324 2.02722 0.865295 -0.0588529 -0.920253 0.629589 -0.773421 0.660556 -0.917318 -0.0491358 -0.876316 2.21103 -3.33744 3.60747 0.566834 -0.716389 -0.734546 1.75754 -1.45823 0.146323 0.330825 -2.58154 1.18138 -1.46425 -2.18539 -0.914421 -0.0422877 -1.69166 -3.30841 -0.339692 0.869984 4.21435 0.201118 -0.804726 -2.96063 0.444935 -3.28319 -0.69144 1.93207 2.71063 1.76053 0.952463 0.312554 1.1368 0.00777401 -0.43492 -0.288258 1.64786 1.92571 -2.25147 0.0851383 -0.764676 -1.83915 1.31721 1.77497 -0.532466 -1.04353 2.12868 -3.49828 2.67884 1.92502 -0.268842 0.186202 -0.312623 -1.26796 3.15841 1.67351 -1.90183 -0.687166 -0.535972 0.538729 2.80887 0.797983 -0.922828 1.41773 2.51057 2.25677 0.31602 -1.06838 0.672405 -1.22654 
-1.83737 0.188448 0.0408707 0.809838 0.0583526 -0.0978808 -0.0734487 0.676431 1.35285 0.901391 -0.726267 0.53789 0.873455 -1.92859 -1.6139 -0.0528359 0.298146 1.09798 -1.46573 3.40177 -0.480909 1.94755 1.47713 -0.791668 0.21463 1.16071 -0.991098 1.51903 2.29033 1.72402 -0.404143 1.82835 -1.09876 -0.49839 -0.970294 0.253969 -0.20137 0.335142 0.649954 -2.20114 0.120221 -0.450347 1.49636 -0.821957 0.331674 1.51145 -1.83384 -2.0994 -0.8301 0.781269 -1.12602 0.420883 3.83126 -1.30866 -0.279961 2.33156 1.55292 -0.672829 0.754203 -1.83231 2.30191 0.347924 1.48425 0.132199 0.530839 -2.66311 -0.290196 -1.63869 0.144067 1.66518 -0.170986 0.911164 2.44987 -0.573389 0.798207 1.43663 0.636559 1.34907 1.65556 -1.6283 2.03372 -0.666773 1.07324 -2.29404 -1.8526 0.823719 -0.470794 -1.31409 -0.299453 0.0102479 -0.256844 -2.21429 1.85297 1.06233 -2.62066 -0.839144 -0.0390166 -1.46788 -0.578934 -0.702436 0.201171 1.80395 1.31258 -0.845142 -1.4647 -1.1175 -0.442648 1.67358 2.95286 -0.830369 -0.749425 -2.1263 1.4495 0.169038 0.940592 -0.495821 -1.64334 -1.93272 -1.1767 -1.82697 -1.96905 0.0178875 0.106951 -0.990062 0.811046 -0.273799 1.44312 1.08907 -0.773173 -0.395377 -1.29762 -1.88286 -0.580477 0.862699 -1.78732 0.172584 2.10032 -0.226189 -0.118567 0.894807 0.331399 -1.19701 -2.17279 0.233623 0.683158 -0.445368 2.36014 -0.401858 1.61137 -1.51288 -0.66931 0.868874 -0.61122 0.0949208 -1.07295 2.17367 -0.112935 0.696407 -0.503607 0.085947 -0.242589 -1.12136 -0.832473 -1.1835 0.0655942 3.38085 1.0577 1.25499 0.98063 -1.83891 -0.0261202 -0.95747 0.307767 -0.586361 0.479162 -1.13155 -0.707444 -2.92065 0.467139 -1.73312 -1.41722 2.32774 1.84016 0.0738745 1.36933 -2.79543 2.2847 -0.639375 -0.423592 -0.065455 0.76445 0.743967 2.58777 -0.037379 -1.67532 0.818422 4.29199 1.96512 -0.481867 -0.804019 2.04526 0.56535 -0.50565 0.502965 -1.0334 -1.2223 1.67321 -1.02572 -0.547897 -0.251918 -2.52747 0.469812 0.297258 -0.662794 -0.125714 1.04213 