500 101.001
30.3139 30.3139 30.3139 
14 14 14 
1 1 1 1 1 1 1 1 1 1 1 1 1 1 1 1 1 1 1 1 1 1 1 1 1 1 1 1 1 1 1 1 1 1 1 1 1 1 1 1 1 1 1 1 1 1 1 1 1 1 1 1 1 1 1 1 1 1 1 1 1 1 1 1 1 1 1 1 1 1 1 1 1 1 1 1 1 1 1 1 1 1 1 1 1 1 1 1 1 1 1 1 1 1 1 1 1 1 1 1 
1 1 1 1 1 1 1 1 1 1 1 1 1 1 1 1 1 1 1 1 1 1 1 1 1 1 1 1 1 1 1 1 1 1 1 1 1 1 1 1 1 1 1 1 1 1 1 1 1 1 1 1 1 1 1 1 1 1 1 1 1 1 1 1 1 1 1 1 1 1 1 1 1 1 1 1 1 1 1 1 1 1 1 1 1 1 1 1 1 1 1 1 1 1 1 1 1 1 1 1 
1 1 1 1 1 1 1 1 1 1 1 1 1 1 1 1 1 1 1 1 1 1 1 1 1 1 1 1 1 1 1 1 1 1 1 1 1 1 1 1 1 1 1 1 1 1 1 1 1 1 1 1 1 1 1 1 1 1 1 1 1 1 1 1 1 1 1 1 1 1 1 1 1 1 1 1 1 1 1 1 1 1 1 1 1 1 1 1 1 1 1 1 1 1 1 1 1 1 1 1 
1 1 1 1 1 1 1 1 1 1 1 1 1 1 1 1 1 1 1 1 1 1 1 1 1 1 1 1 1 1 1 1 1 1 1 1 1 1 1 1 1 1 1 1 1 1 1 1 1 1 1 1 1 1 1 1 1 1 1 1 1 1 1 1 1 1 1 1 1 1 1 1 1 1 1 1 1 1 1 1 1 1 1 1 1 1 1 1 1 1 1 1 1 1 1 1 1 1 1 1 
1 1 1 1 1 1 1 1 1 1 1 1 1 1 1 1 1 1 1 1 1 1 1 1 1 1 1 1 1 1 1 1 1 1 1 1 1 1 1 1 1 1 1 1 1 1 1 1 1 1 1 1 1 1 1 1 1 1 1 1 1 1 1 1 1 1 1 1 1 1 1 1 1 1 1 1 1 1 1 1 1 1 1 1 1 1 1 1 1 1 1 1 1 1 1 1 1 1 1 1 

0 27.3226 4.8426 29.7155 0 6.87888 23.5296 3.16249 0 21.4292 2.19544 14.9891 0 27.8699 21.3545 28.5375 0 15.6186 21.6196 16.7313 0 10.6667 28.1041 27.0773 0 6.2941 26.6388 5.44931 0 0.578667 13.308 28.6563 0 16.0231 24.1859 5.43244 0 5.58904 6.34676 5.4663 0 23.3011 29.8869 14.2136 0 18.1 25.8352 27.3264 0 12.732 21.9514 3.56332 0 8.89422 17.4042 5.8676 0 16.5899 27.7368 1.02899 0 29.5098 11.921 8.70205 0 16.2801 1.14504 10.0667 0 17.3101 0.307091 25.0317 0 19.1132 16.6767 19.2754 0 14.8867 1.11856 0.917912 0 11.7973 2.79155 20.1974 0 5.50591 3.83258 12.5539 0 27.5619 13.9149 12.3536 0 28.364 24.5492 6.83098 0 0.162405 13.8154 4.6079 0 4.92376 17.9559 0.418491 0 14.0748 8.60191 0.876628 0 2.95851 28.8255 28.3403 0 15.8573 10.3634 27.6514 0 21.8533 1.98894 18.468 0 16.1848 17.8724 30.0118 0 9.15314 13.1353 18.4341 0 13.308 28.7256 23.1701 0 24.6135 14.9942 29.4936 0 22.2356 30.2336 5.1843 0 13.8088 25.5661 2.30104 0 22.4832 21.2442 7.39224 0 24.4244 7.22639 27.2084 0 19.5178 10.0111 12.619 0 1.71776 18.1255 7.60108 0 3.70376 7.19214 27.3934 0 27.8978 17.4475 12.7214 0 14.0393 29.106 19.2288 0 3.76889 21.8155 0.690629 0 29.8468 10.2744 26.6548 0 4.44106 20.1101 6.18252 0 10.5092 13.5859 1.10358 0 12.0603 13.6951 8.09777 0 28.0166 6.65252 17.1341 0 16.4325 19.657 10.5981 0 8.55567 8.41932 26.167 0 17.7241 5.17802 1.37663 0 17.9058 20.2849 27.835 0 14.8042 2.45386 4.42622 0 15.563 16.4537 26.8393 0 14.7578 18.1181 2.97546 0 21.7696 2.26116 2.67743 0 15.1932 20.5778 6.42526 0 24.3339 7.11434 23.3832 0 10.4658 7.8143 14.0902 0 7.60024 22.6482 21.188 0 1.4722 10.8524 12.27 0 5.2234 20.1589 24.3712 0 23.5854 21.4318 24.7953 0 28.2199 28.4134 7.13181 0 15.5391 6.16893 8.03213 0 3.49018 10.9332 29.379 0 7.23548 20.2729 29.6137 0 7.24292 29.7954 4.2293 0 7.56706 18.069 12.4111 0 28.8282 15.9396 7.01223 0 10.6926 27.7322 14.276 0 21.3138 5.95748 2.01604 0 10.7148 10.2695 3.0135 0 13.7945 12.0972 0.424551 0 20.9056 17.3557 28.5643 0 20.8495 15.377 1.37843 0 20.1334 12.1406 25.8247 0 23.5598 20.6378 28.1796 0 3.00076 28.5796 21.0767 0 17.8678 28.3364 17.7291 0 26.4016 23.4055 15.1325 0 25.5318 7.80448 3.66004 0 24.2022 27.2893 27.3704 0 8.83292 1.89577 18.938 0 26.178 21.4673 7.79307 0 7.1158 19.2621 3.00524 0 6.54676 24.3655 8.37045 0 13.1844 27.6418 29.6963 0 1.61952 5.99279 5.16009 0 13.9094 28.7403 12.3087 0 23.059 4.95631 19.8336 0 25.3207 0.331607 7.07937 0 21.6992 4.30886 7.18535 0 28.3625 16.0165 20.6507 0 4.21001 27.5373 2.69013 0 17.6747 22.0341 3.27019 0 28.6011 14.5963 17.1948 0 20.1059 25.2273 2.53692 0 6.88337 30.1577 21.168 
0 6.67596 8.22579 29.0255 0 8.12646 2.43021 23.8213 0 4.33993 1.79648 9.58257 0 9.23116 27.5081 10.7575 0 27.0686 11.7458 5.78871 0 30.2254 2.08143 5.83446 0 0.291832 29.5161 13.6556 0 12.4603 1.37869 24.625 0 13.0813 26.3943 5.95207 0 20.841 5.75643 28.6735 0 23.7479 17.3791 3.60146 0 18.773 3.70338 10.1962 0 12.6441 8.1611 6.28716 0 17.2085 1.14154 13.5868 0 0.893642 22.3568 6.58936 0 21.6775 5.82855 13.861 0 21.7241 15.0016 17.4818 0 1.58212 2.94099 11.8695 0 5.23943 17.2531 21.275 0 1.29884 0.633722 24.3057 0 24.7251 27.9157 23.9819 0 10.2337 24.7164 24.915 0 20.5785 5.06371 17.1721 0 19.0946 11.847 1.51668 0 30.1851 2.4779 29.5114 0 22.8027 4.36417 10.5601 0 4.22075 12.8983 13.5728 0 4.61486 12.4439 3.72553 0 8.02913 1.3675 13.9184 0 3.97066 18.1291 10.8017 0 27.0357 29.4654 13.0615 0 16.7441 22.1015 13.2347 0 9.93374 3.42569 27.6361 0 24.8722 9.96432 8.33242 0 15.9161 17.1012 6.55881 0 22.6841 8.79063 12.2162 0 4.96111 4.87987 30.2346 0 24.6669 6.36503 7.14873 0 29.0337 9.2086 2.55091 0 20.1626 16.5314 4.73485 0 26.0789 25.2413 2.67917 0 24.6876 22.487 0.924392 0 4.025 22.4649 27.3164 0 10.8476 23.4802 7.86975 0 28.1525 4.69495 7.76248 0 22.3633 13.6649 7.84507 0 0.939323 27.1542 5.90593 0 5.98885 3.05231 16.2373 0 7.4869 8.18425 9.28974 0 3.80816 24.2114 14.5062 0 16.9432 14.1337 13.0559 0 3.57514 18.3533 27.235 0 6.3219 9.90366 6.54404 0 1.89673 8.22571 24.1763 0 24.6236 21.0175 20.2686 0 16.9905 14.8894 2.59716 0 15.6055 10.7946 3.38326 0 12.8714 22.1996 19.5956 0 24.6282 12.4735 16.4833 0 24.0663 0.0333035 10.4023 0 27.9036 19.3643 21.8954 0 28.5564 19.6405 5.52089 0 6.3889 17.0861 24.7652 0 22.5968 29.9406 29.8914 0 5.72282 0.305741 0.521508 0 5.2835 28.4119 8.15975 0 3.10914 7.45474 1.78715 0 17.0857 3.12005 27.6876 0 12.9392 26.352 17.0013 0 3.36761 24.8768 7.67357 0 1.1958 18.5962 29.7962 0 11.5813 21.0592 10.6045 0 8.33517 12.2357 4.69335 0 21.9003 9.1718 0.701443 0 14.0366 0.215617 7.13808 0 5.61407 4.75065 8.54382 0 3.61734 8.53436 14.8246 0 12.5776 21.0864 14.0734 0 10.3178 14.1714 12.0444 0 9.18152 5.17269 21.1939 0 22.7289 13.9053 4.53236 0 23.1197 18.4371 23.04 0 3.91503 16.4334 14.1476 0 0.857747 28.0312 0.39631 0 7.69264 26.0666 15.1524 0 27.4895 27.2544 26.1193 0 7.8875 0.537583 9.11398 0 28.2035 26.0659 29.6644 0 11.478 17.5654 11.8383 0 18.6604 8.7384 3.1296 0 11.7784 6.73036 10.93 0 1.89612 16.0729 18.8153 0 5.46198 29.5005 17.5399 0 29.8343 27.1106 23.2823 0 5.15827 25.664 11.3985 0 3.87529 2.98896 5.46982 0 23.0421 24.1776 4.54622 0 25.0744 14.8329 19.2932 0 20.0926 13.3483 10.9387 0 26.5485 0.169182 16.3861 
0 24.0447 12.6376 11.7065 0 12.8889 15.8825 24.434 0 10.1075 10.5285 11.098 0 28.4503 0.599927 10.0294 0 2.24335 3.92942 2.03878 0 9.42886 4.10297 8.43131 0 25.3746 26.5044 5.98441 0 24.7865 3.74668 4.49113 0 15.0269 28.3876 26.9404 0 22.4685 21.4121 15.3737 0 23.5247 3.62316 29.898 0 6.88377 6.40429 14.6018 0 13.2567 10.3533 10.1498 0 16.2766 12.9924 19.3428 0 28.8045 1.71288 2.25152 0 19.8495 17.4795 9.8465 0 29.6728 25.157 3.50259 0 29.6412 7.39965 13.2692 0 1.14066 19.0302 20.4676 0 25.1635 2.37177 12.8524 0 26.5502 8.78557 30.1786 0 0.975035 11.4979 1.60087 0 8.6188 2.08535 0.615849 0 29.7468 29.7294 27.3781 0 28.4528 18.5386 18.3942 0 26.8137 19.9163 25.5802 0 18.5471 27.1687 5.9237 0 12.1411 7.07007 28.3362 0 29.068 20.6285 10.8915 0 13.8666 15.7487 10.3207 0 14.071 16.9185 14.5944 0 5.69906 21.5018 12.7683 0 15.9995 9.63225 6.66044 0 15.532 23.0322 9.18736 0 9.29203 19.3088 25.3085 0 18.2783 7.37333 14.1927 0 3.54837 6.66054 10.7897 0 29.4085 10.8392 14.7091 0 5.18866 13.6153 21.9155 0 21.1846 8.20549 8.0837 0 0.364488 14.4927 13.939 0 28.874 5.05948 3.5559 0 3.84928 25.0015 29.8109 0 9.391 5.98763 0.56119 0 4.22072 10.1622 9.69273 0 3.41898 0.59497 13.9022 0 18.6428 4.62533 24.5017 0 10.3935 17.9829 15.2754 0 12.7232 24.4438 12.7184 0 20.0578 16.1514 13.5273 0 23.4323 23.8918 11.5501 0 2.75291 22.8828 17.9549 0 0.981728 7.9029 17.1069 0 29.2416 23.0046 25.1238 0 23.6954 12.9458 25.0432 0 20.3439 22.4455 25.7344 0 20.3208 9.48641 16.4897 0 3.91599 21.561 9.5356 0 9.91325 9.02554 22.2985 0 0.715666 27.4072 10.0369 0 30.2647 16.1067 10.0874 0 9.16197 17.0372 30.0265 0 24.4223 27.0901 16.2149 0 17.9694 7.38044 10.7907 0 1.98442 9.42927 4.66771 0 8.6466 22.7648 11.026 0 7.85317 28.8228 24.3209 0 10.0517 5.22609 16.8927 0 21.1112 25.8974 17.5781 0 25.4998 23.8503 26.2126 0 26.0661 9.78735 14.1699 0 11.8719 1.0564 16.8181 0 21.9808 18.4795 18.8078 0 4.71818 24.9236 20.3076 0 26.7757 24.0115 22.6269 0 16.5891 23.1703 24.6833 0 5.52384 14.6659 18.3976 0 25.5264 20.1679 12.8381 0 16.7154 23.2315 30.0925 0 3.08235 14.6217 1.4723 0 25.6295 3.59004 23.2438 0 28.7223 20.4891 2.10047 0 9.13465 28.5403 17.7148 0 1.1287 4.10188 8.26952 0 7.56528 19.475 8.83974 0 2.68277 27.1842 15.8498 0 15.2878 3.21349 23.0364 0 3.41806 14.3992 9.63875 0 28.8251 2.81019 18.443 0 23.3165 29.3302 20.0485 0 16.6099 18.791 18.6887 0 23.0051 26.4577 0.728289 0 19.8296 29.2403 2.17782 0 15.2286 3.37937 18.5856 0 22.6923 25.8692 21.1259 0 1.13897 4.9936 26.1119 0 27.3734 24.1031 10.2048 0 29.3266 16.1543 0.514683 0 23.8924 17.1077 8.36408 0 25.8369 29.4889 3.13412 
0 6.34338 8.72423 22.866 0 1.27916 25.6201 19.7699 0 11.9181 6.87103 3.18391 0 12.6522 13.852 18.8293 0 11.51 9.79525 25.5988 0 16.4496 24.9056 16.3852 0 18.9246 20.0445 6.5392 0 5.93322 3.69218 20.1247 0 11.2224 3.93771 13.3575 0 1.65458 8.67681 8.1705 0 25.3486 6.30066 14.2318 0 18.8308 13.3098 5.41933 0 0.101981 29.345 17.1102 0 28.3275 26.3636 17.0636 0 20.302 25.7306 24.4095 0 20.5183 2.09739 26.2486 0 4.66327 30.0354 23.8658 0 1.74221 24.0568 23.3578 0 27.2994 30.1816 24.2753 0 6.21819 28.8183 13.3433 0 22.3108 4.58624 24.0635 0 20.1179 21.6092 20.4641 0 20.9235 29.1839 24.7639 0 14.2311 7.06322 17.6866 0 28.3585 7.41706 24.2395 0 8.01437 14.0337 28.1543 0 5.75484 11.2892 16.7375 0 11.0332 1.03746 10.831 0 1.10203 14.752 22.3072 0 6.4047 13.9074 7.05026 0 26.1556 14.3493 9.09569 0 11.6932 18.7265 20.7169 0 0.782604 8.30757 29.2076 0 6.16784 19.0131 16.0428 0 5.79127 10.4118 26.4129 0 28.2903 11.3681 23.1023 0 22.7534 9.52339 4.92214 0 12.2192 0.929472 28.7762 0 1.52891 4.78057 19.4902 0 26.4292 6.30862 20.6904 0 25.491 20.2992 16.7374 0 0.684954 18.1387 14.7443 0 4.32903 14.92 27.865 0 6.62004 11.7539 0.339605 0 21.2524 20.4074 4.0141 0 18.9324 8.47293 25.8992 0 18.5433 8.375 29.8674 0 10.5874 9.84956 29.5137 0 1.67967 22.426 3.30829 0 8.40657 17.0364 18.9536 0 1.30035 17.9716 3.45336 0 15.8767 13.1772 8.16052 0 28.152 9.71671 10.7947 0 18.593 1.69835 4.18377 0 18.5475 1.35125 17.3169 0 13.544 20.9762 30.3035 0 14.968 29.8876 15.9719 0 29.7573 16.2093 25.9224 0 22.9567 18.1515 11.7226 0 18.8933 19.2136 24.0248 0 15.4793 25.6696 20.1678 0 27.0458 27.6715 20.4039 0 9.54372 28.1297 6.79167 0 21.4377 12.5221 14.7621 0 19.0044 0.752337 7.78305 0 9.63994 28.1353 0.312244 0 8.11821 26.6875 21.1864 0 6.77232 15.4291 2.58181 0 3.52904 21.7195 21.2345 0 8.68274 21.5559 14.7668 0 26.5744 14.0745 3.16082 0 16.6017 21.9778 20.8724 0 12.8975 12.9942 4.46091 0 15.3919 27.691 8.40241 0 12.7759 11.1874 21.9548 0 29.8938 29.9983 20.7794 0 20.2543 21.4208 11.9477 0 29.4852 8.54568 20.4272 0 19.932 28.7645 15.0529 0 25.8907 6.43883 10.5047 0 2.42595 5.12816 14.5131 0 16.6865 10.5892 10.5427 0 2.18516 2.21512 16.6657 0 15.8309 9.47342 19.9936 0 1.78211 22.029 12.6334 0 20.6277 24.5879 9.27434 0 1.99696 0.361097 7.79733 0 1.39893 20.6174 25.1887 0 22.4095 10.0945 22.8779 0 12.223 3.47204 1.72029 0 17.3384 15.6688 15.921 0 10.8422 29.4279 3.53589 0 17.2225 18.2556 13.6523 0 12.0288 10.0772 16.2118 0 22.8239 27.4118 8.46832 0 13.8178 7.37899 13.9224 0 28.9346 3.90245 14.6078 0 29.5801 26.2108 13.2673 0 28.3378 3.0582 25.705 0 24.9126 15.9225 15.1807 
0 24.6288 1.07325 25.971 0 10.9073 5.51599 24.4799 0 10.6412 3.76554 4.66959 0 14.2541 4.03424 11.1182 0 10.9835 23.6549 16.2766 0 3.52984 2.34787 26.508 0 19.2836 25.5991 21.0376 0 7.06996 1.12812 27.0901 0 17.1955 15.5794 23.3135 0 15.1728 6.20017 3.82653 0 19.9817 0.39826 11.2679 0 19.0442 28.9672 28.5119 0 14.3134 24.5409 27.7854 0 10.4772 29.9072 21.2218 0 10.0852 20.8817 1.67535 0 20.6043 21.9747 0.216298 0 22.4521 10.5381 19.1195 0 22.3343 24.4545 27.7965 0 15.2332 19.1576 23.6886 0 19.8519 29.5069 20.9684 0 6.48424 4.36502 2.80349 0 25.8752 16.8689 26.6801 0 15.7563 10.4134 15.5029 0 21.3402 12.3743 29.1534 0 5.28963 6.92858 17.5616 0 19.0104 1.95506 30.3093 0 27.0266 23.1125 18.5267 0 1.97942 0.00080298 3.89352 0 27.6777 12.1887 29.8011 0 25.0501 10.9982 27.4599 0 24.5785 11.4178 1.49705 0 22.0837 1.87201 22.2294 0 7.90803 15.2122 15.2084 0 9.06544 11.6356 14.2718 0 20.4196 16.173 24.7811 0 24.9583 3.41455 16.1542 0 15.4297 7.03098 25.6924 0 19.1425 3.37797 21.2626 0 2.54961 12.2951 6.79747 0 24.3317 7.36128 17.4916 0 2.76768 11.9545 25.2966 0 25.811 16.3494 23.0807 0 17.9997 10.5464 22.5268 0 9.4187 14.8456 24.5251 0 27.0949 13.8178 26.1981 0 16.6021 6.24062 20.5995 0 27.913 11.1338 17.9261 0 7.62805 8.8221 2.88574 0 13.6628 13.2427 14.9873 0 9.30295 20.7437 18.2405 0 8.33236 8.90646 17.0733 0 12.8786 16.1857 29.7358 0 19.76 8.26673 20.1967 0 15.1354 12.9656 25.0655 0 7.61419 23.8533 28.1285 0 19.2445 12.2584 18.0765 0 4.07256 15.7908 5.19761 0 26.5003 1.20075 29.4795 0 4.98834 5.61129 24.5472 0 6.53348 27.3594 29.5198 0 17.506 13.8116 28.5677 0 0.38717 23.3712 0.218468 0 0.838369 25.821 27.3656 0 1.75739 11.4794 21.5463 0 2.99899 8.60141 20.359 0 6.70138 12.8135 10.867 0 9.06163 7.31366 5.26947 0 1.17475 12.4063 17.5941 0 19.3661 18.4147 1.69236 0 6.63913 23.2425 17.7129 0 10.3173 17.1677 2.93985 0 11.8414 26.338 20.6522 0 13.6 23.1866 23.0688 0 10.0833 10.8627 7.5975 0 26.2726 18.0434 0.96515 0 12.9258 19.4124 17.2061 0 24.9981 26.7543 12.6058 0 29.7948 3.3111 22.3199 0 9.84195 25.1047 4.49735 0 6.12912 9.76489 12.7039 0 29.8568 22.2056 20.3637 0 27.1385 18.4222 9.05854 0 12.9316 6.82243 22.0082 0 26.1722 9.85968 20.8111 0 21.0222 24.46 14.2423 0 18.62 26.1806 12.0787 0 21.418 13.887 21.2584 0 11.169 24.1799 0.557739 0 13.5757 4.00416 26.434 0 9.19145 21.264 5.17803 0 15.3664 6.02273 28.9532 0 10.5619 20.9527 28.6283 0 11.8335 18.2657 8.11964 0 25.6162 1.94927 19.6617 0 3.18922 27.0393 24.9653 0 11.8154 13.1094 27.1815 0 17.0649 27.4295 23.2525 0 19.2484 21.272 16.7709 0 16.6251 0.575133 20.8757 0 0.0773516 23.2338 15.5818 

0.195822 0.957594 0.337873 -0.602614 0.311757 1.76489 -3.2631 -0.245688 0.642558 -1.3876 1.17106 -0.469392 -0.445178 -0.635418 2.27717 -2.0289 -0.805764 -0.272038 -0.254593 0.402232 -0.618788 0.141638 1.51846 3.06382 0.115021 0.830668 0.813031 2.14102 1.15382 -0.872931 -0.249167 0.0749538 1.80572 0.106572 -0.730335 0.106826 -1.03238 -2.54049 -0.734639 -0.107434 1.94081 -1.11604 -0.601 0.154397 1.84764 -0.127402 0.877689 2.02303 2.43733 -0.146354 1.09898 -1.97966 0.0317373 -3.42834 -0.411796 -1.62752 -1.12762 1.62104 -3.52385 1.97942 -0.894801 -0.493457 -2.8115 0.631895 -1.39401 0.489689 -3.02088 -1.49261 3.21833 0.606762 0.52903 0.162467 2.32644 0.405136 -1.48492 1.9463 0.697328 1.05888 0.358558 0.308657 0.206376 -1.54066 -0.865952 -1.4719 1.03429 1.50056 -0.686444 -1.62149 2.74164 -1.6232 0.11207 -1.34608 -4.21333 1.43555 -2.19665 2.35168 0.974085 -0.263267 -1.19375 -1.42772 -0.470229 -1.41502 1.64363 2.28769 0.0941793 0.407549 1.69642 0.535706 -0.515771 2.30443 -1.14321 2.4015 -1.91914 -1.27302 0.783394 1.70673 1.10016 -1.13053 0.218953 -1.90404 0.19279 -1.50769 1.18497 0.39562 2.20288 -1.15371 0.837096 -1.56542 1.28789 2.09704 -1.73523 0.278819 -0.237353 1.08461 -0.097723 0.951422 0.0598774 -2.81749 1.20985 -2.13301 0.713249 -1.29871 2.01744 -2.10513 -0.469656 -0.0886386 -0.776039 -1.79247 -1.62597 0.153974 -3.63762 -0.400527 -0.0603656 -1.88581 2.76573 -0.690278 -0.697269 1.65859 1.46062 1.26811 0.4216 -1.11602 -5.81246 -1.77957 -0.445574 1.11561 -1.14213 1.04688 -0.130173 0.861906 -0.528977 -0.372819 0.147165 -1.19975 0.855806 0.380826 -0.81445 1.6449 1.37795 3.21013 -0.913959 -1.14503 -1.43991 0.333205 0.112018 -0.209752 0.907914 -0.857404 -1.53961 1.46747 -2.03575 -1.03571 0.610703 -3.87933 5.05239 1.98011 0.145558 2.2355 0.579495 0.507294 -1.76975 -2.24083 0.928718 1.06576 2.02793 -1.0052 -0.0906684 4.06106 0.593007 1.60285 -0.233455 -0.877743 0.193646 0.0459414 0.378255 -0.731468 -0.376089 0.089255 0.226177 -2.1923 -0.669252 2.49998 1.02418 -1.12039 -0.504021 1.12511 -1.96049 -0.942251 -0.857422 -2.03177 3.59685 -1.21889 -1.54319 -0.618857 -2.29806 -0.629189 0.574987 0.767888 -0.233433 -1.46267 0.213835 -0.792665 -0.433271 2.38494 -1.99748 4.64883 -3.8786 -0.191576 -1.07758 0.944977 0.810556 0.231169 0.17159 0.158345 -3.01778 2.40382 0.663956 -1.56746 2.21955 0.216113 0.398151 1.81618 0.558477 -0.671694 -1.98902 -1.14415 -2.6934 -2.11285 -1.55706 2.62468 -0.182356 0.615247 -1.86134 -0.363423 -0.0179512 2.55305 0.0458871 1.63592 -2.5772 0.356487 -1.16608 2.89388 2.20042 -0.146576 1.54185 1.5825 0.45806 0.144431 -0.566376 -2.92139 1.23451 -0.619201 -2.22963 0.0887802 -1.2277 -2.39047 -1.80285 0.457636 -0.469071 -0.0589921 
1.74476 1.69039 1.65258 0.0245446 0.00564558 1.99067 0.219003 -1.1512 2.4019 -0.0117406 -0.351899 -2.39092 -2.49791 -0.149919 -0.813211 -1.53596 0.429618 -3.14728 1.16757 0.398283 0.446833 -1.16512 4.22703 -0.327221 0.63974 0.342273 -2.05262 1.09575 0.513066 -0.204475 0.642313 -1.34354 -0.55469 1.12868 0.403575 -0.154927 -0.428448 2.20706 1.83088 0.288001 0.927746 -0.99905 -0.87029 0.833558 -0.604571 0.527134 0.0782017 0.947676 -1.32265 -1.94519 1.68644 0.282051 -1.62025 1.03195 0.0747542 1.30098 -3.29493 0.45021 -0.329218 -1.41091 0.731867 1.71913 -1.56523 1.63651 2.85005 -1.83457 -1.20576 0.200386 -1.00402 1.00425 0.222675 1.10838 0.635463 0.853758 0.432006 -0.312137 0.863331 1.79639 -0.937201 -1.26064 1.14373 -2.55297 0.103518 0.625821 -0.335378 -0.334359 1.33602 0.616241 0.775351 -1.43661 2.06861 -2.85 1.74001 0.206525 0.0630909 -0.299412 -1.67426 0.597602 -0.0768054 -0.714405 -1.18937 0.215976 -0.334593 -0.00517437 1.86202 1.1608 2.37 0.52689 -0.249693 1.17871 1.5272 -0.511607 -1.77779 1.27016 0.105745 0.113339 0.375028 0.740313 2.2897 2.04716 0.75892 -1.14618 -0.565217 -2.36198 -2.19597 -0.949679 -1.81013 2.21387 0.352567 -1.4483 0.534342 -0.564176 0.0902867 1.67818 -1.69341 -0.666396 0.934844 -0.765412 0.0917258 0.540839 1.20523 2.46979 -1.11871 -0.25571 -3.00807 -1.02601 -1.14568 0.274721 -2.51613 -1.21263 0.590304 2.85923 0.620158 1.26197 0.913359 -1.59431 0.462988 -1.43131 -0.58552 0.335544 0.0721305 2.37438 2.40802 0.682017 -0.609045 0.106387 3.76136 0.190518 1.21377 0.569188 2.62917 -1.09191 -0.944847 -1.39152 1.28632 -0.880203 0.585711 2.37883 -2.54068 0.654683 -0.383494 -0.0482532 0.205906 -1.23099 -1.62554 2.42909 -0.295196 0.140579 -0.264534 -0.843977 -0.317473 2.0373 -1.76838 -1.98422 -0.151731 0.745738 -0.806121 -0.55074 -0.320522 -1.0085 1.0892 -0.933729 -0.212262 -0.482773 -2.97993 -0.521924 1.59616 0.788578 -1.19475 2.86202 0.645763 -0.248964 0.393838 1.14976 -1.2569 1.83487 2.90654 -1.32553 -1.27622 0.309677 2.53126 -1.26018 0.663857 0.976748 -1.3249 1.32788 -1.75341 0.223786 1.6055 1.72816 -0.396404 -0.582613 -0.30333 -0.949707 0.137655 -0.551215 2.55935 1.11012 0.481731 1.04816 -0.514015 -1.11765 -1.49114 0.980492 0.658704 0.222394 -3.3345 1.81494 2.40333 -0.498104 0.73682 -1.64157 -2.36932 2.59737 -0.240647 -3.03087 0.241148 0.451318 -3.42123 -0.0914235 -0.63685 -0.744458 -0.912568 1.26904 1.10672 0.56611 -0.75307 1.67383 3.16636 1.06876 1.34323 -0.147372 1.33994 0.361757 2.17913 1.66687 3.13637 0.294662 -0.357642 0.195585 -1.95789 -1.17397 -2.61994 -1.72662 -1.35641 -0.11239 0.384132 -1.23552 -1.09288 1.39218 0.494073 -0.0283025 0.978605 0.887926 1.08306 2.73661 1.57487 2.91596 -0.893588 3.40317 
-1.2479 1.39676 1.74379 0.815906 1.81661 0.810517 1.3347 1.95223 0.841506 -0.86876 -0.835088 0.774107 1.49916 1.91347 1.04408 -2.70319 1.80217 0.950543 0.0936999 1.61773 0.276004 0.442968 -0.18003 -1.4437 -1.04196 -0.305586 -0.12269 2.72238 0.800544 1.61077 -0.833853 0.698749 -2.98669 0.104169 2.62482 0.0987999 2.35228 -0.0584769 1.24703 1.70148 -0.462867 1.48862 0.490827 2.28574 -0.474619 -1.00774 1.01818 -1.52577 2.38832 -0.798972 -3.05231 -0.841344 -2.57902 -0.650413 -0.541161 -0.102425 0.905085 -0.779903 -2.11983 -0.397054 -1.03232 1.56749 -0.496654 -0.327658 1.64854 0.733041 1.54722 -0.735438 -3.29286 0.437177 -0.478142 0.347286 1.31985 -2.01277 -0.455852 0.46263 0.840796 0.624642 -0.436311 -2.17363 0.801219 -3.93356 -0.33378 -2.37543 1.90529 1.35414 0.618545 0.406831 2.72813 0.10314 -2.34274 1.33673 -0.395408 2.54876 -0.0334589 -1.45463 0.804676 0.759491 1.32905 0.216563 1.34955 -0.398469 -1.07389 2.86223 0.249807 0.386922 -0.206806 0.925463 -0.0495806 -1.32617 -0.452886 -0.211762 -2.43094 -0.0574095 0.756003 -1.20833 1.50826 -0.42358 1.31312 -0.899534 0.247369 -1.81654 1.69226 -0.350941 0.0269386 -0.0475056 -0.249631 -1.32824 2.46835 0.783647 0.672641 -2.47606 -0.316792 0.294207 -2.89161 0.508637 -0.571009 -0.27417 0.539027 -0.823341 -1.60398 0.406689 -0.144863 -0.468339 -0.847245 0.545668 -0.649788 -0.368193 -1.77077 1.04994 -0.797606 0.742518 -1.98676 0.0591822 0.873061 -1.8101 0.122027 -2.39596 -1.04503 -0.864793 -1.2923 -0.825343 3.62123 -0.672317 1.35821 -0.71301 -0.846371 -0.774072 -3.67348 -0.808324 -0.456471 -1.50318 0.832058 1.00433 -0.85329 3.92409 0.882293 1.29904 2.1088 0.928021 0.483738 -0.919031 -0.505341 -0.931157 0.79922 -1.31577 0.852619 -1.04899 0.255744 0.414796 -3.13427 0.99497 -1.2977 -1.37219 1.48587 1.68746 1.90184 -0.777941 -0.511818 -0.589746 2.47479 -0.856253 0.62135 -1.35316 -1.48442 0.0407514 0.104049 0.193181 1.30488 0.409324 -1.6996 0.197238 0.200559 -0.194494 -0.404811 -1.0069 1.60982 -2.26248 0.03156 -2.86113 0.548847 0.291105 -2.64965 0.0928847 -1.22321 2.01833 -3.86875 -1.74515 0.992315 1.83115 1.21897 1.21226 1.63367 2.88125 -2.42292 -0.336787 0.694268 3.40073 2.21063 1.63925 0.0171951 -1.14384 -0.55661 -0.4116 0.695272 -1.08185 -1.96669 1.25275 0.843976 1.21607 -1.54409 -2.20178 -2.04955 -0.528076 2.46258 -0.822176 -2.18079 -0.764203 -1.80053 0.836175 -2.80791 0.813852 0.936022 -1.02783 0.734173 -0.336916 -3.16917 -0.524968 -3.11237 -2.07307 0.466214 -0.247798 2.11917 0.741318 0.14613 1.76827 -1.14075 -0.0752299 0.691506 -0.43105 0.0941608 -1.51278 1.50216 0.226576 -0.876747 -3.1097 0.10139 -1.12058 1.74421 1.13833 -0.245747 -2.2156 0.122416 -0.33758 0.0641582 -0.198619 -0.818221 -0.512366 0.309106 0.312446 
-1.09755 0.883534 1.86322 -0.130267 0.0961589 0.0663691 4.08066 -2.43313 3.67531 1.84089 -0.0384628 1.07944 0.203322 -0.280563 -0.413351 0.274793 -1.11434 1.0529 -0.657431 2.32934 -0.92871 -0.953277 3.53522 -2.02913 -1.41161 -0.226729 -1.91416 0.92909 -0.876623 -1.50127 -0.268262 -0.0866156 1.44357 2.59881 0.155393 1.37137 -0.568946 -1.46492 0.861128 -3.70318 1.40714 1.77344 1.94901 1.51068 -0.689729 0.203314 0.374955 -1.651 -0.267439 0.177707 -1.46651 -0.513468 -0.80861 -2.00114 -0.00302806 0.578958 -0.813734 0.358814 -1.68237 -1.72614 0.629343 -1.36574 1.63267 -1.60671 1.19595 -0.396129 0.302466 0.614687 1.1471 1.84312 -3.51376 -0.0249445 0.253061 1.1335 0.0297343 0.256161 -2.61566 -1.82361 0.648493 0.6425 0.60216 1.0281 -0.537899 0.0315136 -2.49448 -0.542936 -1.35149 -2.1585 1.06156 -1.18103 -2.74129 -0.480977 0.863191 0.213275 0.551201 0.103807 1.60001 -1.72219 1.21566 -2.34737 -0.897097 2.4171 0.796644 0.699479 1.85801 -0.718194 1.72342 -0.253171 0.77886 2.29524 -1.61834 0.701017 -1.3062 -0.788392 0.737577 2.23102 3.82486 -1.29878 -1.45036 1.25893 -0.933419 -2.26467 -1.22028 -0.937782 0.0997194 1.41127 1.2541 0.71948 0.82627 0.974983 1.8387 1.67007 -0.741694 0.978943 -0.802411 0.427656 0.0142306 -3.09336 1.63853 -1.59642 1.27873 -0.305067 1.61712 2.02835 -2.29069 -2.57315 -2.13628 -0.385438 -1.04751 -1.52774 0.0239836 -1.8341 0.703091 -0.942199 -1.46064 -0.225365 -0.296102 0.000664755 2.93784 -1.70089 -0.934782 -1.67919 3.22316 -1.49599 2.04596 -0.432448 0.35085 0.292769 -1.80393 -0.548029 0.220665 0.352577 -1.34729 0.938637 0.383075 1.66318 -2.30043 1.27991 0.111613 2.16764 0.64516 1.39059 -4.32365 0.370092 -0.36616 -0.53638 0.788227 1.56096 1.2364 2.64231 -1.54496 0.75316 3.15033 -0.0187328 -2.14765 1.16228 0.8267 0.0744049 -1.23767 2.18321 1.32623 -1.99938 -1.82079 -1.45429 -1.05367 -0.602159 0.0345498 -0.625475 -0.399377 -2.14881 -0.0979706 0.19116 -1.9288 -2.62746 0.312444 0.873576 -0.775358 -0.247823 1.66762 0.346878 -1.39235 0.962316 -0.0825271 2.97283 -0.148533 0.854126 -0.00586304 -2.15577 -1.37221 -2.9756 0.817371 0.633934 -0.901472 -0.311848 2.57736 0.842799 -0.744259 -1.82489 -0.131574 -0.306728 0.631086 -0.216873 0.0693706 2.16322 0.735342 0.390254 1.7739 1.20715 -0.949444 0.579932 0.7279 1.71355 -0.162122 -1.15826 -2.19896 2.13889 -0.16015 1.28375 0.827419 -0.263698 0.981989 1.44432 -0.0106212 -3.0224 2.1961 -0.493406 0.572805 1.08504 0.770984 -1.03837 1.40545 -2.82698 1.07947 -0.708444 1.04674 0.348352 -1.27797 0.397606 1.55972 -0.499302 -0.746019 -0.0139782 -0.138539 2.28317 1.33685 0.970972 0.705261 -0.673074 1.41082 -0.386071 1.12318 1.31345 -0.207954 2.16582 0.981819 1.21693 -0.944761 -1.99123 0.424898 0.340592 
-1.1018 0.838601 0.0894981 1.51844 -0.217342 -1.45473 1.30896 -0.141631 0.932668 -0.484189 -0.453142 0.53061 -2.67426 2.43005 -1.45929 0.13314 -1.28016 1.87929 -1.01612 -1.62108 0.765354 2.2739 -0.628679 -0.835776 -3.4534 -2.51665 -0.0966438 0.478853 1.62001 -0.639998 0.094558 -0.26625 -0.198339 -0.903803 2.42025 -0.886122 0.234548 2.2241 -0.496574 -4.29563 -0.458314 -1.2972 -0.718071 1.72492 -1.2856 -1.38399 -1.51311 0.0606792 0.499455 -0.693203 2.09282 0.677828 -3.22219 1.40925 -0.262693 -1.17203 1.81648 0.33288 0.910506 -2.0971 1.30837 2.52808 -0.11415 2.16354 -1.3052 -1.40274 2.56379 -0.424121 0.0785265 -0.698926 -2.73321 0.0321548 2.16795 0.746683 0.319541 -0.878351 2.04043 -1.29782 2.17976 0.140355 -0.134984 -1.94498 0.563787 1.08836 -0.475388 -0.691244 1.14289 -0.842637 -0.610247 0.257083 0.742342 -1.11059 -0.608582 2.33531 -1.94367 -2.67946 0.732197 -1.25891 1.03888 -2.63564 1.38695 0.510441 -0.77266 0.73039 0.212495 0.0489198 -2.20171 -1.7351 -0.619094 -1.55371 -1.05063 0.773449 0.179242 -0.583561 1.02523 0.99822 -0.939718 1.44955 2.41208 -0.0792873 1.85174 0.4744 0.866335 -0.404547 -0.454822 1.45045 -0.205844 1.13569 2.15942 -0.376164 0.149146 -1.57692 -0.451816 0.309305 -1.88681 0.456417 0.861933 1.58314 -2.62478 -1.25882 0.871278 -2.4025 0.657128 -2.02063 -1.43222 0.956543 -2.19049 -0.934754 0.49273 0.621484 -1.42633 -2.31208 0.488274 0.738532 0.00739529 -2.06357 -0.27162 -0.138361 -0.621412 1.31148 2.93434 -0.482878 -0.392311 -0.826829 -2.79323 -0.19981 0.830711 -0.0402853 1.98884 -1.01326 0.221669 -3.45853 -0.814609 0.814308 0.817084 -1.59898 1.17826 -1.68662 -0.981328 0.477353 -1.33794 0.682182 -0.0322202 2.15027 0.810461 1.49709 1.06568 -1.45169 -0.180389 -1.6385 -4.36233 1.32598 0.956929 -1.77609 1.90995 -0.345602 1.61401 -2.68826 -1.34626 -0.722159 -0.836941 1.79562 1.07869 0.660602 0.525892 -0.178423 -1.33983 -1.38284 1.27397 2.22887 -0.883641 1.43889 -0.305576 1.50534 -0.528947 0.112223 0.404139 -1.35323 -0.284912 0.817317 3.0656 -0.0205931 0.343057 -0.976109 -1.65371 0.952137 0.428788 -1.47365 -1.55703 1.86196 -1.30305 -0.911153 -0.847058 -1.27105 1.40828 1.22925 1.24886 0.11052 -1.51393 -2.72131 1.50687 0.894126 0.390412 -1.71829 -1.39325 0.943078 -0.0601584 1.58663 0.304909 0.349668 -2.15816 0.36751 -1.24424 -2.09474 0.844377 -1.49224 -2.65268 -1.80568 -1.46511 0.228482 -0.247946 -2.47139 1.94607 -0.00235074 -1.66573 0.407545 -1.45434 -1.33822 2.04754 1.99307 -0.129255 -0.0441471 2.4249 1.47883 1.36033 0.506972 1.03302 1.12131 0.643836 2.4042 -0.24148 -1.69737 1.60596 2.26902 -0.31384 1.5045 1.32645 -2.01455 -0.303758 0.320282 0.715648 0.476065 -0.597057 -2.10813 0.899822 0.575718 0.327431 -1.26109 1.68768 1.46783 
