500 1.00001
27.9531 27.9531 27.9531 
14 14 14 
1 1 1 1 1 1 1 1 1 1 1 1 1 1 1 1 1 1 1 1 1 1 1 1 1 1 1 1 1 1 1 1 1 1 1 1 1 1 1 1 1 1 1 1 1 1 1 1 1 1 1 1 1 1 1 1 1 1 1 1 1 1 1 1 1 1 1 1 1 1 1 1 1 1 1 1 1 1 1 1 1 1 1 1 1 1 1 1 1 1 1 1 1 1 1 1 1 1 1 1 
1 1 1 1 1 1 1 1 1 1 1 1 1 1 1 1 1 1 1 1 1 1 1 1 1 1 1 1 1 1 1 1 1 1 1 1 1 1 1 1 1 1 1 1 1 1 1 1 1 1 1 1 1 1 1 1 1 1 1 1 1 1 1 1 1 1 1 1 1 1 1 1 1 1 1 1 1 1 1 1 1 1 1 1 1 1 1 1 1 1 1 1 1 1 1 1 1 1 1 1 
1 1 1 1 1 1 1 1 1 1 1 1 1 1 1 1 1 1 1 1 1 1 1 1 1 1 1 1 1 1 1 1 1 1 1 1 1 1 1 1 1 1 1 1 1 1 1 1 1 1 1 1 1 1 1 1 1 1 1 1 1 1 1 1 1 1 1 1 1 1 1 1 1 1 1 1 1 1 1 1 1 1 1 1 1 1 1 1 1 1 1 1 1 1 1 1 1 1 1 1 
1 1 1 1 1 1 1 1 1 1 1 1 1 1 1 1 1 1 1 1 1 1 1 1 1 1 1 1 1 1 1 1 1 1 1 1 1 1 1 1 1 1 1 1 1 1 1 1 1 1 1 1 1 1 1 1 1 1 1 1 1 1 1 1 1 1 1 1 1 1 1 1 1 1 1 1 1 1 1 1 1 1 1 1 1 1 1 1 1 1 1 1 1 1 1 1 1 1 1 1 
1 1 1 1 1 1 1 1 1 1 1 1 1 1 1 1 1 1 1 1 1 1 1 1 1 1 1 1 1 1 1 1 1 1 1 1 1 1 1 1 1 1 1 1 1 1 1 1 1 1 1 1 1 1 1 1 1 1 1 1 1 1 1 1 1 1 1 1 1 1 1 1 1 1 1 1 1 1 1 1 1 1 1 1 1 1 1 1 1 1 1 1 1 1 1 1 1 1 1 1 

0 1.4461 0.996152 1.2763 0 2.04026 3.84397 3.55829 0 4.65887 1.08488 4.26905 0 4.07824 3.97171 0.862026 0 7.17094 1.53408 1.9141 0 6.75804 4.44664 4.50616 0 9.65529 1.82666 4.31196 0 9.97116 4.8002 1.77253 0 13.1268 1.56003 1.49139 0 12.8211 4.53467 3.59619 0 15.4471 1.84741 4.48614 0 15.7672 4.71884 1.4936 0 18.7612 1.71433 1.60171 0 18.2496 4.70622 4.20604 0 20.7571 1.4975 4.94484 0 20.9457 4.26572 1.55182 0 24.5289 1.89142 1.15155 0 23.5797 4.43325 4.16531 0 27.1333 1.03004 4.26133 0 26.1114 4.80086 1.65479 0 1.57285 6.85244 1.44669 0 1.44517 9.63453 4.02368 0 3.84876 6.87828 4.20285 0 3.37256 10.341 0.961265 0 6.47036 7.05162 1.49332 0 6.97587 10.7508 4.32718 0 8.85516 7.9704 4.10665 0 9.4537 9.83021 1.11416 0 12.2691 7.55297 1.12435 0 12.1099 9.92627 4.24514 0 14.8493 7.47957 4.09173 0 15.5018 9.82759 1.15647 0 18.4607 7.63615 1.63619 0 17.7524 9.81763 4.34919 0 20.9566 7.14683 4.22513 0 20.9752 10.0135 1.41967 0 23.4773 7.26161 1.75162 0 23.891 9.8128 4.32283 0 26.3012 7.10175 4.45272 0 26.6679 9.75284 1.61002 0 1.23073 13.061 1.09491 0 1.05426 15.7926 4.05833 0 3.8657 13.2673 4.05816 0 4.60024 15.1514 0.71692 0 6.64853 12.3137 0.890967 0 6.89192 14.8 3.40498 0 9.68799 12.6398 4.50416 0 9.68602 15.0193 0.809819 0 12.46 12.2375 1.59978 0 12.8654 15.2022 4.04057 0 15.6237 12.5943 4.35569 0 15.2173 14.8303 1.18286 0 18.3349 12.5258 1.63093 0 18.5189 15.2222 4.26093 0 20.8646 12.7092 4.75879 0 21.146 15.3078 2.02407 0 23.8594 12.7767 1.77784 0 23.7822 15.4576 4.71067 0 26.5719 12.5253 4.30605 0 26.1073 15.4612 1.32757 0 1.32476 18.4477 1.35293 0 1.32843 21.1826 4.00879 0 4.75377 17.9621 3.55652 0 4.12496 20.7727 1.1787 0 7.03719 18.2472 0.849411 0 7.63339 20.5815 3.89144 0 9.59531 17.3712 3.58184 0 9.83963 20.7887 0.848798 0 13.016 17.9239 1.23073 0 12.7352 20.7241 4.41337 0 15.455 18.1439 4.51344 0 15.3581 20.9676 1.5853 0 17.5511 17.7113 1.56172 0 18.0512 20.5127 4.15307 0 20.512 18.2404 4.31792 0 20.833 20.6091 1.2571 0 23.528 18.3694 1.80518 0 24.1055 21.5216 4.44903 0 26.6727 18.3793 4.0485 0 26.6742 21.3212 1.61369 0 1.31474 24.2842 0.995889 0 1.69101 26.1549 4.25833 0 4.6724 23.1561 3.90308 0 4.30747 26.2237 1.43287 0 7.32115 23.6917 1.40791 0 7.55923 26.484 4.24218 0 9.85052 23.4361 4.15864 0 10.195 26.7212 1.77126 0 12.7331 23.6408 1.78988 0 13.0311 26.7679 4.13006 0 15.2 23.4552 4.41116 0 15.8656 26.761 2.00051 0 18.4271 23.5514 1.71824 0 19.0195 26.5772 3.66608 0 20.9193 23.2064 3.90038 0 21.6501 27.4746 0.99628 0 23.0504 23.5847 1.1052 0 23.6568 25.7615 4.26039 0 26.9797 23.8353 4.13711 0 25.8842 26.2064 1.49417 
0 1.71693 0.80544 7.51844 0 1.20666 3.6085 9.95334 0 4.16234 0.680782 10.0326 0 3.81369 3.50009 6.76368 0 6.79461 1.46486 7.1289 0 6.57174 4.06425 9.89108 0 9.56028 1.37877 10.0063 0 9.5229 3.85387 7.11269 0 12.3144 1.07331 7.11643 0 12.8978 3.76821 9.5952 0 15.6026 0.857696 9.70546 0 15.5528 4.2772 6.8512 0 18.0271 1.48013 7.25569 0 18.6739 4.24838 9.78527 0 21.0156 1.41617 9.49184 0 21.0605 4.24445 7.12634 0 23.6585 1.08784 6.5281 0 24.1256 3.91285 9.73154 0 26.758 0.824277 9.60204 0 26.7846 3.62019 6.67038 0 1.222 6.40667 6.63151 0 0.980678 9.93033 10.3639 0 3.50897 6.99622 9.62877 0 4.57827 10.1616 6.92817 0 6.44955 7.182 7.71083 0 6.54003 10.1419 9.97402 0 9.61529 7.14111 9.76134 0 9.6008 9.97321 7.29604 0 12.2015 6.55936 7.33623 0 12.3196 9.04161 9.67419 0 15.6359 6.76624 9.6651 0 14.5522 9.92743 7.04806 0 18.2809 7.19916 6.80233 0 18.2018 9.61176 9.90278 0 21.2956 7.20119 10.0055 0 21.1113 9.92876 7.25812 0 23.6177 6.75374 7.0632 0 24.1418 9.97492 9.96032 0 26.3199 7.04355 9.43693 0 26.0677 9.65852 7.05594 0 1.21367 12.0467 7.01856 0 1.51349 15.7144 9.91443 0 3.69434 12.5913 9.62702 0 3.94641 15.1034 6.95016 0 6.88193 12.9493 7.4488 0 6.77975 15.4872 10.6628 0 9.38978 12.5269 10.1731 0 9.46473 15.4315 8.19929 0 12.132 12.6173 7.52896 0 12.3247 14.9951 10.3971 0 15.0092 12.1404 9.69481 0 15.1771 15.2015 6.87238 0 17.9835 12.0617 7.56327 0 18.099 15.0333 9.47841 0 21.2605 12.1465 9.74386 0 20.781 15.2045 7.21407 0 23.9447 12.3837 6.98184 0 24.0384 15.3256 9.43985 0 26.8304 12.8192 10.0215 0 26.8038 15.1452 6.77027 0 1.63957 17.7715 6.95579 0 0.990396 21.4108 10.7294 0 3.61474 18.5925 10.4484 0 3.80237 21.2882 6.92603 0 7.02457 17.9061 6.40309 0 6.69661 20.9856 9.79206 0 9.41167 18.4777 9.97903 0 9.62815 20.5997 7.39939 0 12.0559 18.0947 7.10665 0 13.008 20.9097 9.81726 0 15.0019 17.6578 9.79127 0 15.7291 20.8112 6.99768 0 17.9939 18.0303 7.5611 0 18.5849 20.7357 10.0262 0 21.0571 18.5145 9.45016 0 21.1757 21.2593 6.94237 0 24.4065 18.8334 7.26184 0 24.1945 21.0531 10.5703 0 26.6617 18.5824 10.5255 0 27.6072 20.6543 7.38884 0 1.6277 23.7287 7.06588 0 1.06348 26.4722 10.6726 0 3.80621 23.8461 10.0803 0 4.09479 26.0723 6.98666 0 7.16987 23.3568 6.79861 0 7.29929 26.0882 9.11972 0 9.90115 23.8101 9.66754 0 10.3601 26.1946 6.61402 0 12.6045 23.3505 7.10636 0 13.1442 26.3512 9.42699 0 15.5868 23.702 9.46292 0 16.2521 26.4687 6.67429 0 18.2966 23.3299 7.11283 0 18.5942 26.1578 9.76516 0 21.2336 23.1845 9.77014 0 21.088 25.4232 6.76321 0 24.3746 23.2349 7.43551 0 23.5346 26.4343 10.0426 0 26.2705 24.0767 10.6134 0 26.5354 26.1265 6.84646 
0 1.34123 0.987698 13.1672 0 0.835726 4.50356 15.21 0 4.14844 2.35988 15.0571 0 3.70829 4.4689 12.2611 0 7.00474 1.63577 12.5091 0 7.62252 4.59968 15.6017 0 10.1806 1.71437 15.3818 0 9.6639 4.12769 12.6263 0 12.4448 1.02136 12.0435 0 13.0321 3.97451 14.983 0 15.8864 1.69213 15.1806 0 15.7585 3.65511 11.9334 0 18.1659 1.28125 12.5155 0 18.4753 4.21455 14.6561 0 20.919 1.53542 15.2577 0 21.2646 3.72811 12.3979 0 23.846 1.01102 12.7521 0 23.5495 4.50886 15.2815 0 26.2192 1.80227 15.5085 0 26.7394 4.03849 12.5333 0 0.877414 7.05976 12.5498 0 1.09767 9.70018 15.8144 0 4.14755 7.29475 15.5376 0 4.06811 9.51829 12.4378 0 6.95842 6.92166 12.5995 0 6.95993 9.73192 15.4832 0 9.97221 7.11134 15.0469 0 9.27214 9.49974 12.3752 0 12.5866 6.11619 12.3155 0 12.3854 9.621 14.9423 0 15.7301 6.49094 14.925 0 15.0234 9.68927 12.3688 0 18.9394 7.36928 12.5268 0 18.0422 10.0721 15.3481 0 20.419 7.3154 15.6675 0 21.1259 9.86186 12.9472 0 24.0242 7.51637 12.3219 0 23.5826 10.3067 15.6644 0 26.163 7.14871 15.0889 0 26.2979 10.1112 13.2858 0 1.36125 12.8159 13.3147 0 1.44635 15.7187 16.0067 0 4.15224 12.6087 15.4901 0 3.78819 15.2505 12.9841 0 6.56383 12.3237 12.8632 0 6.62636 15.6215 15.1611 0 9.93567 12.596 15.0125 0 9.78544 15.548 12.7347 0 12.7169 12.2964 12.6126 0 12.6938 15.3144 15.2153 0 15.1742 12.5738 15.2414 0 15.3175 15.2091 12.4956 0 18.183 12.2196 12.2945 0 18.1474 15.2981 15.0613 0 20.9031 12.9199 15.4147 0 21.1408 15.0038 11.9138 0 24.2555 12.8822 12.6971 0 24.0404 15.2401 15.6115 0 26.5659 12.3408 16.0012 0 26.6723 15.8767 12.9535 0 1.99927 18.6796 13.7475 0 1.73834 21.2954 16.0092 0 4.95664 18.5502 15.8126 0 4.29846 21.4011 12.822 0 6.96505 18.7491 12.371 0 7.74851 21.5087 15.6348 0 9.65252 18.4286 15.0144 0 9.69086 21.4202 12.4025 0 12.2273 18.4751 12.4391 0 12.8948 20.8227 15.3845 0 15.1742 17.8676 15.2132 0 15.6711 20.7713 12.6339 0 18.357 18.001 12.7892 0 18.4522 20.8295 15.3565 0 21.2962 18.2458 15.462 0 21.2506 20.4742 12.6855 0 23.4877 17.3234 12.5496 0 23.7945 21.3984 15.6932 0 26.7894 18.2364 15.8701 0 26.8717 21.3103 13.8093 0 0.935727 24.2737 13.3949 0 1.74783 26.2266 15.8532 0 4.60357 23.8424 15.327 0 4.37087 26.6818 13.0046 0 7.31124 24.0338 12.3734 0 7.42211 26.2615 15.9263 0 10.3921 23.9908 15.4015 0 9.96605 26.5284 12.6684 0 13.0015 23.4199 12.5204 0 12.7801 26.6119 15.1959 0 15.223 24.1228 15.6544 0 15.609 26.0397 12.1777 0 18.2449 23.3374 12.2164 0 17.9648 26.6323 15.2703 0 20.9046 24.145 15.8058 0 21.0596 26.553 12.7623 0 23.8032 24.1806 13.2041 0 23.2264 26.5672 15.9649 0 26.366 24.0436 15.9514 0 26.1037 26.7298 13.5619 
0 1.23508 2.01461 18.077 0 1.73165 4.56851 20.6635 0 3.91676 1.66057 20.9082 0 4.53205 4.08126 18.0761 0 6.8141 1.41288 18.5432 0 7.18812 3.99031 21.0855 0 9.92764 1.38114 21.5201 0 9.96518 3.58273 18.6453 0 12.884 1.75772 17.9505 0 12.6285 4.35585 21.6021 0 15.2749 1.97509 20.7499 0 15.8463 4.57389 17.8436 0 18.5493 1.50099 17.885 0 18.1805 4.35408 21.1448 0 21.0173 1.68484 21.2805 0 20.6305 4.39148 17.4248 0 23.1103 1.3781 18.2931 0 23.3595 4.384 20.7175 0 26.523 2.2133 20.7078 0 26.3529 4.84777 17.9166 0 1.44446 7.09388 18.1356 0 1.49084 9.91984 21.4843 0 4.73992 6.90107 21.0751 0 4.30823 9.43168 18.5536 0 7.15103 6.59248 18.6222 0 7.37428 9.74494 20.584 0 10.0789 7.04029 20.5736 0 10.023 9.61146 17.7877 0 12.5704 7.18871 17.6605 0 12.534 9.75117 20.3905 0 15.3478 7.05825 20.838 0 14.918 9.95181 17.8894 0 17.7831 7.28297 17.9642 0 17.5026 10.0347 20.5681 0 20.7303 6.89442 20.4971 0 20.4696 9.76782 18.3887 0 23.3951 7.38205 17.9333 0 23.6385 10.234 21.0342 0 26.9572 6.76602 20.9081 0 26.5288 10.0412 18.6658 0 1.94717 12.5386 18.5442 0 1.89062 15.7812 21.076 0 4.74794 12.2421 21.1702 0 4.58585 15.6189 18.4144 0 6.64188 12.4882 18.0665 0 7.10164 15.3998 21.516 0 9.90644 12.6052 20.5275 0 9.17806 15.0504 18.0041 0 12.2134 12.7384 17.9356 0 12.4466 15.0992 20.8949 0 15.3489 12.6784 20.7736 0 15.4997 15.2141 17.8611 0 18.3946 12.8408 17.9306 0 17.8905 15.6495 20.7437 0 20.5036 12.8906 20.8376 0 21.2572 15.5508 17.9252 0 23.7666 13.0781 18.7558 0 23.8256 15.7882 20.8984 0 26.776 12.8487 20.9552 0 26.9214 15.7718 18.5798 0 1.47553 18.3162 18.2002 0 1.40708 21.1058 20.698 0 5.22377 18.5472 20.5147 0 5.01427 21.0809 18.191 0 7.83954 18.243 18.1772 0 8.13159 20.8137 21.6553 0 9.55556 17.7578 21.2184 0 10.3013 20.9376 18.1975 0 11.7233 17.6516 18.264 0 12.0998 21.046 21.047 0 14.8839 18.0749 20.0983 0 16.0699 20.9628 17.8745 0 17.9785 18.0375 17.4784 0 18.4684 20.3622 20.9427 0 21.0265 18.0063 20.6412 0 21.066 20.9556 17.8653 0 24.2455 18.3721 18.2501 0 24.0965 20.6511 20.7246 0 26.9619 18.2597 20.9135 0 26.6264 21.2702 18.3339 0 1.36191 23.8732 18.4455 0 0.828978 26.8134 20.7864 0 4.79373 23.7382 20.3687 0 4.17654 26.707 18.3625 0 7.95123 23.4164 18.8142 0 6.99106 26.4955 20.8571 0 10.0401 24.1129 21.647 0 10.0021 27.0688 18.2391 0 12.1723 24.2763 18.5678 0 13.155 26.7332 21.448 0 15.1415 23.6608 20.938 0 15.2487 27.149 18.0422 0 18.8588 23.7462 18.5598 0 17.5485 26.4405 20.7041 0 21.0945 22.7106 21.2561 0 20.9849 26.6277 19.1391 0 23.4674 23.6428 18.7022 0 23.551 27.1798 21.4414 0 26.1495 24.3281 20.6821 0 26.3455 27.1413 17.8959 
0 1.07987 2.12419 23.6438 0 0.720664 4.40107 26.5449 0 3.96918 1.16756 26.6265 0 3.89988 4.41755 24.0714 0 6.19829 1.46164 23.869 0 6.93045 4.52184 26.7314 0 10.0606 2.10588 27.499 0 9.39756 4.10315 23.8796 0 13.27 1.46839 24.1343 0 12.7243 4.4986 27.258 0 16.0911 1.73323 27.2234 0 15.9718 4.65266 23.7412 0 17.5984 1.3893 23.7032 0 18.5098 4.53512 26.1736 0 20.7237 1.66349 26.4822 0 20.7244 4.28869 23.5673 0 23.7633 1.54775 24.3112 0 23.4985 4.68026 26.0899 0 27.0872 0.896297 26.348 0 26.1487 4.42842 23.7292 0 1.05259 6.67515 24.0696 0 1.01819 9.2855 26.4852 0 3.95726 6.86385 26.62 0 4.16738 9.71888 23.6665 0 7.43962 7.07879 23.5365 0 6.74573 9.56409 26.6679 0 9.50672 7.03597 26.6279 0 10.0973 9.48242 23.6071 0 13.1291 7.30834 23.4467 0 12.3917 9.73989 26.3105 0 15.3746 7.00554 26.8688 0 15.1832 10.2158 23.6603 0 18.1205 7.52616 23.4376 0 18.2155 10.0605 26.5629 0 21.0675 7.52767 26.5638 0 20.6317 10.115 23.381 0 23.4699 7.20844 23.2458 0 23.3581 10.3891 25.605 0 25.7469 7.41947 26.7207 0 26.5897 9.81616 23.7422 0 1.10409 12.4937 24.0414 0 0.801095 15.2655 26.382 0 3.99436 12.4385 26.2113 0 3.94312 15.4291 24.1508 0 7.91289 12.4076 23.5914 0 7.30518 15.5627 26.0382 0 10.1765 12.5268 26.1063 0 10.193 15.373 23.4929 0 12.4426 12.4257 23.3128 0 12.8424 15.3597 25.9923 0 15.2892 12.3381 26.589 0 15.0118 14.9845 23.3003 0 17.9391 12.5195 23.639 0 17.5461 15.2214 26.1866 0 21.1984 13.3921 27.0225 0 21.0129 15.9076 23.6823 0 23.5271 13.2498 23.5051 0 23.7291 16.3872 26.8647 0 26.211 13.0199 26.194 0 26.3203 15.8667 23.364 0 1.46896 18.5143 23.6489 0 1.7737 21.3389 26.2931 0 4.42914 18.162 26.4382 0 4.33038 21.2107 23.1292 0 6.84488 18.3524 24.0101 0 7.1995 20.9354 26.3113 0 10.0574 17.8955 26.3729 0 10.368 21.0797 24.2853 0 12.7797 17.8507 23.1713 0 13.0589 20.591 26.5127 0 15.6106 18.2958 26.3193 0 15.3142 20.43 23.7165 0 18.0742 17.8289 23.4223 0 18.0842 20.7609 27.0505 0 20.138 17.4917 26.639 0 20.4166 20.4102 24.0903 0 23.7226 18.4243 23.7567 0 23.4438 20.4639 26.7899 0 26.8696 18.5211 26.4211 0 27.3114 21.1621 23.5395 0 1.51751 23.8126 23.6112 0 1.36934 26.3041 26.3122 0 4.15077 24.2155 26.1043 0 3.68421 26.92 23.5355 0 7.23299 23.893 24.1889 0 7.15036 26.6385 27.1936 0 10.0936 23.9723 26.4593 0 10.3465 27.334 24.5547 0 12.7518 24.0987 24.157 0 13.0499 26.5017 26.8035 0 15.7619 23.4864 26.0872 0 15.7572 26.32 24.0903 0 18.136 22.8031 23.6004 0 18.8348 26.5027 27.1062 0 20.4827 23.4949 26.1874 0 20.023 26.2631 23.5807 0 23.783 23.1946 23.6792 0 24.0743 26.2988 26.0736 0 26.5484 23.5506 26.0701 0 26.8247 26.3535 23.4504 

-0.229245 1.67473 1.81086 -0.135586 1.73579 -0.960036 -2.13893 -1.84558 -0.590368 -0.0509161 1.67631 -0.737673 -0.143645 -1.19185 2.59705 -2.378 3.51082 1.70296 -0.638604 0.232587 3.21274 1.09889 0.625923 -1.97918 0.631648 0.140852 -1.96534 0.474887 -0.260162 1.27041 1.92774 0.723435 1.56238 0.275307 2.12981 0.520134 1.04706 -0.371034 0.180993 -0.469223 -1.52662 1.72844 -0.738427 -0.792485 1.02765 -2.31984 0.0313962 -1.21366 -0.653118 0.705464 -2.01995 0.374331 -0.125268 -0.162869 -1.60908 1.67216 0.68395 0.375846 -0.535284 -2.1604 1.25026 -1.21083 1.54234 1.56919 -0.355443 2.11276 -1.05586 -0.528608 -0.677133 -1.6545 1.54687 -1.19702 1.11737 2.76198 -1.18655 1.14685 -0.543838 -1.35232 1.67623 -1.53787 0.998285 1.56279 0.150609 1.2089 -1.27009 -1.31743 0.298516 0.544687 -1.55798 0.157802 -2.1067 -0.440788 0.180781 0.174508 -0.335433 -1.95149 -0.423667 -1.7283 2.21202 -1.32982 1.4682 1.49837 -0.887231 0.553491 0.0649878 0.921963 0.787604 -0.490597 1.1987 0.59874 -1.2424 2.18245 1.44907 -1.22671 -0.134299 -1.13592 0.958136 1.08521 -0.254634 -0.997829 -0.176133 -0.893762 2.13939 0.254151 1.10206 0.0847466 -0.000125556 1.38771 0.71392 -0.225111 -0.654785 2.51304 0.600014 1.37292 1.60509 1.36115 0.797182 0.681824 -0.668627 0.395811 -0.0575419 -0.466042 -2.43195 -0.325542 0.695738 -1.1984 -0.824767 -1.21173 -1.29396 -0.214239 1.19675 -0.300101 2.72951 -0.336406 -0.653839 -0.439596 -1.3859 0.740218 -1.44795 -1.0579 1.48959 1.08895 0.554878 1.11839 0.851651 -0.209795 -0.0250933 -0.995671 -1.09687 -0.975647 -0.0931657 -0.411066 -0.585887 -3.79816 0.307171 0.413595 0.662794 0.00681391 0.92902 -0.481863 1.01837 -0.335101 -2.73919 1.45609 -1.0314 0.68465 0.325014 0.607013 -1.9219 0.0800901 -0.781002 -2.04693 0.60555 -1.51385 -1.49001 0.881774 0.138888 1.74029 0.748554 0.890502 2.525 0.45409 -0.326778 0.559868 0.236184 -1.27619 -0.633104 0.410362 0.55882 0.731058 0.738376 -0.769506 0.458055 0.424628 -1.37574 -0.356304 -1.90557 0.232058 2.52295 0.519716 -0.0496834 2.54149 0.995696 -2.47642 -1.91017 1.00311 -2.78571 1.8452 -3.06099 0.686385 0.394068 0.596569 -1.31513 0.612469 1.82431 0.454351 -1.28757 1.23607 -0.140554 -0.615089 0.924057 0.395461 -0.941661 -0.276882 2.33663 -0.899461 -1.72551 -0.255016 1.02303 0.653671 0.0634204 0.635004 0.362088 -1.35098 -0.14042 3.10115 1.00182 0.140416 -2.13808 2.61336 -0.519061 -0.349829 -1.18045 2.50474 0.726975 -0.689324 0.37022 -2.40509 -0.536991 -2.12389 -0.316865 -0.130051 1.13415 0.204405 -0.318048 -0.164498 0.593102 -1.30189 1.19765 -1.43692 0.165408 0.260872 3.13036 1.56235 -1.8151 -0.00319765 0.162857 -1.98789 -2.51488 -1.62982 0.10158 1.1368 -1.94477 2.3555 0.666675 1.23512 -0.111072 -0.0296528 2.15457 0.297843 
0.667918 -3.50596 0.00390644 0.990226 -1.30773 -1.95559 -0.651096 -1.72185 2.88854 -1.18101 0.173382 1.31622 -0.0536909 1.26736 -0.586022 -0.568068 1.1857 -1.12296 0.233801 0.88003 -0.0401705 0.459405 0.516287 -1.2302 0.362388 -3.53043 -0.245413 -0.460874 -2.0562 -2.15657 -0.902666 0.342685 1.25151 -0.683191 1.37787 -1.72751 -0.873738 2.01534 -1.45533 0.344465 0.0678697 -1.34845 -1.27642 -0.921551 0.43251 1.43546 -0.19703 -0.0108023 -0.962159 1.59716 -1.07513 0.693198 1.0474 -0.857898 -1.46515 0.236707 1.37028 0.125252 -0.946739 -1.68437 -1.69485 1.049 0.59265 0.38081 -0.66094 -0.529048 1.88907 0.435221 -0.873584 -0.63809 0.878519 -0.894502 -0.182428 -2.96945 -0.572068 -0.580002 -0.714965 0.568343 0.91852 0.226118 2.30922 0.674938 0.0908962 0.810663 -0.170779 -0.152843 2.33233 1.19317 0.412194 -1.42924 -0.69659 0.799103 0.864625 -0.89425 0.287766 -0.31334 1.29622 0.559635 -1.15535 -0.390868 0.759234 -0.150339 -1.52361 -2.01973 1.65432 1.12338 1.28387 -0.190144 -1.57265 0.17372 -1.11787 -0.360573 -1.38939 1.01252 -0.578638 -3.17651 -2.06458 -0.752328 0.275283 -0.0883739 -1.41111 2.77111 0.514478 1.99058 0.447443 -0.381334 1.79464 0.921105 0.535653 1.45206 -2.69401 1.29634 0.792819 -1.88087 -1.71824 0.122991 -0.40932 -2.23531 1.30646 2.50779 0.685443 -0.823936 -1.27316 0.515092 0.831814 -1.64212 0.82824 0.528229 -1.27066 -0.695241 -2.27539 -0.845389 -1.81732 -1.60356 0.694173 0.420118 0.12446 0.301497 1.61807 -0.979824 0.977047 2.1731 0.70381 0.278858 1.10264 -2.25099 0.740866 -0.184607 0.965795 -0.562228 -0.384216 -1.53064 1.04962 0.584085 3.28846 0.598909 1.13087 -0.44507 1.72803 0.322273 -2.82131 1.72389 -1.05966 1.96689 -0.634525 1.18044 -1.14293 2.29409 2.07277 -0.286062 -0.218401 1.69183 -1.98425 1.30441 -0.954504 0.0399268 0.644679 -0.0674904 -0.385219 0.715283 1.51138 0.610756 1.85687 1.47851 1.32578 -2.32921 1.6345 -0.263947 -1.43157 0.607508 0.469333 0.386039 1.08272 0.0969624 0.286259 0.0988026 -0.595152 1.56883 -2.34284 -1.33264 1.14341 0.0729864 0.404016 0.617922 0.129341 -3.10524 0.599901 -0.428302 1.17227 1.13893 -0.303394 1.0155 -0.301726 0.119357 0.999197 0.184904 -0.700365 0.62617 -2.16978 -1.46956 -0.800584 0.459961 3.5976 2.18215 0.262948 1.11006 0.835013 0.297589 0.38715 0.905726 -0.313787 -0.407226 0.448324 1.88964 -0.0180537 1.88019 1.84106 -1.04849 -0.310056 0.826523 -0.672117 -0.288137 1.23381 -1.3769 -1.34545 1.12411 -1.4757 1.9665 -1.85308 -1.68841 -1.36863 0.0921345 1.63014 0.478223 0.748817 0.905727 1.39081 -1.26256 -0.157713 0.0713613 1.63768 0.926498 0.387917 1.77986 -0.195322 -0.642367 1.06415 2.39977 1.38926 -0.598761 1.93336 -0.959377 -0.894279 0.396912 1.49787 0.134127 -1.10113 -0.57658 1.20425 0.263841 
0.285177 2.5419 -0.655572 -0.058451 -1.35327 -0.379154 1.65727 1.18045 -0.0321529 -0.841146 2.84289 0.0124791 -0.999838 -0.829929 -1.83174 1.34036 -0.599573 -1.43564 -0.568782 -0.971648 -1.15681 0.167115 0.718211 0.53795 1.71967 -2.69235 -1.36885 -1.2094 -0.298645 -0.174701 -0.329783 0.760535 2.41653 -0.452829 0.0479108 -2.20819 -0.332271 3.32834 -1.50043 0.0168671 1.69676 -0.850938 -1.32288 -1.02325 0.724171 -0.674789 1.54284 0.670436 -1.37097 1.15947 0.569458 -0.651703 -1.81604 -0.163689 2.79629 -1.70101 -0.45845 1.28042 -0.0471515 1.97912 1.80153 -0.684865 -1.58384 -1.68463 -0.154741 0.917787 2.06683 -2.19845 -0.426726 -0.140617 -1.29486 1.84553 2.30544 -0.950818 0.700109 1.93562 -0.856435 1.03115 0.615592 1.11017 -0.367834 0.0652231 -1.84805 2.30035 -1.09414 -0.212706 -1.10077 -0.395826 -0.85073 -1.03341 0.01066 -2.13013 -0.399562 -1.74857 1.47977 -2.36487 -1.92078 -0.260015 -3.11359 -1.38167 -1.47616 -0.0777646 1.46298 -0.894984 1.57864 -0.0987175 1.25688 0.0873723 -1.29817 -0.403077 -0.916953 1.55585 1.24337 -0.287581 -1.72364 2.40999 -0.382048 -0.0941274 -1.18486 -0.348823 0.208399 0.779542 -3.61612 0.892406 0.215126 -0.448301 0.613903 -0.227352 -1.82434 0.369094 0.363423 0.466767 0.514878 -0.233299 0.314438 1.49384 0.490101 -2.36507 -0.432794 -0.141985 -0.0651477 0.689973 -0.38877 1.42177 0.58681 -0.594697 1.02416 -1.36792 1.8123 1.42546 1.93432 0.62138 -2.41481 0.391909 -0.438241 0.0366464 1.11615 -1.1827 0.486268 -1.29505 -0.714958 -0.601037 -0.532263 1.45727 -0.721464 0.686978 0.869738 3.91509 -0.851135 -1.72052 1.60469 0.976069 -0.186373 0.656578 -1.01085 0.934068 -0.955445 -0.666933 0.655588 -0.278402 -0.592608 0.645275 0.617528 -1.214 -0.397597 0.199716 -0.0325167 -0.824161 0.782744 3.17855 -0.151539 -0.356361 1.24978 -1.15466 -2.00207 -1.04003 -1.52464 -0.427568 0.595451 0.59411 -0.309671 -0.0855267 -0.628772 -1.4564 1.51874 -1.94326 0.0224108 0.0760167 2.70311 1.45976 2.20236 -1.06533 -1.78264 -1.80272 0.176338 -0.388457 -1.03512 -0.427209 -0.648915 1.89806 0.684796 0.695969 0.366755 1.36418 0.306512 -0.891775 3.44954 -0.446033 0.329791 0.684635 0.23361 0.123491 -1.71577 -2.24058 -1.10083 0.273892 2.48111 -1.58892 -2.37685 0.256798 0.0451054 -0.933813 2.66291 -0.108363 -0.702933 0.341294 -0.960021 1.9321 0.492613 0.170523 -0.452948 -0.297127 -2.17413 0.240499 0.540704 0.617514 1.93988 -1.31687 -2.24803 -1.81023 0.905649 -0.162092 -1.04069 -1.68946 1.46704 -1.57709 -0.604604 -2.48211 -0.267168 -3.01859 -1.80802 -1.89184 -1.48939 -0.334073 -2.15025 -0.504538 -1.72832 -0.413293 2.02366 0.270815 0.733096 -0.252378 1.96369 0.844365 0.448435 -3.12055 -0.0721718 -1.78318 -0.717651 -0.0828067 2.2727 1.19108 -0.0495906 0.229631 -2.03573 1.04962 -0.710538 1.93979 -0.993941 -1.07702 
1.00326 0.443333 2.50161 -2.35661 -0.722379 -0.191635 -0.932552 1.67091 -0.804042 0.358254 0.330969 1.17121 -0.300124 1.1113 -0.317886 0.390178 0.70071 -1.30405 -2.17893 -0.617032 0.667466 0.389817 -1.41396 -1.3743 -1.36197 -2.32193 -0.278322 3.73822 1.17239 1.66372 -0.897058 1.20465 -0.249553 -0.513503 0.647368 -1.98241 0.0367581 -1.12318 -0.822716 0.0099023 -0.510172 3.45835 0.307541 1.70202 -1.37608 2.55881 1.47447 0.0479525 -0.030974 1.4695 1.1923 0.38776 -2.65946 -1.37264 -1.11065 -0.984365 0.435498 -1.12345 2.12149 -0.158652 -0.395435 0.269771 -0.693129 -1.50635 0.973374 -0.220155 2.04491 0.177446 1.31787 -0.198783 0.0605291 -0.504731 -2.66712 0.261115 -1.20118 -1.5091 -0.968329 0.500912 1.68209 1.37415 2.60483 -0.000777973 -0.38706 -0.0319841 -1.00435 -2.67299 -0.743863 -0.361936 -1.12842 1.00136 -1.0399 0.04553 -0.899328 0.235672 3.00742 -2.28704 1.60606 -0.558909 -0.464607 1.06261 2.53681 0.619146 -1.36126 2.09009 2.45033 -2.15356 1.62399 -2.83106 -1.2844 1.14217 -0.250867 1.3472 0.448511 2.51707 -1.6293 -0.537189 -0.578484 0.425153 0.977203 0.0627583 -0.677283 -0.41601 -1.47611 -0.952271 0.343042 0.689473 1.13873 -2.09671 -0.492263 1.51534 1.07406 1.11186 0.57868 1.17515 -0.960682 1.15896 -0.112929 -1.73282 0.79538 0.160428 -0.749191 -2.36284 0.953659 2.80219 -2.3154 -0.464535 1.04826 -0.462243 0.96253 1.98136 -1.45634 0.152482 1.02915 -0.0776774 1.19346 -1.29016 -0.0490748 -0.157792 -1.00395 1.59294 -0.635092 -1.04235 1.41045 1.53536 -1.33885 -0.392136 0.397202 -0.530365 -0.20507 0.724222 -0.50021 -0.305575 -1.47362 -1.03996 0.368949 1.2915 2.93035 0.853409 2.22019 -0.832363 1.39486 0.448461 0.321431 0.26739 1.22495 1.43554 -0.51072 -1.29858 -2.6045 1.66015 -0.463319 3.48002 0.718893 -0.650699 2.17711 -0.914183 3.12455 0.450508 -1.68529 -1.93202 0.400108 -0.225576 -1.6803 -2.07506 3.9065 0.0370336 0.785752 -0.053028 -0.814658 0.944873 0.312229 1.73098 0.922134 -0.721936 -2.53592 0.117961 -0.436752 -0.865442 -0.510627 -0.233912 0.196091 1.60522 -1.12684 -0.993223 0.950542 1.40885 -0.714364 0.836968 0.650459 0.0484216 -1.26878 0.652789 -0.984979 -0.713855 0.207548 1.36155 -1.83533 -1.87391 -0.971287 0.325044 -1.40727 1.22706 1.81632 -0.123221 -1.1949 -0.16153 0.122383 -1.10013 -1.16936 0.647193 -0.365214 1.41457 0.360402 -1.92168 -0.520605 1.31104 1.55846 -1.98087 0.00936489 -2.47468 -1.62358 -0.408631 0.467313 1.87181 0.511755 -0.293935 0.61694 1.89205 -0.970568 -0.93508 0.439072 -0.718758 -0.543965 -0.0675027 0.755453 -1.53131 -0.233913 -0.29425 -1.75592 0.820558 0.509164 -1.0955 -1.4876 0.574068 -0.671695 -1.08341 -0.388941 0.904856 -0.276727 -1.89259 1.38397 0.91804 -2.34819 -0.346913 -3.23884 -0.372473 -0.432617 1.39227 -2.86198 -1.2838 
-0.610871 0.00136113 1.04077 -0.337272 -0.957244 -0.768053 -1.38633 -1.22162 -0.989072 0.224871 -0.508369 1.25154 1.92369 0.681981 2.0935 -1.71782 2.27478 0.819738 -1.28909 1.0243 0.531696 -1.39756 1.01746 0.337498 -1.32397 -0.22045 -2.93373 1.10197 -0.0539708 -0.166967 -0.32165 -0.454928 -0.268702 -1.00654 1.52505 -1.09081 -0.116082 -1.6204 -0.292784 -0.70717 -1.31597 -0.876862 0.814693 1.27821 0.642476 -0.644218 1.22294 2.2788 1.03061 -2.21533 3.18624 -1.19469 0.50226 1.91889 -0.917664 -2.26325 0.637003 1.47045 -1.25103 -2.68021 3.01455 0.528472 -2.58716 2.65888 0.623595 1.17812 2.15654 1.40888 0.99545 -1.87267 -0.665024 -1.86984 0.774082 -2.79232 -1.22115 -0.676424 -1.0489 -1.10161 -1.52009 2.14864 2.15606 1.57024 -1.30251 -1.79339 0.520222 0.927215 -1.23083 0.195165 -1.93059 -2.24767 0.0805936 1.67815 -0.865947 0.823386 0.421281 1.63655 3.00476 0.881434 -0.549056 0.510016 1.04993 2.5811 -1.05991 0.775617 -0.587336 -0.934472 0.655895 0.733179 -0.483114 -0.508833 -2.18782 1.23181 0.520197 0.746407 1.7828 1.24577 -0.663814 -1.13449 -1.42555 2.36632 1.03595 -1.19863 -0.22325 -1.45301 0.0337774 -0.242933 -0.29126 0.475587 1.67798 0.914259 2.92793 1.71162 0.515334 -0.349195 0.566724 0.847778 -0.268624 2.34441 -1.64994 -0.96143 -0.996498 -1.19847 1.78515 -1.99727 -3.21225 -0.972053 -0.0895692 -1.78708 -1.03383 2.48456 -0.522447 -0.0219674 1.31746 -0.803408 -0.705843 -1.26942 1.06618 1.32606 0.374077 1.93679 -1.25874 -0.368848 0.335557 -2.81615 1.04922 -2.10303 -0.806426 -0.0694761 -1.75325 1.37817 -1.85198 -3.49706 -1.30802 -1.18375 0.513535 -0.0242999 0.630951 1.95607 -1.52157 -0.351875 0.071289 -0.866926 -0.9634 0.436299 0.361924 -0.0328464 -0.0731228 0.930339 1.24938 0.848062 1.45174 1.11663 -0.181139 -1.91219 -1.96335 0.372297 0.753001 -0.0762631 -1.16763 0.746127 1.70271 -0.186137 0.920125 0.510691 -2.19704 0.752077 -2.49284 -1.16236 0.918272 -0.260288 0.14944 -2.76037 0.81813 -0.465119 -1.09083 0.819936 -0.219994 0.919947 -0.945804 1.60912 0.0139517 1.42376 2.42891 -1.09361 -0.917046 0.159217 -0.42349 -2.69058 -1.48356 0.718181 -4.13618 1.47357 0.495349 -0.00154935 0.0461397 -0.251514 -2.40463 -0.254351 2.13551 0.724129 1.84223 -1.26433 -2.37475 2.23104 -0.174156 2.83528 1.80098 -1.09745 1.29393 0.381006 0.253661 0.0809679 0.869128 0.0208336 -1.56423 -1.37141 0.0153187 1.67711 -0.427528 -0.21354 1.72049 -1.05235 3.57545 -0.125593 0.872353 -0.750339 1.03482 -1.46438 0.131255 -2.15642 1.40998 0.223454 1.54007 1.01679 -1.0153 -0.981395 -0.695032 -0.0916665 -1.20952 -1.70211 -0.205491 0.100372 0.824975 -1.78066 -0.077425 1.5968 0.731531 1.10537 -0.401741 0.136564 -0.974422 1.58105 1.04736 2.29838 -1.65644 -1.03821 -1.51348 -0.31137 -0.798365 0.226236 
