1372 1.00001
38.4315 38.4315 38.4315 
19.1345 19.1345 19.1345 
1 1 1 1 1 1 1 1 1 1 1 1 1 1 1 1 1 1 1 1 1 1 1 1 1 1 1 1 1 1 1 1 1 1 1 1 1 1 1 1 1 1 1 1 1 1 1 1 1 1 1 1 1 1 1 1 1 1 1 1 1 1 1 1 1 1 1 1 1 1 1 1 1 1 1 1 1 1 1 1 1 1 1 1 1 1 1 1 1 1 1 1 1 1 1 1 1 1 1 1 
1 1 1 1 1 1 1 1 1 1 1 1 1 1 1 1 1 1 1 1 1 1 1 1 1 1 1 1 1 1 1 1 1 1 1 1 1 1 1 1 1 1 1 1 1 1 1 1 1 1 1 1 1 1 1 1 1 1 1 1 1 1 1 1 1 1 1 1 1 1 1 1 1 1 1 1 1 1 1 1 1 1 1 1 1 1 1 1 1 1 1 1 1 1 1 1 1 1 1 1 
1 1 1 1 1 1 1 1 1 1 1 1 1 1 1 1 1 1 1 1 1 1 1 1 1 1 1 1 1 1 1 1 1 1 1 1 1 1 1 1 1 1 1 1 1 1 1 1 1 1 1 1 1 1 1 1 1 1 1 1 1 1 1 1 1 1 1 1 1 1 1 1 1 1 1 1 1 1 1 1 1 1 1 1 1 1 1 1 1 1 1 1 1 1 1 1 1 1 1 1 
1 1 1 1 1 1 1 1 1 1 1 1 1 1 1 1 1 1 1 1 1 1 1 1 1 1 1 1 1 1 1 1 1 1 1 1 1 1 1 1 1 1 1 1 1 1 1 1 1 1 1 1 1 1 1 1 1 1 1 1 1 1 1 1 1 1 1 1 1 1 1 1 1 1 1 1 1 1 1 1 1 1 1 1 1 1 1 1 1 1 1 1 1 1 1 1 1 1 1 1 
1 1 1 1 1 1 1 1 1 1 1 1 1 1 1 1 1 1 1 1 1 1 1 1 1 1 1 1 1 1 1 1 1 1 1 1 1 1 1 1 1 1 1 1 1 1 1 1 1 1 1 1 1 1 1 1 1 1 1 1 1 1 1 1 1 1 1 1 1 1 1 1 1 1 1 1 1 1 1 1 1 1 1 1 1 1 1 1 1 1 1 1 1 1 1 1 1 1 1 1 
1 1 1 1 1 1 1 1 1 1 1 1 1 1 1 1 1 1 1 1 1 1 1 1 1 1 1 1 1 1 1 1 1 1 1 1 1 1 1 1 1 1 1 1 1 1 1 1 1 1 1 1 1 1 1 1 1 1 1 1 1 1 1 1 1 1 1 1 1 1 1 1 1 1 1 1 1 1 1 1 1 1 1 1 1 1 1 1 1 1 1 1 1 1 1 1 1 1 1 1 
1 1 1 1 1 1 1 1 1 1 1 1 1 1 1 1 1 1 1 1 1 1 1 1 1 1 1 1 1 1 1 1 1 1 1 1 1 1 1 1 1 1 1 1 1 1 1 1 1 1 1 1 1 1 1 1 1 1 1 1 1 1 1 1 1 1 1 1 1 1 1 1 1 1 1 1 1 1 1 1 1 1 1 1 1 1 1 1 1 1 1 1 1 1 1 1 1 1 1 1 
1 1 1 1 1 1 1 1 1 1 1 1 1 1 1 1 1 1 1 1 1 1 1 1 1 1 1 1 1 1 1 1 1 1 1 1 1 1 1 1 1 1 1 1 1 1 1 1 1 1 1 1 1 1 1 1 1 1 1 1 1 1 1 1 1 1 1 1 1 1 1 1 1 1 1 1 1 1 1 1 1 1 1 1 1 1 1 1 1 1 1 1 1 1 1 1 1 1 1 1 
1 1 1 1 1 1 1 1 1 1 1 1 1 1 1 1 1 1 1 1 1 1 1 1 1 1 1 1 1 1 1 1 1 1 1 1 1 1 1 1 1 1 1 1 1 1 1 1 1 1 1 1 1 1 1 1 1 1 1 1 1 1 1 1 1 1 1 1 1 1 1 1 1 1 1 1 1 1 1 1 1 1 1 1 1 1 1 1 1 1 1 1 1 1 1 1 1 1 1 1 
1 1 1 1 1 1 1 1 1 1 1 1 1 1 1 1 1 1 1 1 1 1 1 1 1 1 1 1 1 1 1 1 1 1 1 1 1 1 1 1 1 1 1 1 1 1 1 1 1 1 1 1 1 1 1 1 1 1 1 1 1 1 1 1 1 1 1 1 1 1 1 1 1 1 1 1 1 1 1 1 1 1 1 1 1 1 1 1 1 1 1 1 1 1 1 1 1 1 1 1 
1 1 1 1 1 1 1 1 1 1 1 1 1 1 1 1 1 1 1 1 1 1 1 1 1 1 1 1 1 1 1 1 1 1 1 1 1 1 1 1 1 1 1 1 1 1 1 1 1 1 1 1 1 1 1 1 1 1 1 1 1 1 1 1 1 1 1 1 1 1 1 1 1 1 1 1 1 1 1 1 1 1 1 1 1 1 1 1 1 1 1 1 1 1 1 1 1 1 1 1 
1 1 1 1 1 1 1 1 1 1 1 1 1 1 1 1 1 1 1 1 1 1 1 1 1 1 1 1 1 1 1 1 1 1 1 1 1 1 1 1 1 1 1 1 1 1 1 1 1 1 1 1 1 1 1 1 1 1 1 1 1 1 1 1 1 1 1 1 1 1 1 1 1 1 1 1 1 1 1 1 1 1 1 1 1 1 1 1 1 1 1 1 1 1 1 1 1 1 1 1 
1 1 1 1 1 1 1 1 1 1 1 1 1 1 1 1 1 1 1 1 1 1 1 1 1 1 1 1 1 1 1 1 1 1 1 1 1 1 1 1 1 1 1 1 1 1 1 1 1 1 1 1 1 1 1 1 1 1 1 1 1 1 1 1 1 1 1 1 1 1 1 1 1 1 1 1 1 1 1 1 1 1 1 1 1 1 1 1 1 1 1 1 1 1 1 1 1 1 1 1 
1 1 1 1 1 1 1 1 1 1 1 1 1 1 1 1 1 1 1 1 1 1 1 1 1 1 1 1 1 1 1 1 1 1 1 1 1 1 1 1 1 1 1 1 1 1 1 1 1 1 1 1 1 1 1 1 1 1 1 1 1 1 1 1 1 1 1 1 1 1 1 1 
0 0.670161 1.54691 1.39957 0 1.42671 3.81568 4.12878 0 4.33404 1.28488 3.99934 0 4.04075 4.06545 1.10823 0 6.90212 1.03759 1.46892 0 6.71223 3.7746 3.78911 0 9.54553 0.895849 3.90808 0 9.88685 3.69325 1.32861 0 12.0419 0.79993 1.46024 0 12.2972 3.90442 4.08481 0 15.0657 1.07935 4.41918 0 14.9907 3.54226 1.32707 0 17.6317 0.684761 1.02709 0 17.8283 3.26638 3.86705 0 20.3997 0.766864 3.63659 0 20.3402 3.36371 1.14153 0 22.9296 1.18991 1.14554 0 23.2772 3.95309 3.74503 0 25.7331 1.5499 3.52936 0 25.9363 4.02536 1.0313 0 28.9459 1.4329 1.37183 0 27.8826 4.46452 4.17064 0 31.3386 1.6407 3.98983 0 31.6239 3.99203 0.987384 0 34.4974 1.29464 0.993042 0 33.7527 4.18772 4.14926 0 37.3273 1.22554 4.47542 0 36.833 4.43979 2.07261 0 1.05729 6.42027 1.14082 0 1.6666 9.486 4.388 0 3.84741 6.38155 4.07735 0 4.37113 9.34146 1.7576 0 6.94644 6.28232 1.54086 0 6.97336 9.22766 4.13474 0 9.613 6.14292 4.27371 0 9.68075 9.26923 1.31458 0 12.5647 6.40638 1.59162 0 12.1501 9.50538 3.66116 0 15.7623 6.7252 4.10173 0 15.2207 9.82607 1.52462 0 18.0456 6.36146 1.48582 0 18.1147 9.81083 3.95863 0 20.3432 6.34365 4.22261 0 19.932 9.35792 0.961703 0 22.9879 6.9177 0.889692 0 22.3922 9.69207 3.77523 0 25.183 7.33455 3.55155 0 25.3052 9.50782 0.818747 0 28.3766 7.10559 0.952483 0 28.2759 9.52119 3.83147 0 31.2805 7.14039 4.23934 0 31.5355 8.87568 1.02685 0 34.5228 6.80474 0.83398 0 34.4038 9.02127 3.8935 0 37.7294 7.05887 4.13184 0 37.2648 9.48106 1.56443 0 1.5596 12.4737 1.27003 0 1.77386 15.3387 4.17237 0 4.0979 12.282 3.68834 0 4.41759 15.0783 1.17082 0 7.06863 11.7292 1.35296 0 7.00735 14.9128 3.84621 0 9.57278 11.999 4.01731 0 9.47862 14.9216 1.44096 0 11.9143 12.2172 1.38501 0 12.5185 15.0177 4.4318 0 14.6811 12.2836 3.88329 0 15.0888 15.3757 1.66869 0 17.454 12.6679 1.31068 0 17.5216 15.2827 3.8127 0 20.1528 12.8585 3.74764 0 20.1551 15.7119 1.42099 0 22.89 12.2261 0.963376 0 23.0753 15.2842 3.62584 0 25.4465 12.0104 3.3739 0 25.9057 14.4625 0.986827 0 29.2419 11.8456 1.19146 0 28.5931 14.4036 4.33991 0 31.4076 12.0219 4.45813 0 31.7273 14.7224 1.62242 0 34.1834 11.9101 1.89074 0 33.9739 15.0473 4.53645 0 37.2276 12.3851 4.351 0 37.1119 14.6066 0.945828 0 2.06492 17.8201 1.6612 0 1.61233 20.2073 4.47615 0 4.49247 17.6296 4.20429 0 4.34686 20.7898 1.56729 0 7.294 17.9202 1.34744 0 7.08412 20.6334 4.07912 0 9.84879 17.8799 4.1954 0 9.76089 20.646 0.976102 0 12.048 17.9362 1.30716 0 11.7247 21.0013 4.23057 0 14.4297 18.3478 3.98186 0 14.3032 21.0089 1.08245 0 17.3714 18.3323 1.30802 0 17.355 21.1092 3.82054 0 20.3434 17.6873 4.36704 0 20.4748 20.7361 1.61675 
0 23.2332 17.6753 1.14889 0 23.4637 20.2246 4.14626 0 25.8055 17.3703 4.15597 0 25.694 20.4088 0.900103 0 28.5179 17.1073 1.68677 0 28.3375 20.4438 3.28568 0 31.1403 17.4903 4.14168 0 31.4696 20.2488 1.7301 0 34.159 17.5668 1.70028 0 34.4354 20.6524 4.13705 0 36.8869 18.0732 4.40746 0 37.1533 20.541 1.33115 0 1.70445 23.2694 1.86539 0 1.57916 26.3334 3.72655 0 4.32919 23.4327 4.37913 0 4.75711 26.0707 1.3982 0 7.52302 23.8578 1.27541 0 6.79781 25.8715 4.37301 0 9.54127 23.5598 3.93798 0 9.48098 26.4323 1.27061 0 11.9355 23.5088 1.05397 0 12.2644 26.1986 3.66271 0 14.7393 23.4911 4.34083 0 14.7809 26.0982 0.93796 0 17.4646 23.5329 1.38362 0 17.6035 25.5821 4.521 0 20.5142 23.4137 4.12106 0 20.855 25.7655 1.39295 0 23.385 23.0497 1.48792 0 23.7062 25.7291 3.95424 0 26.2229 23.5356 3.98928 0 26.4011 26.643 1.20204 0 28.3137 23.1771 1.11209 0 28.9277 26.6364 4.21762 0 30.8014 23.0823 3.84994 0 31.2609 25.8934 1.40892 0 33.7693 23.3195 1.38877 0 34.3603 26.0621 3.72527 0 37.1513 23.1169 3.80991 0 37.1175 25.9648 1.52653 0 1.5862 28.2956 0.926354 0 0.866153 31.6821 4.13368 0 4.10692 28.9643 4.05952 0 3.85336 31.954 1.56562 0 6.84512 29.0123 1.04622 0 6.29886 31.919 4.08638 0 8.82829 29.2334 3.87381 0 9.60859 31.3239 1.29327 0 12.1455 28.9851 1.33281 0 12.1059 31.5745 4.07083 0 15.1391 28.5285 3.73902 0 14.7692 31.279 1.50402 0 18.0385 28.3636 1.4332 0 17.9591 31.2453 3.7623 0 20.7388 28.7076 4.30229 0 20.6302 31.1761 1.34603 0 23.3266 28.3741 1.66034 0 23.084 31.2621 4.18131 0 25.8634 28.5984 4.4302 0 25.8118 31.2284 1.35454 0 29.3039 28.7578 1.66766 0 29.0837 31.0731 4.47366 0 31.9828 28.732 4.09692 0 31.5379 31.2475 1.74007 0 34.5009 28.8559 1.64585 0 35.0219 31.4503 4.15362 0 37.2485 28.6044 4.1242 0 37.3808 31.0158 1.04034 0 1.00965 33.8157 1.33547 0 1.64716 37.5746 4.00877 0 3.91749 34.4029 4.51127 0 4.27537 36.3855 1.37825 0 6.79962 34.2341 1.22369 0 6.95969 37.0405 3.9743 0 9.37791 34.1641 4.02798 0 9.54116 36.7453 1.13401 0 12.1374 34.2553 1.13558 0 12.3583 36.4053 4.09386 0 15.3185 33.9682 3.99774 0 15.0226 36.6201 1.4258 0 17.5043 34.154 1.14509 0 17.8002 36.5089 3.84184 0 20.4208 33.9401 4.23768 0 20.4213 36.4996 1.26588 0 23.2778 33.7919 1.2858 0 23.1325 36.6923 3.59463 0 26.1224 34.3022 4.50948 0 25.9949 36.9277 0.828802 0 28.8213 34.1553 1.61434 0 28.5775 37.0071 3.60191 0 31.4891 33.9564 4.3258 0 31.8831 36.8283 1.33001 0 34.473 33.9466 1.79207 0 34.0358 37.3719 4.36056 0 36.6103 34.7398 4.55205 0 36.7179 36.8256 1.41147 0 1.59533 1.24079 7.07534 0 1.08017 4.17243 9.92032 0 4.20506 1.99093 9.37654 0 4.1986 4.04165 6.43018 
0 7.02217 1.45264 6.72987 0 7.59495 3.80472 9.74065 0 9.5641 0.788918 9.25218 0 10.0816 3.75221 6.99653 0 12.2418 1.03445 6.83792 0 12.3396 3.71785 9.9007 0 14.9912 0.949008 9.37518 0 15.3281 4.36496 6.52174 0 18.1005 0.828892 6.6383 0 18.0248 3.62414 9.21717 0 20.7332 1.07062 9.59853 0 20.6856 3.63741 6.55676 0 23.1762 0.809644 6.164 0 23.0363 4.15361 9.92015 0 25.7994 1.59245 9.43804 0 25.3286 3.93834 6.75345 0 28.1557 1.55665 6.72088 0 28.0345 4.25872 9.90066 0 31.0348 1.27707 9.46315 0 31.0394 4.43084 6.92259 0 33.5956 1.28899 6.63805 0 33.8618 4.04772 9.92302 0 36.496 1.7258 9.71572 0 37.2822 3.94255 6.8848 0 1.44698 6.93083 7.01616 0 2.23875 9.68285 9.32673 0 4.6622 6.28111 9.68784 0 4.64217 9.24024 6.87435 0 6.8259 6.17986 6.71084 0 7.15087 9.46356 9.52838 0 9.90903 6.8225 9.70876 0 9.74273 9.45619 6.60749 0 12.1615 6.70599 6.96418 0 12.3193 9.47356 9.43778 0 15.0751 6.27475 9.75879 0 14.8991 8.91643 6.63099 0 18.1386 6.44913 7.1202 0 17.8106 9.17201 9.66115 0 20.3034 6.93381 9.9426 0 20.0958 9.4265 7.06324 0 22.6731 7.12811 6.67335 0 22.7841 10.0516 9.47374 0 25.6123 7.54885 9.0384 0 25.2679 9.75017 6.11187 0 28.3314 6.96152 6.84215 0 28.8239 9.24633 9.58014 0 31.2373 6.82456 9.62417 0 31.4931 9.56387 6.84461 0 34.5208 6.64413 6.78483 0 34.4958 9.62101 9.48079 0 37.2807 6.76336 9.596 0 37.388 9.58694 6.78344 0 1.6976 12.5217 6.7849 0 1.56821 14.7327 9.56303 0 4.49079 12.2525 9.64577 0 4.57621 14.6999 6.56736 0 7.40565 12.3269 6.96042 0 6.95509 14.6407 9.54521 0 9.79021 12.2623 9.44912 0 9.65631 15.174 6.81702 0 12.5692 12.0708 6.73861 0 12.4889 14.9447 8.93453 0 14.9907 12.1514 9.27496 0 15.315 15.4842 6.67937 0 17.2541 12.2255 6.47685 0 17.764 15.2141 9.14405 0 19.6476 12.3232 9.57819 0 20.1469 14.7814 6.89087 0 22.7841 12.1881 6.48665 0 22.831 14.5794 9.57244 0 26.0079 12.1057 9.58934 0 25.5744 14.9916 6.97062 0 28.5223 11.6078 6.83507 0 28.3278 14.9851 9.33899 0 31.2695 12.3285 9.19745 0 30.9401 15.0489 6.82788 0 34.5988 12.1503 6.33496 0 34.0806 14.247 9.06274 0 37.5385 12.0812 9.09095 0 37.0021 15.0729 7.00303 0 1.92615 17.4935 6.93306 0 1.05494 20.4232 9.57623 0 4.36826 17.4817 9.47287 0 4.09348 20.3555 6.84719 0 6.8168 17.9512 6.95414 0 6.30992 20.5905 9.80575 0 9.56186 17.2834 9.52013 0 9.43414 20.1556 6.85974 0 12.1125 17.8378 6.74637 0 12.1623 20.6604 9.65288 0 14.83 17.8563 9.17579 0 14.4949 20.7298 6.44216 0 17.2476 18.2596 6.2951 0 17.4135 20.9897 9.53603 0 20.624 17.6426 9.33339 0 20.4586 20.9452 6.48899 0 23.3784 17.8111 6.93836 0 23.1243 20.4447 9.49704 0 25.9733 17.8221 9.35545 0 25.7083 20.3647 6.55768 
0 28.3675 17.3788 6.6193 0 28.4893 20.717 9.05352 0 31.2379 17.9894 9.17346 0 31.0612 20.3172 6.33963 0 34.3366 17.6857 7.04909 0 34.1149 20.4959 9.10338 0 37.1038 17.8384 9.28244 0 37.1467 20.5523 6.75186 0 1.20513 23.4425 6.407 0 1.2213 26.3653 9.25408 0 3.73758 23.2109 9.34379 0 3.69367 25.8822 6.72173 0 7.25209 22.9553 6.82059 0 6.49223 25.8966 9.57276 0 9.10836 23.0747 10.0201 0 9.51979 26.4069 7.07 0 11.8725 23.4394 7.00542 0 12.1379 26.6334 9.46412 0 14.6969 23.9188 9.66001 0 14.9403 26.6291 6.81892 0 17.6491 23.009 6.7473 0 17.4915 25.9235 9.31818 0 20.2679 23.5033 9.5133 0 20.3481 25.9991 6.76396 0 23.2559 23.3121 6.87195 0 23.1349 25.779 9.53997 0 25.9322 23.1674 9.50637 0 26.1864 26.117 7.22154 0 28.4041 23.4354 6.92366 0 28.9253 26.0293 9.66566 0 31.7605 23.2057 9.05414 0 31.3182 26.0461 6.70967 0 33.7785 23.4756 5.97407 0 34.4723 25.7796 8.86908 0 36.9167 23.1972 9.38895 0 36.9628 25.8264 6.40532 0 1.6317 28.771 6.80118 0 1.27001 31.6199 9.46831 0 4.04586 28.9527 9.5481 0 3.87844 31.5074 6.6448 0 6.56506 28.6825 6.60128 0 6.58171 31.8993 9.57689 0 8.93408 29.1181 9.41405 0 9.32377 31.5605 6.26407 0 12.1135 28.5741 6.41739 0 12.1196 31.3441 9.13252 0 14.9613 28.9451 9.13346 0 14.8709 31.6427 6.79149 0 18.0187 28.6957 6.88768 0 17.9414 31.2801 9.73047 0 21.0486 28.724 9.52005 0 20.6695 31.2018 6.91327 0 23.3844 28.5864 6.91631 0 23.6386 31.6424 9.74785 0 25.7209 28.7338 10.1116 0 25.6958 31.4507 6.90744 0 28.8343 29.0499 7.40006 0 28.2181 31.4031 9.97762 0 31.6105 28.7818 10.0594 0 31.6495 31.3272 7.48798 0 34.5965 29.1159 6.51347 0 34.2735 31.6597 9.84993 0 36.8077 28.832 9.01291 0 36.7441 31.9817 7.24829 0 1.28493 34.4925 7.14141 0 1.43485 37.5293 9.80087 0 3.61013 34.8865 9.88486 0 4.38348 37.2972 6.83582 0 6.9052 34.2306 7.04804 0 6.58228 37.0915 9.62172 0 9.58339 34.5306 9.13087 0 9.6265 36.9387 6.48811 0 12.3098 34.0297 6.84742 0 12.5569 36.9251 9.21774 0 15.1971 33.8932 9.30837 0 15.0002 36.8369 6.56582 0 18.0534 34.0486 6.86241 0 17.8545 36.5697 9.38271 0 20.9095 34.0499 9.414 0 20.7718 36.9318 6.57147 0 23.2581 34.3601 6.79423 0 23.4727 36.8117 9.67997 0 26.2173 34.1806 9.08723 0 25.7277 36.8737 6.94503 0 28.8812 33.8578 6.84865 0 28.7958 36.9428 9.70524 0 31.1756 34.3878 9.55727 0 31.1538 36.7957 6.21404 0 33.8871 34.3056 7.14403 0 33.912 37.6161 9.45951 0 37.1342 34.3739 9.84285 0 37.2359 37.0012 7.69598 0 0.682376 1.75839 12.5125 0 1.07826 4.43285 15.3061 0 3.47144 1.53309 15.5766 0 4.12154 4.03195 12.5452 0 6.99761 1.25811 12.1818 0 6.88793 3.95575 15.0959 0 10.3485 0.76875 15.2495 0 9.8654 3.72349 12.7341 
0 12.8597 0.979305 12.3903 0 12.8037 3.98078 14.5734 0 15.5384 1.04238 14.9075 0 15.7746 3.83943 12.1401 0 17.769 0.812296 11.8946 0 17.8592 3.78098 15.1053 0 20.3893 1.25991 15.2663 0 20.283 4.0518 12.5554 0 23.0004 0.894175 12.231 0 23.0912 3.73574 14.9411 0 25.9119 1.22359 14.9823 0 25.6644 4.32254 12.3309 0 28.5598 1.57048 12.4997 0 28.7183 4.42083 15.2676 0 31.1523 1.61714 15.2869 0 31.0519 4.0622 12.0422 0 33.7798 1.78951 12.6798 0 34.262 4.35323 15.3181 0 36.7336 1.48792 15.08 0 36.5521 4.65662 12.646 0 1.21118 7.11518 12.3461 0 0.921162 9.51504 15.1783 0 3.67036 7.10758 15.0166 0 4.15825 9.7171 12.332 0 6.6837 6.61546 12.611 0 6.33297 10.348 14.9954 0 10.1359 6.71352 15.4838 0 9.0977 9.48809 12.4557 0 12.288 6.62106 12.4346 0 12.5666 9.30384 15.3939 0 15.1657 6.89126 15.3292 0 15.1732 9.35947 12.1917 0 17.682 6.8205 12.9872 0 17.9692 9.61446 15.3923 0 20.6005 6.64635 15.2794 0 20.0222 9.66876 12.1201 0 22.9266 6.84187 12.2755 0 22.8021 9.87131 15.2371 0 25.6277 6.5872 15.1726 0 25.6689 9.18132 12.1606 0 28.7272 6.96891 12.5149 0 28.6792 9.53626 15.0604 0 31.4792 6.74311 15.3218 0 31.4889 9.91302 12.2527 0 34.1241 7.2484 12.4739 0 34.125 9.65477 15.1173 0 36.3774 7.1562 15.5512 0 37.1176 9.34818 12.019 0 1.39538 12.2543 11.9966 0 0.994331 14.7999 14.4822 0 3.37249 12.2213 15.0522 0 4.12334 14.8173 12.1481 0 6.97324 12.3962 12.1054 0 7.02157 15.073 14.8177 0 9.2281 12.0534 15.3132 0 10.1791 15.0481 12.1641 0 12.2651 12.0832 12.2925 0 12.8925 14.9482 14.8436 0 15.1603 12.2232 14.7831 0 15.1621 15.1251 11.8583 0 17.5326 12.4376 12.5793 0 17.7316 15.6005 14.8948 0 20.4451 12.4534 15.1082 0 20.1674 15.6158 12.1865 0 23.2638 12.0441 12.3806 0 23.2125 14.9239 14.6582 0 25.8498 12.7835 15.0744 0 26.1501 15.1446 12.0478 0 28.4357 11.9837 12.2585 0 28.6617 15.5178 14.4192 0 31.0474 12.4381 14.9796 0 31.6581 14.7495 11.7901 0 34.2055 12.3166 12.1859 0 34.0142 15.1525 14.9105 0 36.6839 12.0769 14.5294 0 36.9589 14.9316 11.8409 0 1.00405 17.536 11.8021 0 1.04919 20.3906 14.6332 0 4.12964 17.1785 14.8827 0 3.74793 20.3015 11.901 0 6.78205 17.4674 12.1822 0 6.30376 20.0821 14.5368 0 9.86787 17.3339 15.0603 0 9.36242 20.2456 12.4533 0 12.3869 18.0613 12.2077 0 12.228 20.8578 15.4353 0 15.1116 18.2589 15.2363 0 14.7122 21.2828 11.9879 0 17.4134 18.3731 11.8644 0 17.7751 20.5718 14.8987 0 20.2157 18.0729 15.0296 0 20.0983 21.1504 12.2502 0 23.1485 18.0793 12.6002 0 22.9434 20.871 14.6993 0 26.0423 17.7836 14.6878 0 26.0198 20.5321 11.8376 0 28.9165 18.1328 11.7398 0 28.6062 20.5015 14.9013 0 31.3653 18.0953 14.5705 0 31.2997 20.5479 11.7162 
0 34.1851 17.5114 11.6161 0 34.0931 20.4759 14.4718 0 37.0729 17.6929 14.9207 0 36.5668 20.3401 11.836 0 1.21041 22.9216 12.1482 0 0.645439 25.7799 14.2591 0 3.82942 22.8992 14.7909 0 3.94572 25.9914 12.2661 0 7.00691 23.4145 12.7984 0 7.10228 26.6682 14.644 0 9.71833 23.4849 14.7031 0 9.41871 26.3994 11.7489 0 12.1502 23.7228 12.3699 0 11.9188 26.6335 14.5922 0 15.0464 23.5622 14.9043 0 14.9856 26.5839 11.9814 0 17.4586 23.5128 12.1918 0 17.8786 26.212 14.8085 0 20.6186 23.5508 15.1254 0 20.5355 26.2387 12.2599 0 22.8919 23.4735 12.0178 0 23.4286 26.0719 14.8713 0 26.5711 23.397 14.3881 0 25.8177 25.667 11.885 0 28.8928 22.8933 11.7156 0 28.7262 26.3054 15.1337 0 31.3023 23.2008 14.6702 0 31.2582 25.8041 12.5708 0 34.0844 23.4502 11.7841 0 34.0229 25.7896 14.7577 0 36.6599 23.1854 14.6819 0 36.6824 26.0071 11.787 0 1.46764 28.5721 11.8667 0 0.721625 31.7854 15.0033 0 3.75269 28.9332 14.6025 0 3.48195 31.3675 12.0291 0 6.57121 29.1176 12.2468 0 6.7377 31.5586 14.7391 0 9.79686 29.5599 15.0033 0 9.33186 31.8951 11.9033 0 12.445 29.3488 12.1289 0 12.7184 31.7768 15.0965 0 15.0173 29.0574 14.6763 0 15.0937 31.6052 11.9822 0 18.0461 28.6579 12.1922 0 17.9341 31.3549 14.7057 0 20.6701 28.9857 14.9329 0 20.783 31.4542 12.3288 0 23.2891 28.7495 12.5137 0 22.9852 31.5755 15.2012 0 25.8806 28.8595 15.3023 0 25.8765 31.4046 12.5414 0 28.3778 28.6671 12.6033 0 28.5883 31.3454 15.0594 0 31.3295 28.5546 15.2079 0 31.3334 31.4898 12.1466 0 34.2005 28.9192 12.2678 0 33.9189 31.806 14.9698 0 36.9683 28.8248 14.9942 0 36.8977 31.6118 12.1317 0 1.43074 34.4055 12.6175 0 1.15913 37.2304 14.936 0 3.99608 34.4155 15.308 0 3.93532 37.6176 12.8726 0 6.18333 34.3013 12.6291 0 7.14573 36.6301 14.7516 0 9.84702 34.5231 14.5344 0 9.10699 36.7028 11.8987 0 12.2226 33.8946 11.5332 0 12.7742 36.6372 14.6226 0 15.5418 33.8195 15.0232 0 15.241 36.2933 11.8583 0 18.0945 33.9496 12.0736 0 17.9357 36.8957 14.6386 0 20.3328 34.0725 14.9993 0 20.6506 36.6277 12.0605 0 23.431 34.0559 12.2648 0 23.3905 36.7657 14.9614 0 25.8541 33.7809 15.1163 0 26.0623 36.5132 12.3094 0 28.9179 34.2376 12.582 0 28.9277 37.143 14.9205 0 31.6389 34.4668 15.168 0 31.7292 37.3562 12.3589 0 34.1065 34.5205 11.7768 0 33.6322 37.762 15.4802 0 36.6064 34.4022 15.2086 0 36.6323 37.4734 12.2446 0 0.894082 1.42289 17.7945 0 1.40336 4.5439 20.7047 0 3.91118 1.38467 19.645 0 3.77644 4.73644 17.6904 0 7.03756 0.849602 17.2523 0 7.00275 3.97734 20.0092 0 9.97212 1.35724 20.5074 0 9.82008 3.60018 17.5386 0 13.0229 1.44478 17.8505 0 12.1884 4.01485 20.3756 0 15.245 1.26225 21.0848 0 15.0878 4.43501 18.3526 
0 17.3573 1.49658 18.1992 0 17.4972 3.96801 20.9746 0 20.5955 1.39655 20.8082 0 20.3438 3.68999 17.9858 0 23.2474 1.38504 17.9461 0 23.0966 3.86412 21.0951 0 25.6288 1.32625 20.8322 0 25.7797 4.11385 18.0523 0 28.3907 1.49084 17.9143 0 28.308 4.84171 21.2706 0 31.2324 1.51092 20.529 0 31.066 4.48331 18.2373 0 34.1073 2.01962 17.7422 0 33.6706 4.14861 20.9373 0 36.7319 1.78484 20.8164 0 36.7957 4.46261 18.2066 0 1.14941 6.92685 18.0555 0 1.07771 10.1924 20.4933 0 3.89823 7.49617 20.789 0 3.66538 9.92757 17.7345 0 6.71127 7.449 17.3968 0 7.09106 9.76512 20.8995 0 9.32043 6.70466 20.2453 0 9.78439 9.59031 18.1284 0 12.5104 7.274 18.2744 0 12.7572 9.54132 21.0687 0 15.4335 6.88155 20.8753 0 15.4494 10.1301 17.5229 0 18.0012 6.91587 18.171 0 17.9482 9.91455 20.2532 0 20.7853 6.64102 20.5099 0 20.6238 9.18786 17.6944 0 23.2717 6.64572 17.8785 0 23.2738 9.89555 20.6768 0 25.3122 6.94612 20.8399 0 25.8759 9.83366 17.4682 0 28.5197 6.79995 18.1101 0 28.8491 9.59376 20.8388 0 31.4078 6.91613 20.6754 0 31.0281 9.47432 17.723 0 34.0273 7.27182 18.1175 0 33.9824 9.88555 20.5636 0 37.3359 7.08759 20.9352 0 36.8529 9.85926 18.1492 0 1.05355 12.5761 17.4716 0 0.929377 14.8394 20.7012 0 3.8279 12.4819 20.2626 0 3.75875 15.0234 17.3945 0 7.07879 12.6519 18.1415 0 6.82207 15.1596 20.5269 0 9.73635 11.8467 20.7643 0 9.80198 14.8597 17.8598 0 12.9749 12.5159 17.7685 0 12.1791 14.8027 20.8151 0 15.0786 12.757 20.6065 0 14.9313 15.3578 17.939 0 17.7545 12.9976 18.2054 0 17.5894 15.312 20.7502 0 20.4167 12.3592 19.9636 0 20.7912 15.2943 17.2176 0 23.2791 12.2816 17.6212 0 23.5876 15.0863 20.6185 0 26.3404 12.4427 20.4114 0 26.1449 15.0236 17.7951 0 28.6103 12.4639 17.6521 0 28.6576 15.319 20.1992 0 31.3077 12.256 20.6264 0 31.1011 15.143 17.2186 0 34.0665 12.4795 17.2349 0 34.2269 14.982 19.8206 0 36.8159 12.3712 20.7277 0 36.6006 15.1923 17.3818 0 1.24474 17.8634 17.3608 0 1.25025 19.9592 20.5501 0 3.78046 17.606 20.2789 0 3.93041 20.1026 17.3183 0 6.54257 17.7692 17.3973 0 6.269 20.1636 20.1209 0 8.94464 17.9667 20.3639 0 9.55479 20.2853 17.628 0 12.1321 17.5381 18.2614 0 12.2628 20.3893 20.8639 0 14.6622 17.8367 20.5375 0 15.1944 20.6299 17.8397 0 17.6978 17.5884 17.6454 0 18.0565 20.6601 20.4214 0 20.5358 18.0273 20.3987 0 20.4932 20.4896 17.405 0 23.1755 17.3883 17.5795 0 23.2951 20.5138 20.1359 0 25.7184 18.0794 20.5561 0 25.5857 20.6555 17.3944 0 28.3532 18.3351 17.6632 0 28.6939 20.7125 20.4152 0 31.3919 17.7051 20.3211 0 31.314 20.813 17.5629 0 33.7832 17.9527 17.6068 0 34.0645 20.6701 20.493 0 36.3315 17.8441 20.0459 0 36.7195 20.5287 17.2803 
0 0.948873 22.9227 17.4491 0 1.29009 25.5852 19.9321 0 4.12396 22.8725 19.7424 0 4.18857 26.049 16.8531 0 6.87393 23.2746 17.0616 0 6.68413 25.8088 20.301 0 9.39293 22.8954 20.2776 0 10.0719 26.3845 17.7687 0 12.4221 23.002 17.9333 0 12.1965 26.0702 20.47 0 15.1877 22.9772 20.9502 0 15.2769 26.4687 17.5024 0 18.0361 23.4104 17.7574 0 17.2173 26.062 20.3119 0 20.258 23.3306 20.4596 0 20.1875 26.1381 17.9385 0 23.2772 23.2273 17.8135 0 23.1159 26.1549 20.1906 0 25.9107 23.2218 20.7304 0 25.9391 26.0468 17.522 0 29.0224 23.3895 17.3387 0 28.5052 25.9016 20.1946 0 31.4816 23.2689 20.1901 0 31.5387 25.6261 17.4757 0 34.3232 23.3848 17.6782 0 34.1036 25.6045 20.8791 0 36.8518 22.5476 20.6612 0 36.7174 26.0532 17.4645 0 1.13218 28.4709 17.2213 0 0.93106 30.5566 20.6412 0 3.77917 28.1951 20.5725 0 4.04948 30.6215 17.8619 0 7.3339 29.0019 17.4742 0 7.06842 31.6145 20.084 0 9.39889 28.5148 20.709 0 10.2514 32.0607 18.0068 0 12.5768 28.8785 17.7383 0 12.3933 31.1858 20.7764 0 14.9117 28.8092 20.4345 0 15.2133 31.7512 17.8431 0 17.7686 28.9466 17.9571 0 17.7442 31.344 20.7166 0 20.2261 28.718 20.3536 0 20.3676 31.8238 17.9716 0 23.2871 29.092 17.7976 0 23.2986 31.9843 20.6449 0 26.0812 28.8388 20.2934 0 25.779 31.4747 17.9538 0 28.9667 28.9914 17.8767 0 28.6124 31.7054 20.3144 0 31.5378 28.3143 20.3465 0 31.066 31.8553 17.7911 0 34.0571 28.3412 17.3205 0 34.211 30.7387 20.7122 0 36.8066 28.28 19.9274 0 36.6889 31.4353 17.5667 0 1.23299 33.7879 17.9047 0 0.904383 37.3245 19.9272 0 4.15246 33.3166 20.716 0 3.9443 36.5028 18.0629 0 6.78296 34.0104 17.6292 0 6.78881 35.8726 20.5917 0 10.0234 34.0509 20.7678 0 10.0462 36.6847 17.9012 0 12.8907 34.6226 17.6824 0 12.5625 37.0861 20.4972 0 15.1365 34.0374 20.4697 0 15.6394 37.0404 17.5339 0 17.798 34.2975 17.8172 0 17.6028 36.8855 20.462 0 20.0161 34.3847 20.5829 0 20.4764 36.7832 17.6407 0 23.2399 34.1483 17.573 0 22.8555 36.9965 20.4651 0 26.066 34.2127 20.6655 0 25.8284 37.0967 17.94 0 28.3599 34.4733 17.9842 0 28.7862 37.7105 20.5941 0 31.1527 34.4856 20.7248 0 31.1331 37.0109 17.814 0 33.9973 34.4272 17.9468 0 34.8025 37.3331 20.1918 0 36.9047 33.5938 20.0955 0 36.8869 36.9678 17.4032 0 1.3788 1.51486 23.6203 0 1.65976 3.98229 26.5149 0 4.23852 1.1539 25.7228 0 4.20321 4.28622 23.2318 0 6.51237 1.16519 22.492 0 6.87557 4.22114 25.7439 0 9.18325 1.46789 25.441 0 9.32439 3.88302 22.9665 0 12.2716 1.6335 23.1259 0 11.9466 4.36355 26.0078 0 14.8757 1.08604 26.0491 0 14.8317 4.09534 23.4659 0 17.6296 0.832597 23.6564 0 17.633 3.90885 26.3486 0 20.3647 0.973232 26.4597 0 20.2587 3.69929 24.1142 
0 23.064 0.852141 23.5208 0 23.4171 3.89394 26.5877 0 25.6979 1.09307 26.3828 0 25.5253 3.99803 23.6583 0 28.6452 1.85976 23.8335 0 28.7629 4.25825 26.4448 0 31.4818 1.4851 26.2354 0 31.3553 4.24 23.9297 0 34.4331 2.03381 23.9357 0 34.1632 4.42547 26.4528 0 36.9953 2.17625 26.4567 0 36.8321 4.54051 23.5256 0 1.41125 7.33599 23.3152 0 1.53607 9.66335 25.8168 0 4.06334 6.70706 25.9253 0 4.58557 9.46923 23.6624 0 7.21163 7.13141 23.6394 0 6.96379 9.75964 26.3622 0 9.74184 7.27887 26.2729 0 9.65246 9.63489 23.4493 0 11.7087 6.37039 22.9044 0 12.561 9.76977 26.4119 0 14.4838 7.00539 25.5841 0 15.6193 9.71056 23.3009 0 18.0672 6.71939 23.5617 0 17.7827 9.89572 26.225 0 20.218 6.23408 26.7033 0 20.1886 10.3149 23.0852 0 22.6977 6.5692 23.8085 0 22.8657 9.05894 26.2727 0 26.0348 6.6911 25.9086 0 25.8265 9.75549 23.2532 0 29.0482 7.18435 23.681 0 28.9971 9.56488 26.0908 0 31.4944 6.90654 26.621 0 31.49 10.5639 23.4152 0 34.0935 7.20603 23.0719 0 34.1244 9.38798 26.1592 0 36.9586 6.74578 25.8866 0 36.9184 9.82809 23.5086 0 1.35213 12.1848 23.3687 0 1.16687 15.6812 26.3352 0 4.20836 12.202 26.1037 0 3.67881 14.7897 23.262 0 6.80231 12.6812 23.1274 0 6.74075 14.714 26.4965 0 9.68121 11.904 26.3665 0 9.66107 14.5873 23.6084 0 12.6745 12.1823 23.4829 0 12.1214 14.8131 26.0376 0 15.199 12.3878 26.5088 0 14.8154 15.0678 23.3515 0 17.4507 12.5894 23.6374 0 17.9422 15.0596 26.1616 0 20.6796 12.5457 25.8946 0 20.6189 15.3273 23 0 23.1871 12.4459 23.3092 0 23.6159 14.7393 25.9774 0 25.5803 11.8424 25.9371 0 25.7249 15.2769 23.2232 0 28.4477 12.524 23.3009 0 28.8598 14.9362 26.1564 0 31.867 12.5919 26.3203 0 31.72 15.1672 23.2694 0 34.3604 12.6709 23.3714 0 33.9066 15.5382 26.1092 0 36.8567 12.648 26.3149 0 36.8425 15.0155 23.5265 0 0.85684 17.4785 23.0604 0 1.8611 20.3912 26.3912 0 3.97197 17.4454 25.9346 0 3.84183 20.2961 23.3282 0 6.68472 17.2116 23.4504 0 6.7457 20.3079 25.7536 0 9.30252 17.3621 26.2767 0 9.3327 20.2559 23.0256 0 12.1139 17.6681 23.3319 0 12.1148 20.3344 25.8098 0 14.7931 17.3909 25.9762 0 14.9984 20.3634 23.7166 0 17.9776 17.9431 23.5707 0 18.2396 20.7957 26.001 0 20.5846 17.8697 25.8044 0 20.739 20.651 23.0939 0 23.0432 18.0246 23.2446 0 23.5276 20.5355 25.9465 0 26.0215 17.7699 26.1188 0 25.95 20.7338 23.2744 0 28.5856 17.5816 22.8613 0 28.4877 20.4598 25.9199 0 31.3032 18.3149 26.2074 0 31.102 20.0554 23.1706 0 34.1893 18.309 23.0395 0 33.8434 20.5391 25.8392 0 36.9957 18.0105 26.3455 0 37.0269 20.7758 23.5566 0 1.58159 23.2896 23.0092 0 0.816936 25.697 25.9095 0 4.32762 23.3906 26.1142 0 4.11531 26.0296 23.6631 
0 6.12711 22.9322 23.0938 0 6.80774 25.8417 26.121 0 8.956 23.1867 25.6428 0 9.16204 25.55 23.0643 0 12.1011 23.2512 23.4142 0 12.1067 26.2537 25.7091 0 15.4755 23.2141 25.9864 0 15.0572 26.1054 23.2925 0 17.921 23.4236 23.6113 0 18.2133 25.8712 26.3286 0 20.917 23.3758 25.7785 0 20.9013 26.0041 23.4371 0 23.3302 23.5927 23.1993 0 23.649 26.1672 25.8967 0 26.5933 23.8603 25.3574 0 25.7238 26.2632 22.7767 0 28.9836 23.0749 22.926 0 28.833 26.4068 25.7 0 31.2148 23.4075 25.8458 0 31.2638 26.0936 23.0773 0 33.9436 23.3043 23.4845 0 33.9792 25.9347 25.811 0 36.5562 23.3346 26.1555 0 37.3448 25.4298 22.8413 0 0.840518 28.2226 23.2439 0 1.27918 31.274 26.7243 0 3.13083 28.2988 26.1645 0 3.80378 31.3411 23.4962 0 6.87976 28.5195 23.1589 0 6.98047 30.9425 26.027 0 9.54585 28.6192 26.0219 0 9.35237 31.551 23.0585 0 12.0625 28.501 23.1539 0 12.3541 31.6191 25.9656 0 15.0692 28.5228 26.2892 0 15.2128 31.8652 23.6029 0 17.4764 28.8212 23.3494 0 17.8107 31.6858 25.6335 0 20.6986 28.8046 25.9881 0 20.7315 31.3801 23.0237 0 22.8519 28.7884 22.7555 0 23.4535 31.5326 25.731 0 25.8192 28.9575 25.3411 0 25.6264 31.5735 23.0686 0 28.9419 28.7478 22.7445 0 28.88 31.4071 25.4216 0 31.861 28.7314 25.3631 0 31.3897 31.677 22.7179 0 34.51 28.4231 23.2091 0 33.9918 32.0335 25.8417 0 36.8963 28.4504 26.0297 0 37.3263 31.2443 23.821 0 0.843416 34.3799 22.8553 0 0.787584 37.1784 25.902 0 3.76683 33.8982 25.8374 0 3.8266 36.9142 23.1536 0 6.85398 33.9969 23.7721 0 6.85622 36.7802 25.9477 0 9.77759 33.8769 26.0356 0 9.06632 37.0649 23.26 0 12.4889 34.2885 23.2545 0 11.7635 36.9206 25.5453 0 15.1093 34.5322 26.0906 0 14.733 37.037 23.2181 0 17.8325 34.5222 23.1494 0 17.7373 36.8035 26.3702 0 20.5712 34.0655 25.9736 0 20.5575 37.2028 23.6261 0 23.2103 34.9416 23.5749 0 23.2212 36.9711 26.3833 0 26.2058 34.4676 25.9087 0 26.0451 37.2852 23.6447 0 28.6082 34.2956 23.1822 0 28.7076 37.1023 26.3574 0 31.6151 34.4958 25.6841 0 31.9246 37.1398 22.7205 0 34.3261 33.7153 22.7896 0 34.1404 37.0071 25.7804 0 36.9815 34.3214 26.07 0 36.9169 37.6637 23.2315 0 1.33556 1.10568 28.7016 0 1.73566 3.71726 31.3082 0 4.35258 1.21211 31.4272 0 4.62751 3.52156 28.7352 0 7.13952 1.09271 28.1497 0 6.69878 3.73735 31.6611 0 9.15423 0.646006 31.3915 0 9.20193 3.71625 28.5909 0 11.8615 1.43436 28.1228 0 12.6589 3.77789 31.1812 0 15.0169 1.30432 31.4908 0 15.043 3.68494 28.6423 0 17.7941 1.08091 28.6689 0 17.4359 3.87277 31.7395 0 20.4672 1.17763 31.6309 0 20.6282 3.88732 28.9671 0 23.1904 0.902266 28.8634 0 23.7657 3.91151 31.2611 0 26.1625 1.29067 31.7893 0 26.1424 3.87068 28.8358 
0 28.8651 1.38243 28.8115 0 28.9395 4.08934 31.9622 0 31.5919 1.06471 31.8891 0 31.5574 4.15039 29.0184 0 34.228 1.15286 28.52 0 34.351 3.94924 31.9152 0 37.2447 1.39618 31.3669 0 37.0451 4.37532 29.2753 0 1.73341 6.66114 28.4931 0 1.23832 9.89057 31.3689 0 4.16482 6.49989 31.3053 0 3.80192 9.63594 28.9742 0 6.56474 6.77027 28.7012 0 6.48483 9.05783 31.5388 0 9.36914 6.52317 31.6193 0 9.26833 9.26447 29.2526 0 11.7226 6.57182 28.9733 0 12.272 9.65019 31.8887 0 14.8656 6.87768 31.716 0 15.1714 9.53328 29.0637 0 17.3874 6.4089 28.8512 0 17.6508 9.609 31.6011 0 20.2258 6.97765 31.3441 0 20.2023 9.3657 28.9274 0 23.2644 6.76639 29.1072 0 23.335 9.67836 31.7246 0 26.2066 6.67178 31.7329 0 26.5016 9.21973 29.1973 0 28.9888 6.93041 28.9764 0 28.882 9.81107 31.693 0 31.9619 7.05863 31.383 0 31.7997 9.99564 29.0478 0 34.5316 7.01615 28.8326 0 34.4986 9.54543 31.5246 0 37.5546 6.96918 31.4327 0 37.2053 9.91912 28.6599 0 0.997903 13.0384 28.7003 0 1.75833 14.9572 31.7949 0 3.91833 12.3503 31.8389 0 4.12772 14.7525 28.7815 0 6.68121 12.2036 29.4121 0 7.03181 15.0584 31.4982 0 9.49837 11.8557 31.8804 0 9.5697 14.8671 28.6796 0 12.4088 12.307 29.306 0 12.193 15.0686 31.6297 0 14.9043 12.1979 31.4083 0 14.6527 15.2239 28.7011 0 18.2811 12.434 28.8457 0 17.285 15.5863 31.1773 0 20.7563 12.331 31.3363 0 20.6103 15.2608 28.6485 0 23.6104 12.7768 28.9891 0 22.9 15.4754 31.6789 0 26.3767 12.6315 31.1604 0 26.158 15.2443 28.5927 0 29.0994 12.1942 28.8264 0 28.4986 15.657 31.1311 0 31.8588 12.165 31.9828 0 31.7501 15.0915 29.2858 0 34.3673 12.8356 28.8726 0 34.2998 15.3734 31.6119 0 36.9091 12.5862 31.531 0 36.9323 15.5578 28.9605 0 1.06741 17.8358 29.1533 0 0.934542 20.3842 31.615 0 4.61848 17.3606 31.3422 0 3.99261 20.9192 29.3184 0 6.57776 18.0853 28.5222 0 6.86983 20.4836 31.4096 0 9.63753 17.6433 31.507 0 9.4107 20.2914 28.643 0 12.2961 17.9909 28.5623 0 12.3389 20.7426 31.2719 0 14.8289 18.0122 31.3878 0 14.7705 20.6528 28.5598 0 18.0678 17.7307 28.2562 0 17.795 20.9316 31.3119 0 20.176 17.7513 31.2301 0 21.0254 21.1076 28.7758 0 23.5533 18.0711 28.6467 0 23.8801 20.5644 31.4998 0 25.8188 17.8469 31.5094 0 26.1061 20.7508 28.9591 0 28.822 18.1551 28.7107 0 28.522 20.1396 31.748 0 31.4663 17.9049 31.7678 0 31.3473 20.8635 28.9113 0 33.6327 18.2306 28.656 0 33.9693 20.5545 31.5077 0 36.8253 18.2589 31.6867 0 36.6724 20.745 28.6416 0 1.0152 23.1637 28.7459 0 1.39237 25.3491 31.5228 0 4.12151 23.2365 32.3765 0 4.11104 25.0133 29.069 0 6.91405 22.748 28.5636 0 6.60532 25.7909 31.4988 0 9.11107 23.2983 31.3173 0 9.39054 25.5232 28.5326 
0 12.2588 23.1577 27.9709 0 12.1445 25.9264 30.9454 0 14.7891 23.2695 31.305 0 15.0464 25.7463 28.6153 0 18.7124 23.6887 28.8195 0 18.034 26.24 31.3467 0 21.2064 23.0749 31.7322 0 21.22 26.1937 28.5372 0 24.0931 23.5866 28.4191 0 23.6058 25.8869 31.4179 0 26.529 23.4579 31.3268 0 25.9652 26.4515 28.2584 0 28.6973 23.7186 28.2583 0 29.0367 26.0438 31.3545 0 30.8612 23.0017 31.9861 0 31.4232 26.3518 28.7683 0 34.0381 23.8646 28.9704 0 34.3303 25.4639 31.7987 0 36.732 23.12 31.5519 0 36.7281 25.8008 29.0114 0 1.09319 27.8783 29.1915 0 1.66798 31.1154 30.8342 0 4.02699 28.4672 31.3979 0 4.36539 31.4469 28.3538 0 6.38266 28.1174 28.536 0 6.67832 31.0877 31.5596 0 9.34626 28.5008 31.3682 0 9.74193 31.2441 28.7012 0 12.3254 28.5648 28.71 0 12.2965 31.5646 31.4919 0 15.2235 28.87 31.0894 0 14.8822 31.514 28.3954 0 18.212 28.8203 28.8407 0 17.8876 31.6422 31.5586 0 21.3276 28.6131 31.5967 0 21.084 31.3367 28.6663 0 23.3923 28.8939 28.372 0 23.7085 31.1522 31.5377 0 26.5033 28.399 30.9756 0 26.2675 31.4152 28.1326 0 29.3269 29.1372 28.1447 0 29.0537 31.2343 30.8858 0 31.5455 28.8338 31.3305 0 31.7384 31.8689 28.581 0 34.0829 28.9241 28.5713 0 34.2137 31.1879 31.2532 0 36.7599 28.5079 31.2497 0 36.9163 31.3017 28.8175 0 1.40816 34.015 28.5941 0 1.44075 36.8197 31.1268 0 4.30434 33.6953 31.0295 0 4.25784 36.9076 28.6126 0 7.11298 33.7486 28.7726 0 6.85608 36.4024 31.1597 0 9.32702 33.9594 31.729 0 9.46244 36.7113 28.7068 0 12.1283 34.203 28.9634 0 12.1279 37.0895 31.1538 0 15.4338 33.7507 31.5603 0 15.1992 36.831 28.9443 0 18.0004 33.5334 28.6146 0 17.9554 36.3118 31.5798 0 20.65 33.8083 31.3921 0 20.4579 36.5556 28.9217 0 23.7742 34.1239 28.46 0 23.3012 36.6076 31.6298 0 26.5376 33.9714 31.256 0 25.9357 37.1608 29.1542 0 28.864 34.201 28.6477 0 28.7264 36.6979 31.587 0 31.5137 34.229 31.3527 0 31.3783 36.6846 29.0739 0 34.4811 34.3624 28.3681 0 34.4107 37.1764 31.759 0 36.6986 33.6966 31.3157 0 37.0976 36.8976 28.898 0 1.07805 0.943984 34.379 0 1.31113 3.97806 36.6543 0 3.83992 0.958491 36.9112 0 4.19481 3.7655 34.6861 0 6.91533 1.09611 34.6464 0 6.84921 3.72119 36.9786 0 9.47671 1.11462 36.8961 0 10.2673 3.77056 34.0155 0 12.782 0.987283 34.1111 0 12.1162 3.33583 37.0908 0 14.8848 0.50293 37.0913 0 15.2797 3.79941 34.8596 0 17.6728 0.912836 34.5264 0 18.1349 4.12094 36.6804 0 20.7608 0.743146 36.8175 0 20.4797 3.41671 34.0915 0 23.9014 0.900175 34.27 0 23.2804 3.75313 37.0576 0 25.8269 0.953116 37.0649 0 26.2809 3.75615 34.218 0 28.5481 1.21338 34.6086 0 28.4081 4.10022 37.1098 0 32.0146 1.08884 36.8816 0 31.2244 3.91913 34.1261 
0 34.2102 1.14124 34.3117 0 34.8461 4.07528 36.914 0 37.0887 1.00656 37.0122 0 37.4099 3.71388 33.9554 0 1.43189 6.84129 34.0311 0 1.69646 9.31627 37.1403 0 3.87952 6.67024 37.0095 0 4.06919 9.37365 34.1116 0 6.99813 6.50878 34.2114 0 6.72456 9.29707 37.1479 0 9.66145 6.08063 37.0671 0 9.4522 9.30354 34.9606 0 12.2406 6.73001 33.9438 0 12.545 9.5114 37.366 0 15.167 6.44714 37.5906 0 15.0538 9.87675 34.5273 0 17.2762 6.85533 34.4361 0 17.2771 9.25988 37.0797 0 20.5772 6.58449 36.6174 0 20.0779 10.2 34.1683 0 23.1902 6.60914 33.6311 0 22.4822 9.90807 36.5894 0 25.6321 6.79672 36.3416 0 26.5104 9.90475 34.0231 0 29.0251 6.83414 34.2408 0 28.7568 9.71889 36.7113 0 32.1356 6.45466 36.8295 0 31.7894 9.15794 34.3391 0 34.9196 6.65557 34.3416 0 34.3125 9.58655 37.0988 0 37.3775 6.74178 36.7943 0 37.3326 9.56165 34.4937 0 1.44842 12.3481 34.3519 0 1.53228 15.2258 37.2555 0 4.29703 11.8513 36.757 0 4.17257 15.3015 34.6349 0 6.85126 12.3602 34.2348 0 6.92515 14.2451 37.0581 0 9.63431 12.1747 37.0876 0 9.37675 14.7278 34.1147 0 12.2625 12.333 34.2743 0 12.2681 15.6924 36.9106 0 15.0215 12.5706 37.2076 0 15.1252 15.2239 34.1827 0 17.6432 12.5085 33.6814 0 17.4682 15.3384 37.1269 0 19.9777 12.925 36.9307 0 20.1 15.4333 34.5211 0 22.9427 12.7096 34.012 0 23.2525 15.2141 36.7623 0 25.7852 12.2191 36.5388 0 25.7036 15.0099 33.945 0 28.7013 12.5155 34.4514 0 29.1376 15.0083 37.4834 0 31.6377 12.445 36.8906 0 31.3832 15.0263 34.0887 0 34.8726 12.624 34.3742 0 34.1885 15.0016 36.6679 0 37.0779 11.8594 37.191 0 37.4114 15.4518 34.2101 0 1.27309 18.153 34.2775 0 1.20364 20.7291 37.2707 0 4.48693 17.8676 37.6273 0 4.02286 20.4525 34.6143 0 6.99456 17.7457 34.7047 0 6.93643 20.5179 36.8131 0 9.82525 17.9931 36.8797 0 9.66687 20.5101 33.7678 0 12.3517 18.0189 34.3313 0 11.8494 20.9777 36.4005 0 14.6358 18.2107 37.1491 0 14.9662 20.3603 34.2118 0 17.5905 17.8625 34.5729 0 17.6947 20.6952 37.0572 0 20.6973 17.9949 37.0757 0 19.9004 20.6235 34.2526 0 22.8904 18.3204 34.2417 0 22.8993 20.6792 37.0798 0 25.9538 17.5675 37.1299 0 25.7496 20.6809 34.4965 0 28.5502 17.7161 34.3292 0 29.0008 20.0466 37.4966 0 31.558 17.3439 36.9777 0 31.4513 20.4581 34.7299 0 34.3524 18.0803 34.4544 0 33.9948 20.3893 37.178 0 36.9427 17.9822 37.2935 0 36.7384 20.7896 34.4263 0 1.30211 22.8928 34.2639 0 1.62508 25.6467 37.159 0 4.31668 23.2109 37.2819 0 4.21992 26.2441 34.4249 0 7.12881 23.3832 34.591 0 7.16778 26.3343 36.8969 0 9.6188 23.6135 36.9814 0 9.74226 25.9187 33.8198 0 12.0895 23.5175 33.7792 0 12.7153 26.2656 36.4919 0 14.4146 23.2762 37.0264 0 15.1512 25.6608 33.8445 
0 18.0489 23.4556 34.0142 0 17.6091 26.0477 36.8863 0 20.0741 23.3566 36.8759 0 20.9735 25.9894 34.1918 0 23.9271 23.5761 34.4298 0 23.5158 26.2289 36.8923 0 25.5956 23.2821 37.2788 0 26.6692 26.3099 34.2545 0 28.3553 23.0361 34.499 0 29.0332 26.0873 37.138 0 31.2886 23.0468 37.3258 0 31.3603 25.5187 34.5941 0 33.9627 23.1202 34.8716 0 34.4032 26.0947 37.6333 0 37.1252 23.5827 36.9908 0 37.3134 25.8326 33.9343 0 1.43832 28.3655 34.0558 0 1.20145 30.94 36.6039 0 4.20042 28.6346 36.8399 0 4.18389 31.1995 34.1523 0 7.16286 28.7776 34.2903 0 7.03045 31.4484 37.1161 0 9.77964 28.5221 36.4492 0 9.53241 31.331 34.2425 0 12.4209 28.2814 33.5208 0 12.3062 31.4186 37.0604 0 14.8899 29.0426 37.1076 0 14.8493 31.4332 34.0627 0 17.4515 28.6597 34.0765 0 17.8999 31.1838 37.0614 0 20.3566 28.4529 36.9401 0 20.5275 31.1585 34.6291 0 23.9876 28.6371 34.114 0 23.5121 31.4583 36.87 0 26.5184 29.0781 37.2103 0 26.8563 31.2868 33.4721 0 29.3543 28.7871 33.9335 0 29.4006 31.1602 36.977 0 31.989 28.5499 37.5024 0 31.4227 31.7402 33.902 0 34.1238 28.4044 34.4658 0 33.9027 31.2341 37.0188 0 37.3255 27.7934 36.6522 0 36.822 30.7377 33.9667 0 1.38429 33.8761 33.3545 0 1.26971 36.6005 37.2942 0 3.90239 33.8357 36.9337 0 3.8447 36.1213 33.7359 0 6.80796 33.931 34.4724 0 6.5972 36.7028 36.7695 0 9.5372 33.9526 36.8779 0 9.328 36.6493 34.0679 0 12.2186 34.3579 33.8493 0 12.032 36.5215 36.8873 0 15.2909 33.9695 36.9151 0 15.3664 36.7579 33.9619 0 17.7955 33.7236 34.4463 0 17.9532 36.4882 36.9756 0 20.4431 33.7806 36.9459 0 20.454 36.3324 34.546 0 23.7498 34.0199 34.3307 0 23.515 36.7216 36.9214 0 26.2061 33.6837 37.2178 0 26.0407 36.6869 33.9185 0 28.9895 33.9794 34.6372 0 28.9735 36.9041 36.9796 0 31.7014 33.9238 36.868 0 31.655 36.929 34.581 0 34.3259 33.8285 34.4061 0 34.4446 36.246 37.3353 0 37.2999 34.0071 36.7795 0 37.4187 36.6559 34.3069 
0.694045 0.669269 -2.27567 -0.308661 -2.41055 3.45605 -2.43327 -0.337368 0.455995 -0.338133 0.0361014 0.101584 0.647829 1.32619 1.29396 1.00026 -0.253313 -2.11782 -0.524239 2.00353 2.10813 -0.433662 2.58802 0.590215 0.922026 -0.786786 0.435738 -0.777264 -0.0425674 -0.793669 -0.587844 1.02826 -0.273445 1.20942 0.140803 -1.20511 -2.59581 -0.974815 -2.11876 -0.401681 -0.782136 1.02683 0.773369 0.909453 -1.91116 0.894881 -0.619814 0.618747 1.40692 0.725485 0.83686 -0.611126 0.623985 0.749822 -1.02881 2.81732 -0.511715 2.57007 -1.1888 -0.926753 -0.094295 -0.239741 -1.9015 -0.203934 0.555359 -1.47379 1.71016 0.672135 0.626879 1.14848 -0.369331 0.908955 -0.832471 -0.839792 -0.140548 0.476642 -0.360758 -1.77751 1.92376 -0.639223 -0.882896 2.25293 -1.34108 -0.341561 -0.663067 -0.0384425 -0.0284782 -2.78275 2.62178 1.33517 -0.582159 -0.187884 1.02213 0.630137 2.12206 -0.958709 -0.543114 0.0867865 -0.882694 0.193658 1.2961 1.14104 -0.196846 0.0916891 2.80058 -0.929854 1.12418 -0.131604 -1.07148 1.17891 -0.0498031 2.38443 -0.620588 -0.286023 0.0728177 -1.02681 -1.02279 1.09344 1.07792 0.668213 0.477895 1.77219 0.682844 -0.868334 1.03609 0.106559 0.0434351 -1.96535 1.1394 1.47875 -0.1564 -0.585798 -1.28249 -0.452531 -1.6647 1.20809 -0.219554 -1.02801 2.30611 -0.762108 -0.220177 -0.485518 1.11106 0.0187681 -0.539896 0.511918 -2.09152 -0.367546 -0.644582 1.64401 0.229197 1.8102 2.47212 0.446962 -0.121732 -1.32512 -2.6841 -1.01347 0.0167661 -0.123279 2.33829 -0.215584 0.0274165 1.03915 1.59263 0.41346 -0.268728 -1.05483 0.00283829 -3.75351 -0.470686 -1.17923 -1.29928 -0.096328 -0.519597 -0.028457 1.22264 0.537062 -1.09378 1.92904 -1.6056 0.818564 -0.0863349 -0.124826 -0.962241 1.67343 0.997347 2.00085 0.0750894 0.611846 -0.261544 -0.592353 -0.00685858 -1.11156 0.257994 -0.334431 2.08594 1.17771 0.782499 -0.0751152 -0.52544 2.37273 -0.971317 -0.266017 -0.11509 0.634597 1.92655 -1.66468 0.788242 0.0939907 -0.0606652 0.0511461 -1.4947 -1.89669 0.656173 -1.88193 0.604448 -0.317081 -1.6598 -1.01006 -0.272789 -1.95547 -0.283844 1.32706 -1.34862 2.42479 1.35991 1.36606 -2.51701 -1.0322 -0.570113 0.100569 1.37209 1.19541 1.75528 -1.34432 0.371991 0.0879384 0.119184 -0.857573 0.632164 1.26549 3.19646 -3.40116 -0.879828 -0.711771 -0.00310137 1.14036 -0.22004 1.27149 0.424203 -0.176044 -0.816504 -0.946698 0.329528 0.686076 -1.03472 1.00385 1.42714 -0.141826 -1.70005 1.02414 -1.28227 0.024859 0.195463 -0.852727 -0.24553 1.62842 1.3939 -0.218262 -1.7423 1.18127 0.641689 1.40492 0.875774 -1.56175 0.481349 1.3803 -0.898805 -2.13484 0.771774 -0.341483 -3.30949 0.0370797 2.5429 -0.0355069 -1.04327 -0.861224 -0.217339 -0.823873 2.27523 0.880016 -1.0537 -1.34114 -0.840649 -0.118476 0.684632 -0.214253 -0.978666 2.92643 
1.42949 -0.701925 3.96921 -2.00191 1.31292 -0.518994 0.447744 1.47041 1.8945 -0.937102 -0.436502 -0.605553 1.5387 0.62377 1.42012 2.02538 0.514504 0.565068 2.16267 0.146719 -0.255287 1.1621 -0.786748 -2.41935 1.83922 1.1383 -0.0842983 -0.639858 -0.293752 0.641721 0.107153 -2.12523 2.25511 0.695522 0.162951 0.341055 -2.22878 0.137848 1.91351 -0.20803 1.09733 0.697089 -1.2827 -0.300209 0.392241 0.287837 -1.14281 0.521673 0.993465 -0.0894652 -0.0608697 0.361728 0.108177 1.02915 -1.59759 0.726668 2.62302 0.324751 -1.0562 -1.17328 0.31936 0.475608 -0.451347 1.64384 1.01198 -1.64476 1.09296 1.54441 -2.21771 2.9343 -0.57735 0.269059 -0.739815 0.820434 -1.84049 2.24651 0.0733766 0.740699 0.21098 0.718496 0.429036 -1.69245 1.64906 -1.18392 -2.14124 -1.09856 0.0212207 0.7577 -1.08191 -0.221444 -0.884668 0.137795 1.28745 1.41761 -0.589871 -1.4927 -0.817742 -1.50562 -2.20672 2.15614 -0.965531 1.6034 -0.235247 1.08856 -3.50249 0.198349 0.98592 -3.52433 1.86535 -1.58561 1.35742 -0.727534 -0.899574 -0.69353 -1.06173 -0.03779 -0.538698 0.168459 -1.1931 -0.5395 1.87335 -2.45797 -1.32093 0.314361 -1.03494 -0.421082 0.934059 1.07945 1.1137 -0.871091 -1.72096 1.04479 -0.392048 0.876883 -1.40825 -1.00606 -0.688133 0.898011 1.59507 -0.151931 -0.228334 -1.1138 -0.655668 0.258474 0.722972 2.40826 1.76722 0.716625 0.284102 -1.30675 3.14317 -0.558124 -0.632055 0.43665 0.558058 0.463497 1.17722 -0.0950936 -0.350799 0.537466 -0.191056 1.56977 1.91425 0.434496 2.64935 1.35909 0.784824 -1.31565 -1.2097 -0.0474133 -1.17986 1.91661 -1.88092 -2.4198 2.02899 -0.886519 0.910652 0.685403 2.20869 0.828344 -1.28844 1.21093 -1.96718 0.0994038 -0.606322 -1.14375 0.891834 0.757845 2.70946 -2.95943 -0.294392 -1.20992 1.08422 -0.238853 0.596524 -1.08575 -0.0938483 -1.2492 0.241311 -0.767072 -0.420972 -0.336582 -1.17711 -1.66936 -0.803341 2.35842 0.134315 -0.364485 -0.626898 -1.82562 1.08508 1.13028 -0.775609 0.592061 1.52004 0.495607 -1.73229 -0.97622 -1.3029 -0.743999 -0.993622 0.392792 -1.77875 0.0696665 -0.711027 0.876401 -0.204558 2.44134 1.2001 0.0534231 -1.67672 -1.82959 -0.163803 -0.249746 -0.234261 -1.12009 0.764602 -3.13345 -1.76142 -0.918097 0.307601 1.13997 -1.01492 -1.47234 -0.8234 -0.816986 -2.31441 -1.86662 -2.52919 0.0794469 -0.997787 -1.97655 -1.30224 0.166308 0.164918 -0.110321 -1.06418 -1.44545 -2.73285 0.00563752 0.197115 -0.273705 3.75461 -2.17033 0.314907 0.131713 2.19285 -1.58311 0.0529366 1.98319 -1.04755 -1.70895 0.00668436 0.4813 2.83095 -1.31043 -0.60025 -1.42756 -0.995781 -1.89286 0.527324 -0.258625 -1.13914 1.02037 2.13069 0.14728 1.98204 0.95151 -2.38854 1.99697 0.742372 0.881509 1.8702 2.66231 -1.71857 -1.66067 1.36234 -0.373613 1.27781 -0.919466 
0.167568 -2.02883 -1.03688 -1.23249 -1.3271 -2.24797 2.57081 -2.24271 2.66781 -0.273044 0.645346 0.539397 0.648401 1.6924 -2.0273 0.966322 1.86904 -1.23018 -0.213868 0.833522 0.229436 -1.36677 1.0868 -0.272206 -0.284854 0.0854097 -0.815511 1.15774 -1.47686 -1.15874 -1.57769 1.59925 1.44599 -2.14825 0.470578 0.211084 0.247399 0.928631 0.163008 -0.741226 -0.256939 -0.208139 0.39898 0.458323 0.492692 1.31726 -2.56989 2.40109 -0.682136 0.769022 1.70192 1.20465 0.644648 -0.738856 -0.721965 1.41043 -0.197948 0.297509 0.101472 -0.930188 -0.641592 -2.61772 -1.31487 -1.23585 -0.581461 -0.492306 1.79824 1.10131 1.17981 -0.183112 -2.44858 0.311697 0.848939 -1.57952 -2.15971 0.0401926 -0.666072 1.41823 1.14668 0.817113 3.87302 0.550992 0.9133 -0.614455 1.46447 0.881521 -0.943652 -0.856998 0.417893 -0.782281 0.130165 -2.2431 0.657642 -0.429313 1.00288 -1.47124 2.15272 0.625284 0.314986 -0.731905 -2.44514 0.836394 -0.140796 2.34671 -0.199032 -1.49831 -0.722553 -1.02436 -1.62273 1.64737 0.863955 -0.76547 -1.50718 -0.92093 1.13082 0.572697 0.844552 0.955154 -2.61376 -0.836338 -0.266428 0.614343 -0.541367 -0.081039 -1.42075 0.391419 -0.0881518 1.20972 0.516082 1.07502 0.194095 -0.914731 0.772621 0.412971 -1.21275 -1.20852 1.86408 1.23034 -0.556159 1.25245 -0.111534 1.9731 0.739531 1.15344 -0.762775 -1.53828 0.341703 -3.77561 1.06055 -2.4618 -0.943915 -0.505853 -0.17748 0.728686 -0.00748097 -0.808269 0.673379 0.109625 -0.371302 -1.09674 -2.23589 -1.38005 -0.215554 -1.66003 -0.665442 -1.44092 1.69179 -1.90076 0.52502 -2.32964 -0.218696 -1.83402 1.03179 2.03695 1.89104 -0.397646 -0.214275 0.205752 1.80697 -1.3496 0.0344607 -0.744529 0.291941 0.847061 0.642621 0.654641 -2.18661 -0.171622 0.211106 -0.201189 -0.189686 1.07227 1.34886 -2.26042 2.11775 0.00332589 0.432519 0.772618 -0.528109 -1.58529 -0.504192 0.0107867 -0.838483 0.508472 0.336958 0.0255697 0.0393514 -2.88381 0.620892 0.570408 1.94758 0.360821 -1.44961 -1.12212 2.94088 0.0599944 2.54543 -1.31214 -1.27283 -0.760819 -2.64819 1.90794 -2.56498 -1.50692 -1.62758 -2.54524 1.53464 -0.284699 -0.340846 -1.53695 -0.371145 -1.48302 -0.863913 -3.75271 -0.425062 -0.637336 -0.722218 2.50023 -1.99491 -1.02992 -0.814171 0.500982 -0.303654 1.28552 -0.356406 0.00895789 -0.250708 -2.13937 0.818888 -2.10899 -2.09138 -0.13358 -1.34596 -3.23352 -0.902021 0.778809 0.965866 1.51355 -0.346552 0.599602 -2.43733 -1.34767 0.219434 -0.188167 -1.91216 1.95627 -2.21525 0.702129 0.441672 -1.47796 -1.64089 -1.53463 1.61646 -1.31888 -0.127647 -0.629883 0.187536 0.364203 1.1187 -1.14248 0.118802 -0.224516 -0.4731 -2.49243 0.803289 -1.87637 0.504277 -1.68325 -0.510748 0.207864 -1.24011 1.92621 0.110273 -2.51739 1.29762 -1.15326 -0.956656 0.430048 -0.625368 0.200213 
0.798376 -1.73884 0.115339 0.899787 0.0534629 0.215721 -0.513954 -0.979027 0.771653 -1.133 -0.839583 -0.952218 -0.80201 -2.53062 -0.825507 1.97319 0.473772 -0.124932 2.32335 -0.480427 0.885882 -0.930294 -0.334871 -0.720074 0.84063 1.97361 -1.40538 0.445103 -1.1912 -0.518942 1.18813 1.37135 1.3227 -0.534121 2.27928 -0.700367 0.64736 0.586347 0.310788 1.39573 1.88805 -1.22303 1.25883 -0.11495 -0.664348 2.26501 2.83117 0.925605 2.23643 -1.31637 -3.93319 -1.09405 -0.28599 -0.502976 -0.603231 -1.30909 0.638438 -0.912433 -0.0441665 -0.621314 0.153872 -1.4224 -2.62386 -1.02018 -1.03354 -0.101604 -0.982879 -0.135121 0.701366 0.374142 -1.13624 0.139594 -1.59037 -2.6457 -0.793944 1.01844 -1.40324 0.697171 -0.992473 -0.56109 0.024567 -0.370236 -0.263883 -1.06108 1.14728 -0.598294 0.641779 -0.92897 -1.24881 0.761704 0.283685 -0.881877 0.844205 1.52379 1.57259 -2.70457 1.36904 0.974874 -1.30587 -0.509402 -3.7361 0.967262 1.20151 0.181212 0.715197 2.04942 1.1925 2.96833 -1.09587 0.99511 0.771809 -0.274149 -1.39142 1.50182 0.925977 0.96251 -0.071139 1.10484 0.468601 1.28345 -0.934229 -2.08776 0.00148468 0.503065 -1.2109 -2.57896 0.0608829 -0.264279 1.22349 0.0770219 0.348671 1.07966 -1.17972 1.02695 0.301477 -2.17651 0.311959 0.238167 -1.32413 -0.470663 1.46177 1.38891 0.662759 -2.26311 0.887043 0.0384134 0.961654 0.217806 -1.05604 0.45386 1.5454 -0.608729 1.75221 0.0712187 0.990027 -3.33622 -3.02019 0.280708 1.25043 -0.0686146 3.48141 -2.41955 -1.94747 -1.20948 0.56557 0.640039 -1.10461 0.0531987 1.84414 1.17598 -3.12943 0.565701 -1.1173 -1.96861 2.38113 0.197429 0.238669 0.983436 0.19419 -0.237382 0.883757 0.645352 1.1709 -0.850494 -1.78655 -0.153831 0.939037 -0.787685 3.25354 -1.09717 -0.985472 -0.588805 1.37777 -1.53092 0.830916 -0.367613 -0.117404 -1.61792 1.98724 0.22292 -0.0852225 1.30071 -0.391177 -0.647853 0.877778 -0.901696 -0.437615 0.0845644 1.2878 -0.808232 0.972764 0.569361 0.956145 -1.23775 0.374641 0.435733 0.831802 -2.38983 0.463105 -0.137707 0.105105 -0.575281 0.12935 -0.871329 -0.188868 -1.515 -0.917025 -1.7127 -0.870301 0.0927513 -0.268556 -2.43191 0.48715 0.904231 0.452756 1.78547 2.27107 2.92931 -1.4531 2.47728 -0.261827 1.47137 0.643517 0.13768 -0.567824 -2.15326 -0.104143 0.0201788 1.99606 1.55162 1.07129 -1.20436 -0.609639 -1.83091 0.935845 0.872828 0.76664 -0.118009 -1.63357 -1.92541 -1.07933 -0.948955 2.00734 1.76382 -0.959128 -0.370616 0.60789 1.53411 0.747579 -1.0288 -3.24705 -1.57776 -0.750626 1.23282 -1.6528 0.686777 0.999627 4.38291 -1.99091 -0.56198 -1.13664 -0.502166 0.426082 1.81228 -0.880192 2.60558 -1.10453 -0.162864 -0.480818 0.665508 0.739317 0.714859 -1.8408 0.628727 0.4366 1.27375 -0.45402 0.62538 1.74699 -2.78095 
1.76045 1.15581 3.47758 2.10337 0.351919 0.328196 1.29534 -2.10612 0.123692 -0.543174 -0.27208 -0.575963 0.982437 0.315101 -0.0124653 -1.21719 4.01847 -1.81176 0.628073 -0.0469493 1.34018 1.50736 1.23471 0.808947 0.505679 -0.323348 1.28605 -1.73074 0.621227 0.232138 1.06406 -1.3893 -0.136208 -1.47422 0.336814 1.56018 1.41217 0.0612514 -0.0926946 1.39175 0.418251 0.384398 0.783467 -2.72296 1.81459 3.48384 0.731821 -1.04012 -0.0952281 -2.73008 0.0902524 1.46869 4.11626 0.119549 2.02977 -1.45372 -0.0700543 1.84373 0.653323 0.0917472 -0.124919 1.40605 -0.0937108 0.402907 0.0267611 0.594028 -2.47017 -0.882051 -0.77328 -1.76309 -0.968664 0.902331 -0.973748 0.525172 1.91751 0.262487 0.654445 0.454144 1.39424 0.81781 1.91106 0.716429 0.395781 -0.141394 0.0659252 0.638133 0.826979 0.427106 1.95941 -0.575099 -1.66852 -0.763786 3.08202 0.135048 1.3229 0.754691 -0.792863 1.02227 -1.74943 1.12099 0.865273 0.403079 -0.660137 0.807659 0.904002 -0.243235 0.150062 0.957365 0.998987 0.780229 -1.12782 -2.58889 1.626 -0.784708 -2.05746 -0.404964 -0.640696 0.927384 0.532351 1.17263 -0.65273 0.151473 -1.7718 -0.714708 0.582719 -0.613153 -3.40364 1.92141 1.36344 -1.25976 1.18964 -1.30464 0.702335 -0.709786 -1.07529 -0.798836 1.10885 -2.71006 0.319811 -1.30878 -1.57746 -0.316797 -0.621409 -0.019485 0.889845 -3.49977 1.09501 -0.335826 -1.42646 -1.03358 2.49846 0.303889 -0.90759 0.921345 -1.43975 -1.60539 -1.28348 -1.05489 -1.21916 -0.143713 0.409313 -0.954764 -0.356921 -0.104375 -0.726163 3.85716 -2.19056 0.593649 -1.80434 1.2244 0.534023 -1.1505 -2.36372 -1.05151 0.0503623 0.0731426 -0.226997 0.64645 -0.0535406 -1.73249 -0.154122 -0.203785 -0.831243 0.124273 -0.384197 -0.664187 -0.812128 -2.22836 -1.44957 0.395705 -1.62681 -1.26157 -1.70081 1.52993 0.70718 0.3634 0.927798 -0.850207 1.92048 0.260882 3.6152 -2.19043 -1.76783 -2.37165 -1.85437 -1.00082 -0.313986 -3.64452 0.380578 -1.25589 -1.56963 3.15364 2.53134 0.570232 -1.0059 1.35143 2.00395 1.32843 -2.41237 -0.694159 0.350364 0.552259 -0.0889764 -0.659712 0.798452 -0.0456228 1.26796 0.147495 0.754415 0.404792 -0.816285 0.166391 0.840755 0.524971 -0.572295 0.111191 0.983566 0.526262 2.34153 0.755045 1.97739 0.326342 1.98886 -0.0393022 -0.138358 -3.38039 0.560284 -0.868245 -0.00726017 1.03677 -0.092548 0.187139 -2.0489 0.894738 0.930028 -1.11567 -0.0677164 1.35305 -1.84862 -0.739952 1.4448 -2.25085 1.49213 -1.29391 1.72636 -0.495794 1.02675 -1.09862 0.488331 1.65828 1.0719 -0.859778 0.954206 -0.66019 3.46387 -1.18847 -0.226882 -0.747868 -2.29375 -0.341941 0.498467 -1.07795 -0.931078 -1.00483 -1.2641 1.52576 0.241699 0.140462 -0.652416 -1.54943 1.77695 0.735758 -0.582945 -1.02742 -3.92943 -0.771898 -0.716147 -0.420803 0.789898 -0.215459 
-1.83201 1.70283 1.77158 -1.33424 1.90438 -1.5422 -1.22179 0.869542 -1.14537 -0.840684 0.761536 0.259327 0.489277 -1.24412 1.4695 0.837519 0.67842 -0.126946 -0.0344699 -1.02606 1.54646 -1.19749 0.997351 1.60203 -0.911541 1.52559 -1.66077 -1.10075 -0.884233 -0.598145 -0.648623 -0.101655 0.541655 -0.155711 0.549142 0.606574 -1.10196 -0.789915 -1.58829 2.08482 -2.62526 -0.547183 0.174486 -1.35009 1.44674 0.164286 0.502762 -0.774043 -0.335971 -2.17918 0.0797699 -0.173605 1.95789 -1.85237 2.18545 1.79311 -1.08565 -2.5683 -0.381674 -0.0707385 -1.02005 -0.348964 -1.00281 -1.38348 -0.0447326 -0.291774 2.04007 -1.11794 0.955816 -1.22723 0.400277 1.43361 0.679054 0.0641561 0.826794 -1.74494 -0.525497 -0.598437 0.350085 -0.866177 1.99818 1.08874 0.376616 -0.398659 0.334763 0.587625 -0.79213 -0.954237 1.35392 -1.59807 0.641726 -0.636396 1.44776 1.22485 -0.422599 -1.35449 -1.99916 0.346989 0.0466906 2.05466 -0.26933 1.25186 -0.00481796 -0.592705 0.27765 -0.308649 1.58123 -0.474048 1.86702 -0.361154 -1.20007 0.418475 0.895817 -2.64377 -0.073258 -2.26469 1.29433 -1.37529 -0.798128 0.838059 -1.85859 0.840117 -1.1893 -3.1183 -1.82838 -0.411902 0.221483 0.625893 1.28103 -1.07841 -1.30539 -0.636055 -0.665191 0.891141 1.12368 0.808355 -1.90103 3.74444 1.04743 2.12349 2.02887 0.440677 2.74319 2.06881 0.313339 -1.07476 -0.932029 0.162971 1.19118 0.511227 0.224922 -0.1356 1.98713 -1.52636 0.759123 1.36663 -0.341476 -0.813698 0.881231 0.209108 4.27454 -0.121844 -1.06126 0.51889 0.560277 -2.61355 0.0390691 0.817839 0.0889398 -1.79503 -0.00693521 2.87333 1.02109 -2.45517 0.694156 -1.17723 -0.305297 0.801479 -1.36322 -0.057465 -1.34676 2.39692 -0.579865 1.91451 0.431185 0.330095 0.486169 -0.773145 0.717346 0.13118 0.0647935 -0.854072 1.71031 1.15576 1.65846 0.357461 -0.61447 -0.429963 0.730244 2.00205 2.34072 -0.732867 -0.266662 0.0401855 -1.60102 -0.838294 2.06153 -0.254985 0.777957 1.54084 0.295537 -1.4874 1.44121 1.71349 0.0542425 1.2817 0.451576 -1.21469 -1.87564 0.894357 -1.42635 2.69312 -2.33901 -1.21529 0.976201 -2.37035 -1.09478 1.38741 0.421754 2.86544 1.57128 0.306964 0.316422 -0.317629 -0.00810384 -0.914872 0.484153 0.58292 0.940252 -3.53251 -0.733881 1.73909 1.37993 0.108957 0.618023 0.66259 1.40073 0.636533 -1.57851 -0.609133 -0.723277 -0.563825 -3.07919 -1.02367 -0.603051 0.307962 -0.985717 1.85148 -2.48033 -1.08222 -0.271538 -2.17494 -0.212959 0.725984 0.150038 -0.217828 -1.17481 0.681552 0.985703 2.24958 -2.03056 -0.0194427 -1.28632 -0.654129 -0.0363939 1.29591 -1.61662 -0.208528 -1.89165 -1.54856 -2.69731 2.19194 1.10511 0.122608 0.223666 0.429431 1.28862 -0.498947 1.61958 0.804063 0.483029 3.516 -0.352608 0.960717 -0.345636 0.870753 1.15864 1.79269 2.12886 -1.28455 
-0.154766 2.94356 -0.454634 -1.43216 0.0783727 -0.474245 -0.233742 -0.82912 -1.76414 -0.709457 0.260677 0.115853 0.666403 0.224825 -0.140626 0.906449 1.2471 -0.363974 0.0895372 0.315432 -0.0850535 -0.966567 0.725625 2.99176 0.7239 -1.76229 1.40455 0.640757 0.222522 -0.173092 0.354904 -0.572747 -0.553612 -1.57745 1.3939 -1.45043 -1.007 -0.424929 -2.19777 1.56403 0.777447 -0.171347 0.54087 3.50548 0.00651647 0.953606 -1.04185 0.323924 1.15285 1.0231 2.00808 0.533775 0.209112 -0.834401 1.07529 1.13065 1.47554 0.518833 -1.44451 0.486831 3.9629 1.49516 0.530771 1.34379 0.798075 0.086723 -0.815257 -3.01743 0.335409 2.70627 -1.04389 -0.740486 -0.632468 -0.159476 0.133764 -0.947448 0.203992 -0.756777 -0.698372 -1.26844 0.228507 -1.37513 -1.36933 -0.599773 -0.918734 -2.72455 2.29533 -0.285618 0.0899103 1.36787 -0.620114 0.33775 1.1401 -1.36628 -3.09178 1.41554 -0.265349 -1.17465 1.38225 -2.30077 3.25222 0.674137 1.92068 0.324842 1.58093 -0.147906 0.14277 -2.60264 -0.810955 -1.30402 -0.444203 -1.02209 -0.328495 2.13191 0.833954 0.140313 1.04961 0.504836 0.106909 0.812574 0.200693 0.990858 1.63976 -0.207602 0.414258 -0.529801 -0.722135 -1.13374 -0.843084 1.02298 -0.617147 -1.02265 1.72602 -0.192072 0.307959 -0.662737 0.66082 -1.84697 -1.58529 0.31152 -0.572355 0.730177 1.48562 -1.26905 3.38491 0.759414 2.38716 -0.220611 -0.28474 -1.31301 0.00668992 0.996054 0.0951703 1.38239 0.963788 2.3475 1.10833 -1.48327 -0.874649 -1.9797 -0.271346 0.861857 -0.0460531 -0.759597 -1.13543 -1.09808 -2.20631 1.52477 -0.323661 0.396043 2.04636 0.553655 -1.02048 0.664234 -2.26583 -0.790717 1.32986 0.154075 3.67532 -1.3217 -0.561954 1.54859 1.56584 -0.610948 1.60991 1.21082 -0.473177 -0.488033 -0.16476 -0.778184 -0.908827 0.0382873 1.03683 -2.0181 -1.24489 -0.827478 -0.74848 0.495328 0.143993 0.871051 -1.03529 -0.533085 0.0766158 0.298435 -0.662848 -1.26449 0.279844 0.0273677 -1.62962 0.180133 -0.388966 0.980644 0.103509 -2.63806 1.99289 0.525413 0.14111 -0.174765 0.504833 -2.15031 -0.84732 -1.20789 0.386335 -1.2518 -0.710289 -0.698696 3.09028 0.301955 -1.93193 -1.07351 -0.793657 -0.828695 0.135243 0.487024 0.837382 0.896068 -0.937287 2.80856 -0.971287 0.652661 0.950517 -0.362459 -0.414062 1.32194 -1.74202 -0.812445 0.353093 -0.00213815 0.758176 0.0713918 -1.16976 -1.75681 -0.372452 -1.4016 -0.370634 2.21433 0.0911147 -1.91697 -0.800702 -0.819496 -1.36999 0.492257 -0.581099 -1.22879 1.06202 -0.122202 1.43124 0.210617 1.85766 -1.9278 0.631201 0.732579 -0.793818 -1.1443 2.18354 -1.49005 -2.11934 1.71701 -0.367515 0.368043 -1.0486 0.975736 0.839809 -3.05443 -1.23172 0.301682 -0.12079 -0.71476 -1.15251 -1.06729 2.70477 1.55722 0.149187 0.771283 -0.658055 0.473006 -0.627664 -0.912362 -0.472479 -0.148278 
0.926041 0.167713 -2.08589 -2.04081 -0.342411 -1.94858 2.1363 -1.2957 0.659944 2.11849 1.49661 2.19944 1.53227 2.57736 1.27466 3.1138 1.71527 -1.95666 -2.40777 0.315846 -1.30077 1.04748 0.244086 -1.71427 1.11121 0.099133 -0.0168369 -1.20433 0.432376 -1.6691 0.570913 1.33907 1.3187 -0.609538 1.85787 0.547672 -0.705185 -0.998519 -0.593144 0.79315 -0.083537 0.148886 -0.381114 -0.0120479 -1.88663 1.70583 1.74249 0.573264 -0.536358 -0.467855 1.17556 -0.0539509 -0.210715 -0.816941 1.27656 2.33137 2.18812 0.954807 -1.08219 1.79711 1.45444 -0.537173 -0.744203 0.413821 3.16979 -0.498877 2.40692 1.37845 -1.74876 -2.9876 -0.944308 -1.53835 2.72994 -0.482133 -0.747649 -1.3759 0.763712 -0.611364 -2.24335 1.97394 -0.837457 0.76324 -1.54889 0.451099 -2.57185 0.831408 -1.86505 0.528034 -0.568547 -1.07767 0.437869 -2.41555 2.40119 -1.60414 -0.653947 1.66534 -2.02453 -2.04803 0.993598 -2.90462 1.8153 0.0529149 -0.684859 0.520059 1.49025 0.0238994 -1.67001 1.87911 -0.182462 -0.0659999 0.528847 -1.50612 0.824757 0.0972345 0.48717 0.130813 -0.971544 -1.52958 -2.14835 -1.47211 -1.02791 1.10031 2.5973 -0.122684 1.31448 2.22635 -1.67037 -1.08409 1.39874 0.405247 -1.70044 1.63524 2.98037 -0.893825 -0.141544 -2.06394 1.97582 2.49877 0.414486 1.89041 1.24863 -0.162709 1.00938 0.39847 0.949424 1.45978 -0.782193 0.895202 -0.077667 2.04404 2.12274 -1.13348 -0.75581 -1.1435 0.797312 -1.02817 1.03242 0.363687 2.11742 0.07136 2.52201 -1.45151 3.18621 0.720822 0.723345 1.00347 -1.16806 0.576207 -0.438774 -1.10045 -1.42769 0.256723 0.177011 0.19646 -0.321346 -1.13711 -1.0925 1.21818 1.00823 0.609609 -1.80573 1.05033 2.15934 -0.233258 -0.894547 0.678467 -2.46706 -1.30856 -0.68728 -0.700422 -1.40322 0.853265 -0.662738 -0.201806 0.824767 -2.80192 -1.09847 -1.39026 0.52088 0.768317 3.44885 -1.1179 1.47879 0.917883 -2.8035 -0.801805 0.823594 0.222358 -0.874874 -0.676118 -0.256331 -1.57893 1.22697 1.03628 -0.523292 -1.89229 0.978905 -0.556629 2.01844 0.532642 0.233094 -0.0128364 0.965714 1.05636 -0.0244448 0.361784 -0.945732 -0.605341 0.377513 -0.307736 1.54735 -1.33347 0.202217 -2.21207 -1.43361 -0.560711 2.77165 -2.23563 1.42781 -1.05434 -1.12256 0.799634 -0.281306 -0.259577 -0.890389 0.529546 -2.16815 0.586369 0.196472 2.66819 -1.47959 0.259682 -1.39366 -0.673273 0.136044 0.183987 0.554731 0.0376684 0.404204 0.0579158 -2.01383 0.605312 1.22324 -1.23957 0.983926 -0.171995 -0.38641 1.42008 -0.641452 -0.147677 0.237853 0.786668 0.989344 -1.07736 -0.354681 -1.4227 -0.294506 1.16872 0.969145 1.3028 -0.0217932 1.52508 -0.475156 -0.410155 0.240304 2.11124 1.51623 0.0226153 -0.692349 1.62611 -0.466484 -1.02215 2.05764 -1.59888 -1.1689 -0.162378 -2.19968 0.319215 1.30415 -0.519159 
0.297882 1.2632 -1.06888 -0.18027 0.0897252 3.00295 1.66481 -0.428947 -1.53421 -0.999221 3.0502 -0.97485 -0.478538 -2.0845 0.959201 -1.87965 -0.278661 1.01148 -1.26843 0.546876 0.367238 0.409398 1.45489 -0.987195 0.344105 -1.40871 0.670796 -1.1685 -1.15792 -0.584066 2.2651 0.356093 -0.657098 1.9849 0.775881 -0.624753 0.172411 -0.113709 -0.330772 1.08254 0.113888 1.25517 -0.136155 -1.31216 -0.113546 -0.405208 -0.554279 -1.29008 1.85566 0.133033 0.81785 -0.402784 -0.863562 -0.925599 3.35548 1.72198 1.79773 -0.943684 0.316019 -0.216841 0.122627 2.0751 3.4172 0.488469 2.22214 -0.495353 0.482162 2.41267 1.29807 -1.7949 0.216 -0.351094 0.40601 1.46063 -0.905719 -0.325448 0.764448 1.07415 -1.15117 2.38128 0.200787 0.764673 -1.35172 1.97482 1.04423 -0.0875032 -1.0262 -0.225724 2.96356 2.49978 -1.04724 -2.17836 -1.33835 0.435686 0.29418 1.79982 -0.886074 -1.42694 -0.956945 -1.06274 -1.48884 2.31623 -1.75471 2.28731 0.676366 3.12968 -0.286333 1.4469 0.517116 0.311274 1.3576 -1.83096 0.365061 0.755834 -0.0502513 0.103645 1.18843 0.109213 -1.82242 -1.11214 0.846723 -0.446461 0.603881 -2.96708 -1.05403 -0.362215 0.756398 0.946802 1.31977 -0.972138 -0.494516 -0.587568 -1.3054 0.634311 0.328975 2.15006 -1.33587 2.8425 0.432931 0.971659 -0.330158 -0.416193 -2.74098 -1.6067 -0.554738 2.91556 1.53005 0.169035 0.0379937 -0.0854102 -1.91459 0.610114 -0.281181 0.584204 0.205042 0.276605 -1.09282 -2.17213 -0.0219208 1.20878 -0.851065 -0.352735 -1.40515 1.10049 0.771605 0.0324409 -2.04786 0.795009 -2.534 1.20631 0.540255 -1.27439 -1.03136 2.54513 0.143041 -0.917064 0.373988 -1.36428 2.97375 1.20299 -1.98688 -2.12309 1.74999 -1.38428 -0.111809 -0.483432 -1.10073 -2.40996 1.5189 -1.47666 -0.473947 -1.18732 0.922503 -1.25186 1.27191 1.96911 -0.421767 -0.79911 -1.03566 -0.434894 -0.373878 -1.55073 -1.16581 -0.959518 1.2172 -0.985568 0.243834 -0.291022 0.981986 0.298413 -1.81765 -1.3365 1.56115 0.908837 2.09319 0.803692 -0.180797 0.424851 -0.798123 0.628863 -0.0732719 1.12474 1.52004 -0.300445 -1.04701 -1.76307 0.498832 0.797451 -0.790009 0.610876 0.888154 0.475278 1.42449 -0.0429769 0.264858 1.37662 -0.168119 0.142808 1.03625 -1.35584 1.3151 -2.22071 2.99316 0.017901 1.73158 1.68481 -1.3687 0.585102 -0.487963 1.95763 0.56659 -1.48154 0.552613 -0.488495 -0.184147 0.0370592 -0.191944 0.872951 -0.177275 -2.6086 -0.479091 -1.60035 1.36568 0.497735 -2.86916 -1.08049 0.978689 1.67164 -1.5235 0.635517 -2.08949 0.388624 1.47363 0.0226215 -0.725772 0.0408263 0.389715 0.07937 0.99146 -0.210896 0.936216 -0.854879 1.46812 0.786299 0.241252 1.61772 0.160812 -1.32241 -0.987135 -0.887595 1.65221 -0.813144 1.61738 0.676693 0.768341 0.444347 1.65113 2.21177 -0.714694 0.0563711 
2.17204 0.612611 -0.0760303 2.02542 0.384796 -1.4538 0.429177 1.49284 -2.62954 -0.942124 -0.370702 1.79776 -0.556843 -1.06915 -0.770927 1.38801 -2.2309 1.64286 0.0464231 -0.283378 -0.225297 0.645832 -1.19246 -1.0522 0.36623 0.504227 0.611575 -0.276613 -0.67871 0.229156 1.95382 -0.895855 0.690286 -0.0221669 -2.09277 -0.105702 -0.407625 -1.13203 -0.390902 -0.307599 0.074803 -1.74066 1.95784 -2.39763 1.29242 0.626627 1.84301 -1.38228 -0.804213 -1.10598 -3.3234 -0.632025 -0.526585 1.63377 0.821592 1.01021 0.29291 0.511312 2.45743 0.347784 0.496146 -1.10933 -0.645259 -3.39296 0.237442 0.562639 -0.0135121 -0.403128 0.270455 2.16236 -1.98861 0.704405 -0.496158 -0.783106 -0.513606 -2.78625 0.332157 -0.751713 -1.21017 -0.116885 -0.978938 1.98573 -0.127103 0.254463 -0.172648 1.02107 -0.475818 -0.785792 -0.693594 2.12416 1.05418 -0.567564 0.901447 0.548074 1.22622 -0.34334 1.42082 -0.269337 2.00207 -0.0761283 2.12094 -0.623382 -1.25944 -0.0205393 2.01395 -0.829968 1.54565 -2.43066 -3.54621 4.69305 -0.966373 -1.2257 0.593022 -1.16052 1.18428 2.44791 1.09112 -0.62127 -0.228943 -0.4641 1.8968 2.43129 -2.72054 0.527194 -2.27228 1.20541 3.2492 1.21449 0.127412 -0.434161 0.762599 0.331074 1.76917 0.563409 1.74824 -0.931196 -2.1181 -0.679886 0.173728 -0.351992 0.744722 -0.506711 -1.03442 0.678201 -1.77225 -0.592895 -1.12239 -1.38066 0.666476 -1.78001 -1.90669 0.600805 -2.41989 -2.36293 0.792617 -2.77862 -0.360757 -2.86863 -1.3925 -1.68139 0.30275 -1.89111 0.966856 2.44299 -0.552494 0.648065 -2.19225 1.41559 -0.888122 0.308721 -5.38268 0.487135 -0.578741 -0.309963 1.01533 -4.84419 0.383586 -1.87117 1.41173 0.124869 1.20521 -1.7922 2.16081 0.900111 0.160855 -0.582233 -3.74792 2.39268 -0.603769 0.524061 -0.268757 -0.336175 0.94522 -0.178687 -0.743356 0.178462 0.503826 0.0139787 0.881715 0.221077 -0.778603 1.13533 -0.702719 -1.01401 2.15661 -1.89253 -1.15266 0.303875 0.813065 0.961186 1.12067 -1.92437 1.32887 1.55312 -0.864707 -0.471527 0.495607 -1.08173 0.0194069 2.7327 -1.08079 0.123363 -0.157646 1.3388 1.63779 0.625948 1.11601 0.342374 1.27927 1.2708 1.38455 -0.241366 -1.59483 -0.764784 -0.614944 0.00455264 0.358796 -0.0302385 1.23832 0.397373 -0.420024 -0.833895 0.799179 1.20383 -0.366753 -1.61898 1.14456 0.748204 -0.178727 1.08897 1.01118 0.427058 0.822574 1.73007 0.35663 -0.702066 -1.45927 -0.235139 1.44858 1.63685 1.51905 1.57487 -0.30244 -0.103394 0.178402 1.14893 0.64745 1.1017 0.0263051 0.451482 0.183647 -0.506951 -0.437007 1.38737 0.327668 0.790715 0.0645874 -0.132787 -1.35178 0.407427 -0.493044 -0.849677 1.45843 -0.403221 -0.0893386 1.32554 -1.34088 -1.91385 -1.19749 1.03362 0.748674 0.115578 0.174923 -0.613991 -0.366257 -1.10662 0.922874 1.38194 1.32 -2.0266 
0.904953 0.523637 -0.633787 0.255642 -1.85814 1.07868 -0.416128 -2.55353 -1.32319 -1.09932 -0.889628 1.55176 0.266522 -0.24367 0.257128 2.11145 1.83325 -1.32286 3.04393 1.52111 -1.44376 0.321291 0.725881 0.177587 2.59104 -0.301654 -0.703895 0.145984 1.98753 -0.883082 -0.127334 -2.10848 0.0296338 1.1822 1.16666 0.0306006 1.25112 2.89244 -0.825909 0.860717 0.298357 -3.14747 -0.202269 -0.194389 -0.538848 0.664676 -0.363394 -1.10129 -0.100172 -0.409469 0.308443 1.44463 -1.18315 -0.690203 -0.493378 -0.58384 1.41437 -1.25569 -0.297401 0.10838 2.49481 -2.69384 -0.331827 0.820619 -1.6295 1.5626 -0.0295283 0.985256 -1.13772 1.44696 1.04293 -1.55749 0.808558 -1.25958 -0.788966 2.95476 0.643452 0.928983 -0.182717 -0.0668427 0.434653 0.983095 -0.241682 1.11134 0.40489 -1.48211 -0.249563 -1.4872 -0.716151 -1.12481 0.670712 -0.251389 -1.25863 -0.358955 -1.3727 -0.199048 0.615519 0.681884 0.829901 -1.25561 1.23639 -0.658352 1.57514 0.231427 2.02274 -0.548876 -1.00815 -0.174892 -0.611946 1.29333 0.0842215 -1.2838 0.623227 -0.989141 -0.300051 -0.39506 0.590638 0.899504 1.10496 -0.637898 -0.625277 1.133 -2.39226 -0.250406 -1.43732 0.292229 1.15027 1.24193 -1.65029 -1.42698 -0.75784 -1.64458 -1.94794 1.37516 0.533866 1.3128 1.04843 0.10033 -0.9099 0.0633809 0.531219 0.446901 -2.16592 -3.46834 -0.469441 -0.132483 2.5182 0.894797 0.891025 0.237733 0.74191 -2.77511 0.367167 -1.15445 -0.323917 -1.35028 0.424167 2.69512 -0.45518 1.28037 0.729686 -1.58672 1.5305 -1.14614 -1.97261 0.454655 1.52332 -1.05651 -0.899563 0.0142913 -0.948908 -0.39058 -0.931887 -0.136214 -2.14707 -0.661745 0.99055 0.127375 -0.514355 -0.660196 -0.848823 0.146601 0.554544 0.296743 0.672233 1.59614 -0.0843091 1.26196 1.89935 0.777798 -2.45249 1.88594 0.526192 0.261726 0.443392 2.22984 0.583344 -1.7798 2.61558 0.990836 2.94885 0.128505 -1.32043 -1.35022 1.14141 0.218198 -1.483 -0.413773 -0.85034 0.193797 -0.783774 0.216503 0.237538 0.58736 -0.572896 1.48928 -1.01148 -0.780593 0.999464 0.69394 0.26259 1.44734 -1.55821 -1.37753 0.132039 1.35386 1.99999 -0.217274 0.364073 -0.466695 0.132859 -2.56291 -0.657328 -2.47893 -2.57044 -1.22156 -0.0211993 0.381539 0.724422 0.256018 0.354717 0.0146073 -1.75279 0.840832 1.40598 0.954569 0.714917 -0.803257 1.56781 0.633293 -1.86162 -1.80349 -0.387484 -0.634865 0.532736 -1.32691 -1.51974 0.0233989 -0.456043 2.58229 -0.708568 -1.163 -0.110251 -0.0711566 1.02406 0.545114 1.35538 -0.142807 1.20894 -0.0567848 1.39182 -0.465334 0.87427 -0.448551 -0.0358063 -1.01012 -0.797672 0.77855 -0.330276 1.42124 -0.0410895 0.108078 -2.29568 1.01002 -2.34514 2.72897 3.84297 -0.214068 0.00488007 -0.289352 0.916948 -0.0497474 -1.46238 1.36247 -2.19644 0.789953 -0.349136 0.831855 0.248977 0.310073 
0.937366 -0.721393 -0.907663 -2.44643 0.116254 -1.15479 0.767892 1.24651 1.31487 -1.48543 -0.30134 -1.54882 -0.69308 -0.588411 -0.191966 0.374858 -1.51724 -1.46858 -0.00413096 -2.9109 0.558712 1.26558 -0.126694 0.987953 -0.0671247 0.0826921 0.0611658 0.058505 -0.995602 -1.60417 -0.0385477 0.769513 0.978431 0.948501 1.42343 -1.47896 -2.01035 -0.974919 0.188762 1.15097 0.86059 0.361853 0.962252 -0.746236 -1.24527 0.97126 -0.564888 -0.21746 2.55517 -0.0397454 0.760991 -0.17923 0.128264 -0.39065 1.2543 -2.96761 0.0126984 -0.836977 -0.00758464 -0.335799 -1.3609 2.42372 -2.66812 -1.2617 -0.839141 -0.426975 2.48331 -0.4199 1.06541 -0.572378 0.249035 -0.940032 1.19428 0.239449 2.41939 -0.432731 -0.650458 1.32106 1.14882 -1.68032 -0.754276 -3.93984 -0.647978 -0.889337 0.143214 1.77492 -0.390308 -0.639705 1.32069 -0.364444 0.696046 -1.63836 -2.03531 1.07645 0.0406629 -1.2774 -1.44146 0.0869962 -1.98379 -0.6621 -0.556503 -1.66552 -2.08102 -0.240412 1.16403 0.782153 0.598732 -0.0495132 -0.00977785 -1.37821 1.21336 1.01051 -0.2548 1.52124 -1.786 -1.97666 -0.106965 -0.44227 2.30562 0.00613678 -0.130574 0.597181 0.239238 2.82067 1.81223 0.137575 1.61541 1.14714 -1.4672 -0.421318 -3.13977 0.0206738 0.18407 -1.32707 -2.37453 0.611305 -0.101717 -0.736931 0.299889 0.585472 0.935524 -0.243882 -0.585098 -0.0489769 -1.40452 0.845035 0.586528 -0.852777 -0.543663 1.14001 -0.743333 0.675335 -2.41693 -1.49194 -1.22609 -2.26039 -1.71651 -1.67126 0.423048 -0.292493 -0.667368 1.54484 -0.0591545 0.0493694 -2.77347 0.621698 0.0461375 1.24707 -1.2393 0.417545 -1.31293 -1.03508 -1.01547 -0.0241084 1.50793 -1.26157 0.869173 0.855692 0.331505 -0.688984 -0.555169 -1.82612 -0.540168 0.921976 -0.110057 -0.782469 -0.69707 0.927456 3.43726 -0.662916 1.05169 -0.452976 -0.265176 -0.932342 0.918395 0.674794 0.069908 1.58123 0.863898 2.77124 -1.16364 2.0288 0.977555 0.24107 0.476589 -0.830959 2.21439 -0.608788 -0.959577 0.521537 -1.31386 0.51072 1.28267 0.809802 -1.92557 -2.46875 -0.584243 0.387571 -1.99497 -0.850832 -1.97054 1.17259 0.899747 1.68267 -0.146706 0.257134 -0.335733 -0.130596 -1.1362 -0.987967 1.18713 0.0773133 -0.0798316 0.732116 -0.738659 1.10776 -0.995836 -1.29142 1.01648 -0.146594 0.409961 -1.50054 -0.17464 0.617796 0.503688 0.0398858 0.979841 0.618477 1.91881 -1.35286 -0.203986 0.115588 -3.17918 -1.32515 -1.7758 -0.521021 -0.826932 -1.86136 0.0944666 -0.612891 1.50545 -0.8015 2.6825 0.807989 0.624644 -1.13547 0.800888 -0.562109 -3.32875 -1.17704 2.76538 0.977251 -1.8629 0.58083 -1.71005 -0.0802877 -0.286157 0.961389 -0.419929 -1.82401 -1.08083 1.10172 1.47172 -0.444771 0.968977 -0.310453 0.976251 0.201705 0.972483 -1.22276 -2.75041 -0.336875 1.32247 0.870925 1.99726 0.78554 -2.33779 0.745222 0.066971 -2.11062 
-0.247147 2.45929 1.17672 -1.14566 -1.56253 0.821681 1.36739 2.22559 -1.66327 -0.788904 -0.676608 -0.612948 0.495766 -0.295412 0.325725 2.08041 0.15228 0.131659 2.4554 -1.58543 -0.329368 -0.527951 -0.430325 -1.29387 2.43636 -0.582522 -0.544389 -1.13254 0.853499 -1.51332 0.455843 2.62681 0.0739069 -0.710131 0.71175 -0.608558 -0.566655 0.762133 1.10391 3.22379 -1.09843 -2.97244 -0.380465 -2.47172 -0.8208 1.36392 0.696325 -0.943853 -0.830941 1.19055 0.832711 1.2637 -0.331996 0.445341 -1.67557 0.245615 2.64469 -1.02384 -0.3976 0.260375 0.163023 1.5131 -1.25358 -0.740931 0.761706 0.216249 0.828227 1.99687 0.063597 -0.824257 -0.49553 -0.667767 -0.318355 -1.78224 1.31513 -1.05548 2.01802 1.2992 -1.79075 1.35718 -0.199502 -0.311565 -0.240692 -1.10733 -2.32343 1.26046 0.638469 -1.62505 0.124758 0.962167 0.186822 1.71119 -0.615636 -0.124062 -1.75157 -0.10391 -1.01212 -0.731899 1.51913 -0.3221 1.39461 0.236561 2.78915 -1.06558 -0.372967 0.895276 0.0597037 0.482736 1.23988 0.271101 0.117501 1.34753 -1.03919 0.569737 2.17078 -0.682666 -0.104998 2.06489 -0.315556 1.52444 2.44625 -1.08327 -0.948441 -1.77529 0.853486 -1.01765 0.763153 -0.519781 -2.50728 -0.284668 0.173172 -0.70306 -0.790345 -0.177171 1.18559 -0.871793 0.873223 -0.0879145 -1.05975 -2.10534 -0.249675 -0.923749 -1.04183 -0.188517 3.13956 -1.01768 -0.181112 -1.0662 -0.990504 -0.279727 -0.73732 -0.736886 1.53079 0.822927 -0.354875 1.90925 1.66592 0.0954399 -0.345346 1.46138 -0.657593 -0.707807 0.813731 -0.656996 0.349191 -1.88042 -0.278389 0.170656 -0.262211 1.75921 1.15933 0.438944 -2.06345 2.65372 -3.53943 -0.362531 0.305097 0.980152 0.605403 0.384326 -3.44662 -1.06741 0.910259 -0.135951 0.864072 -0.990382 -0.633842 0.964724 -1.0175 -1.41708 1.3043 -0.926264 -0.391478 1.42494 -0.813708 -0.823781 0.00971671 1.11192 -1.8672 -0.573241 0.657294 -0.912643 0.396431 1.47259 -0.440739 0.213929 -0.818381 1.13678 0.630193 3.61198 -0.259256 -2.45349 -0.948989 -1.74211 0.191882 -3.96949 1.00719 -1.10433 -2.71596 -1.11796 2.10199 0.97342 0.029527 -0.9911 0.758755 -0.72863 0.820535 -0.826556 -0.0392577 -0.832043 1.77406 -3.00909 3.46177 0.885705 -0.85122 -0.443207 1.81437 -1.00135 0.318515 0.489355 -2.59229 1.32566 -1.15255 -2.02457 -0.729727 -0.0813632 -1.23751 -2.8039 -0.554473 0.93738 3.90455 0.408047 -0.516884 -2.86272 0.535267 -3.05852 -0.783801 1.81422 2.6938 1.83968 0.935666 0.195225 0.933808 -0.0652726 0.0831491 0.0124296 1.14059 1.33596 -2.14003 -0.174816 -0.769519 -1.59558 1.145 1.65659 -0.260804 -0.870292 2.00097 -3.7277 2.65978 1.87116 -0.100222 0.367812 0.0581738 -0.995587 3.18905 1.37493 -0.966122 -0.546931 -0.256564 0.124002 2.49751 0.840853 -1.14571 1.55051 2.34175 2.26752 0.635685 -1.10958 0.427431 -1.24339 
-1.83623 -0.177648 0.406345 0.908067 -0.132758 -0.0470262 -0.452095 0.538939 1.12745 0.780907 -0.758768 0.579625 0.594066 -1.2923 -1.51807 -0.0584094 0.0958966 0.769703 -1.387 3.18237 -0.0819509 2.22908 1.26957 -0.942109 -0.233363 0.749003 -1.10712 1.45741 2.0031 1.61042 -0.139091 1.70047 -0.970887 -0.376237 -1.14096 0.194582 -0.541738 0.295684 0.688036 -2.06011 0.33918 -0.607798 1.3887 -0.712299 0.436354 1.60463 -2.02971 -1.66424 -0.43964 0.732665 -0.770218 0.541544 3.64265 -1.42091 -0.177105 2.41415 1.54851 -0.693661 0.722516 -1.49413 1.85585 -0.00475183 1.94723 0.115175 0.31239 -2.39359 -0.281258 -1.57427 0.142943 1.3537 -0.175353 0.661239 2.33364 -0.628983 0.958845 1.4453 0.485902 1.64087 1.18629 -1.63488 1.76771 -0.598775 1.01002 -2.40681 -1.59228 0.798317 -0.711125 -1.00874 -0.221853 -0.165253 -0.218401 -2.05656 1.56622 0.824839 -2.16703 -0.0840219 -0.334952 -1.35645 -0.995183 -0.385857 0.468084 1.882 1.58016 -0.954186 -1.2357 -1.26804 -0.55056 1.91884 3.00582 -0.314835 -0.86251 -2.03772 1.36687 0.0248946 0.959179 -1.31329 -1.41126 -1.48657 -0.731588 -1.46046 -1.73794 -0.167283 -0.00771686 -0.593203 1.50967 -0.775232 1.01203 0.865628 -0.475879 -0.436055 -1.38155 -1.82471 -0.388516 0.732764 -1.71302 0.115192 2.04573 -0.504172 -0.149458 1.03752 0.247056 -1.01182 -2.12753 0.253817 0.74452 -0.524441 2.28407 -0.385673 1.15332 -1.11292 -0.826938 0.718259 -0.587069 0.123008 -1.14348 1.77128 -0.337379 0.509443 -0.664829 -0.147896 -0.304409 -0.918543 -0.740058 -1.22485 0.0730144 3.40115 1.30756 1.16988 1.11911 -1.94128 -0.138747 -0.982541 -0.427164 -0.232427 0.335786 -1.13035 -1.62542 -2.62837 0.262508 -1.54921 -1.40904 2.07779 1.76481 0.275463 1.4242 -2.80956 2.06025 -0.60557 -0.398218 0.168988 0.749044 0.694539 2.20869 0.086509 -0.92522 0.482133 3.91617 1.54507 -0.423796 -0.844042 1.59573 0.822805 -0.137966 0.43692 -1.323 -1.28112 1.57392 -1.43888 -0.374552 -0.202962 -1.99661 0.576043 0.774324 -0.633547 0.38141 0.859645 