500 0
28 28 28 
14 14 14 
1 1 1 1 1 1 1 1 1 1 1 1 1 1 1 1 1 1 1 1 1 1 1 1 1 1 1 1 1 1 1 1 1 1 1 1 1 1 1 1 1 1 1 1 1 1 1 1 1 1 1 1 1 1 1 1 1 1 1 1 1 1 1 1 1 1 1 1 1 1 1 1 1 1 1 1 1 1 1 1 1 1 1 1 1 1 1 1 1 1 1 1 1 1 1 1 1 1 1 1 
1 1 1 1 1 1 1 1 1 1 1 1 1 1 1 1 1 1 1 1 1 1 1 1 1 1 1 1 1 1 1 1 1 1 1 1 1 1 1 1 1 1 1 1 1 1 1 1 1 1 1 1 1 1 1 1 1 1 1 1 1 1 1 1 1 1 1 1 1 1 1 1 1 1 1 1 1 1 1 1 1 1 1 1 1 1 1 1 1 1 1 1 1 1 1 1 1 1 1 1 
1 1 1 1 1 1 1 1 1 1 1 1 1 1 1 1 1 1 1 1 1 1 1 1 1 1 1 1 1 1 1 1 1 1 1 1 1 1 1 1 1 1 1 1 1 1 1 1 1 1 1 1 1 1 1 1 1 1 1 1 1 1 1 1 1 1 1 1 1 1 1 1 1 1 1 1 1 1 1 1 1 1 1 1 1 1 1 1 1 1 1 1 1 1 1 1 1 1 1 1 
1 1 1 1 1 1 1 1 1 1 1 1 1 1 1 1 1 1 1 1 1 1 1 1 1 1 1 1 1 1 1 1 1 1 1 1 1 1 1 1 1 1 1 1 1 1 1 1 1 1 1 1 1 1 1 1 1 1 1 1 1 1 1 1 1 1 1 1 1 1 1 1 1 1 1 1 1 1 1 1 1 1 1 1 1 1 1 1 1 1 1 1 1 1 1 1 1 1 1 1 
1 1 1 1 1 1 1 1 1 1 1 1 1 1 1 1 1 1 1 1 1 1 1 1 1 1 1 1 1 1 1 1 1 1 1 1 1 1 1 1 1 1 1 1 1 1 1 1 1 1 1 1 1 1 1 1 1 1 1 1 1 1 1 1 1 1 1 1 1 1 1 1 1 1 1 1 1 1 1 1 1 1 1 1 1 1 1 1 1 1 1 1 1 1 1 1 1 1 1 1 

0 1.4 1.4 1.4 0 1.4 4.2 4.2 0 4.2 1.4 4.2 0 4.2 4.2 1.4 0 7 1.4 1.4 0 7 4.2 4.2 0 9.8 1.4 4.2 0 9.8 4.2 1.4 0 12.6 1.4 1.4 0 12.6 4.2 4.2 0 15.4 1.4 4.2 0 15.4 4.2 1.4 0 18.2 1.4 1.4 0 18.2 4.2 4.2 0 21 1.4 4.2 0 21 4.2 1.4 0 23.8 1.4 1.4 0 23.8 4.2 4.2 0 26.6 1.4 4.2 0 26.6 4.2 1.4 0 1.4 7 1.4 0 1.4 9.8 4.2 0 4.2 7 4.2 0 4.2 9.8 1.4 0 7 7 1.4 0 7 9.8 4.2 0 9.8 7 4.2 0 9.8 9.8 1.4 0 12.6 7 1.4 0 12.6 9.8 4.2 0 15.4 7 4.2 0 15.4 9.8 1.4 0 18.2 7 1.4 0 18.2 9.8 4.2 0 21 7 4.2 0 21 9.8 1.4 0 23.8 7 1.4 0 23.8 9.8 4.2 0 26.6 7 4.2 0 26.6 9.8 1.4 0 1.4 12.6 1.4 0 1.4 15.4 4.2 0 4.2 12.6 4.2 0 4.2 15.4 1.4 0 7 12.6 1.4 0 7 15.4 4.2 0 9.8 12.6 4.2 0 9.8 15.4 1.4 0 12.6 12.6 1.4 0 12.6 15.4 4.2 0 15.4 12.6 4.2 0 15.4 15.4 1.4 0 18.2 12.6 1.4 0 18.2 15.4 4.2 0 21 12.6 4.2 0 21 15.4 1.4 0 23.8 12.6 1.4 0 23.8 15.4 4.2 0 26.6 12.6 4.2 0 26.6 15.4 1.4 0 1.4 18.2 1.4 0 1.4 21 4.2 0 4.2 18.2 4.2 0 4.2 21 1.4 0 7 18.2 1.4 0 7 21 4.2 0 9.8 18.2 4.2 0 9.8 21 1.4 0 12.6 18.2 1.4 0 12.6 21 4.2 0 15.4 18.2 4.2 0 15.4 21 1.4 0 18.2 18.2 1.4 0 18.2 21 4.2 0 21 18.2 4.2 0 21 21 1.4 0 23.8 18.2 1.4 0 23.8 21 4.2 0 26.6 18.2 4.2 0 26.6 21 1.4 0 1.4 23.8 1.4 0 1.4 26.6 4.2 0 4.2 23.8 4.2 0 4.2 26.6 1.4 0 7 23.8 1.4 0 7 26.6 4.2 0 9.8 23.8 4.2 0 9.8 26.6 1.4 0 12.6 23.8 1.4 0 12.6 26.6 4.2 0 15.4 23.8 4.2 0 15.4 26.6 1.4 0 18.2 23.8 1.4 0 18.2 26.6 4.2 0 21 23.8 4.2 0 21 26.6 1.4 0 23.8 23.8 1.4 0 23.8 26.6 4.2 0 26.6 23.8 4.2 0 26.6 26.6 1.4 
0 1.4 1.4 7 0 1.4 4.2 9.8 0 4.2 1.4 9.8 0 4.2 4.2 7 0 7 1.4 7 0 7 4.2 9.8 0 9.8 1.4 9.8 0 9.8 4.2 7 0 12.6 1.4 7 0 12.6 4.2 9.8 0 15.4 1.4 9.8 0 15.4 4.2 7 0 18.2 1.4 7 0 18.2 4.2 9.8 0 21 1.4 9.8 0 21 4.2 7 0 23.8 1.4 7 0 23.8 4.2 9.8 0 26.6 1.4 9.8 0 26.6 4.2 7 0 1.4 7 7 0 1.4 9.8 9.8 0 4.2 7 9.8 0 4.2 9.8 7 0 7 7 7 0 7 9.8 9.8 0 9.8 7 9.8 0 9.8 9.8 7 0 12.6 7 7 0 12.6 9.8 9.8 0 15.4 7 9.8 0 15.4 9.8 7 0 18.2 7 7 0 18.2 9.8 9.8 0 21 7 9.8 0 21 9.8 7 0 23.8 7 7 0 23.8 9.8 9.8 0 26.6 7 9.8 0 26.6 9.8 7 0 1.4 12.6 7 0 1.4 15.4 9.8 0 4.2 12.6 9.8 0 4.2 15.4 7 0 7 12.6 7 0 7 15.4 9.8 0 9.8 12.6 9.8 0 9.8 15.4 7 0 12.6 12.6 7 0 12.6 15.4 9.8 0 15.4 12.6 9.8 0 15.4 15.4 7 0 18.2 12.6 7 0 18.2 15.4 9.8 0 21 12.6 9.8 0 21 15.4 7 0 23.8 12.6 7 0 23.8 15.4 9.8 0 26.6 12.6 9.8 0 26.6 15.4 7 0 1.4 18.2 7 0 1.4 21 9.8 0 4.2 18.2 9.8 0 4.2 21 7 0 7 18.2 7 0 7 21 9.8 0 9.8 18.2 9.8 0 9.8 21 7 0 12.6 18.2 7 0 12.6 21 9.8 0 15.4 18.2 9.8 0 15.4 21 7 0 18.2 18.2 7 0 18.2 21 9.8 0 21 18.2 9.8 0 21 21 7 0 23.8 18.2 7 0 23.8 21 9.8 0 26.6 18.2 9.8 0 26.6 21 7 0 1.4 23.8 7 0 1.4 26.6 9.8 0 4.2 23.8 9.8 0 4.2 26.6 7 0 7 23.8 7 0 7 26.6 9.8 0 9.8 23.8 9.8 0 9.8 26.6 7 0 12.6 23.8 7 0 12.6 26.6 9.8 0 15.4 23.8 9.8 0 15.4 26.6 7 0 18.2 23.8 7 0 18.2 26.6 9.8 0 21 23.8 9.8 0 21 26.6 7 0 23.8 23.8 7 0 23.8 26.6 9.8 0 26.6 23.8 9.8 0 26.6 26.6 7 
0 1.4 1.4 12.6 0 1.4 4.2 15.4 0 4.2 1.4 15.4 0 4.2 4.2 12.6 0 7 1.4 12.6 0 7 4.2 15.4 0 9.8 1.4 15.4 0 9.8 4.2 12.6 0 12.6 1.4 12.6 0 12.6 4.2 15.4 0 15.4 1.4 15.4 0 15.4 4.2 12.6 0 18.2 1.4 12.6 0 18.2 4.2 15.4 0 21 1.4 15.4 0 21 4.2 12.6 0 23.8 1.4 12.6 0 23.8 4.2 15.4 0 26.6 1.4 15.4 0 26.6 4.2 12.6 0 1.4 7 12.6 0 1.4 9.8 15.4 0 4.2 7 15.4 0 4.2 9.8 12.6 0 7 7 12.6 0 7 9.8 15.4 0 9.8 7 15.4 0 9.8 9.8 12.6 0 12.6 7 12.6 0 12.6 9.8 15.4 0 15.4 7 15.4 0 15.4 9.8 12.6 0 18.2 7 12.6 0 18.2 9.8 15.4 0 21 7 15.4 0 21 9.8 12.6 0 23.8 7 12.6 0 23.8 9.8 15.4 0 26.6 7 15.4 0 26.6 9.8 12.6 0 1.4 12.6 12.6 0 1.4 15.4 15.4 0 4.2 12.6 15.4 0 4.2 15.4 12.6 0 7 12.6 12.6 0 7 15.4 15.4 0 9.8 12.6 15.4 0 9.8 15.4 12.6 0 12.6 12.6 12.6 0 12.6 15.4 15.4 0 15.4 12.6 15.4 0 15.4 15.4 12.6 0 18.2 12.6 12.6 0 18.2 15.4 15.4 0 21 12.6 15.4 0 21 15.4 12.6 0 23.8 12.6 12.6 0 23.8 15.4 15.4 0 26.6 12.6 15.4 0 26.6 15.4 12.6 0 1.4 18.2 12.6 0 1.4 21 15.4 0 4.2 18.2 15.4 0 4.2 21 12.6 0 7 18.2 12.6 0 7 21 15.4 0 9.8 18.2 15.4 0 9.8 21 12.6 0 12.6 18.2 12.6 0 12.6 21 15.4 0 15.4 18.2 15.4 0 15.4 21 12.6 0 18.2 18.2 12.6 0 18.2 21 15.4 0 21 18.2 15.4 0 21 21 12.6 0 23.8 18.2 12.6 0 23.8 21 15.4 0 26.6 18.2 15.4 0 26.6 21 12.6 0 1.4 23.8 12.6 0 1.4 26.6 15.4 0 4.2 23.8 15.4 0 4.2 26.6 12.6 0 7 23.8 12.6 0 7 26.6 15.4 0 9.8 23.8 15.4 0 9.8 26.6 12.6 0 12.6 23.8 12.6 0 12.6 26.6 15.4 0 15.4 23.8 15.4 0 15.4 26.6 12.6 0 18.2 23.8 12.6 0 18.2 26.6 15.4 0 21 23.8 15.4 0 21 26.6 12.6 0 23.8 23.8 12.6 0 23.8 26.6 15.4 0 26.6 23.8 15.4 0 26.6 26.6 12.6 
0 1.4 1.4 18.2 0 1.4 4.2 21 0 4.2 1.4 21 0 4.2 4.2 18.2 0 7 1.4 18.2 0 7 4.2 21 0 9.8 1.4 21 0 9.8 4.2 18.2 0 12.6 1.4 18.2 0 12.6 4.2 21 0 15.4 1.4 21 0 15.4 4.2 18.2 0 18.2 1.4 18.2 0 18.2 4.2 21 0 21 1.4 21 0 21 4.2 18.2 0 23.8 1.4 18.2 0 23.8 4.2 21 0 26.6 1.4 21 0 26.6 4.2 18.2 0 1.4 7 18.2 0 1.4 9.8 21 0 4.2 7 21 0 4.2 9.8 18.2 0 7 7 18.2 0 7 9.8 21 0 9.8 7 21 0 9.8 9.8 18.2 0 12.6 7 18.2 0 12.6 9.8 21 0 15.4 7 21 0 15.4 9.8 18.2 0 18.2 7 18.2 0 18.2 9.8 21 0 21 7 21 0 21 9.8 18.2 0 23.8 7 18.2 0 23.8 9.8 21 0 26.6 7 21 0 26.6 9.8 18.2 0 1.4 12.6 18.2 0 1.4 15.4 21 0 4.2 12.6 21 0 4.2 15.4 18.2 0 7 12.6 18.2 0 7 15.4 21 0 9.8 12.6 21 0 9.8 15.4 18.2 0 12.6 12.6 18.2 0 12.6 15.4 21 0 15.4 12.6 21 0 15.4 15.4 18.2 0 18.2 12.6 18.2 0 18.2 15.4 21 0 21 12.6 21 0 21 15.4 18.2 0 23.8 12.6 18.2 0 23.8 15.4 21 0 26.6 12.6 21 0 26.6 15.4 18.2 0 1.4 18.2 18.2 0 1.4 21 21 0 4.2 18.2 21 0 4.2 21 18.2 0 7 18.2 18.2 0 7 21 21 0 9.8 18.2 21 0 9.8 21 18.2 0 12.6 18.2 18.2 0 12.6 21 21 0 15.4 18.2 21 0 15.4 21 18.2 0 18.2 18.2 18.2 0 18.2 21 21 0 21 18.2 21 0 21 21 18.2 0 23.8 18.2 18.2 0 23.8 21 21 0 26.6 18.2 21 0 26.6 21 18.2 0 1.4 23.8 18.2 0 1.4 26.6 21 0 4.2 23.8 21 0 4.2 26.6 18.2 0 7 23.8 18.2 0 7 26.6 21 0 9.8 23.8 21 0 9.8 26.6 18.2 0 12.6 23.8 18.2 0 12.6 26.6 21 0 15.4 23.8 21 0 15.4 26.6 18.2 0 18.2 23.8 18.2 0 18.2 26.6 21 0 21 23.8 21 0 21 26.6 18.2 0 23.8 23.8 18.2 0 23.8 26.6 21 0 26.6 23.8 21 0 26.6 26.6 18.2 
0 1.4 1.4 23.8 0 1.4 4.2 26.6 0 4.2 1.4 26.6 0 4.2 4.2 23.8 0 7 1.4 23.8 0 7 4.2 26.6 0 9.8 1.4 26.6 0 9.8 4.2 23.8 0 12.6 1.4 23.8 0 12.6 4.2 26.6 0 15.4 1.4 26.6 0 15.4 4.2 23.8 0 18.2 1.4 23.8 0 18.2 4.2 26.6 0 21 1.4 26.6 0 21 4.2 23.8 0 23.8 1.4 23.8 0 23.8 4.2 26.6 0 26.6 1.4 26.6 0 26.6 4.2 23.8 0 1.4 7 23.8 0 1.4 9.8 26.6 0 4.2 7 26.6 0 4.2 9.8 23.8 0 7 7 23.8 0 7 9.8 26.6 0 9.8 7 26.6 0 9.8 9.8 23.8 0 12.6 7 23.8 0 12.6 9.8 26.6 0 15.4 7 26.6 0 15.4 9.8 23.8 0 18.2 7 23.8 0 18.2 9.8 26.6 0 21 7 26.6 0 21 9.8 23.8 0 23.8 7 23.8 0 23.8 9.8 26.6 0 26.6 7 26.6 0 26.6 9.8 23.8 0 1.4 12.6 23.8 0 1.4 15.4 26.6 0 4.2 12.6 26.6 0 4.2 15.4 23.8 0 7 12.6 23.8 0 7 15.4 26.6 0 9.8 12.6 26.6 0 9.8 15.4 23.8 0 12.6 12.6 23.8 0 12.6 15.4 26.6 0 15.4 12.6 26.6 0 15.4 15.4 23.8 0 18.2 12.6 23.8 0 18.2 15.4 26.6 0 21 12.6 26.6 0 21 15.4 23.8 0 23.8 12.6 23.8 0 23.8 15.4 26.6 0 26.6 12.6 26.6 0 26.6 15.4 23.8 0 1.4 18.2 23.8 0 1.4 21 26.6 0 4.2 18.2 26.6 0 4.2 21 23.8 0 7 18.2 23.8 0 7 21 26.6 0 9.8 18.2 26.6 0 9.8 21 23.8 0 12.6 18.2 23.8 0 12.6 21 26.6 0 15.4 18.2 26.6 0 15.4 21 23.8 0 18.2 18.2 23.8 0 18.2 21 26.6 0 21 18.2 26.6 0 21 21 23.8 0 23.8 18.2 23.8 0 23.8 21 26.6 0 26.6 18.2 26.6 0 26.6 21 23.8 0 1.4 23.8 23.8 0 1.4 26.6 26.6 0 4.2 23.8 26.6 0 4.2 26.6 23.8 0 7 23.8 23.8 0 7 26.6 26.6 0 9.8 23.8 26.6 0 9.8 26.6 23.8 0 12.6 23.8 23.8 0 12.6 26.6 26.6 0 15.4 23.8 26.6 0 15.4 26.6 23.8 0 18.2 23.8 23.8 0 18.2 26.6 26.6 0 21 23.8 26.6 0 21 26.6 23.8 0 23.8 23.8 23.8 0 23.8 26.6 26.6 0 26.6 23.8 26.6 0 26.6 26.6 23.8 

0 0 0 0 0 0 0 0 0 0 0 0 0 0 0 0 0 0 0 0 0 0 0 0 0 0 0 0 0 0 0 0 0 0 0 0 0 0 0 0 0 0 0 0 0 0 0 0 0 0 0 0 0 0 0 0 0 0 0 0 0 0 0 0 0 0 0 0 0 0 0 0 0 0 0 0 0 0 0 0 0 0 0 0 0 0 0 0 0 0 0 0 0 0 0 0 0 0 0 0 0 0 0 0 0 0 0 0 0 0 0 0 0 0 0 0 0 0 0 0 0 0 0 0 0 0 0 0 0 0 0 0 0 0 0 0 0 0 0 0 0 0 0 0 0 0 0 0 0 0 0 0 0 0 0 0 0 0 0 0 0 0 0 0 0 0 0 0 0 0 0 0 0 0 0 0 0 0 0 0 0 0 0 0 0 0 0 0 0 0 0 0 0 0 0 0 0 0 0 0 0 0 0 0 0 0 0 0 0 0 0 0 0 0 0 0 0 0 0 0 0 0 0 0 0 0 0 0 0 0 0 0 0 0 0 0 0 0 0 0 0 0 0 0 0 0 0 0 0 0 0 0 0 0 0 0 0 0 0 0 0 0 0 0 0 0 0 0 0 0 0 0 0 0 0 0 0 0 0 0 0 0 0 0 0 0 0 0 0 0 0 0 0 0 0 0 0 0 0 0 
0 0 0 0 0 0 0 0 0 0 0 0 0 0 0 0 0 0 0 0 0 0 0 0 0 0 0 0 0 0 0 0 0 0 0 0 0 0 0 0 0 0 0 0 0 0 0 0 0 0 0 0 0 0 0 0 0 0 0 0 0 0 0 0 0 0 0 0 0 0 0 0 0 0 0 0 0 0 0 0 0 0 0 0 0 0 0 0 0 0 0 0 0 0 0 0 0 0 0 0 0 0 0 0 0 0 0 0 0 0 0 0 0 0 0 0 0 0 0 0 0 0 0 0 0 0 0 0 0 0 0 0 0 0 0 0 0 0 0 0 0 0 0 0 0 0 0 0 0 0 0 0 0 0 0 0 0 0 0 0 0 0 0 0 0 0 0 0 0 0 0 0 0 0 0 0 0 0 0 0 0 0 0 0 0 0 0 0 0 0 0 0 0 0 0 0 0 0 0 0 0 0 0 0 0 0 0 0 0 0 0 0 0 0 0 0 0 0 0 0 0 0 0 0 0 0 0 0 0 0 0 0 0 0 0 0 0 0 0 0 0 0 0 0 0 0 0 0 0 0 0 0 0 0 0 0 0 0 0 0 0 0 0 0 0 0 0 0 0 0 0 0 0 0 0 0 0 0 0 0 0 0 0 0 0 0 0 0 0 0 0 0 0 0 0 0 0 0 0 0 
0 0 0 0 0 0 0 0 0 0 0 0 0 0 0 0 0 0 0 0 0 0 0 0 0 0 0 0 0 0 0 0 0 0 0 0 0 0 0 0 0 0 0 0 0 0 0 0 0 0 0 0 0 0 0 0 0 0 0 0 0 0 0 0 0 0 0 0 0 0 0 0 0 0 0 0 0 0 0 0 0 0 0 0 0 0 0 0 0 0 0 0 0 0 0 0 0 0 0 0 0 0 0 0 0 0 0 0 0 0 0 0 0 0 0 0 0 0 0 0 0 0 0 0 0 0 0 0 0 0 0 0 0 0 0 0 0 0 0 0 0 0 0 0 0 0 0 0 0 0 0 0 0 0 0 0 0 0 0 0 0 0 0 0 0 0 0 0 0 0 0 0 0 0 0 0 0 0 0 0 0 0 0 0 0 0 0 0 0 0 0 0 0 0 0 0 0 0 0 0 0 0 0 0 0 0 0 0 0 0 0 0 0 0 0 0 0 0 0 0 0 0 0 0 0 0 0 0 0 0 0 0 0 0 0 0 0 0 0 0 0 0 0 0 0 0 0 0 0 0 0 0 0 0 0 0 0 0 0 0 0 0 0 0 0 0 0 0 0 0 0 0 0 0 0 0 0 0 0 0 0 0 0 0 0 0 0 0 0 0 0 0 0 0 0 0 0 0 0 0 
0 0 0 0 0 0 0 0 0 0 0 0 0 0 0 0 0 0 0 0 0 0 0 0 0 0 0 0 0 0 0 0 0 0 0 0 0 0 0 0 0 0 0 0 0 0 0 0 0 0 0 0 0 0 0 0 0 0 0 0 0 0 0 0 0 0 0 0 0 0 0 0 0 0 0 0 0 0 0 0 0 0 0 0 0 0 0 0 0 0 0 0 0 0 0 0 0 0 0 0 0 0 0 0 0 0 0 0 0 0 0 0 0 0 0 0 0 0 0 0 0 0 0 0 0 0 0 0 0 0 0 0 0 0 0 0 0 0 0 0 0 0 0 0 0 0 0 0 0 0 0 0 0 0 0 0 0 0 0 0 0 0 0 0 0 0 0 0 0 0 0 0 0 0 0 0 0 0 0 0 0 0 0 0 0 0 0 0 0 0 0 0 0 0 0 0 0 0 0 0 0 0 0 0 0 0 0 0 0 0 0 0 0 0 0 0 0 0 0 0 0 0 0 0 0 0 0 0 0 0 0 0 0 0 0 0 0 0 0 0 0 0 0 0 0 0 0 0 0 0 0 0 0 0 0 0 0 0 0 0 0 0 0 0 0 0 0 0 0 0 0 0 0 0 0 0 0 0 0 0 0 0 0 0 0 0 0 0 0 0 0 0 0 0 0 0 0 0 0 0 
0 0 0 0 0 0 0 0 0 0 0 0 0 0 0 0 0 0 0 0 0 0 0 0 0 0 0 0 0 0 0 0 0 0 0 0 0 0 0 0 0 0 0 0 0 0 0 0 0 0 0 0 0 0 0 0 0 0 0 0 0 0 0 0 0 0 0 0 0 0 0 0 0 0 0 0 0 0 0 0 0 0 0 0 0 0 0 0 0 0 0 0 0 0 0 0 0 0 0 0 0 0 0 0 0 0 0 0 0 0 0 0 0 0 0 0 0 0 0 0 0 0 0 0 0 0 0 0 0 0 0 0 0 0 0 0 0 0 0 0 0 0 0 0 0 0 0 0 0 0 0 0 0 0 0 0 0 0 0 0 0 0 0 0 0 0 0 0 0 0 0 0 0 0 0 0 0 0 0 0 0 0 0 0 0 0 0 0 0 0 0 0 0 0 0 0 0 0 0 0 0 0 0 0 0 0 0 0 0 0 0 0 0 0 0 0 0 0 0 0 0 0 0 0 0 0 0 0 0 0 0 0 0 0 0 0 0 0 0 0 0 0 0 0 0 0 0 0 0 0 0 0 0 0 0 0 0 0 0 0 0 0 0 0 0 0 0 0 0 0 0 0 0 0 0 0 0 0 0 0 0 0 0 0 0 0 0 0 0 0 0 0 0 0 0 0 0 0 0 0 
