500 101.001
27.872 27.872 27.872 
14 14 14 
1 1 1 1 1 1 1 1 1 1 1 1 1 1 1 1 1 1 1 1 1 1 1 1 1 1 1 1 1 1 1 1 1 1 1 1 1 1 1 1 1 1 1 1 1 1 1 1 1 1 1 1 1 1 1 1 1 1 1 1 1 1 1 1 1 1 1 1 1 1 1 1 1 1 1 1 1 1 1 1 1 1 1 1 1 1 1 1 1 1 1 1 1 1 1 1 1 1 1 1 
1 1 1 1 1 1 1 1 1 1 1 1 1 1 1 1 1 1 1 1 1 1 1 1 1 1 1 1 1 1 1 1 1 1 1 1 1 1 1 1 1 1 1 1 1 1 1 1 1 1 1 1 1 1 1 1 1 1 1 1 1 1 1 1 1 1 1 1 1 1 1 1 1 1 1 1 1 1 1 1 1 1 1 1 1 1 1 1 1 1 1 1 1 1 1 1 1 1 1 1 
1 1 1 1 1 1 1 1 1 1 1 1 1 1 1 1 1 1 1 1 1 1 1 1 1 1 1 1 1 1 1 1 1 1 1 1 1 1 1 1 1 1 1 1 1 1 1 1 1 1 1 1 1 1 1 1 1 1 1 1 1 1 1 1 1 1 1 1 1 1 1 1 1 1 1 1 1 1 1 1 1 1 1 1 1 1 1 1 1 1 1 1 1 1 1 1 1 1 1 1 
1 1 1 1 1 1 1 1 1 1 1 1 1 1 1 1 1 1 1 1 1 1 1 1 1 1 1 1 1 1 1 1 1 1 1 1 1 1 1 1 1 1 1 1 1 1 1 1 1 1 1 1 1 1 1 1 1 1 1 1 1 1 1 1 1 1 1 1 1 1 1 1 1 1 1 1 1 1 1 1 1 1 1 1 1 1 1 1 1 1 1 1 1 1 1 1 1 1 1 1 
1 1 1 1 1 1 1 1 1 1 1 1 1 1 1 1 1 1 1 1 1 1 1 1 1 1 1 1 1 1 1 1 1 1 1 1 1 1 1 1 1 1 1 1 1 1 1 1 1 1 1 1 1 1 1 1 1 1 1 1 1 1 1 1 1 1 1 1 1 1 1 1 1 1 1 1 1 1 1 1 1 1 1 1 1 1 1 1 1 1 1 1 1 1 1 1 1 1 1 1 

0 1.73348 1.37794 1.186 0 1.48041 4.09492 3.4349 0 4.05032 1.83868 3.87947 0 3.99596 4.55006 1.1044 0 6.62227 1.76512 1.46526 0 6.70995 4.65215 3.87468 0 9.75886 2.06502 3.8974 0 10.0417 4.1965 1.0032 0 12.5191 1.22214 0.58153 0 12.429 4.16298 4.55948 0 15.181 1.83912 3.44736 0 14.9068 3.85306 0.644625 0 17.9098 1.41394 1.48856 0 17.818 4.30472 3.66229 0 20.8669 1.51656 3.98905 0 20.8797 4.31893 1.28565 0 23.4382 1.36406 1.42558 0 23.7137 4.47171 4.31925 0 26.8437 1.15888 3.81342 0 26.5542 4.09905 1.12458 0 0.986705 6.9739 0.962646 0 1.47543 9.61455 4.38792 0 3.99404 7.02842 4.65732 0 4.07975 8.99644 1.59022 0 7.81097 6.96666 1.39755 0 6.96194 9.80712 4.15055 0 9.90161 6.96258 4.20321 0 9.94764 9.98885 1.21852 0 12.465 6.99226 1.67258 0 12.1769 9.97547 4.37683 0 15.2602 6.56822 3.84427 0 15.3231 9.57368 1.16755 0 18.0675 7.31919 1.25439 0 17.4713 9.6707 4.07209 0 20.6324 6.721 3.97399 0 20.595 9.75506 1.54233 0 23.6976 7.16861 1.63212 0 23.867 10.1477 4.46762 0 26.5933 6.46181 4.17701 0 26.4011 9.78413 1.73687 0 1.43126 12.57 1.42223 0 1.7924 15.5824 4.07824 0 4.49825 12.7526 4.59607 0 4.47454 15.6062 1.52896 0 6.42128 12.4512 1.72273 0 7.38932 15.6507 3.84363 0 9.6948 12.8602 3.42076 0 10.4551 16.0092 1.44111 0 12.7631 12.6785 1.5789 0 12.5111 15.3276 4.35149 0 15.3002 12.5351 4.20103 0 15.3533 15.3752 2.29841 0 18.1159 12.9048 2.00195 0 18.5443 15.1196 4.78575 0 21.0849 12.3716 4.21706 0 21.2935 15.7165 1.7548 0 23.8191 12.3682 1.58594 0 23.6294 15.5298 4.56364 0 26.7066 12.6684 3.92761 0 26.3908 15.6695 1.21965 0 1.30732 18.236 1.30591 0 1.47395 21.0632 3.95216 0 4.29168 18.4665 4.16777 0 4.13321 20.8856 1.1749 0 7.26191 18.5376 1.36367 0 7.57473 21.2979 4.6768 0 9.84332 18.1321 4.44341 0 10.0547 21.11 1.80774 0 12.794 18.3876 1.95227 0 12.6071 20.6898 4.46501 0 15.424 18.1595 4.73711 0 15.1972 21.132 2.01336 0 17.7043 17.9898 1.27402 0 18.5082 21.0271 4.39542 0 21.2532 18.3774 4.34419 0 21.0402 20.9398 1.69562 0 23.8313 18.5605 1.30456 0 23.7657 20.9614 3.82591 0 26.4862 17.6572 3.90872 0 26.8546 20.9199 1.27881 0 1.39843 23.8779 1.44425 0 1.73221 26.718 3.89859 0 4.34529 24.207 3.96654 0 4.32286 26.7089 1.2198 0 6.86977 23.7906 1.74644 0 7.19607 27.2483 4.29833 0 9.75789 24.1267 3.86157 0 9.79308 26.9588 1.37854 0 12.9264 23.8243 1.37358 0 12.6161 26.4406 4.8178 0 15.3633 24.0181 4.23419 0 15.1808 26.7605 1.14186 0 18.0802 23.9654 2.00266 0 18.4477 26.8209 4.42704 0 21.0692 23.5291 4.28924 0 20.7969 26.3198 1.88827 0 23.9634 23.3865 1.19733 0 23.6806 26.3622 3.94335 0 26.4408 23.514 3.85405 0 26.5083 26.1587 1.31749 
0 1.5609 1.79977 6.82717 0 1.36868 3.82212 9.75815 0 3.9528 1.35968 9.93582 0 4.18702 4.07776 6.56345 0 6.74432 1.48836 6.97583 0 6.60634 4.19788 9.99744 0 9.68272 1.60037 9.66054 0 9.66355 4.92866 7.27586 0 12.4086 1.43917 7.0444 0 12.4117 4.0681 9.2626 0 15.4321 1.45028 10.1379 0 15.1394 4.58741 6.87698 0 17.9586 1.71161 7.05963 0 17.8938 4.46156 9.72039 0 21.2078 2.10125 9.77808 0 20.6589 4.34887 6.7963 0 23.7608 1.7123 6.65963 0 24.3634 4.27311 10.1007 0 26.4704 1.29694 9.89281 0 26.4937 4.03434 7.22796 0 1.02259 6.61589 6.94619 0 1.38107 9.63451 9.55158 0 4.10659 6.84821 9.54135 0 4.52218 9.94539 6.86426 0 6.73577 6.65485 6.96428 0 6.44151 9.6622 9.95089 0 9.26162 7.46898 10.8147 0 9.30524 9.46058 7.61656 0 12.475 7.34595 7.06046 0 12.4408 10.2051 10.1489 0 15.309 7.42892 9.67558 0 15.2406 9.68847 6.69931 0 17.7794 6.9837 6.78382 0 18.2053 9.4883 9.37951 0 20.7598 7.18926 9.4242 0 21.0439 9.58815 6.642 0 24.4925 6.9529 6.96752 0 24.0656 9.90853 9.47996 0 26.5777 7.17875 9.96406 0 26.4383 9.90097 6.9348 0 1.75655 12.4988 6.96535 0 1.25022 15.5248 9.67573 0 3.82289 12.6935 9.83441 0 4.30667 15.3957 7.09924 0 6.62565 12.4953 7.43129 0 7.18907 15.2125 10.0248 0 9.63231 12.6611 10.0779 0 9.51866 15.2741 7.34279 0 12.459 12.6138 6.63553 0 12.5509 14.8088 9.62061 0 15.3365 12.6762 9.6825 0 15.3535 15.1247 6.97801 0 18.2968 12.0664 6.77584 0 18.5636 15.7841 9.7217 0 20.7201 12.1221 9.5632 0 21.3119 16.0116 7.32854 0 23.6489 12.3409 7.1221 0 23.9322 15.3383 9.64301 0 26.6543 12.6944 9.41096 0 26.596 14.9347 6.53328 0 1.6709 18.1949 6.77856 0 1.07961 21.5523 8.92221 0 4.02745 18.3565 9.8856 0 3.95292 21.3847 6.54239 0 7.08719 17.9082 7.43421 0 7.0039 21.243 10.4227 0 9.97455 18.1303 10.4487 0 9.70616 20.6721 7.92632 0 12.412 18.1848 7.03555 0 12.3907 20.8887 10.1396 0 15.1521 18.2811 9.40589 0 15.2244 20.9416 7.21862 0 18.0682 18.4385 7.10714 0 18.3807 21.5831 9.38299 0 20.7893 18.9428 9.56333 0 21.3203 21.0683 6.72072 0 23.9145 18.674 7.03565 0 23.9607 20.9012 10.0004 0 27.2303 18.6441 9.30162 0 26.3842 21.0848 6.61142 0 1.47769 23.942 6.25875 0 1.68243 26.7119 9.13548 0 4.47456 23.89 9.921 0 4.26989 26.9113 6.50564 0 7.07624 23.998 6.60802 0 6.72102 26.6849 9.64545 0 9.79871 24.13 9.94785 0 9.53335 26.445 7.10347 0 11.6454 23.3565 6.89098 0 12.2341 26.6768 9.9259 0 14.7279 23.9827 9.88488 0 15.5588 26.9637 6.94577 0 18.2018 24.1264 6.93053 0 17.8024 26.0534 10.0452 0 21.0522 24.8157 9.39783 0 21.0715 27.5858 6.89717 0 23.8626 24.2429 6.79243 0 23.5872 27.4976 9.59813 0 26.4423 24.6358 9.13878 0 26.5143 26.6548 6.54149 
0 1.0194 1.39835 12.4607 0 1.31714 4.19769 15.5174 0 4.1396 1.55872 15.4248 0 3.82788 3.79344 12.4902 0 6.73003 1.48221 13.0373 0 6.83394 4.0943 15.5734 0 10.0176 1.2001 15.6127 0 9.49886 3.81874 12.4583 0 12.6344 1.07896 12.6557 0 12.5031 3.7198 14.96 0 15.2318 1.43203 15.4004 0 15.0339 4.11484 12.5283 0 18.3682 1.41164 12.2063 0 18.8985 4.62201 15.2496 0 20.9372 1.4842 15.2294 0 21.1872 4.74583 12.4127 0 24.0096 1.61671 12.3427 0 23.4862 4.01889 15.2142 0 25.9911 1.29462 15.4117 0 26.8004 4.14176 12.4423 0 1.43812 7.22229 12.5147 0 1.03066 9.2524 15.2649 0 3.91963 7.1748 15.3961 0 3.85936 9.96228 12.982 0 6.19793 6.88516 12.8285 0 6.6992 9.75131 15.5368 0 9.86315 6.61695 15.2152 0 9.73668 10.1265 13.0144 0 12.5497 7.01603 12.7724 0 12.786 9.39257 15.7932 0 15.2425 6.65808 15.4659 0 15.3851 9.94085 12.6149 0 18.005 6.84455 12.3083 0 18.11 9.47309 15.5806 0 21.0219 7.64684 14.91 0 21.3429 10.0754 12.1576 0 23.7875 7.13184 11.9478 0 23.7702 9.58203 15.1282 0 26.3892 6.52637 15.3997 0 26.548 9.92467 12.438 0 1.28784 12.5192 12.4976 0 1.1458 15.6933 15.6153 0 3.65286 12.7521 15.5045 0 4.18759 15.2093 12.6359 0 7.11687 12.8154 13.0621 0 7.428 15.589 15.7629 0 10.044 12.7825 15.5707 0 10.2843 15.4709 13.1777 0 12.8252 12.5795 12.9681 0 13.1454 15.7367 15.5145 0 15.9365 12.6615 15.3442 0 15.2182 15.4255 12.1934 0 18.0861 12.0357 12.2291 0 18.555 15.087 15.0762 0 20.5553 12.2526 14.8073 0 21.2706 14.8086 11.9119 0 24.3853 12.9924 12.0097 0 24.0865 15.0884 15.1934 0 26.7343 12.6596 14.9017 0 26.5315 15.5537 11.9715 0 1.31381 18.2547 12.7912 0 1.04789 21.2722 15.2423 0 4.35461 17.7554 15.2955 0 3.82962 20.8036 12.6851 0 6.80445 18.0933 12.5386 0 7.20361 21.1894 15.6345 0 10.3402 17.9942 15.6368 0 10.0217 20.6301 13.0372 0 12.9369 18.3696 12.4526 0 13.731 20.9413 15.264 0 16.0337 18.0664 15.3444 0 16.0122 20.6531 12.6156 0 18.7453 18.2143 13.1605 0 18.0987 21.1462 15.4687 0 21.6179 17.9543 15.311 0 21.1718 21.0637 12.3928 0 23.0435 17.9208 11.9303 0 23.5634 21.0742 15.355 0 25.9374 18.4686 14.8572 0 25.9325 21.6718 12.6584 0 0.940907 24.1852 12.0447 0 1.51014 26.5043 15.5822 0 3.80174 23.2333 15.1655 0 3.85332 26.7426 12.9683 0 6.70383 23.8036 12.9383 0 6.99111 26.4462 15.3462 0 10.1433 23.6461 15.5215 0 9.5627 26.9713 12.5603 0 12.4744 23.576 12.7743 0 12.1932 26.5255 15.1492 0 15.5117 23.9391 16.1193 0 15.5339 25.8574 12.7608 0 18.661 23.5633 12.4935 0 18.2289 26.1095 14.7341 0 20.6103 23.4575 15.195 0 20.8895 26.9491 12.1369 0 23.2599 23.9978 11.7639 0 23.2581 26.3482 14.8514 0 26.391 24.088 15.0754 0 25.8807 26.4048 12.2124 
0 1.07754 1.61897 18.4521 0 1.5258 4.4817 20.9688 0 4.35978 1.29815 21.1412 0 4.35695 4.33516 18.3056 0 7.10069 1.2545 17.9112 0 7.065 3.88875 20.7906 0 10.4114 0.903196 21.1906 0 10.3355 3.70431 18.2967 0 12.9682 0.814554 17.8533 0 12.6536 3.93841 21.2047 0 15.8899 1.60663 20.8076 0 15.0312 3.8637 18.0243 0 19.2587 2.05048 18.2995 0 18.7176 4.0179 20.9576 0 21.2545 0.850449 21.1151 0 21.1044 4.96181 18.3151 0 23.5348 1.48491 18.0256 0 23.5599 4.28258 21.4439 0 26.2299 1.42272 20.7673 0 26.6517 4.52695 18.4717 0 1.43756 7.06328 18.1143 0 1.39814 9.39135 21.1978 0 4.70354 7.13489 21.195 0 4.07293 9.68885 18.7762 0 6.9479 7.02074 18.0123 0 7.36671 9.73359 21.1029 0 9.36702 6.70359 20.6039 0 9.4246 9.27891 17.8583 0 12.7309 6.76887 18.6736 0 13.1946 9.9731 21.1968 0 15.6836 6.71478 21.559 0 15.527 8.834 18.3111 0 18.0108 6.5368 18.633 0 18.078 9.62734 21.1169 0 21.1314 7.40689 20.888 0 20.7363 9.43538 18.0917 0 23.9587 7.38405 19.0463 0 23.5452 10.0365 21.5029 0 26.5967 7.23809 21.2987 0 26.2881 10.2662 17.5851 0 1.46761 12.2245 19.0846 0 1.39253 15.3964 20.7584 0 4.18275 12.8761 21.0978 0 4.47461 15.1854 18.0023 0 7.13431 12.4118 18.0623 0 6.93913 15.4445 21.4573 0 9.87585 12.6613 21.2968 0 9.78955 14.8031 18.2674 0 13.1657 12.4204 17.9267 0 12.8632 14.7522 20.7802 0 15.4218 12.2188 20.617 0 15.5588 15.2692 18.0973 0 17.8819 12.3546 18.1777 0 18.3886 15.4704 20.8389 0 20.5728 12.5813 21.0199 0 20.7528 14.7336 17.9268 0 23.3385 12.2604 18.9844 0 24.4602 15.3837 21.4114 0 26.1245 12.373 21.477 0 26.3751 15.305 17.952 0 1.77493 18.6039 18.0479 0 1.70651 20.8082 20.8546 0 4.37419 18.7082 20.9902 0 4.37033 21.0833 18.1564 0 7.42383 18.3196 18.1795 0 7.0706 21.4899 21.3372 0 9.58896 18.0968 21.2722 0 10.8738 20.8675 17.6542 0 12.37 18.074 19.0262 0 12.7778 21.3532 21.3638 0 15.4735 18.3325 21.0385 0 15.3642 20.9683 18.5132 0 18.8722 18.538 18.4702 0 18.2111 20.9343 21.4307 0 21.1479 17.7777 21.4599 0 21.265 21.301 18.431 0 23.4996 18.0882 18.5857 0 23.8246 20.9385 20.6965 0 26.6923 18.3057 20.6198 0 26.3072 20.7529 18.0375 0 1.49037 23.359 18.2082 0 1.2625 26.8269 21.0674 0 3.94239 23.9409 21.004 0 4.25809 26.4042 18.266 0 6.9025 23.631 18.2577 0 6.8746 26.7743 20.6977 0 9.75328 23.8917 21.1988 0 9.56199 26.1671 18.4437 0 12.6538 24.1095 18.7599 0 13.1675 26.6207 21.3772 0 15.6769 23.556 20.6424 0 16.8327 27.0425 18.1851 0 18.3985 23.3176 18.2507 0 18.3249 26.193 21.1193 0 21.3207 23.8345 21.1662 0 20.8168 26.5338 17.8388 0 23.7869 24.0159 18.2531 0 23.8118 26.367 21.3734 0 26.4031 23.7061 21.2078 0 26.4264 26.5519 18.1317 
0 1.84271 1.54844 23.666 0 1.37717 4.00749 26.1832 0 4.23908 1.64821 26.4642 0 4.57971 3.90501 23.2832 0 7.04354 1.47272 23.292 0 6.78622 4.23563 26.7246 0 10.0268 1.44852 25.8968 0 9.74233 3.84106 23.2845 0 13.3636 1.15316 24.0274 0 12.4421 4.24206 25.6875 0 16.2349 0.816272 26.3721 0 16.1095 4.06619 24.1732 0 18.4876 1.4713 23.4197 0 18.2762 4.58753 26.8056 0 20.7374 1.19775 27.0198 0 20.8415 4.23561 24.4917 0 23.4778 1.12666 23.7654 0 23.5407 3.85996 26.7061 0 26.1741 1.41114 26.4867 0 26.4001 4.10025 23.4279 0 1.514 6.66129 23.7145 0 2.19015 10.0446 26.5501 0 4.18017 7.41276 26.1535 0 4.05187 9.92692 23.3383 0 7.06206 6.79742 24.0219 0 6.74984 9.97503 26.9179 0 9.9771 7.22013 26.7365 0 9.88107 10.0597 23.6878 0 12.2076 7.0111 23.3899 0 12.5673 9.97044 26.8782 0 15.271 6.75322 26.6294 0 15.1382 9.5293 24.2902 0 18.0403 7.10647 24.3474 0 18.445 9.80928 26.6271 0 20.7791 6.8408 26.6714 0 20.9376 10.2329 23.8091 0 23.7399 7.07423 23.6607 0 23.6771 9.54153 26.5859 0 26.4518 6.65838 26.241 0 26.8138 9.95058 24.2532 0 1.71186 12.7496 24.1576 0 1.58666 15.4587 26.5858 0 4.19684 12.8526 26.9784 0 4.29011 15.5965 23.9597 0 7.26988 12.4434 24.2077 0 7.32687 15.1679 26.7881 0 10.3512 12.6382 26.677 0 9.91296 15.3256 23.9041 0 12.569 12.4239 23.5414 0 12.4675 15.4428 26.3017 0 15.1787 13.5615 27.0355 0 15.6753 15.4724 23.5172 0 17.6045 12.3732 23.9768 0 18.3856 15.2023 26.631 0 21.1015 12.5868 26.7131 0 20.8234 15.2544 24.0674 0 23.949 12.7663 24.0947 0 23.6636 15.3411 26.9548 0 26.8678 12.5117 26.4678 0 26.9821 15.0412 23.8898 0 1.47716 18.2245 23.6427 0 1.20011 21.359 26.7259 0 4.37951 18.1097 26.5127 0 4.39124 20.7065 24.1071 0 6.97729 17.9336 23.825 0 7.10482 21.0614 26.6858 0 10.2118 18.6985 26.6821 0 10.0506 20.6762 23.8697 0 12.6528 18.26 23.8153 0 12.9323 20.9314 27.0831 0 15.3013 17.67 26.4614 0 16.0104 21.1178 24.2724 0 18.4365 18.0819 24.034 0 18.3601 21.1473 27.3987 0 21.0553 18.2907 26.6873 0 20.9965 20.9612 23.768 0 24.1619 18.695 23.9898 0 23.415 21.0368 26.2738 0 26.6676 18.1043 26.6806 0 26.8397 21.0677 23.9931 0 1.06645 23.9399 24.1332 0 0.889551 26.7322 26.4519 0 3.89077 23.8716 26.5883 0 4.34964 26.9038 23.979 0 6.49819 23.9621 24.0336 0 7.16694 26.395 26.9612 0 10.4316 23.1662 26.5224 0 9.20162 26.2158 23.9365 0 12.376 24.2037 23.7344 0 12.5639 26.157 26.4779 0 15.4653 23.7797 26.7834 0 15.6105 26.1163 23.958 0 18.4995 23.792 23.7663 0 18.6202 25.9708 26.983 0 21.0654 23.2402 26.8857 0 20.7761 26.5059 24.0579 0 23.0919 23.9041 24.145 0 23.7631 26.2148 26.6765 0 26.314 23.7074 26.5864 0 26.2761 26.7262 23.8097 

0.584142 -1.31879 -0.116311 0.201863 -0.583617 -0.586406 -0.902529 -2.41984 0.0521354 0.492733 -1.67362 0.0446292 0.501051 -1.81531 1.78337 -2.77807 0.450677 -0.63669 -2.0992 -0.22665 -0.217437 0.558102 1.56969 -0.763285 -1.15558 -1.71504 2.19257 0.230146 0.430522 -1.472 0.847661 1.04757 -2.59548 1.19442 -0.376683 -3.2531 0.788952 -0.360998 2.67555 -0.0596178 0.289101 0.0747949 -1.13567 -1.43627 -1.16483 2.28034 0.647782 0.356623 0.877368 -3.75493 1.23263 0.210837 0.711683 1.17478 -0.774807 2.26865 -0.712421 1.83619 0.940667 0.904815 -1.51646 -0.729316 0.357684 0.245838 -2.31223 -0.216977 -1.44226 0.817391 0.130481 -1.93458 1.25524 0.969651 0.152512 -0.751642 1.79188 -1.31774 2.13315 -1.36242 -1.85382 1.19624 1.96322 -1.33579 -1.55003 -0.337518 -0.897249 -2.36279 0.453013 0.278179 2.12517 -0.455428 1.38865 1.94531 -0.392637 3.01837 -1.7892 -1.93945 1.81099 -0.756599 -0.674602 2.25345 -0.961519 -0.703413 -0.00596716 -0.195831 2.34321 -1.4353 -0.363895 -0.642647 -2.11172 1.1547 0.197009 -0.81791 -2.43888 -1.20318 -0.138521 -0.337956 0.807221 0.371465 0.221317 2.33787 3.53838 0.914553 1.35031 1.70084 0.194808 -0.717642 -1.67335 -1.67238 -0.276151 2.09037 -0.263207 0.0275417 1.31773 -0.900787 0.103522 2.10096 0.717843 -1.34235 0.308332 1.21119 0.0913634 1.28529 1.74725 -1.20545 0.0390388 -0.609589 0.368562 -0.0735245 0.88411 -0.0387092 0.986288 1.76674 0.233924 -0.897244 -3.69939 1.49828 -2.59219 2.41895 -1.42834 -2.19617 2.52599 -1.32168 1.68797 0.0632205 -1.8357 -2.83496 0.0504742 -1.84754 2.27443 -1.21091 -1.40463 -0.800538 -2.29411 1.34174 -0.295387 -0.711418 1.60336 2.55434 -0.250409 -3.23009 -0.236585 2.44016 -0.284033 -2.00121 -0.429062 -0.185951 -0.0544414 -1.15045 -0.993615 -1.47105 -0.607617 0.616457 -0.917935 0.520923 -0.411549 -1.36248 -0.936845 1.2897 -0.0257458 2.51935 -0.558487 1.37969 0.531826 -2.25229 -0.43588 -0.220062 -0.305465 0.929098 1.45057 -0.091599 -1.36882 -1.54201 -0.448119 -0.267623 -0.751505 0.0764662 1.32698 -0.843035 -0.988996 0.0291828 3.33208 1.83406 -0.604174 1.20401 -0.208483 0.121625 -0.782988 -1.56986 1.51042 -1.16606 -0.745727 -0.515415 0.0787802 -1.58613 0.308408 0.439527 0.705675 3.23624 1.04905 -0.587321 -1.40856 1.21441 1.40323 1.89659 0.691219 -2.37278 0.377133 -1.21399 -2.07609 -0.788864 1.76459 -1.56189 1.73697 0.147429 -1.67988 1.8841 -0.371495 0.546796 0.231329 0.441275 1.49394 2.06523 -1.03848 0.230424 -1.48836 3.13481 -0.00581352 -0.494353 -0.0730802 1.91928 -0.923033 -0.16731 -1.98943 1.29709 0.446324 -0.546278 2.68936 -0.909831 0.910904 0.659331 -0.780169 0.266297 1.58919 0.393382 0.651292 -1.97899 1.03543 -1.57181 -0.261287 0.312484 1.00016 -0.99617 -0.582013 -3.18357 -2.42928 -1.22357 -1.38734 2.21561 -1.24824 -1.46955 
-1.44491 1.6332 -1.13335 0.869807 1.10516 0.880401 0.0732633 0.803746 1.48118 -1.67487 2.17958 0.0368176 -0.862381 -0.219017 2.72955 1.18635 -0.401297 -0.444977 -0.736442 -1.15556 0.16381 -0.491621 3.11657 0.27727 0.27902 0.0468459 -0.222668 -0.11021 0.612224 -0.0107115 1.3192 0.58842 0.62674 0.43961 -0.0950437 -1.85139 0.844515 0.408078 2.09343 0.521692 1.59884 0.235872 -1.51549 -2.29093 -1.43638 -0.707374 -1.05263 -0.387806 1.52165 0.115136 -0.335797 -0.436071 -3.81516 -3.32544 -0.682635 -0.377845 -2.2796 0.573445 -1.21606 -0.0104144 1.21738 0.157466 -0.00235906 -1.13326 -0.256681 -1.65924 0.718076 0.658752 -0.596906 1.33632 -1.98895 -1.26044 -0.433898 3.05098 -0.64462 -0.50244 1.29001 2.30758 1.95752 2.53264 0.637344 0.870768 -0.615169 0.0774142 0.674071 -1.57258 -0.903481 0.428068 -0.806029 2.17742 -0.790239 0.514283 -1.00731 0.910793 0.681555 1.66931 -0.764173 -1.64374 0.818537 1.61841 -3.3022 -2.52497 -0.991427 -0.281155 2.27235 -2.14627 -0.853961 -1.13406 0.495461 -2.53761 -0.189953 0.365246 0.689045 0.938791 0.336189 -1.35899 1.77781 0.227737 0.670282 -0.0318356 1.46958 0.2279 -0.546376 -0.120196 1.46089 -1.60445 1.523 -1.28192 0.926554 0.506732 1.26942 0.608776 -0.308037 0.445722 -0.720732 -0.272122 2.08747 2.47894 0.354696 0.581386 2.11479 0.443507 0.161472 -0.331567 1.79809 1.32405 -0.595734 0.929978 -0.194592 0.839176 -1.27229 0.294399 1.06981 1.63175 0.402804 0.110224 0.960521 1.08271 2.49092 -0.614929 -1.43395 -0.556825 1.233 -0.262083 0.640057 -2.62076 -0.931754 3.64946 0.265056 -1.32244 -2.52782 0.212855 -1.90633 -1.68346 1.20581 -0.353581 -1.31301 0.813291 0.197668 1.24647 1.26875 -1.04392 0.569528 2.21915 -3.18165 -0.28426 0.407107 -0.111632 -0.640708 1.92809 0.428285 -0.307793 -1.96853 -0.813746 0.58997 1.43725 -0.8945 -0.940296 1.48783 -0.080487 -1.25747 0.0221491 -2.88578 1.28901 -0.572151 1.19454 -1.10892 0.362872 -0.854821 0.977351 0.891956 -1.10894 0.150371 1.84166 0.0992916 -0.245153 -0.218029 -1.57678 0.0262794 2.03648 0.0147338 -0.0375854 -0.906775 -0.973917 -0.203936 0.414634 -0.334852 0.144038 -0.0657634 1.83209 -0.112502 0.966055 -0.909628 -0.192304 0.902157 -0.984579 -2.16253 0.476606 0.642411 1.16174 -1.1369 -0.65618 -0.48395 1.666 -3.24972 -0.702674 -1.87664 -0.169753 0.0881723 1.06643 0.472527 0.695043 1.03952 -0.0577492 -0.869049 -1.8089 -1.0539 1.30154 0.392465 0.253532 -0.935904 0.77746 2.23117 -0.211921 -2.53309 -0.0996402 1.67171 0.0781148 0.728081 -0.454468 -0.145747 -0.408424 -0.42669 1.18516 0.104454 -0.833081 -1.10337 -0.492333 0.726562 1.08882 -0.636446 -0.898553 -0.247396 -1.04888 0.872495 -0.535352 -0.234688 -1.14011 -2.25592 0.729652 -0.149395 -0.552257 2.2147 1.20554 -1.83828 -1.78731 0.175543 2.56222 -1.95186 0.749787 
-0.369517 -0.148903 0.461095 -0.94806 -0.659612 2.6991 -0.533975 0.462804 1.11322 2.56646 2.9808 1.99976 -2.11067 -1.46618 -0.334936 1.47018 -2.60358 -2.54072 0.760449 0.567133 0.91345 -0.56641 2.23706 -1.16239 -1.17858 -0.111106 1.4736 -0.900046 -0.392634 1.45348 0.0933151 -1.47963 -1.52024 -2.12334 2.00408 -0.242089 -0.698626 0.260842 0.145334 3.28519 0.932365 0.684827 -0.698439 1.09375 -1.23124 0.133556 0.583532 -1.61514 1.33375 -1.17109 3.63196 1.5651 0.561619 1.42659 -1.41936 -0.581528 -1.17976 -0.336179 0.278768 -0.842013 0.247568 2.11263 1.90406 -0.16147 -0.924901 -0.205913 1.91321 0.895922 -0.0306597 -0.9229 0.325929 -1.75745 -0.268931 0.204744 1.24399 -0.98171 0.950845 0.154 0.708752 0.655207 -0.00404779 0.333711 -1.02519 -0.632622 0.736157 -1.69978 2.03014 -0.238952 0.646321 -1.19095 -0.695673 0.036124 -2.04326 -0.235243 0.300591 0.513527 0.660916 -0.343283 0.209608 0.00040867 0.340353 -0.476356 0.708475 1.74465 -0.410702 -2.69173 -0.49847 0.271318 1.18772 0.320439 0.727223 0.308498 -2.23762 -1.57069 1.71169 2.96958 1.7148 0.637881 0.248197 -0.99769 -1.44044 0.406541 3.97891 2.03838 1.14177 0.0329928 -0.225818 -2.87081 -0.872527 1.80202 -0.373449 -3.05862 -5.65115 2.18046 2.84957 0.986887 -0.040656 0.539737 0.755632 -0.832915 1.28335 -1.10908 0.75431 2.28795 -1.25659 -0.174279 1.11765 -0.477138 2.02297 2.79172 -1.02474 2.62909 -0.997454 0.150394 0.889644 2.40744 1.16706 2.8973 1.45663 -0.933011 -0.410854 0.354816 2.86519 1.32533 -1.27945 -2.1371 -0.582512 -0.390695 1.16746 -2.08459 1.86354 1.70661 0.285867 -1.02492 -0.358723 -1.12437 -1.47598 1.31972 1.70277 -2.27741 1.14323 -1.05539 -0.471463 -1.00161 -0.140034 1.71119 -2.40419 1.90631 2.02011 -0.344234 1.5877 -0.405376 0.30498 1.97107 -1.78968 1.60269 -0.55503 -0.40738 0.927566 -2.31995 1.7059 -1.36481 -0.157596 -0.118429 0.538086 2.09102 -0.806073 -0.264038 -0.503579 -0.994041 -0.317123 0.231115 -0.529323 1.61108 -2.01893 -0.551995 1.6494 2.50033 -1.00015 -1.76413 2.06899 -1.5549 2.22429 -0.80197 -0.0129572 1.82458 -0.496075 0.520365 -0.410679 0.307275 -0.62397 -0.730344 0.923384 -1.496 -1.09974 -0.267416 -1.85885 -0.0182782 1.1436 2.31526 -0.846003 -0.776029 -1.49108 -1.29416 -1.05493 -1.87499 -0.176994 0.852051 -1.69943 0.156386 0.838339 0.951358 -0.129754 -0.00399086 -0.35727 0.991114 0.1877 1.82698 -1.4736 -0.923855 1.12879 1.03653 1.95411 -1.12391 0.841851 -0.758607 0.0703117 0.499399 -3.33608 -0.344794 -0.321602 1.25218 1.03423 -1.72398 -0.843967 0.816279 -2.32638 3.77068 -0.484014 -1.68566 -2.08349 -0.771009 3.80555 0.503051 1.37083 -1.3602 1.66886 -0.94197 0.450856 -1.53054 -1.41506 1.80854 -3.29183 -0.500634 -1.49523 -0.851901 -3.6393 -0.84459 -0.561316 0.357612 
-0.0797092 0.501297 -0.536073 2.20135 0.306845 0.91995 -1.26867 -1.54289 0.826512 -0.633178 1.46611 0.940412 -0.771879 -1.15552 -0.835104 0.119826 0.834129 2.57547 0.181117 -0.693685 0.695623 1.18241 -0.0850062 0.296535 2.87223 -2.64484 -0.0122787 1.85915 -0.450225 -0.504194 -1.75824 -0.127344 -1.58428 0.684939 1.49978 1.37301 -2.24535 1.02509 0.0934297 1.17419 -0.170583 -0.710363 1.36924 0.513596 0.727472 -0.981811 -0.0459948 0.866983 0.404833 0.498642 -0.435222 -1.74834 0.367941 -2.36375 0.304142 0.524583 0.153923 0.142029 -0.737239 1.09837 0.877063 -0.65626 -1.72834 -0.218701 1.50372 -0.585094 -0.794802 1.18598 0.719141 0.979303 -0.0133192 -1.99544 -0.837723 -1.15691 -0.0434538 -1.00463 -0.942226 1.71841 -1.17483 0.403402 -0.793529 -1.10083 -1.24673 0.240901 -1.85127 2.39616 -2.0862 0.904869 1.84443 0.0347663 0.605979 0.853904 0.853749 -2.0286 -0.876619 -0.182673 -1.85528 -1.43969 2.09217 3.11009 -0.49223 -0.743813 0.929676 -0.779494 -0.521547 0.383685 0.00459986 -0.970477 2.23915 -0.634611 -0.066174 0.425024 -0.00779441 -0.529566 -0.342192 -0.240013 -1.68139 -0.0474301 0.398421 0.840541 1.03813 -1.46388 1.11386 0.828074 -0.264098 -1.44026 -0.573529 0.01762 -2.14359 0.230457 1.36535 -1.41629 -0.15256 2.82003 -0.53232 -1.10186 -3.26559 -1.09259 -1.98914 -0.104766 -0.0134049 -1.26085 0.514549 -0.159136 -3.82537 -2.74594 0.769552 -0.026682 -0.895015 -0.506935 -1.94886 -0.263558 -1.97014 -0.931597 -2.17814 -2.42508 -1.14025 0.431692 1.02621 -1.16495 1.09886 -1.76502 1.26133 0.577957 1.44377 1.38729 1.28913 -0.874423 1.52613 0.822467 -0.81946 -2.56398 -1.48398 -0.0185109 0.791438 0.825341 0.0215369 0.155635 -0.2226 1.21889 0.302485 -2.03044 0.316571 -1.22308 -1.35018 0.9807 -0.686816 -0.185703 1.11586 1.33029 -0.413145 1.00121 1.01543 0.444698 -2.12955 -0.29416 -0.0439495 -1.58496 -0.983206 -0.0981063 1.60816 -0.705977 0.085801 -2.51067 -0.505355 -0.159155 -1.09629 -1.70058 -1.04036 1.01291 -2.29691 -3.3709 -0.32797 -0.68048 2.07599 -1.46398 -1.03233 -1.29859 -0.470693 1.90344 -0.0204033 -0.0448571 0.493726 -0.785079 -0.685191 -0.308257 1.27162 -1.92638 0.894846 -1.77013 1.79287 0.0104046 -2.9069 0.466436 0.542892 0.168514 1.35592 0.644579 -0.0610136 0.746769 0.135219 -0.828487 -0.96657 -0.359473 -0.00972086 -2.72991 -0.118828 0.12669 -0.014522 -0.391766 -0.32726 0.800959 -1.20523 -2.27799 2.20388 0.233605 -2.21862 0.852412 0.135131 1.73791 1.91197 0.75467 -0.117486 -2.42142 -1.44076 -1.54794 1.0294 1.44371 2.69445 -0.662476 0.917191 -1.38707 -0.291611 -0.495095 -1.54964 0.788091 -2.57263 1.67976 1.45333 -1.23365 2.53565 0.941085 0.0813371 1.43208 -1.22493 2.15459 -0.859298 0.661131 -0.68744 0.33281 0.600381 -0.857464 -1.3621 3.12162 -0.548783 -0.437262 2.02096 0.442535 -0.984329 0.538998 
-0.835836 -0.145762 1.34558 -0.0716414 -0.158329 2.87487 0.662024 -1.37804 -1.37068 -1.52506 -0.0260043 0.918067 2.53598 1.0711 -0.428424 -1.24584 -1.53452 1.23405 1.07793 -0.0423904 -0.116784 3.68721 2.54962 -0.419097 -1.56879 0.710081 -0.203737 1.87615 0.453387 0.814285 0.128845 0.348284 -2.08025 1.75611 1.55826 -2.34245 0.526029 -2.03548 1.28095 0.548871 -0.459881 2.64248 -0.916219 0.508728 0.388911 -1.24138 -0.506956 1.2583 -0.870597 1.53917 0.187715 1.93686 0.482394 -1.42733 0.539677 1.7325 1.37759 -0.142997 3.54271 -0.904524 -0.457009 0.542068 1.95995 -1.4483 1.57801 -0.111217 -0.736643 1.63019 -0.742127 -0.345419 -0.69955 -0.151492 -0.0395637 -2.29668 0.973823 0.456971 -0.443647 0.808362 0.909093 -0.888615 -1.46956 1.45684 0.480976 -1.00117 2.0851 1.80124 -1.12242 -1.3517 -0.778555 -2.26699 0.10264 -1.85201 -1.03207 -0.179262 -0.256237 -0.412054 -0.380787 1.55703 0.575642 0.37831 2.5452 0.864016 -0.0468586 0.601728 0.147047 1.22895 -3.08515 2.28244 -0.349303 -0.936274 -0.882365 1.60064 -1.91961 2.24125 -2.11437 1.19798 0.253497 -1.53778 1.19864 -0.669889 0.10006 -0.308118 -2.11485 -1.27306 0.814914 0.55088 0.590218 -0.114764 0.231464 -0.754763 0.984579 4.44779 1.21322 1.88531 -3.20547 2.78953 0.668639 0.344471 0.509048 2.39686 -0.594045 -0.825873 -0.881272 -0.540225 1.85627 0.424303 -0.940925 -1.01942 0.359746 1.31327 1.76548 -0.559755 -0.309092 0.135458 -2.47787 1.68863 -1.17951 -0.306943 0.623168 -1.07842 1.19242 -0.793498 0.531669 -0.172954 -1.05664 -1.09421 -0.796246 0.801538 1.26863 1.21015 0.982621 -0.662426 1.50014 1.56373 -1.19958 2.01628 -0.296577 -2.97022 2.4153 -2.38196 1.45554 -1.84661 -1.24644 -1.04576 0.937795 2.36025 -1.46802 -0.627686 1.69178 -0.446602 -0.388694 0.85941 -1.00967 1.07103 0.503262 0.765708 -0.511976 1.61749 -0.927556 1.375 -0.663367 -1.79728 -1.10301 -1.10292 1.76976 0.851994 1.00779 -1.24838 -0.262265 2.22464 0.59757 0.423155 1.77266 0.56374 -2.89702 2.85693 -3.14424 0.853267 -0.0744819 -2.19181 1.15432 0.298408 -1.64325 0.933133 0.495636 -1.53066 -2.08536 0.441461 0.109533 1.20477 -2.23222 -0.644516 -1.46741 -2.45692 -1.87655 1.93419 1.36917 -0.0395808 -1.86546 1.21223 -0.809086 -0.899909 -0.28699 0.268555 0.606197 1.59384 0.291135 3.18282 2.33356 -1.39144 -0.338976 0.761163 -0.067876 -1.01312 1.47284 0.529067 0.167108 -1.0299 -2.01595 1.82701 -1.00047 -1.59374 0.119288 -0.682284 -1.60255 0.924709 -1.33438 -1.26433 -0.730015 -1.16835 -0.211677 1.21205 0.143256 0.732452 -0.106265 2.2728 -1.28348 -1.26831 -0.368812 0.466016 0.84853 -0.265286 1.70043 0.0113425 -1.7425 -1.15646 2.76264 1.80751 -1.33924 -1.39061 -2.03219 -0.44838 -0.314339 0.847511 1.28434 1.29165 0.640732 0.73363 -1.32926 1.08696 
