500 101.001
27.5603 27.5603 27.5603 
14 14 14 
1 1 1 1 1 1 1 1 1 1 1 1 1 1 1 1 1 1 1 1 1 1 1 1 1 1 1 1 1 1 1 1 1 1 1 1 1 1 1 1 1 1 1 1 1 1 1 1 1 1 1 1 1 1 1 1 1 1 1 1 1 1 1 1 1 1 1 1 1 1 1 1 1 1 1 1 1 1 1 1 1 1 1 1 1 1 1 1 1 1 1 1 1 1 1 1 1 1 1 1 
1 1 1 1 1 1 1 1 1 1 1 1 1 1 1 1 1 1 1 1 1 1 1 1 1 1 1 1 1 1 1 1 1 1 1 1 1 1 1 1 1 1 1 1 1 1 1 1 1 1 1 1 1 1 1 1 1 1 1 1 1 1 1 1 1 1 1 1 1 1 1 1 1 1 1 1 1 1 1 1 1 1 1 1 1 1 1 1 1 1 1 1 1 1 1 1 1 1 1 1 
1 1 1 1 1 1 1 1 1 1 1 1 1 1 1 1 1 1 1 1 1 1 1 1 1 1 1 1 1 1 1 1 1 1 1 1 1 1 1 1 1 1 1 1 1 1 1 1 1 1 1 1 1 1 1 1 1 1 1 1 1 1 1 1 1 1 1 1 1 1 1 1 1 1 1 1 1 1 1 1 1 1 1 1 1 1 1 1 1 1 1 1 1 1 1 1 1 1 1 1 
1 1 1 1 1 1 1 1 1 1 1 1 1 1 1 1 1 1 1 1 1 1 1 1 1 1 1 1 1 1 1 1 1 1 1 1 1 1 1 1 1 1 1 1 1 1 1 1 1 1 1 1 1 1 1 1 1 1 1 1 1 1 1 1 1 1 1 1 1 1 1 1 1 1 1 1 1 1 1 1 1 1 1 1 1 1 1 1 1 1 1 1 1 1 1 1 1 1 1 1 
1 1 1 1 1 1 1 1 1 1 1 1 1 1 1 1 1 1 1 1 1 1 1 1 1 1 1 1 1 1 1 1 1 1 1 1 1 1 1 1 1 1 1 1 1 1 1 1 1 1 1 1 1 1 1 1 1 1 1 1 1 1 1 1 1 1 1 1 1 1 1 1 1 1 1 1 1 1 1 1 1 1 1 1 1 1 1 1 1 1 1 1 1 1 1 1 1 1 1 1 

0 1.70249 1.20197 0.725028 0 1.32479 4.29101 3.95488 0 4.63005 1.75436 4.23927 0 4.29608 4.92442 1.55267 0 7.15921 1.86028 1.35836 0 7.04388 4.63341 4.23811 0 10.2218 1.57454 4.02088 0 9.77288 4.35467 1.54243 0 12.4693 1.56396 1.43607 0 12.4138 4.4692 4.64614 0 14.8849 2.09937 4.36027 0 15.0891 4.67458 1.78225 0 18.3373 1.30768 1.28101 0 17.9125 4.38161 4.29026 0 20.1951 1.71178 4.23756 0 20.4522 4.33762 1.68334 0 23.6378 1.74658 1.21468 0 23.4039 4.20175 4.51544 0 26.0791 1.79051 4.23946 0 26.0716 4.18119 1.26554 0 1.29894 7.28741 1.81613 0 1.99024 9.7198 4.66714 0 4.70245 7.36178 4.2411 0 4.83013 9.97822 1.36056 0 7.27976 7.35311 1.66479 0 7.47068 10.2918 4.09282 0 9.76718 7.29786 4.45252 0 9.52306 10.0617 1.26582 0 12.8643 7.61579 1.63955 0 12.8577 9.95918 4.24113 0 15.3572 7.3938 4.79135 0 16.0854 10.2715 1.7064 0 18.1303 7.38626 1.70134 0 19.0109 9.64421 4.39319 0 20.9745 6.71797 4.64548 0 21.1874 10.1431 1.38012 0 23.8887 7.15476 1.36909 0 23.725 9.64368 3.98137 0 26.5917 7.15732 4.53981 0 26.5282 9.87225 1.64143 0 1.52856 12.47 1.26307 0 1.08232 15.0983 4.51279 0 4.42511 12.4696 4.0488 0 4.57176 15.3507 1.59376 0 7.25761 12.8819 1.24316 0 7.16215 15.2281 4.20074 0 9.89634 12.884 4.01059 0 9.87723 15.5682 1.74547 0 12.7866 12.6697 1.78878 0 12.5701 15.4918 4.31106 0 15.3228 12.674 4.45492 0 15.5736 15.5307 1.55689 0 18.393 12.9342 1.3904 0 18.2352 15.0422 4.13706 0 20.9994 12.3954 4.39406 0 21.0363 15.6025 1.68761 0 23.8157 12.7576 1.7552 0 23.3825 15.3596 4.49094 0 26.439 12.472 3.983 0 26.4058 15.7018 1.62156 0 1.54962 17.9748 1.64319 0 1.93231 20.7829 4.39307 0 4.29597 17.9444 4.31168 0 4.18574 20.6939 1.61917 0 6.82676 17.9962 1.49157 0 7.02151 21.2764 4.10739 0 9.35968 18.1142 4.31395 0 9.5877 21.035 1.12931 0 12.7078 18.1071 2.03683 0 12.0531 21.3657 3.87526 0 15.6395 18.0846 4.25683 0 15.108 20.6332 2.23664 0 18.2969 18.0793 1.73389 0 18.1315 20.7922 4.40788 0 20.9948 18.157 4.30261 0 20.9601 20.712 1.83154 0 23.4371 18.2963 1.52028 0 23.8023 20.6998 4.28958 0 25.7917 17.857 4.55716 0 26.2387 20.7675 1.69926 0 1.56764 24.0735 1.35037 0 1.44348 26.1614 4.32346 0 4.2553 23.712 4.02305 0 4.44385 26.4589 1.30191 0 6.9259 23.5283 1.30964 0 6.97009 26.8817 3.91266 0 9.3945 24.1511 3.89334 0 9.8715 26.7828 1.33562 0 13.0027 23.4721 1.45335 0 12.4013 26.1964 4.06579 0 15.339 23.4173 4.58885 0 15.2455 26.4513 1.72816 0 18.175 23.5378 1.86035 0 18.2171 26.5518 4.1361 0 20.7671 23.4095 4.28275 0 20.9642 26.133 1.52934 0 23.7702 23.3457 1.65219 0 22.622 26.6029 4.51324 0 26.3822 23.5294 4.90517 0 26.2371 26.4848 1.9877 
0 1.58027 1.29911 6.75974 0 1.09267 4.36824 9.49428 0 4.13979 1.88153 9.59548 0 4.44095 4.1202 6.9517 0 7.00406 1.47029 7.01841 0 7.0882 4.31912 9.89984 0 9.93312 1.53731 9.77763 0 9.70753 3.84891 6.69269 0 12.9087 1.53358 7.24451 0 12.3043 4.32783 9.74196 0 15.4864 2.2236 9.78883 0 15.4037 4.62704 7.00643 0 17.9027 2.07182 7.0244 0 18.2712 4.81111 10.0125 0 20.5827 1.88039 10.4092 0 20.4159 4.48474 7.16029 0 23.4453 2.06308 7.61407 0 23.4556 4.77614 10.059 0 26.8399 1.39559 10.0307 0 26.5624 4.25041 6.8888 0 1.91689 6.88085 7.06624 0 1.41296 9.45425 9.51212 0 4.31312 6.4831 10.0101 0 4.64181 9.77049 6.93536 0 7.10405 6.62419 7.26049 0 6.81395 9.83356 9.63925 0 9.77746 6.85247 9.76794 0 9.92569 9.84604 7.57816 0 12.655 7.02343 7.09955 0 12.7374 9.78596 9.91338 0 15.1278 7.15168 9.59714 0 15.7519 10.053 7.23286 0 18.288 7.37029 7.09334 0 18.1004 10.0795 9.63407 0 20.6602 7.26349 10.0038 0 20.9704 9.63889 7.37216 0 23.4722 6.9237 7.18727 0 24.0409 10.2735 9.60309 0 26.3201 7.09873 9.54647 0 26.4972 10.4094 7.11705 0 1.69446 12.4898 7.17883 0 1.39246 15.8235 9.5939 0 4.22751 13.095 9.67908 0 4.31537 15.1227 6.97195 0 7.43993 12.8452 6.88062 0 7.63893 15.4332 9.81327 0 9.66517 12.4059 10.4943 0 10.0518 15.3208 7.12911 0 12.6751 12.6601 7.38161 0 12.4755 15.6048 9.75719 0 15.3044 12.7404 9.93984 0 15.3579 15.3352 7.01491 0 18.1917 12.6664 7.1708 0 18.5715 15.4531 9.37441 0 21.0825 12.7669 9.23484 0 20.786 15.0215 6.64581 0 23.5656 12.7491 6.63225 0 23.7458 15.2092 9.69447 0 26.5646 12.7127 9.72347 0 26.2984 14.9939 7.06314 0 1.85398 18.1659 7.19012 0 1.25284 21.0754 9.58603 0 4.10947 18.1581 9.90607 0 4.59561 20.7147 7.54042 0 7.01532 17.8491 7.13555 0 7.03892 20.9913 9.88217 0 10.1602 18.3908 10.0494 0 9.70662 21.2069 6.68124 0 12.6296 17.9971 6.90194 0 12.1236 21.2788 10.1866 0 15.2147 18.1448 9.79888 0 15.242 20.9312 7.18906 0 17.437 18.0166 7.15211 0 18.3367 20.9796 10.1902 0 20.9253 18.2603 9.837 0 20.5516 20.8127 7.23399 0 23.3685 17.9055 7.11786 0 23.3354 21.0219 9.6563 0 26.5653 18.4933 10.0333 0 25.9009 20.5222 7.28526 0 2.0235 23.4541 6.81854 0 1.42094 26.1048 9.87994 0 4.54018 23.6091 9.93211 0 4.14007 26.1909 7.3116 0 6.71794 23.4745 7.19454 0 6.39917 26.793 9.7576 0 9.45593 23.8092 9.65645 0 9.82299 26.398 6.71788 0 12.2389 23.5089 7.28292 0 12.6091 26.5529 10.0972 0 15.5396 23.3927 9.69424 0 15.3046 26.0967 7.40819 0 18.3281 23.4661 7.06242 0 17.8937 26.8236 9.8608 0 20.6121 23.9161 9.82404 0 20.7359 26.8957 7.50666 0 23.311 23.7174 6.88018 0 23.4575 26.8004 10.2674 0 26.0447 23.6579 9.77823 0 26.3209 26.4641 7.44853 
0 1.6426 1.43418 12.8223 0 1.4244 4.10672 15.5846 0 4.54299 1.45076 15.468 0 4.35124 4.33776 12.7449 0 7.10702 1.41166 12.806 0 6.90824 4.40534 15.3843 0 10.0999 1.72629 15.6513 0 10.0124 4.55213 12.9941 0 12.4493 1.31858 12.7486 0 12.5519 4.28757 15.467 0 15.3368 1.56126 15.2093 0 15.42 4.56126 12.6866 0 17.6452 1.84881 12.2062 0 18.0041 4.07322 15.5283 0 20.7711 1.84239 15.5885 0 20.784 4.5284 13.1325 0 23.369 1.85472 12.9988 0 24.3884 4.32795 15.5346 0 26.4162 1.44923 15.1581 0 26.3144 4.2374 12.1427 0 1.33378 7.56821 12.4005 0 1.70118 10.2293 15.2069 0 4.08492 7.23354 15.4404 0 4.17693 9.97919 11.8727 0 7.22502 6.86616 12.7063 0 7.2764 9.91153 15.396 0 9.68998 7.5611 15.4969 0 9.67311 9.31676 12.1304 0 12.4944 7.12325 12.7858 0 12.6876 9.85689 15.362 0 14.9915 6.98917 15.33 0 15.1497 10.0743 12.4586 0 17.8746 7.12293 13.083 0 17.6709 9.77618 15.6703 0 20.7496 7.25631 15.5417 0 20.6677 9.58618 12.9504 0 23.8553 7.3153 12.5971 0 23.8564 9.48371 15.561 0 26.7273 7.05216 15.5808 0 26.4601 9.86282 12.8803 0 1.33904 12.6498 12.3735 0 1.38686 15.2392 15.246 0 4.24962 13.0713 15.3613 0 4.04186 15.3045 12.2407 0 6.73208 12.6485 12.5463 0 7.06001 15.374 15.6797 0 9.85078 12.4297 15.0785 0 9.494 15.3531 12.6965 0 12.2496 13.0516 12.4933 0 12.4899 15.031 15.4238 0 15.1734 12.6447 15.0805 0 15.2004 15.4803 12.3638 0 18.558 13.0689 12.2252 0 18.3434 15.1769 14.9494 0 20.9651 12.5874 15.4547 0 21.2363 15.3332 12.5303 0 23.4185 11.8043 12.4021 0 23.0051 15.778 15.5755 0 26.1097 12.6025 15.3979 0 26.6198 15.4954 12.6682 0 1.69178 18.4281 12.7136 0 1.4359 20.8701 15.4355 0 4.47737 18.396 15.4722 0 4.58245 20.8844 12.3941 0 7.13472 17.9362 12.4006 0 7.05871 20.6239 15.616 0 9.89024 18.2627 15.7062 0 9.42408 20.6488 12.6698 0 12.8248 18.1344 12.4307 0 12.109 20.9909 15.0003 0 15.0665 17.5999 15.1923 0 15.2305 20.6554 12.8256 0 18.1822 17.7881 12.4578 0 18.0929 20.5986 15.1782 0 20.4955 17.9329 15.0187 0 20.9509 20.8844 12.4813 0 23.4165 18.1622 12.604 0 23.3938 21.0853 15.374 0 25.5633 18.2578 15.4599 0 25.9828 21.0302 12.4663 0 1.50641 23.2122 12.695 0 1.58341 26.1818 15.1859 0 4.4068 23.2558 15.5837 0 4.15529 26.1751 12.6653 0 7.15277 23.484 12.8013 0 6.93516 26.2633 15.4305 0 9.6885 23.5594 15.0292 0 9.69871 26.5319 12.8854 0 13.568 23.6308 12.8436 0 12.7015 26.1132 15.5315 0 15.7749 23.7205 15.8233 0 15.2865 26.8114 12.271 0 17.6372 23.6428 12.6345 0 18.5143 26.8097 15.1134 0 20.5411 23.6547 15.1176 0 20.5152 26.1586 12.2498 0 23.3006 23.9523 12.8313 0 23.4663 26.6533 15.9149 0 26.2953 23.8896 15.5699 0 26.4644 26.4323 12.5114 
0 1.45826 1.29475 17.9464 0 1.76892 4.43237 20.6191 0 4.8529 2.09407 20.569 0 4.26249 4.38421 17.6079 0 7.29066 1.77745 17.8396 0 7.57245 4.42803 20.7289 0 10.0911 1.79325 20.5276 0 10.0804 4.6803 17.9863 0 12.6701 1.68756 18.4117 0 12.6441 4.48128 21.0775 0 15.5496 1.3941 21.2623 0 15.3727 4.11801 17.9182 0 17.9939 1.48553 18.2519 0 18.3153 4.18955 20.5728 0 20.8306 1.8329 20.9816 0 21.1467 4.47389 18.0377 0 23.3562 1.43947 18.6174 0 23.609 4.09815 20.8248 0 26.1614 1.46094 21.2074 0 26.5016 4.33338 18.4646 0 1.91708 7.13966 18.2417 0 1.63713 9.66098 21.1462 0 4.63102 6.65786 20.8872 0 4.27769 9.57002 18.348 0 6.97824 7.01104 17.9126 0 7.16658 9.70516 21.0685 0 9.70511 7.19768 21.1055 0 9.87406 9.49291 18.5323 0 12.444 7.05282 18.6269 0 12.525 9.71495 21.0895 0 15.5616 7.10875 20.8473 0 15.1626 9.8044 18.4868 0 17.8686 6.8853 18.1643 0 18.0475 9.73621 20.6639 0 20.8946 6.8588 20.9119 0 21.0803 9.49618 18.4359 0 23.8364 7.05716 18.1148 0 23.7582 9.74764 20.7321 0 26.561 7.03359 21.1937 0 26.763 9.43995 18.1678 0 1.78461 12.802 18.1553 0 1.44534 15.1693 21.0788 0 4.20136 12.6013 21.1939 0 4.11206 15.6511 18.151 0 6.7861 12.9168 18.2706 0 7.39796 15.6759 21.0067 0 9.85143 12.3547 21.0236 0 10.0719 14.7171 17.8185 0 13.0044 12.7002 18.5592 0 12.8592 15.326 21.0736 0 15.7788 12.4805 21.3922 0 15.4565 15.0237 17.7177 0 18.6466 12.1126 18.1063 0 17.8945 15.2269 20.3882 0 20.9533 12.4582 20.9068 0 20.6529 15.1475 18.2019 0 23.4535 12.6339 18.0805 0 23.6192 15.269 21.011 0 26.3126 12.6481 20.4861 0 26.1316 15.7173 18.2115 0 1.35492 18.5308 18.0655 0 1.81094 20.7902 20.8387 0 4.55087 18.1731 21.3617 0 4.50743 20.8018 18.2192 0 7.40316 18.4566 18.8429 0 7.54362 20.9036 21.3317 0 10.3488 18.2057 21.1589 0 10.3081 20.7772 18.1574 0 12.7059 17.7055 18.3361 0 13.1051 20.8252 21.0453 0 15.5853 18.311 21.022 0 15.5094 20.7526 17.8402 0 17.9185 17.6678 17.8824 0 18.234 20.9658 20.6811 0 20.141 18.1765 20.7051 0 20.4861 20.7097 18.0088 0 23.5344 18.6109 18.7357 0 23.415 20.8875 21.1561 0 26.1722 18.1028 21.3393 0 26.1408 20.8535 17.7668 0 1.97928 23.5788 18.2669 0 1.69494 26.4378 20.9413 0 4.70776 23.1846 21.1802 0 4.97385 26.2707 18.2476 0 7.29409 23.4056 17.9302 0 7.57174 26.1805 20.9442 0 10.1845 23.2677 20.9122 0 9.85755 26.5215 18.1818 0 12.5827 23.268 17.6863 0 12.6022 26.2102 20.5252 0 15.3762 23.7299 21.3136 0 15.4874 26.2499 18.2542 0 18.0296 23.7849 18.4518 0 18.5154 26.371 21.2726 0 20.916 23.5459 20.6971 0 20.5334 25.9278 18.1375 0 23.6079 23.7043 18.3298 0 22.99 26.7142 21.0914 0 26.3639 23.351 20.3576 0 26.4121 26.5883 18.0625 
0 1.91968 1.58021 23.2727 0 1.2519 4.44542 26.7709 0 4.68529 1.97187 26.268 0 4.59768 4.67345 23.7375 0 7.32908 1.60531 23.6471 0 7.42128 4.75131 26.2515 0 9.93863 2.06193 26.0422 0 9.98669 4.69873 23.694 0 13.1633 1.55229 23.9345 0 12.6068 4.68819 26.6021 0 15.391 1.83924 26.6867 0 15.6119 4.25086 23.5093 0 18.4796 1.66636 23.7412 0 18.0291 4.0733 26.3036 0 20.9344 1.90811 26.3392 0 20.5765 4.55454 24.0023 0 23.5206 1.73175 23.8187 0 23.9483 4.39819 26.0693 0 26.5053 1.13452 25.6479 0 27.0703 3.93941 23.5235 0 1.66194 6.61153 23.6883 0 1.32154 9.4703 26.3797 0 4.16463 7.11112 26.2743 0 4.14479 9.5284 23.7923 0 7.16268 7.34505 23.695 0 7.03977 9.99209 26.0769 0 10.1305 7.23448 26.3799 0 10.2911 10.0136 24.0109 0 13.1412 7.24419 23.5981 0 13.2819 10.1103 26.8634 0 15.7115 7.33995 26.7405 0 15.6041 10.1756 24.0174 0 18.0659 7.27137 23.7343 0 18.3099 9.98577 26.474 0 21.0083 7.443 26.2126 0 21.1119 9.78502 23.4234 0 23.7531 7.12239 23.6082 0 23.8472 9.93423 26.4573 0 26.1705 6.87521 26.268 0 26.7539 9.7768 23.8527 0 1.49391 12.7311 24.0629 0 1.99167 15.3336 26.8342 0 4.23517 12.5059 26.4529 0 4.61196 15.7092 23.8009 0 6.81802 12.8278 23.7399 0 7.55215 15.4666 26.4425 0 9.95845 12.9292 26.3105 0 9.92893 15.2572 23.4534 0 12.6507 12.8172 23.6778 0 12.7811 15.5422 26.7787 0 15.6442 12.7382 26.4873 0 15.3543 15.1907 23.8899 0 18.2776 12.5945 23.7437 0 17.8733 15.4854 26.2122 0 20.9337 12.776 26.0442 0 20.7233 15.1941 23.3416 0 23.941 12.429 23.1628 0 23.866 15.184 26.4759 0 26.4003 12.1847 26.6894 0 26.58 15.276 23.9 0 1.47936 18.2343 23.4766 0 1.53925 20.7287 26.3254 0 4.17188 18.1064 26.5548 0 4.46878 20.5515 24.0165 0 7.10289 18.1492 23.9821 0 6.853 21.0073 26.2557 0 10.1075 18.2171 26.674 0 9.79365 20.9842 24.1677 0 12.7945 17.9788 23.7657 0 12.9184 20.9179 26.4996 0 15.3881 17.9325 26.4184 0 15.6715 20.9129 23.4272 0 17.9995 17.7716 23.6294 0 18.2796 20.6506 26.6249 0 21.0191 18.007 26.4294 0 20.8713 20.6966 23.7907 0 23.5958 18.273 23.7929 0 23.5283 20.9011 26.491 0 26.1034 17.9421 26.422 0 26.3039 20.6705 23.9356 0 1.57539 23.2217 23.3725 0 1.65767 26.3216 25.6299 0 4.84814 23.8226 26.0395 0 4.77264 26.5437 23.5293 0 7.99687 24.1897 23.5461 0 7.38464 26.6347 26.3515 0 9.93405 23.8433 26.3865 0 10.172 27.0454 23.2493 0 13.0193 23.704 23.8928 0 12.9224 26.3333 26.5105 0 15.8787 23.4739 26.525 0 15.6276 26.4263 23.8049 0 18.4399 23.7479 23.5357 0 18.2072 26.4378 26.5198 0 20.9275 23.4796 27.0278 0 20.9106 26.062 23.9689 0 23.5481 23.3869 23.8037 0 23.8356 26.0061 26.4093 0 26.3566 23.6194 26.0989 0 25.7903 25.9066 23.3659 

-2.18476 -0.776704 0.0312304 1.76392 1.54071 -0.0772613 1.34625 -0.842945 2.52003 2.12377 -1.03494 -1.04553 -2.31947 -0.364746 -1.40717 -0.193176 0.730329 -0.192877 -0.176913 1.68235 -1.97914 1.51564 0.0952377 0.48651 1.53397 -1.25298 1.51209 -1.13918 0.562504 -0.833405 1.50475 1.91333 -0.885442 -0.500201 0.584995 -2.00948 0.372462 -1.23788 0.8456 -0.294154 -1.59345 0.956135 0.0764911 -0.944425 0.0289716 -0.686382 0.883201 1.5318 -0.258968 -0.17905 -0.485745 -0.881692 0.871122 0.409254 -0.219934 2.6061 1.32373 2.49981 1.24659 -0.0852021 -0.769815 -0.0135802 2.92461 1.64907 -0.936476 -1.26982 1.64664 -1.15802 -1.48526 0.631443 -2.04777 -0.290329 -0.853829 0.40095 0.425363 -2.14453 -0.911392 0.695931 2.47547 0.203544 1.27034 -1.21537 -0.0268932 -0.0188458 -0.148807 -1.3085 -1.06611 0.72207 0.608887 1.61448 -0.936925 1.12332 1.40987 -1.31449 -1.228 -0.928937 -1.58458 -0.875345 0.180154 1.05618 -1.22058 -1.13798 0.31004 0.895315 -2.42321 -0.170372 1.26684 1.47281 -1.26297 0.461155 -0.660943 -1.64427 -2.0345 -0.661595 -0.155662 -0.977241 -1.91651 0.691106 0.963582 -0.79136 0.068226 -0.782974 -0.922667 -0.311803 -1.12214 -1.49437 1.54289 1.11408 -1.2433 0.421548 2.0529 -1.0425 -0.448807 -0.0775206 0.618127 0.98523 1.61181 -0.27234 -0.551983 -1.42499 0.318336 -0.914248 -2.52108 0.894046 -1.95512 -0.845274 -0.824469 1.17521 -0.141159 0.722811 1.54822 0.382196 0.22816 1.18074 -0.930178 -1.14559 -0.180902 -2.76066 -0.474421 -1.91332 0.296168 0.386612 0.173375 0.154318 1.04505 2.0084 0.262297 0.0435076 0.512898 -0.604873 0.288743 0.327033 0.77616 0.372322 2.51783 -0.308183 -0.544018 -0.838007 -1.2086 0.951943 0.769655 -0.593084 0.96822 1.73282 0.535142 -0.490239 0.364203 -2.73264 -0.155852 -2.32999 0.586576 -0.328418 -2.10477 0.785291 3.07394 1.16112 -0.249914 -0.0663331 0.141857 -0.303003 2.02437 -1.2038 -2.84815 1.47769 0.845968 3.57313 0.538696 1.30124 1.51962 0.655376 0.772473 -1.03405 -1.1972 -0.0191088 -0.645478 0.241984 -0.665381 0.323165 -0.0486891 -0.870223 -0.529742 1.23617 0.766923 0.135926 1.21661 -0.61673 -0.203114 0.0471893 2.11729 1.34899 2.09246 -2.41837 2.00225 0.902633 -2.17324 -1.61091 -2.51231 -0.75058 -1.6486 -2.51722 0.774307 1.18575 -0.469643 -1.21571 0.612124 -0.991528 1.97975 0.00268362 -0.0709715 0.3681 0.103314 -0.41238 1.95822 -1.37525 -0.402817 1.26949 0.681177 0.321792 2.76263 -1.71857 -1.98093 -0.332741 0.40627 -0.471596 0.509706 0.924125 -2.02919 -0.151527 0.538849 0.23976 1.04075 1.60334 0.428201 1.82056 1.45412 -0.284718 1.59396 -0.219014 1.11367 -1.18506 1.51983 3.92823 0.605194 -0.751847 0.851634 1.29832 2.03777 1.70122 1.69767 -1.46636 0.180624 -0.709018 -0.157172 -0.143289 0.685645 -0.701225 -0.19895 3.39324 0.217879 0.226532 
1.73836 -0.297304 -2.4131 2.4093 -0.318935 -0.979165 -0.307194 2.75233 0.10563 0.856684 -0.785601 -2.88657 0.755475 -2.66867 1.44239 0.377451 1.44852 0.00406664 -1.34501 -0.556505 1.21987 2.43965 0.865086 -1.49061 0.398012 0.330464 0.638454 -2.45312 0.602804 -0.637263 1.40674 -0.581392 -2.28593 2.18592 -0.369882 -0.385025 -1.67919 2.64686 1.35771 0.552847 -0.97744 -0.883078 1.55106 0.816678 -0.0220586 3.39796 0.0717042 1.1231 1.51546 -1.11757 0.833182 -1.11889 3.6345 2.4152 -0.93914 -1.41956 -1.71294 1.7945 0.555837 0.278469 0.257725 -1.22334 -1.22055 -1.51278 -1.21817 1.51126 -1.65723 0.529818 0.605289 0.777002 -0.975937 1.9038 2.1068 0.0446258 -0.326686 1.6425 -1.10487 0.00629721 0.556456 2.32925 0.687673 0.610838 0.319394 1.88266 -0.665113 1.65605 -0.483804 -0.564182 0.111029 -0.241266 -0.702373 -0.278583 -0.628712 1.60241 -0.29295 0.174985 -0.622145 0.833582 -0.473135 0.475212 0.298494 0.75734 -0.322571 0.56429 -1.05269 -1.55307 -0.19844 -1.22515 -0.0554801 0.281915 -0.206673 1.22787 1.49279 -0.459013 -0.501832 0.965548 -1.18674 1.62731 -0.491903 2.92523 -1.54475 -2.2706 1.31759 -2.53216 -0.762323 0.246571 -0.458705 0.152563 2.00853 -0.124624 1.32285 1.78404 0.519262 0.4121 -0.0162507 -0.775382 -1.71744 1.05262 0.190625 -0.873117 -0.470131 1.67684 1.59677 -1.54815 0.417892 -0.640943 -0.375564 2.215 0.647071 -1.08864 0.427947 -0.772781 -0.473078 1.86338 -1.37689 -2.33114 0.426522 -1.06497 -1.55795 -1.14477 2.15526 -2.60972 -1.72216 -1.1609 0.650424 1.69754 -1.50031 1.32607 1.4867 2.77496 -1.05292 1.1576 -0.269939 -0.932678 -0.951259 0.851594 1.62741 0.808143 -0.220929 -2.39298 -0.324505 -0.697174 -0.177141 -1.98964 1.04536 -0.124216 0.869874 0.433566 -1.16398 -0.618486 0.208717 0.270321 -1.43209 -1.56799 -1.00856 -2.26634 -0.0481405 0.325851 0.324981 0.0221373 -1.08878 -0.284309 -2.21092 0.108474 -0.402783 -0.0205313 -0.00023045 -0.591336 0.846635 0.820811 -0.509839 0.240353 1.66821 0.278273 0.427154 0.684264 -0.053796 -2.45318 2.05755 0.403685 -1.13081 1.10145 0.414894 -0.0861251 1.34579 -0.72712 -0.331262 -0.893536 -1.60573 0.847768 -1.53666 -0.159881 3.51557 1.31459 0.234556 1.1269 -0.310955 -2.69084 0.246452 -0.909812 0.494137 -0.323018 -0.031768 -1.25715 0.0562023 0.684796 -1.73176 -0.209737 1.55007 1.21426 -0.639676 0.627411 1.56154 0.354525 -1.17615 1.47561 -3.0413 -0.901922 -2.08769 0.0849429 1.25796 -1.30035 1.32907 -0.0112687 0.219898 -2.57583 -0.149567 0.127257 -1.32335 -0.469247 -0.633542 -0.167985 0.396242 -1.18584 1.91078 -0.615803 -0.547214 -1.24185 -0.834905 0.32266 1.49945 -1.89489 -1.79432 -0.455762 -1.44652 -0.752593 -0.182809 1.17423 -0.815227 -2.78799 0.360012 -0.574873 0.871493 0.491365 -1.85119 -0.798003 0.119999 0.466305 -1.66474 -0.713125 
-0.87142 1.19084 0.158888 -0.33207 -1.31896 1.30686 0.00390036 0.200271 1.47603 -0.741921 -2.49028 -0.491509 0.433009 2.04396 -1.57886 1.82649 -0.284039 0.19559 -0.0253514 2.06188 -1.40675 -1.7097 1.52956 1.00035 0.723919 0.498616 1.63092 0.930807 0.0980773 -1.88881 0.0771511 -0.0372996 -0.736365 0.652497 -0.192279 1.57146 1.5158 -2.01676 0.954153 0.376847 -0.303975 2.44481 -0.736513 -0.0432557 1.7308 0.863824 -1.8836 -0.229272 -1.62333 1.86996 1.80775 -1.54415 -0.346303 0.311584 1.0054 0.514141 0.265046 -0.421087 -1.04607 0.926252 -1.02309 1.18807 -0.0974115 0.0614488 0.0516241 0.475182 -1.4162 -1.66774 -0.148014 -1.78266 0.623788 0.876423 0.406146 -0.990138 0.463987 0.736405 -1.98552 0.346666 1.22638 0.182822 -0.663319 -0.63456 -0.850715 -2.15699 -0.862008 2.06867 -0.113008 -2.32233 -0.982291 1.97033 1.3921 -0.549466 -1.17402 -0.144998 0.711063 -1.30256 2.54149 -0.848724 2.49093 1.52787 -1.1572 -0.0271715 -1.25685 0.837964 -0.111699 -1.59738 1.61348 -1.67843 2.95327 2.91228 0.642253 0.499187 -0.201906 0.260169 -0.0828454 -0.545482 -1.717 1.84616 0.214065 -0.838334 1.03071 1.11017 -0.623965 0.907919 -2.66428 -0.433013 -2.11716 -0.680069 0.346937 -1.21567 -0.25112 1.11128 2.4158 0.647243 1.02105 3.04453 -0.733048 -0.885981 -1.09257 -1.38468 2.42086 -1.14506 1.88504 -0.169601 1.82893 0.5544 -2.26191 -1.35216 -0.881802 0.429502 0.710722 0.656233 -1.22763 0.792291 0.623345 0.738474 -0.136676 0.027068 -0.949886 0.605293 -0.731961 -2.7671 -1.28232 0.309371 1.1493 0.30093 1.28735 -0.784548 0.985927 -0.290898 0.483001 1.12913 -1.86726 -0.492716 -0.379334 0.927622 -1.33818 -0.465591 -0.123992 -0.00983291 -2.45078 0.382105 -0.566291 0.962206 1.21318 0.524217 -0.703709 -0.590849 1.21333 0.361678 -2.30244 4.05695 -1.18603 1.78482 1.09323 -1.7806 1.30438 1.36938 -0.837842 -0.349087 1.33189 -1.41555 1.93275 -0.265509 -1.08703 -0.651944 -0.381746 0.472824 -0.108587 -2.046 1.02332 -1.51788 0.197665 -0.831633 -0.102555 -0.492148 -0.24196 -0.57454 0.329087 0.837124 0.346308 2.92491 -0.740916 -0.310715 0.0357107 -2.21684 1.80158 1.39188 -1.43654 0.920069 0.946116 0.429298 -0.438984 -0.451537 0.396494 -0.483176 -0.0666336 0.451811 -1.57828 1.25344 0.214482 0.433668 1.76166 2.19133 0.385795 -1.10801 -0.356284 0.546681 1.63439 -0.547639 -2.1564 1.96179 -2.52508 -0.998803 -0.87342 0.358119 -1.30771 0.30769 2.35695 -1.30854 -1.43011 1.10733 -0.992656 0.486837 -2.62942 -0.951671 -1.17855 0.321467 0.664843 0.0576196 0.818212 -4.03821 1.44473 0.369777 1.82064 -1.85423 2.32153 -2.37762 -1.98561 0.469338 -2.27854 0.9914 0.403722 -2.51713 -0.347196 -1.4913 -0.776176 1.56861 0.0293837 -0.996332 1.01727 -0.744734 -2.81506 -1.87612 0.551459 -1.29996 -0.5589 -0.164719 0.793729 0.177626 
-0.348162 -0.933146 0.668213 -3.9443 -1.41776 0.48611 -0.301194 1.41319 -0.681352 -2.50176 -1.35301 1.30271 1.84816 -0.720879 0.608965 3.10954 0.368302 2.14803 0.632864 3.95825 -1.4216 1.33957 -0.0633338 -0.0451714 -1.77414 -0.0158499 0.498336 -1.2536 -0.828027 -1.18013 -0.297955 -1.96987 0.493836 -0.501428 -2.45699 0.167426 -0.685918 -1.51048 0.555435 -0.776878 -1.04836 0.233056 -0.0952418 0.172903 -0.110324 -0.175999 0.319432 -2.19558 0.0192082 0.0493461 2.30067 0.796056 0.678748 0.542668 -0.349162 -0.175926 1.17681 -0.0164108 0.792211 0.806746 0.340417 0.820372 2.00387 -2.74064 0.246409 -0.52377 -1.46059 1.55738 -0.555635 -0.393094 -0.270817 -1.2605 -0.16194 0.353469 1.42675 -0.148073 -0.789435 -0.888196 -1.63645 -2.08297 -0.897748 0.588746 2.84854 -0.705991 -1.1655 1.15709 -0.0699385 0.00666592 0.0953571 1.16896 -2.69778 0.183931 -0.386458 1.24231 1.48475 1.71559 -0.913675 0.595771 0.315595 -1.96459 -0.569979 -0.92048 2.40099 1.48042 0.889937 0.142511 2.32596 0.95347 -2.61334 -0.789205 -0.274226 -0.0639217 -0.339845 2.5836 1.92569 -2.43261 1.38077 -0.676786 -0.110671 -3.12478 -1.12994 0.895909 0.456449 0.117261 -1.11736 0.545825 -1.29794 1.58843 -1.9968 -0.702418 1.24039 0.959919 0.557081 0.0304164 0.334431 0.684022 -2.85739 0.94538 0.626666 -0.183976 -2.01022 0.617213 -0.0534839 -2.7717 -0.972945 0.175064 -0.307583 -0.793369 -0.0364024 0.645835 1.45021 1.98633 -0.357301 -0.495917 1.62475 0.200597 1.27776 0.315836 -2.47634 0.562069 2.76094 1.0537 2.29238 -1.17018 2.60575 -0.961809 -0.353787 2.39657 -0.796404 -1.50463 0.822463 -0.367123 1.98882 -0.932492 1.39138 2.17451 0.58176 -0.812807 0.774904 -0.380584 -0.0774473 0.369318 -1.57831 1.3058 0.259895 2.40405 -1.85436 -0.411424 -0.175098 -0.00496633 0.95029 0.320526 0.194703 -0.177362 -1.61675 1.39523 -0.891336 0.467061 -1.51906 -0.574157 -2.88156 0.231673 1.00682 0.137546 1.76606 1.50249 -1.11464 -2.51296 2.15067 2.27041 -0.758125 1.29097 -0.343164 -2.0915 0.373015 0.757466 1.10198 0.259513 -0.147173 1.34918 1.43358 -1.53795 1.86744 -0.142454 -0.918659 -0.267493 0.487431 0.759695 0.878987 -0.772252 -1.46099 0.838203 -2.50598 -1.00761 1.83085 -0.301158 -0.957315 0.556477 -0.788121 -1.24999 -1.40666 0.3003 -0.355033 -1.15501 -0.270457 1.79713 0.583723 -0.400091 0.853156 -1.0899 -0.699595 -0.0678202 -2.79677 -1.0657 -0.544546 -1.67475 0.742291 1.75793 -0.214982 0.119154 0.0971271 1.16179 -0.0391487 0.751931 -0.649982 -2.54798 0.155666 -0.260314 0.514802 1.01017 -0.220382 1.38463 -0.129995 1.22659 0.0755972 -1.55844 -1.96973 0.936583 -0.181362 -0.157437 0.423468 0.450134 0.0200249 0.743878 -0.700042 0.197729 0.456607 -1.13776 0.528439 -0.135281 -0.459619 0.932088 1.86883 -1.55419 -2.61798 0.427518 -0.653599 1.49076 -2.21148 -1.44538 
-1.45635 -1.14496 1.12624 -0.0482129 -0.495202 0.349843 0.258118 -0.180005 0.73334 0.588053 0.445864 -0.760194 0.343768 0.764426 1.69874 -1.69947 -0.391796 -0.100764 0.609486 -0.587911 -0.771354 1.05531 1.65728 -0.15469 -0.227479 -0.625866 0.0381677 0.184056 0.791561 1.72554 2.85058 0.211693 -1.06462 -0.720713 -2.29305 -1.17303 2.97129 -0.817379 -1.14068 0.819985 0.88873 -1.25122 0.670894 0.547969 -1.90179 -0.223312 0.392139 -0.633163 -0.107096 -0.888968 0.201214 -0.686395 -1.41427 1.59157 -0.6655 1.06251 -0.503436 0.25951 1.10139 -0.584009 0.0888671 -2.02728 -0.74546 0.031878 0.0190176 -1.0035 0.558161 2.04497 0.87819 -2.22642 0.631722 0.134693 0.589639 -0.458289 -1.68896 0.845673 -1.04435 -0.374064 0.927039 -0.906357 -1.72098 -0.619633 1.84699 -0.913558 -2.00063 0.0313177 -0.861512 -0.536721 -0.714703 -2.36372 0.439013 1.7547 0.948568 -0.485482 -0.707096 -0.947089 -2.44456 0.974343 1.35087 -0.668912 0.800461 2.08449 -0.398776 -0.3186 -0.131065 -1.58583 -2.07957 0.854539 -0.23998 1.16008 0.65714 0.681586 -1.10536 -0.232772 -0.331203 0.457279 -0.660867 -0.07913 -0.14842 -0.889731 -0.680877 1.66608 -0.544709 -0.307097 1.13336 -0.581176 1.7874 1.82452 0.729022 0.750614 0.825371 0.498463 -0.201428 2.68001 1.67703 2.81802 0.949397 -0.885703 -3.66418 -0.721025 -2.45585 -1.24915 0.257501 2.05691 -0.395822 1.56925 -1.5438 0.661993 0.229797 3.16857 -1.1392 -1.10256 -0.728292 -0.66322 -0.847399 1.02142 2.53367 -0.508932 -1.34784 0.110864 -0.331594 2.16825 -0.703477 2.5116 0.510993 -0.451074 -0.882963 0.958369 0.102031 -0.251093 0.368027 0.765951 0.732591 -0.219732 -1.27091 0.0456751 -0.883975 -2.22494 1.21347 1.05119 0.295035 2.60384 1.51537 0.327031 -0.0961542 -1.75943 0.360002 0.441542 -0.969168 0.39844 -0.957037 1.75975 0.339278 -0.947038 -2.28917 -0.387011 -0.531797 0.744029 -0.452993 2.26358 -2.8597 -0.452266 0.207186 -1.27871 2.01289 -1.75241 -1.15422 0.962598 1.62143 -0.417478 -0.930265 2.22049 -0.282639 -1.08772 -0.394581 -0.649552 1.07364 -0.0446778 1.20738 -1.10654 -0.618703 1.59401 -1.63291 1.36796 -1.15762 1.34851 -0.749799 -0.260209 0.0521335 -0.205622 -1.27433 0.413761 -1.82293 0.0788247 0.122048 1.3205 0.328949 -0.226643 1.36174 -0.407674 0.24738 -1.23276 0.686888 0.0972873 1.88751 0.539068 0.653071 -0.275053 -0.273796 -1.09566 0.0231383 0.90025 0.735081 -1.59559 -0.751191 1.84757 -1.89566 0.285419 -0.686737 0.483827 0.75928 -0.66449 -1.46415 0.228102 -0.200604 1.85925 -0.389525 -1.83534 1.64942 0.0213667 1.69265 0.526855 -0.585634 -1.31128 0.493556 -0.511859 -0.660048 0.147842 0.0238197 1.95505 -0.219482 -0.215966 -1.68285 -1.00777 -0.519171 0.183488 0.291136 -0.896579 -1.54724 -0.222851 -0.59652 1.05447 0.338038 -2.73862 -0.0422919 -0.608352 0.986207 2.38504 0.693965 -0.575072 
