500 1.00001
27.8521 27.8521 27.8521 
14 14 14 
1 1 1 1 1 1 1 1 1 1 1 1 1 1 1 1 1 1 1 1 1 1 1 1 1 1 1 1 1 1 1 1 1 1 1 1 1 1 1 1 1 1 1 1 1 1 1 1 1 1 1 1 1 1 1 1 1 1 1 1 1 1 1 1 1 1 1 1 1 1 1 1 1 1 1 1 1 1 1 1 1 1 1 1 1 1 1 1 1 1 1 1 1 1 1 1 1 1 1 1 
1 1 1 1 1 1 1 1 1 1 1 1 1 1 1 1 1 1 1 1 1 1 1 1 1 1 1 1 1 1 1 1 1 1 1 1 1 1 1 1 1 1 1 1 1 1 1 1 1 1 1 1 1 1 1 1 1 1 1 1 1 1 1 1 1 1 1 1 1 1 1 1 1 1 1 1 1 1 1 1 1 1 1 1 1 1 1 1 1 1 1 1 1 1 1 1 1 1 1 1 
1 1 1 1 1 1 1 1 1 1 1 1 1 1 1 1 1 1 1 1 1 1 1 1 1 1 1 1 1 1 1 1 1 1 1 1 1 1 1 1 1 1 1 1 1 1 1 1 1 1 1 1 1 1 1 1 1 1 1 1 1 1 1 1 1 1 1 1 1 1 1 1 1 1 1 1 1 1 1 1 1 1 1 1 1 1 1 1 1 1 1 1 1 1 1 1 1 1 1 1 
1 1 1 1 1 1 1 1 1 1 1 1 1 1 1 1 1 1 1 1 1 1 1 1 1 1 1 1 1 1 1 1 1 1 1 1 1 1 1 1 1 1 1 1 1 1 1 1 1 1 1 1 1 1 1 1 1 1 1 1 1 1 1 1 1 1 1 1 1 1 1 1 1 1 1 1 1 1 1 1 1 1 1 1 1 1 1 1 1 1 1 1 1 1 1 1 1 1 1 1 
1 1 1 1 1 1 1 1 1 1 1 1 1 1 1 1 1 1 1 1 1 1 1 1 1 1 1 1 1 1 1 1 1 1 1 1 1 1 1 1 1 1 1 1 1 1 1 1 1 1 1 1 1 1 1 1 1 1 1 1 1 1 1 1 1 1 1 1 1 1 1 1 1 1 1 1 1 1 1 1 1 1 1 1 1 1 1 1 1 1 1 1 1 1 1 1 1 1 1 1 

0 1.40581 1.07163 1.26893 0 2.03317 3.99714 3.64414 0 4.70938 1.16318 4.38834 0 4.21151 4.11642 1.02765 0 7.21807 1.57869 1.92506 0 6.77635 4.41252 4.49659 0 9.70484 1.82365 4.37604 0 9.94554 4.66523 1.77632 0 13.0564 1.58011 1.64531 0 12.7654 4.49883 3.76014 0 15.4125 1.75584 4.42812 0 15.7564 4.67485 1.52721 0 18.5867 1.73155 1.56692 0 18.2171 4.66272 4.26368 0 20.7268 1.59938 4.83823 0 21.0744 4.25513 1.54277 0 24.2654 1.79538 1.18513 0 23.5929 4.45139 4.16736 0 27.0038 1.25562 4.23701 0 26.1305 4.77457 1.71251 0 1.63168 6.87652 1.49235 0 1.49769 9.79327 4.05905 0 3.93241 6.91349 4.28544 0 3.5332 10.261 1.00332 0 6.60044 7.03887 1.56648 0 6.90072 10.4949 4.19511 0 9.04244 7.76368 4.2471 0 9.40535 9.81782 1.2632 0 12.3205 7.52324 1.17553 0 12.2092 9.90848 4.20959 0 15.007 7.42611 4.14209 0 15.4767 9.80655 1.28414 0 18.4514 7.57956 1.68251 0 17.7558 9.86687 4.40434 0 20.9134 7.23261 4.23089 0 20.8901 9.99665 1.4758 0 23.388 7.22832 1.76116 0 23.8181 9.81476 4.30883 0 26.3276 7.11663 4.3982 0 26.6248 9.75972 1.64385 0 1.1851 12.9494 1.26716 0 1.07769 15.6813 4.11133 0 4.02584 13.1718 4.25599 0 4.57944 15.2305 0.877626 0 6.67112 12.3614 0.910483 0 6.96017 14.8006 3.56456 0 9.69996 12.5144 4.45407 0 9.72212 15.043 0.966958 0 12.4871 12.2711 1.58591 0 12.8837 15.2275 4.07347 0 15.5912 12.6304 4.30347 0 15.251 14.8712 1.26601 0 18.3379 12.5625 1.62422 0 18.4737 15.1949 4.29587 0 20.8482 12.6764 4.6814 0 21.0351 15.2403 1.97791 0 23.8507 12.7409 1.71155 0 23.73 15.4729 4.67692 0 26.4646 12.5535 4.31457 0 26.0871 15.4684 1.39431 0 1.43422 18.4309 1.4276 0 1.35806 21.1857 3.98835 0 4.75338 17.9741 3.71153 0 4.21964 20.9029 1.26189 0 7.05921 18.2612 0.93936 0 7.49639 20.609 3.96027 0 9.64921 17.3605 3.57364 0 9.88144 20.7931 0.950119 0 12.9554 17.9703 1.28923 0 12.67 20.738 4.41006 0 15.417 18.1586 4.50248 0 15.4744 20.9021 1.69558 0 17.6692 17.8089 1.42716 0 18.0767 20.6353 4.23211 0 20.5198 18.2853 4.25666 0 20.8716 20.5903 1.25067 0 23.4527 18.3391 1.82855 0 24.1406 21.3563 4.53093 0 26.4651 18.2949 4.02326 0 26.5557 21.1855 1.69199 0 1.38105 24.2376 1.07116 0 1.56926 26.1842 4.3596 0 4.70766 23.2643 3.96707 0 4.28859 26.2684 1.45942 0 7.20534 23.6198 1.33846 0 7.48116 26.4559 4.27326 0 9.90163 23.4235 4.13524 0 10.1127 26.6951 1.78105 0 12.8227 23.6508 1.76471 0 13.0781 26.6189 4.12133 0 15.2365 23.4114 4.43698 0 15.7698 26.6611 1.82606 0 18.4488 23.6064 1.73555 0 18.7847 26.5827 3.86833 0 20.9199 23.2257 3.99579 0 21.51 27.1089 1.11411 0 23.2215 23.5748 1.31959 0 23.6569 25.9046 4.33394 0 26.864 23.7729 4.16002 0 25.8925 26.1571 1.52851 
0 1.72059 0.952534 7.48884 0 1.26039 3.83753 9.9305 0 4.20637 0.804673 10.0321 0 3.90251 3.67375 6.82331 0 6.90951 1.56577 7.20523 0 6.62603 4.13055 9.8822 0 9.64586 1.47855 9.91847 0 9.68076 3.97559 7.1159 0 12.3267 1.11601 7.21087 0 12.8851 3.86372 9.61618 0 15.5593 1.01577 9.73723 0 15.4451 4.35879 6.80076 0 18.0361 1.53713 7.30376 0 18.6537 4.30526 9.80209 0 21.076 1.51861 9.49462 0 21.0461 4.32207 7.09786 0 23.6887 1.09608 6.65782 0 24.0435 4.01179 9.82462 0 26.7599 0.906555 9.55188 0 26.7267 3.70094 6.77618 0 1.30786 6.56874 6.75072 0 1.09247 9.86329 10.2861 0 3.69449 6.94458 9.69616 0 4.59431 10.1138 6.88401 0 6.50241 7.24686 7.68785 0 6.62537 10.1192 9.92717 0 9.54111 7.15314 9.71855 0 9.6947 9.92583 7.33385 0 12.1862 6.72416 7.33898 0 12.3497 9.10289 9.72328 0 15.6608 6.80634 9.62779 0 14.7082 9.91809 7.06005 0 18.295 7.21553 6.99095 0 18.0963 9.67598 9.91296 0 21.1803 7.27335 9.93131 0 21.1386 9.93664 7.28345 0 23.5691 6.82444 7.12533 0 24.1315 9.99829 9.94953 0 26.2641 7.09053 9.52181 0 26.1152 9.67177 7.06656 0 1.28561 12.0749 7.05378 0 1.57225 15.6235 9.91416 0 3.77314 12.5716 9.67737 0 4.07392 15.238 7.19019 0 6.83696 12.9149 7.25533 0 6.83305 15.3936 10.4945 0 9.32054 12.5524 10.0743 0 9.46437 15.4429 8.09013 0 12.1214 12.7248 7.50833 0 12.3256 15.0443 10.3562 0 15.1202 12.2481 9.68274 0 15.2551 15.2309 6.93928 0 18.0644 12.1742 7.54374 0 18.1609 15.1622 9.5839 0 21.1816 12.2609 9.79141 0 20.7986 15.2095 7.15263 0 23.8742 12.4475 7.03995 0 24.0016 15.2424 9.55945 0 26.6317 12.7886 10.0484 0 26.6536 15.1483 6.88343 0 1.6428 17.7068 6.99393 0 1.1515 21.3365 10.6024 0 3.66203 18.5345 10.4176 0 3.84407 21.2514 6.93265 0 7.12693 17.9585 6.56883 0 6.77725 20.9012 9.80985 0 9.50467 18.4434 9.94227 0 9.76781 20.6625 7.3844 0 12.0941 18.1022 7.05583 0 12.9311 20.9558 9.82333 0 15.0235 17.6991 9.80624 0 15.6491 20.8177 7.03952 0 18.0203 18.0345 7.52395 0 18.5433 20.6577 9.99513 0 21.0108 18.4261 9.52844 0 21.1852 21.0987 6.97174 0 24.229 18.6587 7.26184 0 24.1058 20.981 10.4527 0 26.6441 18.5038 10.3927 0 27.4703 20.7215 7.41419 0 1.65149 23.7258 6.95988 0 1.08825 26.3706 10.6396 0 3.90193 23.8381 10.1077 0 4.18027 26.0304 7.02036 0 7.15427 23.2708 6.84379 0 7.29633 26.1191 9.25851 0 9.87761 23.8302 9.6928 0 10.3173 26.251 6.62877 0 12.6008 23.3498 7.17381 0 13.1248 26.3341 9.48957 0 15.6361 23.6836 9.43825 0 16.0536 26.4093 6.79345 0 18.2221 23.3657 7.14225 0 18.5435 26.0889 9.87481 0 21.1953 23.1792 9.77498 0 21.0817 25.5539 6.79349 0 24.2087 23.3182 7.38285 0 23.5598 26.3963 10.062 0 26.2672 23.9007 10.5532 0 26.5405 26.1253 6.85553 
0 1.35943 1.05705 13.1425 0 0.877778 4.44741 15.2575 0 4.1904 2.27761 15.0337 0 3.8508 4.41213 12.3325 0 7.00815 1.6979 12.4896 0 7.5731 4.56787 15.6169 0 10.119 1.70533 15.3694 0 9.67722 4.18772 12.6609 0 12.4006 1.18297 12.1428 0 12.9555 4.05703 15.0337 0 15.7648 1.6884 15.1448 0 15.7336 3.8123 12.078 0 18.1552 1.34053 12.6715 0 18.4169 4.25245 14.8732 0 20.8686 1.56829 15.2917 0 21.1555 3.75747 12.4559 0 23.8226 1.02153 12.8317 0 23.6187 4.47356 15.3717 0 26.2444 1.82269 15.5086 0 26.7085 4.04356 12.5297 0 0.977937 6.99478 12.5638 0 1.23503 9.75975 15.7206 0 4.12144 7.29939 15.4962 0 4.13589 9.56636 12.4663 0 7.03003 6.97431 12.7486 0 6.96924 9.73001 15.4631 0 9.86855 7.25185 15.0588 0 9.38195 9.6958 12.3705 0 12.5394 6.19523 12.3118 0 12.4534 9.71621 15.0147 0 15.7236 6.5756 14.8803 0 15.0852 9.61323 12.4891 0 18.8578 7.30204 12.5074 0 18.0564 10.0299 15.3177 0 20.4264 7.28368 15.5195 0 21.0482 9.80895 12.8981 0 23.9071 7.37284 12.3725 0 23.5216 10.2301 15.617 0 26.2434 7.14908 15.0778 0 26.2788 10.0826 13.2321 0 1.3932 12.7684 13.2713 0 1.50641 15.6827 15.9109 0 4.1534 12.6309 15.5273 0 3.91624 15.3126 12.8951 0 6.63698 12.3952 12.8595 0 6.63934 15.5939 15.214 0 9.97063 12.6184 15.1923 0 9.70081 15.5572 12.674 0 12.7596 12.3222 12.6008 0 12.6927 15.2837 15.1877 0 15.1549 12.5938 15.372 0 15.3059 15.1869 12.4814 0 18.0577 12.2644 12.3554 0 18.1696 15.3277 15.1076 0 20.8806 12.8436 15.3709 0 21.0377 15.0536 11.9979 0 24.1499 12.8226 12.7004 0 23.9323 15.2788 15.5483 0 26.4919 12.4013 15.8954 0 26.5974 15.7891 12.8288 0 2.00691 18.6257 13.6482 0 1.76767 21.2386 15.8911 0 4.92061 18.5545 15.7601 0 4.3568 21.3407 12.8702 0 6.95817 18.507 12.504 0 7.67381 21.3423 15.6029 0 9.67535 18.3508 15.1231 0 9.73501 21.3537 12.4353 0 12.2591 18.4052 12.5207 0 12.9492 20.7305 15.3409 0 15.1323 17.9066 15.0936 0 15.6693 20.8028 12.6864 0 18.3625 18.1234 12.7987 0 18.3028 20.813 15.3519 0 21.2246 18.268 15.4522 0 21.1428 20.4958 12.7366 0 23.4676 17.5246 12.588 0 23.754 21.3539 15.6718 0 26.7411 18.1124 15.8112 0 26.8638 21.1919 13.5943 0 1.01404 24.1523 13.2619 0 1.73765 26.2957 15.8329 0 4.65672 23.7513 15.4422 0 4.3411 26.6201 12.9103 0 7.30875 23.9014 12.3912 0 7.39225 26.2921 16.0056 0 10.3088 23.972 15.4038 0 9.99221 26.4712 12.593 0 12.9329 23.5273 12.6303 0 12.8762 26.5013 15.2933 0 15.2581 23.9833 15.6509 0 15.6792 26.1059 12.2158 0 18.258 23.3074 12.2312 0 17.9433 26.5473 15.3156 0 20.9134 23.9852 15.6264 0 21.0368 26.492 12.8043 0 23.8074 24.1371 13.0397 0 23.2193 26.5264 15.8495 0 26.3602 23.9032 15.8977 0 26.1437 26.6747 13.4155 
0 1.43338 2.02683 18.1244 0 1.74374 4.60883 20.6869 0 3.96043 1.62989 20.9661 0 4.54268 4.1311 18.0497 0 6.87501 1.51262 18.5879 0 7.19296 4.09169 21.184 0 10.0455 1.51551 21.4558 0 9.99709 3.70442 18.5651 0 12.983 1.73372 17.9636 0 12.6442 4.44259 21.5133 0 15.3648 1.87551 20.8168 0 15.7072 4.60834 17.9911 0 18.4519 1.65483 17.8974 0 18.1305 4.42798 21.0039 0 20.9959 1.66555 21.1997 0 20.6681 4.43546 17.5964 0 23.2306 1.39516 18.1905 0 23.2623 4.39254 20.7528 0 26.491 2.26631 20.6867 0 26.33 4.7827 17.9291 0 1.44303 7.12514 18.1749 0 1.58717 9.8874 21.471 0 4.61976 6.92179 20.9867 0 4.29315 9.51418 18.5124 0 7.22293 6.54776 18.5206 0 7.3052 9.75659 20.6236 0 9.98448 6.97603 20.5445 0 9.99685 9.6318 17.8745 0 12.5734 7.23204 17.7097 0 12.6137 9.74367 20.436 0 15.3473 7.15606 20.9207 0 15.0365 9.88868 17.9227 0 17.7824 7.29912 17.954 0 17.5652 9.946 20.5685 0 20.7313 6.90402 20.6513 0 20.625 9.65838 18.4017 0 23.4155 7.35571 18.0044 0 23.5637 10.2708 20.9221 0 26.8045 6.86704 20.8717 0 26.506 10.0488 18.6055 0 1.92625 12.5973 18.4986 0 1.88569 15.7855 21.0149 0 4.67472 12.3458 21.109 0 4.57891 15.573 18.3428 0 6.74604 12.4297 18.079 0 7.15478 15.3744 21.4169 0 9.9294 12.4619 20.5989 0 9.29042 15.1019 17.8991 0 12.3361 12.7866 17.974 0 12.4931 15.0995 20.8486 0 15.3904 12.6427 20.7248 0 15.5143 15.2121 17.9033 0 18.3517 12.8174 17.9817 0 17.8809 15.5232 20.8741 0 20.5525 12.9114 20.8389 0 21.174 15.565 17.8987 0 23.7294 13.0511 18.6935 0 23.7487 15.7604 20.9285 0 26.6807 12.8131 20.9391 0 26.8817 15.6473 18.5345 0 1.55942 18.2925 18.2233 0 1.45597 21.0508 20.6403 0 5.027 18.4174 20.5715 0 4.89633 21.036 18.1025 0 7.75522 18.1693 18.1765 0 7.96513 20.7853 21.5091 0 9.57375 17.8636 21.034 0 10.2719 20.9679 18.251 0 11.8423 17.6375 18.173 0 12.1786 21.0515 20.9935 0 14.9444 18.059 20.2082 0 15.9228 20.9397 17.931 0 17.9704 18.1035 17.6123 0 18.4369 20.4896 20.8916 0 20.9518 18.0183 20.6685 0 21.0276 20.9436 17.9337 0 24.123 18.3259 18.2863 0 23.8879 20.6597 20.7676 0 26.8518 18.2671 20.9221 0 26.5963 21.2652 18.2847 0 1.53098 23.799 18.3313 0 1.05742 26.743 20.8809 0 4.77132 23.8201 20.525 0 4.11812 26.7843 18.3348 0 7.75469 23.4579 18.6272 0 7.11391 26.3976 20.8224 0 10.1269 23.9409 21.5654 0 10.0542 26.9685 18.2868 0 12.3181 24.2036 18.4321 0 12.9841 26.663 21.2962 0 15.2319 23.6773 21.0271 0 15.3934 26.9958 18.0314 0 18.7416 23.81 18.3061 0 17.6807 26.3949 20.6981 0 21.054 22.8683 21.1542 0 20.9383 26.6723 18.9426 0 23.3222 23.5807 18.511 0 23.4538 27.0624 21.4599 0 26.2587 24.269 20.6141 0 26.3536 27.1401 17.9751 
0 1.17514 2.11391 23.6031 0 0.860598 4.43184 26.4952 0 3.95809 1.37622 26.549 0 3.99214 4.3894 24.0036 0 6.33858 1.495 23.7343 0 6.97869 4.45237 26.6318 0 10.0995 1.97228 27.3525 0 9.54383 4.19455 23.8345 0 13.262 1.53982 23.9797 0 12.796 4.39395 27.0877 0 15.8801 1.8304 27.1033 0 15.9474 4.60906 23.7316 0 17.6801 1.4915 23.7575 0 18.3912 4.62205 26.192 0 20.6319 1.75954 26.6192 0 20.7217 4.23935 23.5951 0 23.6962 1.59485 24.1437 0 23.5859 4.6387 26.1284 0 27.01 1.01329 26.2736 0 26.0636 4.52559 23.7161 0 1.10231 6.69633 23.9911 0 1.14076 9.25049 26.3503 0 4.00191 6.87864 26.521 0 4.30074 9.87159 23.7 0 7.30612 7.11587 23.5724 0 6.87595 9.72668 26.5866 0 9.65958 7.08934 26.5441 0 9.97187 9.51583 23.5776 0 12.9868 7.29289 23.5557 0 12.431 9.81455 26.3186 0 15.3826 7.07294 26.8241 0 15.2264 10.1658 23.6443 0 18.0817 7.51705 23.4613 0 18.1748 10.0431 26.5604 0 21.0294 7.40009 26.5037 0 20.7065 10.123 23.4189 0 23.4345 7.24161 23.278 0 23.3313 10.3214 25.7051 0 25.8541 7.37328 26.6445 0 26.5321 9.80146 23.6722 0 1.20565 12.4651 23.906 0 1.00165 15.1162 26.4251 0 4.00724 12.4767 26.2012 0 4.07933 15.3634 24.0014 0 7.81325 12.4528 23.6001 0 7.29253 15.5657 25.9718 0 10.1819 12.5698 26.0848 0 10.2214 15.3584 23.5182 0 12.4996 12.3998 23.2973 0 12.8273 15.3979 25.9943 0 15.3234 12.4225 26.5242 0 15.0102 15.0061 23.3629 0 17.9987 12.5221 23.6362 0 17.5749 15.2938 26.2026 0 21.1633 13.2427 26.8577 0 21.006 15.8315 23.6412 0 23.5048 13.1551 23.5846 0 23.7968 16.2803 26.8208 0 26.2598 12.9142 26.1406 0 26.314 15.8003 23.3477 0 1.4517 18.4866 23.7134 0 1.76292 21.3508 26.2255 0 4.42064 18.1241 26.3683 0 4.37443 21.1982 23.1145 0 6.87728 18.3342 23.961 0 7.28031 20.9477 26.2353 0 10.0047 17.9107 26.3699 0 10.3569 21.0427 24.1508 0 12.7258 17.8053 23.2307 0 13.0734 20.6907 26.5186 0 15.543 18.322 26.1961 0 15.3072 20.5337 23.6752 0 18.0877 17.8613 23.4106 0 18.0452 20.7134 26.9363 0 20.19 17.569 26.6354 0 20.458 20.4563 24.1209 0 23.7299 18.3464 23.7753 0 23.4769 20.6011 26.6204 0 26.8213 18.419 26.4225 0 27.1331 21.0767 23.542 0 1.55035 23.8518 23.5592 0 1.38325 26.2238 26.1561 0 4.16445 24.1147 26.1527 0 3.88668 26.7672 23.6014 0 7.2444 23.8485 24.0639 0 7.16017 26.5954 27.009 0 10.079 24.0259 26.3876 0 10.1294 27.0287 24.2619 0 12.7125 24.0788 24.0974 0 12.8973 26.4838 26.7542 0 15.7453 23.5276 26.1488 0 15.7004 26.3061 23.987 0 18.1469 22.9274 23.6811 0 18.6525 26.4327 26.9026 0 20.5648 23.5272 26.2502 0 20.1121 26.1635 23.5252 0 23.7082 23.3688 23.564 0 24.0386 26.3447 26.0187 0 26.4831 23.5991 26.1285 0 26.7247 26.3371 23.471 

-0.13995 1.72668 1.3991 0.0855208 1.61996 -1.57839 -1.58994 -1.51936 -0.320387 -0.430419 1.29245 -0.200176 -0.262415 -1.19841 3.1288 -1.89514 3.05288 1.54031 -1.02586 0.309611 3.17269 2.1158 0.401445 -1.4674 0.56461 0.380848 -1.48015 -0.712343 -0.249604 0.757872 1.83499 0.501704 1.68615 0.291254 2.25132 0.338203 0.554016 -0.0827961 0.277208 -0.0699635 -1.18249 1.71899 0.28104 -0.811238 1.10517 -2.57406 -0.0735695 -0.927974 -0.723536 1.19186 -1.96494 0.120525 0.251218 -0.181061 -1.50425 1.55995 0.592053 -0.230097 -1.18503 -1.84479 1.40108 -0.971921 1.11169 1.4414 -0.317576 1.86725 -1.30509 -0.299608 -0.557635 -1.42062 1.49712 -1.25714 1.37624 2.84311 -0.772803 1.75406 -1.28239 -1.74185 1.1497 -0.702431 0.699917 0.903002 -0.284811 1.36387 -1.18607 -1.0759 -0.185627 0.642535 -1.26615 -0.0943899 -1.73162 -0.374815 0.0737908 0.230925 -0.374448 -1.85265 -0.389003 -0.833069 2.53497 -1.0532 0.768289 0.846009 -0.273974 0.216625 -0.55212 0.380657 0.501316 -0.600276 0.40783 0.219618 -0.427659 2.31098 1.08597 -1.12992 -0.15986 -1.30586 0.749266 1.16566 -0.243208 -1.01761 -0.234318 -0.135341 1.30329 -0.0272755 1.04825 0.353436 0.0947372 1.34867 1.53775 -0.0757487 -0.770502 2.43734 0.539894 1.4956 1.42296 1.702 0.837008 0.449213 -1.51475 -0.609817 -0.344937 -0.498797 -2.10684 0.0293479 0.549389 -1.2589 -0.576153 -0.714077 -1.25216 -0.138784 0.879269 0.170301 2.45507 -0.262244 -0.3586 -0.203864 -1.3506 0.656341 -1.25265 -0.324678 1.2072 0.570213 0.461925 1.22393 0.772038 -0.461808 -0.220865 -0.964312 -0.547421 -0.254297 -0.401019 -0.35456 -0.8875 -3.59292 -0.0612899 0.594926 0.723552 -0.676802 0.380751 -0.540574 0.936654 -0.388533 -2.43173 1.46707 -0.914632 0.707555 0.528975 0.493155 -1.83154 0.134705 -0.258263 -1.64073 0.0972595 -1.33404 -1.47423 1.0171 0.425434 1.30137 0.752617 0.562879 1.99905 0.300118 -0.0832049 0.830053 0.194851 -1.02474 -0.873482 0.307394 0.475851 0.779718 1.09128 -0.212928 0.464802 0.522296 -1.27143 -0.049347 -1.6239 0.218687 2.19561 0.691561 -0.414068 2.65353 0.575793 -2.04125 -2.06978 0.912102 -2.34144 1.33772 -2.56696 -0.0853894 -0.660625 0.797419 -1.5113 0.643151 1.64335 0.0031575 -1.73302 0.882939 0.12068 -0.428184 0.642583 0.549187 -0.866986 -0.332621 2.13948 -0.33775 -1.74708 -0.478096 0.816157 0.805183 0.394809 0.590843 -0.016646 -1.36897 -0.101197 2.94032 0.813741 -0.0612738 -2.08986 2.3624 -0.717608 -0.389053 -0.95997 2.21474 0.89911 -0.578122 0.227662 -2.30922 -0.597299 -1.64951 -0.231867 -0.157068 1.03459 0.360954 -0.558568 -0.676573 0.990788 -0.901655 1.25393 -1.9077 0.376947 0.538158 3.06986 1.23602 -1.42259 -0.961263 0.0410867 -2.47613 -1.81108 -1.6546 0.346504 1.41037 -1.35124 2.22345 0.440084 0.471855 -0.262316 -0.346921 1.94902 0.161946 
0.594784 -3.38518 0.844708 0.677943 -0.957182 -1.79999 -1.19908 -1.32934 1.99736 -0.728379 0.119379 1.57865 -0.0160747 1.61813 -0.686509 -0.670717 1.33497 -0.770817 0.0124403 0.947998 0.25597 0.543231 0.116534 -1.35436 0.468516 -2.50457 -0.242272 -0.248078 -1.63971 -1.91778 -0.862667 0.34719 1.31478 -0.863684 1.08665 -2.16186 -1.034 1.56898 -1.26168 0.373689 -0.0419714 -1.25026 -1.12193 -0.378278 0.355135 0.935931 -0.361613 0.119399 -1.61764 1.69004 -1.33621 0.458983 1.09828 -0.505925 -0.0988834 0.0541687 1.05693 0.484585 -0.531072 -1.51506 -1.367 1.06849 0.543925 0.496292 -0.926455 -0.507627 1.46958 0.262339 -0.689428 -0.102775 0.241657 -0.611666 -0.020686 -2.13491 -0.896777 -0.618782 -0.445712 0.606562 1.4784 1.1235 2.29236 0.637292 0.102096 0.576993 -0.110586 0.188997 2.07178 0.226595 -0.269675 -1.18926 -0.546356 0.670719 0.676138 -0.839256 0.514874 -0.0290459 0.969226 0.34361 -1.03054 -0.32342 0.172847 -0.0130885 -1.31606 -1.77652 1.35984 1.15892 2.10886 0.761128 -1.17386 0.436449 -1.07229 -0.0220823 -1.35 0.791934 -0.690054 -2.69848 -1.9092 -1.34317 -0.0772524 -0.045441 -1.14013 2.79346 0.59085 1.65353 0.20701 -0.192043 1.75096 0.742623 0.418249 1.67474 -1.99792 1.67044 0.938241 -2.00482 -1.89038 0.154646 -0.640331 -1.99764 0.521889 2.19996 0.0646985 -0.692655 -1.06384 0.431969 0.765857 -1.6038 0.754395 -0.189546 -1.22013 -0.0857901 -2.44615 -0.774939 -1.5036 -1.42312 0.594434 0.131405 0.515957 0.861641 1.51859 -0.577699 1.31485 1.69791 0.79875 -0.225888 0.345823 -2.28941 0.522555 -0.112276 0.902885 -0.617187 -0.295424 -1.44429 0.674955 0.968402 2.76867 0.474304 1.10354 -0.495527 1.56093 -0.129283 -2.40636 1.20713 -0.942749 1.54685 -0.674173 0.836207 -1.2302 2.12168 1.18294 -0.456942 0.132062 1.51032 -1.71285 1.36324 -0.652216 0.139562 -0.0213933 0.518187 -0.358048 0.949953 0.934373 0.861271 1.40418 1.98792 0.992184 -1.92577 1.33628 -0.29835 -1.0263 0.465514 0.62291 0.446579 1.10071 0.0249358 0.203449 -0.0270976 -0.732013 1.10104 -2.17149 -0.880378 0.715641 -0.1399 -0.0714339 0.746241 0.566997 -2.93614 1.25709 -0.12578 0.892506 0.914902 -0.348881 0.769856 -0.633202 0.237022 0.938616 0.474172 -0.861821 0.641564 -1.90288 -0.960554 -0.144377 0.614125 2.62337 1.64359 0.469077 1.3913 0.812126 0.334271 0.526272 0.597977 -0.368447 -0.704611 0.393574 1.66013 0.411837 1.72907 1.45503 -1.03234 -0.495726 0.882475 -0.568685 -0.438909 0.6321 -1.43999 -1.11754 0.943506 -1.30935 2.29874 -1.65446 -1.13318 -0.793163 -0.0584687 1.25338 0.34056 0.963497 1.06336 0.81411 -0.954408 0.271049 0.12349 1.13332 1.01441 0.315319 1.2777 -0.68547 -0.80084 1.04176 1.93097 0.956967 -0.153591 1.6119 -0.779329 -0.930482 0.687345 0.91219 -0.202248 -0.912676 -0.874718 0.978568 0.255903 
0.0338978 2.38069 -0.637481 0.0646771 -1.325 -0.254803 1.466 1.11903 -0.326905 -0.637076 2.10651 0.257254 -0.957164 -0.831541 -2.07011 1.16904 -0.453564 -0.961621 -0.367773 -0.959764 -0.936708 0.276645 0.519256 0.473462 1.16396 -2.7376 -1.25185 -1.17582 -0.11548 -0.25564 -0.146567 0.956793 2.01819 -0.0628107 -0.0915627 -2.15065 -0.804118 3.09056 -0.921274 0.25557 1.20599 -0.0445234 -1.3252 -0.400502 0.739568 -0.658029 1.03989 0.993028 -0.647653 -0.183294 1.45619 -0.584941 -1.95353 -0.116085 2.56045 -1.96617 -0.433208 1.22367 -0.430604 1.35193 1.69572 -0.884833 -1.11709 -1.40668 -0.281364 1.19329 1.8799 -1.86872 -0.284172 0.151308 -1.13688 1.45756 2.1335 -0.714322 0.41673 1.63924 -0.693835 0.948415 0.714094 1.17413 -0.192654 -0.0527001 -1.79173 1.66375 -1.02073 -0.665245 -1.02614 -0.64489 -0.58112 -0.686568 -0.00181548 -2.03918 -0.2047 -1.52056 1.48943 -2.32707 -1.27355 0.263636 -2.06877 -1.31175 -1.23259 -0.191232 0.82071 -1.56048 1.44452 -0.49251 1.0789 -0.292362 -0.978944 -0.0623554 -1.03434 1.50659 1.17807 -0.50196 -1.18563 2.07553 -0.844541 -0.642603 -1.12097 -0.360889 0.878738 0.972851 -3.22937 0.921512 0.612931 0.179602 0.469592 -0.0819848 -1.94862 0.536452 -0.0958047 0.612853 0.21371 -0.372546 0.400855 1.20326 0.230647 -1.91945 -0.28687 0.0247349 -0.00607834 0.452078 -0.561529 0.914066 0.696959 -0.317092 0.806284 -1.04352 1.84369 1.06862 1.43658 0.700228 -2.15677 0.376168 -0.385633 -0.00911894 0.919463 -0.965439 0.650145 -1.17946 -0.106249 -0.376634 -0.537548 1.13416 -0.67222 0.955044 1.10168 3.91251 -0.861634 -1.65065 1.88752 0.706643 -0.16115 0.403664 -0.92169 0.296889 -0.998465 -1.07478 1.09358 -0.21643 -0.492733 0.850147 0.918321 -1.25852 -0.63084 -0.287193 -0.059695 -0.452163 0.819824 3.40532 0.191128 0.464384 1.40116 -1.04242 -2.69525 -0.909766 -1.55586 -0.436046 0.785821 0.221399 -0.320188 -0.426464 -0.144021 -1.50117 1.20778 -1.86407 0.182432 0.469371 2.09267 1.49455 1.79595 -0.639567 -1.63031 -1.57802 0.211876 -0.344607 -0.896222 -0.202045 -0.363223 1.74024 0.428846 0.716823 0.312462 1.44216 0.212207 -0.814618 2.8976 -0.224889 0.0220781 0.42101 0.167135 0.16223 -1.35848 -1.96274 -1.03944 -0.0632275 2.04729 -1.38179 -1.52948 0.761957 0.341148 -0.114774 3.23063 0.0061783 -1.13644 -0.27254 -0.874409 1.37935 0.212167 0.356665 -0.824384 -0.114113 -1.75942 -0.277298 0.436284 0.732183 1.91739 -0.665498 -2.0027 -1.05922 0.798671 0.208205 -0.790648 -1.73255 1.41288 -1.36836 -0.482415 -2.51485 -0.830163 -2.71311 -1.40066 -1.82704 -1.40158 -0.305933 -1.92703 -0.66261 -1.34347 -0.16345 1.71824 0.203259 0.784782 -0.470955 2.27335 0.831682 -0.0606926 -2.42532 -0.073354 -1.45867 -0.628483 -0.367284 1.40965 0.780957 -0.057392 0.119551 -1.73576 -0.453501 -1.29458 1.2388 0.661076 -1.67779 
0.813976 0.662524 2.36545 -2.1903 -0.317781 -0.414711 -0.714217 1.57357 -0.287778 0.350723 0.383151 1.16171 -0.254723 1.19464 -0.235715 0.521111 0.59115 -1.24023 -1.95245 -0.199508 0.733763 0.23025 -1.18462 -1.41519 -1.00943 -2.23023 -0.388324 3.47161 1.35754 1.60967 -0.742642 1.08301 -0.113324 -0.398427 1.65576 -1.73207 -0.137446 -0.675688 -1.00624 0.0614342 -0.418736 3.43126 0.865389 1.47617 -1.27198 2.19869 1.23044 -0.651657 0.157714 0.885714 0.909643 -0.276956 -2.28209 -1.1848 -0.939091 -0.89043 0.342252 -0.974985 1.93097 -0.262778 -0.489676 0.460532 -0.677679 -1.50059 0.70606 -0.049259 1.99222 0.0988723 0.659864 -0.262232 -0.0936398 -0.570528 -2.21613 0.161103 -0.665378 -1.43887 -0.706386 0.166575 1.1542 1.12688 2.40129 -0.224624 -0.136978 0.0970016 -0.901879 -2.68568 -0.623249 -0.154738 -0.705282 1.08376 -0.851907 0.445907 -0.434631 -0.183894 2.33988 -2.23716 1.18502 -1.20879 -0.634309 1.08058 2.38991 0.735604 -0.837137 1.96472 2.82755 -1.99993 1.24434 -2.66819 -1.3047 0.720737 -0.0851163 0.922283 0.52678 1.99779 -1.23338 -0.438869 -0.460457 0.548323 1.64687 -0.163651 -0.604428 -0.369518 -1.51091 -0.911042 0.324296 0.618955 1.17595 -1.66698 -0.553349 1.56836 0.93497 0.863331 0.461614 0.946998 -0.682563 1.34724 -0.0710573 -1.77155 0.976469 0.141304 -0.926764 -1.71531 1.071 2.71799 -1.96975 -0.553271 1.66644 -0.64673 0.66795 1.88821 -1.24349 -0.148477 1.36536 -0.00737476 1.2661 -1.15316 -0.0372323 -0.234745 -1.02174 1.39012 -0.837651 -0.797861 1.35651 1.54528 -1.22235 -0.175497 0.347491 -0.746431 -0.235398 0.789436 -0.559779 -0.377596 -1.38188 -0.712271 0.022329 1.15975 2.7357 1.11556 2.5571 -0.479181 1.14843 -0.130948 0.0192947 -0.144333 1.44215 1.24559 -0.947762 -1.23711 -2.6898 1.08104 -0.6314 3.57344 0.0985933 -0.426339 1.49857 -0.292348 2.47812 0.834855 -1.10068 -1.6839 0.5564 -0.043822 -1.4144 -1.16086 3.0055 -0.38738 1.0697 -0.370415 -1.04971 -0.058806 0.220761 1.38706 1.27911 -1.07289 -2.22881 0.2974 -0.504613 -0.95565 -0.690798 0.0654703 -0.0270535 1.4906 -1.17623 -0.906812 1.00054 0.941857 -0.544096 0.254665 0.586663 0.266864 -0.899803 0.130439 -1.02571 -1.06906 0.0373243 0.813466 -2.02105 -1.58281 -0.303537 0.320457 -1.54746 0.80375 1.73383 -0.0459498 -1.27772 0.326016 0.857651 -0.515904 -1.04521 0.251946 -0.119286 0.963903 0.064936 -1.50886 -0.550424 1.14488 0.4869 -2.14854 0.231203 -2.58333 -1.60698 -0.254678 -0.0912455 1.93975 0.455666 -0.394037 0.324133 1.65666 -1.12789 -0.938534 0.757884 -0.266964 -0.312536 0.233235 0.395383 -1.3543 -0.0703054 -0.158523 -1.88856 0.59532 0.171687 -1.53339 -1.23681 0.958296 -0.371158 -0.733164 -0.146236 0.688633 0.608189 -1.762 1.21614 -0.387265 -1.76703 -0.261245 -3.49415 -0.590627 -0.703474 1.41695 -2.56112 -1.22053 
-0.706857 0.162134 0.982301 -0.206252 -0.0877951 -1.50506 -1.57393 -0.51011 -0.830763 0.325159 -0.183601 1.6047 1.65271 0.487719 1.84493 -0.977497 2.44798 0.689675 -0.896087 0.753094 0.35637 -0.869811 1.07172 -0.0778214 -1.37976 -0.347087 -2.97665 1.12927 -0.319395 -0.173526 -0.427261 -0.140427 0.180732 -0.685841 1.20534 -1.52342 -0.264322 -1.14405 -0.185173 -0.39547 -1.22199 -0.627127 1.35406 0.526861 0.745299 -0.700731 0.831116 2.10931 0.807317 -1.51358 3.14988 -0.659222 0.0890472 1.30757 -0.624864 -2.65485 0.509783 1.29218 -1.21435 -2.26915 2.68309 0.208822 -1.5408 2.6953 -0.223659 0.389603 1.90984 1.10149 0.703385 -1.62206 -0.0959135 -1.73445 1.15708 -2.36929 -0.72183 0.0767097 -0.415581 -0.598862 -2.13522 1.89019 1.57726 0.82343 -1.40909 -1.53324 0.807 1.0772 -1.24719 -0.345706 -1.67124 -1.66369 0.0501924 1.30981 -0.486147 0.527959 0.510118 1.53907 2.55947 0.515392 -0.50712 0.45765 0.972919 2.28086 -1.03363 0.689614 -0.514838 -0.506046 0.589902 1.17071 -0.652848 -0.579774 -2.0074 0.791835 0.492482 0.554399 1.83703 0.962558 -0.555556 -0.67937 -1.17404 2.33333 1.11857 -1.44079 -0.945252 -1.05793 -0.754761 1.04164 -0.327776 0.598857 1.73044 1.0507 2.46391 1.45434 0.869007 -0.385331 0.640565 0.688794 -0.24437 2.30129 -1.39081 -1.21098 -1.14651 -1.42087 1.60868 -2.09254 -2.54808 -0.815925 -0.0601264 -1.30991 -0.880668 1.78009 -0.385008 -0.248056 1.12728 -1.47701 -0.802479 -0.7304 0.745419 1.11714 0.454781 1.71361 -1.22525 -0.469105 0.236336 -2.60702 1.01781 -2.15319 -0.458297 0.119989 -1.58267 1.00409 -1.57979 -3.05477 -0.826967 -0.0927865 0.536317 -0.0213332 0.801533 1.66128 -1.52411 -0.597203 -0.492791 -0.146508 -1.20562 0.271764 0.762993 -0.0897519 0.520405 0.701475 0.940912 0.646436 1.434 0.944483 -0.32057 -1.91983 -1.35358 0.413015 0.622846 -0.167253 -0.875542 0.404828 1.51063 -0.455898 0.812054 0.122086 -1.44409 0.81444 -2.20135 -0.780348 0.660655 -0.230953 -0.153037 -2.06517 0.843967 -0.598785 -0.528152 0.559315 0.0984289 1.28835 -0.965332 1.27524 -0.0277445 1.16268 2.40107 -1.20777 -0.7858 -0.46153 0.13808 -2.47227 -1.5366 0.246108 -3.6079 1.18067 0.715863 0.140682 0.200677 -0.547476 -1.97716 0.720615 1.73532 0.646428 2.50964 -1.69231 -1.06425 1.75356 -0.378405 2.21863 0.777972 -1.1436 0.752873 0.57642 0.186091 0.131023 0.821981 0.0849317 -1.52399 -1.30843 0.107902 1.54909 -0.450157 -0.0885668 1.19007 -1.15104 2.59077 -0.524749 0.521047 -0.495537 0.830766 -1.77296 0.330017 -2.13501 1.22398 0.754226 1.23205 0.875712 -1.15762 -0.730125 -0.0779639 -0.562824 -0.625984 -1.44192 0.0149199 -0.0563356 0.820126 -1.68609 0.138686 1.78102 0.436376 0.813428 -0.50256 0.530085 -1.32141 1.805 1.00474 2.16114 -1.38368 -0.946333 -1.71783 -0.830887 -0.204772 0.326248 
