500 101.001
27.2296 27.2296 27.2296 
14 14 14 
1 1 1 1 1 1 1 1 1 1 1 1 1 1 1 1 1 1 1 1 1 1 1 1 1 1 1 1 1 1 1 1 1 1 1 1 1 1 1 1 1 1 1 1 1 1 1 1 1 1 1 1 1 1 1 1 1 1 1 1 1 1 1 1 1 1 1 1 1 1 1 1 1 1 1 1 1 1 1 1 1 1 1 1 1 1 1 1 1 1 1 1 1 1 1 1 1 1 1 1 
1 1 1 1 1 1 1 1 1 1 1 1 1 1 1 1 1 1 1 1 1 1 1 1 1 1 1 1 1 1 1 1 1 1 1 1 1 1 1 1 1 1 1 1 1 1 1 1 1 1 1 1 1 1 1 1 1 1 1 1 1 1 1 1 1 1 1 1 1 1 1 1 1 1 1 1 1 1 1 1 1 1 1 1 1 1 1 1 1 1 1 1 1 1 1 1 1 1 1 1 
1 1 1 1 1 1 1 1 1 1 1 1 1 1 1 1 1 1 1 1 1 1 1 1 1 1 1 1 1 1 1 1 1 1 1 1 1 1 1 1 1 1 1 1 1 1 1 1 1 1 1 1 1 1 1 1 1 1 1 1 1 1 1 1 1 1 1 1 1 1 1 1 1 1 1 1 1 1 1 1 1 1 1 1 1 1 1 1 1 1 1 1 1 1 1 1 1 1 1 1 
1 1 1 1 1 1 1 1 1 1 1 1 1 1 1 1 1 1 1 1 1 1 1 1 1 1 1 1 1 1 1 1 1 1 1 1 1 1 1 1 1 1 1 1 1 1 1 1 1 1 1 1 1 1 1 1 1 1 1 1 1 1 1 1 1 1 1 1 1 1 1 1 1 1 1 1 1 1 1 1 1 1 1 1 1 1 1 1 1 1 1 1 1 1 1 1 1 1 1 1 
1 1 1 1 1 1 1 1 1 1 1 1 1 1 1 1 1 1 1 1 1 1 1 1 1 1 1 1 1 1 1 1 1 1 1 1 1 1 1 1 1 1 1 1 1 1 1 1 1 1 1 1 1 1 1 1 1 1 1 1 1 1 1 1 1 1 1 1 1 1 1 1 1 1 1 1 1 1 1 1 1 1 1 1 1 1 1 1 1 1 1 1 1 1 1 1 1 1 1 1 

0 1.76378 1.95664 1.79916 0 1.75127 4.59534 4.51714 0 4.65371 1.71255 4.40147 0 4.61631 4.53394 1.65452 0 7.11991 1.67784 1.88163 0 7.06267 4.78545 4.55714 0 9.61595 1.68833 4.88382 0 10.0084 4.59924 2.02605 0 12.5795 2.07382 2.07596 0 12.6205 4.46654 4.93084 0 15.5065 1.57884 4.71898 0 15.4795 4.308 2.35507 0 18.1774 1.77573 1.88871 0 18.1458 4.53035 4.67683 0 20.9164 1.76505 4.66704 0 20.4532 4.51119 1.88124 0 23.4605 1.80588 1.93972 0 23.8264 4.64962 4.71818 0 26.3716 1.7711 5.0873 0 26.3197 4.3824 1.95827 0 1.62178 6.97336 1.6641 0 1.6841 10.0075 4.26327 0 4.30875 7.19062 4.30518 0 3.96151 9.80282 1.45896 0 7.13839 7.52931 1.85911 0 7.24058 9.86866 4.57081 0 10.2937 7.05613 4.84416 0 9.97063 9.8226 1.84504 0 12.6309 7.14331 1.79926 0 12.4511 9.92647 4.25711 0 15.5095 7.33417 4.46211 0 15.34 10.1645 1.71404 0 17.8022 7.14066 1.74176 0 18.2198 9.79572 4.10247 0 20.8228 7.20021 4.61726 0 21.2044 10.0986 1.59956 0 23.4798 7.08643 1.67185 0 23.4948 9.72742 4.3448 0 26.4433 7.22942 4.29062 0 26.2754 9.74641 1.61146 0 1.68999 12.6399 1.21226 0 1.48545 15.264 4.19483 0 4.36994 12.181 3.94142 0 4.31555 15.4548 1.76435 0 6.97839 12.2571 1.54118 0 7.08851 15.1837 4.01983 0 9.85979 12.6469 4.31017 0 10.0173 15.3345 2.09774 0 12.3903 12.7573 1.96001 0 12.6457 15.3731 4.67473 0 15.1138 12.855 4.44492 0 15.3532 15.0238 1.97303 0 18.1924 12.6062 1.86715 0 17.9332 15.4134 4.14052 0 20.9261 12.7601 4.31334 0 20.5674 15.8193 1.54782 0 23.528 12.9091 1.5024 0 23.1616 15.3829 4.08639 0 26.0654 12.895 4.03671 0 26.5286 15.5709 1.27521 0 1.65935 18.1469 1.59891 0 1.85446 20.678 4.56507 0 4.30884 17.9769 4.55709 0 4.31704 20.621 1.86443 0 6.81859 18.2758 2.00287 0 7.15719 20.8077 4.60711 0 9.6349 17.8622 4.52819 0 9.9118 20.6579 1.54348 0 12.9318 17.591 1.76932 0 12.9192 20.6918 3.90014 0 15.3643 17.894 4.33044 0 15.4363 21.052 1.42484 0 17.8116 18.2606 1.62036 0 18.1286 20.7945 4.43475 0 21.0496 18.0408 4.43977 0 20.4539 20.6012 1.62136 0 23.4166 18.3518 1.57934 0 23.5199 21.1134 4.33047 0 25.9056 18.0466 4.51803 0 26.0518 20.9741 1.81184 0 1.54835 23.5751 1.44817 0 2.12919 26.421 4.29256 0 4.40108 23.4309 4.20164 0 4.60056 26.1731 1.61271 0 6.99447 23.3049 1.66706 0 7.02223 26.0731 4.50684 0 9.68514 23.5012 4.22247 0 9.74077 26.6059 1.81992 0 12.3959 23.6952 1.5302 0 12.6757 26.3272 4.71119 0 15.4282 23.7552 4.28287 0 15.3142 26.4181 1.57479 0 18.2249 23.4736 1.85696 0 18.3726 26.3501 4.46011 0 20.7543 23.3582 4.68939 0 20.7803 26.3024 1.75159 0 23.5297 23.9196 1.57523 0 23.4195 26.1485 4.51987 0 26.6195 23.8566 4.49894 0 26.2453 26.5779 1.91719 
0 1.8085 2.07585 7.49286 0 1.44573 4.30572 10.224 0 4.36585 1.72165 9.92412 0 4.18557 4.76597 7.34751 0 6.99965 1.46916 7.18641 0 6.88879 4.3371 9.80967 0 10.0489 1.49218 10.2902 0 9.58823 4.30347 7.38922 0 12.5923 1.51287 7.47317 0 12.7662 4.1925 9.97697 0 15.504 1.76573 10.0005 0 15.5464 4.20451 7.23166 0 18.2382 1.55935 7.26935 0 18.1889 4.31707 9.78209 0 20.8899 1.75836 10.052 0 20.5825 4.37408 7.16162 0 23.1469 1.9077 7.14465 0 23.4705 4.42399 10.2048 0 26.2131 1.26505 10.378 0 26.1612 4.64908 7.54634 0 1.70187 7.30525 7.34673 0 2.02459 10.017 9.71693 0 4.55068 7.10591 9.90893 0 4.28561 9.71363 6.91804 0 7.25077 7.22166 7.39122 0 7.13178 9.68853 9.99985 0 10.1219 7.14771 9.75265 0 9.8006 9.53683 7.0262 0 13.0102 7.06182 7.43205 0 12.5738 9.85223 9.9073 0 15.6294 6.79474 9.84292 0 15.0839 9.83174 7.20898 0 17.8827 7.32838 7.03062 0 18.1627 9.62992 9.91217 0 20.8995 6.98141 10.1632 0 20.8382 10.1065 7.49752 0 23.469 7.30782 7.35494 0 23.3652 9.51141 9.92152 0 26.2645 6.94385 10.0337 0 26.207 9.83933 6.93586 0 1.72888 12.41 6.89013 0 1.69321 15.162 9.31929 0 4.58894 12.594 9.95642 0 4.366 15.403 6.96948 0 6.97174 12.5556 6.93957 0 7.09596 15.2482 9.78072 0 9.84377 12.3133 9.50625 0 9.77951 15.2979 6.89597 0 12.4743 12.4388 6.97971 0 12.5184 14.9275 9.93792 0 15.8171 12.6171 9.93939 0 15.3802 15.0339 7.27519 0 18.1224 12.3803 7.14845 0 18.1148 15.6372 9.74086 0 20.8796 12.4717 10.3263 0 20.9853 15.3638 7.29124 0 23.5763 12.3429 6.98138 0 23.1084 15.1091 10.3049 0 25.8887 12.3129 9.82538 0 25.9757 14.8753 6.96961 0 1.66833 18.0114 7.32831 0 1.72077 20.7431 9.68632 0 4.16166 17.9537 9.81446 0 4.2991 20.5543 7.15862 0 7.11785 18.0175 7.26702 0 7.33008 20.5637 9.80907 0 10.1494 18.114 9.72856 0 9.94362 21.1421 6.99363 0 12.714 18.3137 6.77913 0 12.2876 20.9584 9.87053 0 15.2898 17.9457 9.59816 0 15.5074 20.9747 6.81345 0 18.2894 18.2218 6.86906 0 17.9972 20.9271 9.60284 0 20.6739 17.9415 10.0761 0 20.8781 20.6663 7.27328 0 23.5556 17.6386 7.30465 0 23.8215 20.8685 9.56205 0 26.0379 18.1912 9.81732 0 26.4719 21.2694 7.12644 0 2.22664 23.4335 7.02486 0 1.92206 26.1417 9.75747 0 4.5675 23.5896 10.2045 0 4.47106 26.1505 7.37285 0 6.95065 23.1329 7.29272 0 7.20039 26.381 9.98645 0 9.55768 23.5057 10.1329 0 9.64857 25.812 7.15309 0 12.9292 23.3171 7.19451 0 12.8138 26.1144 9.96324 0 15.5374 23.3698 10.0008 0 15.4469 25.9774 7.26331 0 18.0718 23.4844 6.97736 0 18.0217 26.2183 9.77035 0 20.5682 23.3962 10.1143 0 20.7935 26.029 7.18231 0 23.5835 23.4603 7.35762 0 23.5052 26.1101 10.208 0 26.6583 23.7422 9.92173 0 26.0316 26.2013 7.2944 
0 1.9149 1.74043 12.7572 0 2.27063 4.50746 15.2143 0 4.67458 1.69568 15.1636 0 4.60227 4.3894 12.5321 0 7.30503 1.8743 12.4902 0 7.05629 4.56157 15.2222 0 9.91462 1.98015 14.9563 0 9.69269 4.60671 12.6782 0 12.7746 1.69301 12.5331 0 12.7136 4.35669 15.0786 0 15.0573 1.19271 15.462 0 15.729 3.96393 12.7954 0 17.9892 1.44885 12.8772 0 18.2939 4.55976 15.6247 0 20.3935 1.61376 15.5746 0 20.8642 4.25357 12.8293 0 23.6927 1.64009 12.7646 0 23.4804 4.32036 15.2768 0 26.1681 1.12894 15.5161 0 26.5157 4.39331 12.9828 0 1.72667 7.14753 12.3786 0 1.58267 9.79624 15.109 0 4.29657 7.4029 15.0797 0 4.41685 9.97041 12.6167 0 6.9499 7.03711 12.6564 0 7.12002 9.8163 15.3827 0 9.95768 7.3543 15.2975 0 9.63115 9.97965 12.5716 0 12.6779 7.43836 12.4528 0 12.6784 9.8532 15.3102 0 15.2616 7.03617 15.2751 0 15.7245 9.95486 12.6719 0 18.231 6.7843 12.4866 0 17.9754 9.81969 15.2539 0 20.8715 7.02261 15.4167 0 21.1607 9.77054 12.957 0 23.4511 6.7343 12.643 0 23.7772 10.1324 15.2909 0 26.5704 7.20558 15.0838 0 26.0558 9.81131 12.541 0 1.63341 12.5705 12.6169 0 1.74585 15.3068 15.2863 0 4.04211 12.8785 15.4678 0 4.08638 15.8971 12.7489 0 7.04064 13.1021 12.8218 0 6.94 15.5042 15.3685 0 9.65547 12.7511 15.319 0 9.88083 15.865 12.5918 0 12.8095 12.475 12.6725 0 12.7669 15.4804 15.2511 0 15.3562 12.5471 15.2706 0 15.3553 15.7473 12.4452 0 18.0949 12.6692 12.7422 0 18.1712 15.1607 15.5756 0 20.6825 12.4875 15.8171 0 20.4911 15.6121 12.8808 0 23.5299 12.5915 12.6727 0 23.3653 15.299 15.3709 0 26.2215 12.5214 15.1738 0 26.1328 15.396 12.4784 0 1.55054 18.4601 12.7409 0 1.8156 20.841 15.4764 0 4.5382 18.1349 15.5338 0 4.46735 20.7212 12.6766 0 7.25815 18.3181 12.8788 0 7.19922 20.7384 15.4959 0 10.1023 18.31 15.626 0 10.2781 21.4261 12.9035 0 12.5612 18.2602 12.3175 0 13.1125 20.3518 15.4492 0 15.5268 17.7521 15.4987 0 15.3991 21.0321 12.7249 0 18.1357 18.3642 12.766 0 17.7435 20.914 15.6096 0 20.8618 18.5384 15.4476 0 20.9641 21.1163 12.9104 0 23.17 18.1968 12.5326 0 23.7944 20.5269 15.8531 0 26.0887 17.8634 15.4418 0 25.9932 20.6222 12.8099 0 1.8109 23.6325 12.5558 0 1.82641 26.071 15.4204 0 4.31784 23.716 15.6231 0 4.45815 25.8884 12.5752 0 6.98187 23.5533 12.9831 0 7.13726 26.4943 15.2995 0 9.89984 23.9168 15.4434 0 10.2073 26.1595 12.6419 0 12.903 23.7293 12.7576 0 12.5345 26.1488 15.3475 0 15.2527 23.7378 15.3601 0 15.2994 26.2314 12.6004 0 18.1815 23.4815 12.8042 0 17.9382 25.8754 15.7723 0 21.0886 23.2068 15.5519 0 20.7824 26.391 12.7469 0 23.602 23.659 12.8773 0 23.4975 26.1254 15.592 0 26.7535 23.3232 15.51 0 26.3857 25.9168 12.8609 
0 1.91528 1.64514 17.5454 0 1.82068 4.55753 20.1436 0 4.17611 1.85626 20.6275 0 4.68634 4.56992 17.8747 0 7.06511 1.88498 17.8558 0 7.32446 4.68159 20.7231 0 9.9675 2.07774 20.9986 0 9.7879 4.52071 17.8499 0 12.5214 2.21987 17.8348 0 12.6021 4.67204 20.7043 0 15.2756 1.76166 20.9529 0 15.5449 4.60887 17.9432 0 17.9292 1.44825 17.8468 0 18.2498 4.59776 21.0642 0 21.0243 1.76835 20.865 0 21.1202 4.51785 18.0083 0 23.4604 1.8168 18.0357 0 23.7113 4.21376 20.8287 0 26.667 1.90657 20.2416 0 26.1347 4.61047 17.6789 0 1.8158 7.28408 17.5489 0 1.67567 9.77931 20.5672 0 4.04115 7.202 20.6429 0 4.17132 9.84871 18.2223 0 7.3611 7.30275 17.7581 0 7.0925 9.91483 20.9312 0 9.98354 7.45774 20.5685 0 9.85281 10.1811 18.0365 0 12.65 6.99223 18.0778 0 12.5852 10.0692 20.8312 0 15.4495 7.38607 20.5579 0 15.1883 10.0428 17.9 0 18.1816 7.19108 18.1069 0 18.2487 9.70306 20.7464 0 21.1038 6.95543 20.8182 0 21.0542 9.41917 18.1679 0 23.8139 7.30614 17.8329 0 23.6552 9.96987 21.0314 0 26.3221 7.20466 20.7479 0 26.2593 9.77328 18.0382 0 1.57134 12.4717 18.1016 0 1.98915 15.1711 20.6416 0 4.45388 12.3462 20.7061 0 4.46624 15.4797 18.0774 0 7.02627 12.7095 17.9665 0 7.42503 15.1997 20.6795 0 9.93358 12.5779 20.6299 0 9.94602 15.2861 18.0531 0 12.8463 12.7503 18.1298 0 12.4965 15.5076 21.0103 0 15.3841 12.4862 21.1262 0 15.548 15.113 18.3832 0 17.9235 12.3185 18.2314 0 18.0518 15.5228 20.722 0 20.8798 12.4085 20.6964 0 20.9563 15.3158 17.9137 0 23.5791 12.4094 18.161 0 23.7488 15.2656 21.2077 0 26.4265 12.4795 20.6642 0 26.4386 15.0688 18.1057 0 1.6927 18.0295 18.283 0 1.97822 20.8227 20.898 0 4.97284 18.322 20.8055 0 4.52032 20.7324 17.968 0 7.25866 17.7981 18.0723 0 7.4118 21.1167 20.6126 0 9.93522 18.4324 20.912 0 10.3472 20.9896 18.3049 0 12.7419 17.9743 18.1579 0 12.6841 21.4104 21.3287 0 15.3175 18.1288 20.9022 0 15.0766 20.7847 18.4211 0 17.954 17.9061 18.0237 0 17.9753 20.918 20.9143 0 20.605 17.9832 20.9599 0 20.7418 21.1754 18.6614 0 23.3007 17.6934 18.4767 0 24.0158 20.8642 21.0795 0 26.2972 17.9793 20.6518 0 26.6432 20.7249 18.1855 0 1.89212 23.475 18.1837 0 1.97943 25.8726 20.7504 0 4.73916 23.7684 21.317 0 4.54255 26.5194 18.1585 0 7.01199 23.6223 17.8725 0 6.9129 26.5438 20.7125 0 9.93753 24.0016 20.5078 0 10.2828 26.8628 18.3027 0 12.8086 23.7175 18.1117 0 12.8806 26.0694 21.0065 0 15.5239 23.4659 20.7891 0 14.9066 26.318 18.4623 0 18.132 23.481 18.27 0 18.1374 26.3679 20.4631 0 20.7601 23.8129 20.8175 0 20.7498 26.2385 17.8505 0 23.7776 23.255 18.3328 0 23.9135 26.4791 20.8955 0 26.7062 23.5112 21.1081 0 26.2532 25.9137 18.2259 
0 1.82155 1.26216 23.2751 0 2.14664 4.31936 26.3162 0 4.56922 1.79042 26.2651 0 4.27551 4.16517 23.2948 0 7.26886 1.92389 23.451 0 7.22284 4.62255 26.2997 0 9.86459 2.05369 25.8805 0 9.96641 4.89213 23.5057 0 12.673 2.05104 23.4273 0 12.6168 4.3997 26.2974 0 15.4953 1.63079 26.3969 0 15.4608 4.6169 23.674 0 18.1931 1.74458 23.2069 0 17.9892 4.47922 26.0218 0 20.8086 1.93802 26.0544 0 20.786 4.44297 23.4535 0 23.7679 1.89036 23.6019 0 23.537 4.35486 26.3834 0 25.805 1.7151 26.5274 0 26.5028 4.42702 23.5565 0 1.89361 7.11497 23.4855 0 1.75098 9.89963 25.8032 0 4.52708 7.07264 25.7128 0 4.55625 10.0157 23.5086 0 7.33473 7.38148 23.4677 0 6.82773 9.89138 26.1469 0 9.68628 7.49025 26.3923 0 9.76613 10.1647 23.5382 0 12.692 7.10088 23.3316 0 12.5427 9.94443 26.534 0 15.207 7.38841 26.4544 0 15.2758 10.0496 23.8118 0 17.6949 7.33191 23.5915 0 18.0768 9.85363 26.4465 0 20.6752 7.34818 26.4709 0 20.7939 9.55997 24.0101 0 23.429 6.85322 23.4995 0 23.6607 9.77232 25.7729 0 26.4014 6.9315 26.3145 0 26.5588 9.74512 23.266 0 1.90886 12.7806 23.3284 0 1.92249 15.3183 26.0218 0 4.18795 12.5166 26.0674 0 4.64703 15.4703 23.28 0 7.04368 12.8604 23.3608 0 6.94776 15.2942 26.605 0 9.72108 12.5957 26.1697 0 9.92958 15.1146 23.4826 0 12.5747 12.7395 23.7502 0 12.4568 15.0965 26.4626 0 15.9231 12.9195 26.3343 0 15.5188 15.3906 23.4646 0 18.3784 12.1593 23.3235 0 18.3189 15.6132 25.9288 0 20.8464 13.0074 26.0926 0 20.4585 15.3422 23.2979 0 23.3689 12.5098 23.2498 0 23.3751 15.7275 25.9848 0 26.0452 12.7158 25.8851 0 26.5895 15.5989 23.6692 0 1.49251 18.1794 23.6338 0 1.59227 20.797 26.4992 0 4.54131 18.1136 26.4805 0 4.1427 20.7955 24.0128 0 7.11952 17.9362 23.3924 0 7.13762 20.9076 26.2462 0 9.85824 17.7115 26.3221 0 9.59084 20.8286 23.8734 0 12.3047 17.992 23.4302 0 12.3938 20.3626 26.2559 0 15.2602 17.7987 26.2215 0 15.3132 21.0218 24.0659 0 17.7999 18.4125 23.414 0 17.9955 21.1278 26.1552 0 20.5909 18.4483 25.7357 0 20.7109 21.1179 23.4359 0 23.8681 18.091 23.5518 0 23.3348 21.0217 25.9924 0 26.134 18.3123 26.2753 0 26.4777 21.0188 23.6124 0 1.76278 23.7555 23.9576 0 1.78408 26.5275 26.3509 0 4.67629 23.6032 26.4191 0 4.51618 26.239 24.2102 0 7.48743 23.7031 23.8008 0 7.40442 26.3901 26.2097 0 9.69671 23.3371 26.5559 0 9.85386 26.3173 23.4132 0 12.3086 23.8733 24.333 0 12.7407 26.7657 26.4179 0 15.4717 24.0431 26.2342 0 15.3995 26.7163 23.4498 0 18.0145 23.6097 23.3618 0 18.1145 26.1969 26.5738 0 20.8498 24.0696 26.1906 0 20.711 26.2992 23.176 0 23.6194 23.4744 23.2548 0 23.3922 26.4435 25.7143 0 26.1399 23.8098 26.1054 0 26.2767 26.4896 23.7999 

0.119682 -0.380049 0.916592 -0.0517832 0.223336 -0.316779 1.23943 0.346903 1.0182 -0.0353618 0.942191 -1.97132 0.206755 -1.34599 -1.20851 0.145482 0.12015 -0.473597 1.03958 -1.26878 -1.70949 -1.52588 -1.47736 0.0552392 0.0734636 0.30387 -1.51037 0.328853 -1.16769 1.49244 0.942939 0.759829 0.284992 0.16061 -2.03671 -1.30568 -0.21533 0.642143 -0.269952 0.240121 1.22997 0.281873 1.13377 -1.93359 1.05693 0.836355 0.373531 0.0968628 0.675007 -0.978842 1.02707 -0.773659 -2.02562 1.34751 0.190463 -0.357976 -1.93527 0.558085 -0.725619 -0.510764 -0.377311 -0.869737 -0.236778 0.315439 0.145412 -0.914992 0.600956 -0.224337 -1.55738 -0.147232 0.828058 -1.94012 0.121034 -0.688341 -1.47009 0.347899 2.10204 -1.22956 0.180076 -0.447992 -0.126502 -0.0217849 -0.6078 0.577556 0.571021 0.602234 0.739142 -0.585045 0.82733 -0.346537 -0.0183736 1.37743 0.979726 -2.41395 -0.174656 0.245602 1.46288 0.185502 0.704121 2.39815 -0.728895 0.941343 0.66087 -0.668804 1.79715 1.72271 -1.0098 0.880281 -0.925408 -2.0611 1.57104 -0.800135 0.576433 -0.179158 1.07139 0.579647 0.32817 -0.157345 0.890624 3.46311 0.699042 -1.08 1.53062 -0.0785367 -0.217777 -1.94999 0.682139 -0.871953 -1.7811 -0.580321 -0.964722 1.67687 0.808451 -1.26847 1.2091 -0.847737 0.653127 0.788732 -2.11731 0.283973 -0.550519 0.125964 0.838458 0.0426311 1.23032 0.737796 -1.04592 -2.20643 1.36538 0.0689846 -0.540757 0.0274757 0.754408 -0.548229 1.98113 1.12791 0.110903 0.634817 -0.493182 -0.715464 -0.55991 0.374027 0.78451 1.15329 -0.65755 -0.170583 -0.897037 0.611255 0.0386258 0.585115 -0.249601 -0.170009 1.41255 -0.704688 -1.477 1.75277 -0.792295 -2.38176 0.53245 -1.12503 -0.0311504 0.705456 -1.14331 1.30312 -0.986212 -0.540927 0.828674 1.01912 0.0922704 -1.30433 -0.359729 -1.47863 0.240015 -1.46931 -0.367592 -0.701179 1.38985 -0.42375 2.32232 0.390309 -0.615648 1.16437 1.44075 -0.505551 -2.6521 0.976064 -1.05115 -1.27192 -0.626101 -0.0478141 1.2664 0.140869 -0.105188 0.706536 1.08879 2.239 -0.686541 -1.90136 -0.434373 -0.463959 -1.67294 -0.373015 1.75037 -1.17833 0.300318 -1.78528 0.959771 0.118033 -0.759442 1.21941 -1.1025 1.21437 -0.559907 0.985549 1.34524 1.83277 -1.71512 -0.386871 0.853575 1.356 -0.0211993 1.76314 -0.219763 -1.26047 -0.536501 0.997242 0.0120856 -0.349165 3.09688 -0.768901 -1.76035 -0.937764 -0.672056 -0.915082 -0.948376 -1.61329 0.853152 -0.857954 0.193474 0.672374 -1.36143 -1.10433 -2.30608 -1.03904 -0.280627 -1.75773 1.55534 -0.449125 0.945571 1.06384 -0.0664868 1.52774 0.892842 0.579258 -0.151013 -1.778 2.71626 -0.0295655 -0.207154 0.411395 1.03744 0.435969 0.133361 -1.39954 0.02657 0.630376 0.122807 -0.926476 -0.25991 2.14296 -1.96672 -1.98661 0.0863223 0.867007 -1.2562 2.15131 -0.811858 -0.711442 -1.12406 -1.65877 
-0.60255 -0.713503 -1.55487 0.486787 0.926165 0.652268 1.5155 -0.591308 -0.176562 0.330729 1.4533 0.252016 0.181779 -0.357633 0.847563 1.9582 -1.68562 -0.427497 1.06634 -1.62019 2.10632 0.845707 -0.164461 -1.06751 2.29472 2.00597 0.375065 -0.809854 -0.318381 -2.19594 0.267094 0.794826 2.14467 -0.0493562 -0.721119 0.101423 0.332368 -2.36933 1.63115 0.727245 1.5015 -0.821666 0.173292 -0.852684 1.09529 1.81825 1.32884 -0.298951 -1.97216 0.233424 0.0590453 2.27514 0.850308 -0.0595617 1.33957 -0.711323 -0.114532 2.37293 -0.215684 0.486499 -1.75704 0.329211 -0.933441 -0.156644 0.954708 -1.42192 0.135463 -0.611174 1.49007 0.542229 0.805793 -0.419467 -1.6251 1.64352 -0.432519 -1.33055 -0.016486 0.556021 0.627664 1.19516 0.809129 0.440911 -1.12453 0.123395 -0.91814 0.181183 0.118442 0.72974 -2.723 -0.370574 1.00863 1.44481 -0.746516 -0.29777 2.05525 1.18886 -2.1514 0.50445 0.67815 0.192255 -2.08618 0.8902 -0.342097 0.935364 -1.45642 1.19374 -0.75057 2.37931 1.64516 2.36999 -0.972276 -0.214557 0.386012 -0.0205698 -0.637496 2.16477 -1.08721 -1.91385 -1.58312 1.25196 -0.0493786 -0.0953389 -0.336029 -1.36106 0.543063 -1.15477 -0.995259 0.080173 0.00676289 -1.16075 1.1 -0.953701 1.19256 -0.0508454 -1.35841 1.84378 1.8191 -1.36588 1.69999 -1.13433 0.858744 0.0467988 -1.95371 -0.15897 2.89933 -0.0817297 -1.28747 0.407102 -1.57826 -1.15244 1.90133 0.4718 0.925471 0.741295 0.151168 1.07093 -0.339339 -0.655665 0.942075 0.0476089 -0.4498 -2.75887 0.753025 -0.680842 -1.93357 0.0104675 0.529284 0.621993 -0.529455 0.936716 1.5751 -0.758236 -0.316479 1.09565 -0.471724 -1.3104 0.617853 -0.136991 1.46788 0.161088 0.602783 0.489863 1.04287 -0.0422201 0.209784 -0.124026 0.0105266 -0.111872 1.03685 -2.24815 0.0516383 -0.0199113 -0.67288 0.435847 0.217956 0.26342 1.31865 -0.689036 -0.591387 -0.302606 0.510956 -1.92977 0.0636225 -2.00389 0.145082 -0.547374 -0.326663 1.22784 0.566377 0.979092 0.918369 -0.537389 1.13014 -1.01684 1.0539 1.02382 0.986218 -0.492646 0.733839 1.10167 2.3238 0.209737 0.401807 1.47425 0.545098 1.52262 -1.17843 -3.18353 -2.12578 2.05373 1.65353 -1.27344 -1.3328 1.04853 0.767428 -0.366639 1.75003 2.3685 -1.62226 -0.447857 -0.0192798 0.554043 -0.109099 0.856615 0.177611 -0.649136 -1.09533 1.3684 -0.231893 0.133654 0.391665 0.654275 -1.79129 2.18498 0.271181 1.34554 0.8601 2.49558 0.622756 1.07776 1.64297 -0.667661 -1.84938 -0.388522 -0.320671 2.15879 -1.30609 0.584807 -0.631324 -0.0938963 1.41242 -1.79406 -1.39566 0.762403 -0.716459 0.720271 -0.144549 1.0562 1.13408 -0.964546 0.6846 -1.94645 -2.44631 0.607186 0.395584 -0.858948 -0.746479 -1.41445 -1.46797 -1.18067 -1.58436 0.884528 -0.289327 0.21162 -0.998519 2.29604 -0.543303 0.215665 -1.55386 0.765945 
2.38417 -0.136225 -1.05616 0.231591 -0.473805 -0.666094 0.725694 -0.998565 -0.734178 0.901012 1.86321 0.579281 -2.3208 0.679086 -0.277702 0.356026 0.55297 0.99328 -0.067402 -0.304761 -1.10957 0.0795055 1.01391 -0.820184 -0.214117 -0.56497 -0.186971 0.826647 0.740152 1.56944 -1.43611 -1.48616 0.276245 0.24731 -0.214209 -1.75509 -1.44671 0.891595 0.0763441 0.452758 0.0906451 1.91541 -0.386679 2.1311 0.127057 -0.0990267 -0.789735 1.09781 0.444384 -0.545466 1.66485 -2.13005 0.776571 -0.106796 -0.110173 -2.52345 -2.12313 0.708675 -0.689715 1.26949 -0.395051 -1.19727 -0.0332532 0.0307915 -0.325758 1.4168 1.57487 0.158491 1.07912 -0.932215 -0.537795 0.0528737 1.64347 -0.491323 -0.660175 -0.512036 -0.710427 -2.03415 1.92022 -0.962405 1.80349 -0.40076 -1.41238 0.433846 -0.199718 2.1248 0.0240126 -1.5915 -0.15099 -0.445896 -0.676189 0.896258 -0.0387213 1.05821 0.315951 -1.41279 -0.254944 0.205497 -0.362241 1.24077 2.37893 0.509668 -1.61539 -0.0500063 1.84058 0.881737 -1.31906 -2.14556 -0.506822 -1.38979 -0.070819 -1.63475 0.868937 -1.90209 -1.4665 0.239146 0.258567 0.423838 -1.57324 2.00373 -0.281759 0.193256 1.18492 0.51785 -1.83708 -0.450756 2.01529 -0.252163 -0.542109 -1.1856 2.00018 -1.15995 0.0934416 -0.686065 2.15604 -0.185654 0.239915 0.751435 0.0180572 -2.64699 0.889422 -1.37756 -0.237668 -0.496847 -2.03273 -0.489089 -1.3565 -0.0336652 0.189171 -0.231922 -0.912035 1.10384 -1.86454 -0.0825362 1.08528 -2.14408 -1.12279 1.20236 0.825797 1.85006 0.767695 -1.75377 1.84727 3.09242 0.76866 -0.844737 -0.69853 -1.48335 -1.46229 0.659932 -1.3397 1.35255 -0.00806162 1.35342 -0.626948 0.175267 -1.31717 -1.8983 -0.115175 -0.298081 0.558583 -0.635625 0.87013 0.260287 -0.209167 1.32037 0.624202 -0.942502 1.05033 -0.60237 -0.430503 2.12792 0.121101 0.205688 -1.7317 1.48975 1.56941 1.35186 -0.643818 0.417154 2.52254 1.01581 1.34023 1.88686 0.663968 0.687914 -2.33361 -0.906357 -1.58207 0.29082 -0.839987 -0.941423 0.0629609 1.22251 -0.361832 -0.565586 0.141302 0.163213 -1.00966 -0.805804 1.13355 0.405768 -0.907134 2.44856 -1.10462 -1.05032 -1.2657 0.0924027 -0.92628 0.223269 0.860441 0.505833 -0.314106 1.11576 -0.685643 -0.708187 -1.88563 0.998341 0.217411 -1.26457 0.246965 -1.61458 0.466654 1.82823 -0.678483 1.6691 0.785121 1.53702 1.07837 -1.88585 -0.540163 0.875361 -2.59517 -1.18056 2.23971 1.53157 -0.0125939 1.69997 -1.17383 -2.22661 1.15427 -0.691395 0.383002 0.284369 -1.53602 0.267131 -0.441934 -0.260321 -0.0559318 -2.80064 -0.965649 -0.0803842 -1.29712 -2.25818 -0.718531 0.194964 -0.218083 -0.319194 -0.985147 -0.898185 -1.43539 -0.218864 -0.0311836 -0.289128 0.185196 -0.949073 -0.518398 -0.702309 -0.102678 0.341551 -0.86853 1.44268 1.59037 1.36844 -0.11313 0.125306 -1.61741 -0.16732 -1.12775 -0.00496265 
-0.0931345 -0.633389 -0.973163 -0.134257 -0.228767 0.300161 0.17761 1.38173 -0.989707 0.0333265 -0.466129 0.700795 -1.6678 -1.34837 -1.89439 -0.213612 -0.688244 -1.09502 1.00649 0.723057 0.277949 -0.711885 1.35614 -0.619734 1.78698 -1.38003 -0.600079 1.03399 -0.16462 0.482815 -1.05725 -1.3811 2.05782 0.520457 2.03496 -0.573751 0.493005 -1.0431 -1.21746 0.366055 -0.504452 1.47339 -0.469017 0.56234 -0.794028 -0.284009 -2.23333 -0.00794423 1.66046 1.09812 1.50223 0.999738 0.050419 -0.131711 3.26633 -0.287975 -0.11863 -2.08606 -0.804996 -0.55476 -1.29554 -0.887781 -0.714128 1.32662 -1.45934 -1.53169 -0.556913 1.92685 -1.54557 0.448772 0.681908 -0.0298211 1.67712 -1.41817 1.25832 0.612185 0.499969 0.415549 1.69728 -0.208058 1.05137 -0.298168 0.318878 0.861754 -1.35993 1.17347 -0.107814 -1.09964 1.28162 0.34084 -0.563221 0.870154 -0.672725 -1.42854 -1.16499 1.07818 -1.76858 0.0711206 0.482217 2.21756 -1.89195 -0.0558818 0.7364 0.272776 1.23037 1.05899 0.869675 -0.187308 -0.308218 -2.22536 -0.93531 -0.774388 -0.208129 2.01394 -0.971019 2.05988 0.031908 1.42844 -1.49139 0.21938 1.56627 0.663887 0.598396 0.805159 0.796684 1.22846 0.578739 -0.587503 -0.0313599 0.162881 -1.40639 0.661452 -1.80339 0.375032 -2.98519 -1.13573 0.449705 -0.190991 -0.111862 0.105418 -0.875964 -0.240682 -1.00671 -0.950707 0.988596 0.540117 -0.0664689 -0.581828 0.945675 -1.89822 0.654633 0.75948 0.998906 -0.311999 -0.678287 1.13839 0.714813 0.527981 0.310992 -1.59304 0.72605 1.0482 -1.97467 0.298212 1.68907 -1.17837 0.381164 0.654732 0.751694 0.0557577 0.99533 -0.152887 0.832415 0.367565 -1.44549 0.481254 -0.599726 -1.75355 -0.923252 0.797769 -0.206798 -0.823699 -0.181469 0.850885 -1.63514 -0.596985 -1.43828 -2.09019 -2.37049 0.785192 -0.00392959 0.552457 0.116075 1.44182 0.133692 -0.571225 -2.36177 1.1591 0.354883 -0.32218 0.216389 -0.0711028 2.48855 -0.0147154 0.559229 2.13396 0.131092 -0.456104 -0.772124 -0.872148 1.56192 1.40032 0.752373 -1.76526 2.45324 0.203726 -1.45231 -0.0670996 1.19301 1.34841 1.33063 -1.18986 0.852431 -0.165154 1.35143 1.01995 -0.623649 0.16962 0.0823721 0.480052 -0.322864 0.581097 0.418443 0.536304 -2.84185 0.544442 -1.85945 -0.690046 1.7933 -1.31717 2.35546 0.584963 -2.87301 -0.98302 -0.248126 -0.0967413 0.800586 0.541353 -0.492457 0.305421 -0.810159 -0.997476 -0.556068 0.839388 -0.634403 1.44985 -0.436902 1.01696 1.47565 -0.0326457 0.403252 0.246413 1.45781 -0.798804 1.58187 1.49135 -0.881234 -0.173539 2.93381 0.775349 1.2162 0.380572 0.0922513 0.115329 -0.812628 0.360283 -1.174 0.011473 -0.181242 0.488008 -0.487008 0.09842 0.669981 -0.184104 1.65106 -0.0619086 0.594826 -0.229927 -0.432855 -1.45304 -0.418586 0.933854 0.215565 0.00887578 -0.0570591 -0.133407 1.31274 1.02241 -0.0598296 0.292126 
-0.726919 1.35397 0.649567 -0.0232473 0.125563 0.217909 1.43198 1.85444 -0.297908 -0.567886 -0.878771 0.144455 -1.37155 -1.11811 2.02059 -0.290312 -1.21458 0.0123438 -1.29535 -0.745928 0.833668 -0.534742 0.381432 0.737727 0.479142 1.8581 -0.480178 0.456646 1.34261 0.546048 2.23598 1.94161 -1.36976 2.31889 -2.18429 1.11677 1.12442 0.905832 -0.8063 0.886528 -1.35732 0.217095 1.60088 -2.00964 -1.8276 -0.357831 -1.52764 0.191061 -0.033394 -0.629036 1.75858 -1.92375 0.109794 -0.0115053 -0.51963 -2.91362 -0.673569 -0.41312 0.947082 -1.00577 -1.10406 -0.0652817 0.271914 -1.37313 -0.282461 0.860806 1.06558 1.58705 -0.131178 -0.200471 1.76552 -0.0289504 -0.178937 -2.59735 -0.841991 0.638622 -2.05663 2.26925 1.35312 0.791343 -1.69101 0.11402 -0.178296 -1.53173 -1.14039 -0.0527279 -0.190265 1.86284 0.132164 -0.502006 0.444341 1.14593 2.44861 -0.782271 0.585391 -0.480396 1.95166 0.461027 -0.205297 -0.248014 -1.39698 0.100342 -2.22431 -1.20154 -0.712996 1.85797 1.53574 0.861032 0.492446 -0.842645 0.687659 0.403743 -0.548849 1.18964 -0.255933 -0.695074 -0.182988 0.0282108 1.06677 -0.198771 -1.92546 0.375394 1.28177 -0.844117 -0.456174 -0.197176 -0.498236 1.87198 0.726258 -0.58629 0.330067 0.0750979 -0.124869 -1.37834 0.519765 1.26355 1.63931 -0.0731718 -1.75336 0.89526 0.607354 -3.4046 -1.65345 -0.154892 -0.638195 -0.111653 -0.109969 0.885748 -1.57746 -1.8582 2.25166 -0.585515 1.46004 -0.907399 0.662632 -1.09453 -0.613526 -0.215794 0.061667 1.79889 1.09901 1.62734 0.799413 -0.740839 1.91377 0.363765 -2.35204 -1.84406 0.827303 -0.935835 1.17002 -0.134916 0.471793 -2.05685 -0.757346 -0.37667 0.0944846 0.331285 -1.07948 0.475474 0.632775 -1.12587 0.383545 -0.633315 0.273395 1.39102 -0.786547 1.30321 -2.10284 -0.878494 0.1099 -0.21984 -2.33254 0.401307 -1.79745 -1.48864 -1.15838 -0.260799 -0.239821 -0.303241 -0.399532 0.25808 0.321455 -0.132976 0.394208 -0.22001 -1.0035 -0.292862 -2.32402 -0.0437513 -2.04548 1.18484 -0.47188 -1.13992 0.713809 3.30719 1.85429 -1.55753 -0.662359 0.286142 0.6781 -0.488172 0.0883449 -1.4593 1.0564 -0.0954506 0.445628 -0.212474 -0.0449595 0.184845 1.37462 -1.80316 -0.782891 -0.502044 0.374314 -1.04354 0.511281 0.280837 -0.241531 1.40686 -0.514554 -3.22693 -1.54148 0.162254 1.01097 -0.633604 -1.41256 1.65646 -1.41257 1.94666 -1.25304 0.602444 0.77545 -1.86352 3.05991 2.97029 0.16936 -0.227256 -0.731229 -0.465307 1.108 -0.297201 0.344638 -1.05012 -0.773782 1.77442 0.434401 1.18732 -0.265422 -0.650832 -1.13163 -0.941728 0.343182 0.505245 1.49594 -0.895668 -1.63587 -1.21095 -0.833068 0.382755 1.61344 -0.191941 1.82959 0.484869 0.810082 0.245292 -1.27935 0.658781 1.74122 0.281716 -1.22203 -0.00144634 0.516031 -0.727307 -1.46588 -1.94101 0.18704 -0.66532 -1.37822 -0.450669 
