500 1.00001
28.0562 28.0562 28.0562 
14 14 14 
1 1 1 1 1 1 1 1 1 1 1 1 1 1 1 1 1 1 1 1 1 1 1 1 1 1 1 1 1 1 1 1 1 1 1 1 1 1 1 1 1 1 1 1 1 1 1 1 1 1 1 1 1 1 1 1 1 1 1 1 1 1 1 1 1 1 1 1 1 1 1 1 1 1 1 1 1 1 1 1 1 1 1 1 1 1 1 1 1 1 1 1 1 1 1 1 1 1 1 1 
1 1 1 1 1 1 1 1 1 1 1 1 1 1 1 1 1 1 1 1 1 1 1 1 1 1 1 1 1 1 1 1 1 1 1 1 1 1 1 1 1 1 1 1 1 1 1 1 1 1 1 1 1 1 1 1 1 1 1 1 1 1 1 1 1 1 1 1 1 1 1 1 1 1 1 1 1 1 1 1 1 1 1 1 1 1 1 1 1 1 1 1 1 1 1 1 1 1 1 1 
1 1 1 1 1 1 1 1 1 1 1 1 1 1 1 1 1 1 1 1 1 1 1 1 1 1 1 1 1 1 1 1 1 1 1 1 1 1 1 1 1 1 1 1 1 1 1 1 1 1 1 1 1 1 1 1 1 1 1 1 1 1 1 1 1 1 1 1 1 1 1 1 1 1 1 1 1 1 1 1 1 1 1 1 1 1 1 1 1 1 1 1 1 1 1 1 1 1 1 1 
1 1 1 1 1 1 1 1 1 1 1 1 1 1 1 1 1 1 1 1 1 1 1 1 1 1 1 1 1 1 1 1 1 1 1 1 1 1 1 1 1 1 1 1 1 1 1 1 1 1 1 1 1 1 1 1 1 1 1 1 1 1 1 1 1 1 1 1 1 1 1 1 1 1 1 1 1 1 1 1 1 1 1 1 1 1 1 1 1 1 1 1 1 1 1 1 1 1 1 1 
1 1 1 1 1 1 1 1 1 1 1 1 1 1 1 1 1 1 1 1 1 1 1 1 1 1 1 1 1 1 1 1 1 1 1 1 1 1 1 1 1 1 1 1 1 1 1 1 1 1 1 1 1 1 1 1 1 1 1 1 1 1 1 1 1 1 1 1 1 1 1 1 1 1 1 1 1 1 1 1 1 1 1 1 1 1 1 1 1 1 1 1 1 1 1 1 1 1 1 1 

0 1.4885 0.892265 1.30895 0 1.98491 3.66448 3.53715 0 4.59601 1.02227 4.13699 0 3.92592 3.82963 0.688113 0 7.10609 1.49618 1.84112 0 6.73184 4.49776 4.50328 0 9.62372 1.81106 4.1998 0 9.92906 4.99146 1.761 0 13.1898 1.52624 1.33054 0 12.9266 4.53838 3.48454 0 15.4874 1.93834 4.53867 0 15.755 4.73239 1.46186 0 18.8799 1.67811 1.72336 0 18.204 4.75679 4.13995 0 20.7327 1.36996 5.03121 0 20.8578 4.28529 1.56283 0 24.8331 1.87171 1.1417 0 23.6274 4.37507 4.14499 0 27.2452 0.817547 4.27492 0 26.1438 4.89589 1.57836 0 1.48371 6.81024 1.40174 0 1.36516 9.44558 3.99068 0 3.76058 6.84158 4.07823 0 3.22547 10.3726 0.917325 0 6.3543 7.04539 1.39961 0 6.98378 11.0696 4.5796 0 8.6352 8.203 3.98488 0 9.54855 9.86173 0.948247 0 12.2355 7.57453 1.1324 0 11.9948 9.94055 4.29594 0 14.7023 7.54451 4.06032 0 15.5286 9.85132 1.04161 0 18.4817 7.64386 1.48129 0 17.7791 9.76732 4.32424 0 20.9897 7.09544 4.30012 0 21.072 10.0388 1.36503 0 23.6259 7.34658 1.70027 0 23.9328 9.8297 4.36308 0 26.2731 7.08954 4.49959 0 26.7107 9.76006 1.57809 0 1.27169 13.1229 0.908346 0 1.04566 15.8922 3.9712 0 3.69739 13.2887 3.74791 0 4.59274 15.1021 0.560022 0 6.61032 12.2422 0.890668 0 6.79698 14.8397 3.22586 0 9.72331 12.8261 4.57126 0 9.67621 15.0245 0.643627 0 12.4309 12.2187 1.61741 0 12.8258 15.1857 3.99194 0 15.6553 12.5447 4.39905 0 15.1713 14.7742 1.08629 0 18.3196 12.4687 1.63401 0 18.5657 15.2489 4.23603 0 20.8798 12.7347 4.84154 0 21.2669 15.4227 2.03444 0 23.8118 12.7744 1.89751 0 23.8673 15.4559 4.73441 0 26.6858 12.4587 4.31685 0 26.1884 15.4905 1.21718 0 1.20257 18.4779 1.26129 0 1.30898 21.1883 4.02851 0 4.70891 17.9631 3.42817 0 4.02713 20.6105 1.06936 0 7.02471 18.224 0.788923 0 7.74466 20.5385 3.83035 0 9.55495 17.3872 3.61897 0 9.81804 20.8009 0.720095 0 13.0718 17.8631 1.18833 0 12.8141 20.7096 4.40141 0 15.4648 18.0863 4.54701 0 15.2295 21.0558 1.45998 0 17.4168 17.5628 1.75026 0 18.0278 20.4105 4.02218 0 20.4987 18.1969 4.41063 0 20.7863 20.6419 1.26385 0 23.6849 18.4539 1.85227 0 24.0419 21.7203 4.36458 0 26.8924 18.4856 4.15669 0 26.7916 21.4258 1.50901 0 1.24327 24.3249 0.924266 0 1.87164 26.1085 4.09074 0 4.67873 23.0699 3.83576 0 4.34346 26.1835 1.38076 0 7.47572 23.7525 1.47944 0 7.60566 26.5432 4.24526 0 9.80878 23.4392 4.21002 0 10.3014 26.7322 1.76255 0 12.6138 23.621 1.81918 0 12.978 26.9547 4.18476 0 15.1853 23.488 4.37706 0 15.9672 26.8813 2.23912 0 18.3844 23.4965 1.67326 0 19.2895 26.5506 3.41508 0 20.8576 23.2145 3.78744 0 21.8483 27.8454 0.900474 0 22.8981 23.5594 0.87191 0 23.5635 25.6594 4.10526 0 27.067 23.8744 4.14345 0 25.889 26.2674 1.44896 
0 1.68184 0.664282 7.46591 0 1.18389 3.3554 10.009 0 4.15475 0.597548 10.0214 0 3.74166 3.33879 6.68741 0 6.67777 1.29945 7.02916 0 6.51583 3.95852 9.91295 0 9.45784 1.25537 10.1079 0 9.31443 3.71842 7.14635 0 12.3642 1.14261 6.92857 0 12.8783 3.67004 9.57509 0 15.6543 0.681805 9.65681 0 15.6725 4.18963 6.9619 0 18.0346 1.42511 7.18935 0 18.6998 4.21184 9.77811 0 20.9414 1.29359 9.51824 0 21.0855 4.15065 7.13866 0 23.699 1.07339 6.44502 0 24.2171 3.81494 9.59892 0 26.6713 0.736624 9.69337 0 26.8027 3.52745 6.58 0 1.15646 6.23091 6.52905 0 0.873973 10.0105 10.4476 0 3.29202 7.07718 9.54448 0 4.49556 10.2079 6.98851 0 6.42812 7.09244 7.71981 0 6.46967 10.1308 10.0108 0 9.65348 7.05511 9.76077 0 9.51451 10.0428 7.2604 0 12.261 6.39508 7.31219 0 12.3274 9.03032 9.63317 0 15.5859 6.73877 9.72311 0 14.3986 9.9202 7.04032 0 18.2469 7.19839 6.62637 0 18.3296 9.51589 9.87732 0 21.4263 7.11025 10.0665 0 21.072 9.86406 7.17335 0 23.6647 6.67886 7.01353 0 24.1263 9.92847 9.95227 0 26.3988 6.98471 9.35594 0 26.0756 9.6703 7.06068 0 1.14338 12.0313 6.98083 0 1.43211 15.8328 9.89757 0 3.61126 12.6218 9.59538 0 3.76636 15.0104 6.63747 0 6.87183 13.0658 7.72513 0 6.6862 15.6658 10.8892 0 9.53147 12.4511 10.3072 0 9.49078 15.4217 8.27235 0 12.1505 12.496 7.54376 0 12.3823 14.9686 10.399 0 14.9243 12.0678 9.70777 0 15.1034 15.1852 6.81347 0 17.8801 11.9276 7.53753 0 18.0532 14.8959 9.3718 0 21.3285 12.066 9.71929 0 20.7841 15.2207 7.25803 0 24.0175 12.3243 6.95793 0 24.0838 15.42 9.33993 0 27.0027 12.8435 9.97649 0 26.9608 15.1478 6.67794 0 1.64398 17.7665 6.82757 0 0.820802 21.4841 10.8825 0 3.70013 18.5782 10.4915 0 3.77277 21.3142 6.91201 0 6.90228 17.8287 6.25419 0 6.6104 21.1169 9.70694 0 9.3213 18.4951 10.0268 0 9.44885 20.5145 7.36052 0 12.0287 18.0929 7.17123 0 13.0806 20.857 9.78689 0 14.9724 17.6185 9.7796 0 15.8161 20.8009 6.96806 0 17.9921 18.0282 7.5945 0 18.6161 20.8373 10.0478 0 21.1136 18.5957 9.37543 0 21.159 21.3737 6.90883 0 24.5597 18.983 7.2656 0 24.3038 21.1418 10.6452 0 26.6937 18.6303 10.6553 0 27.7537 20.5955 7.38077 0 1.58467 23.7268 7.19003 0 1.05052 26.567 10.6808 0 3.71735 23.8347 10.0502 0 4.01035 26.1286 6.99235 0 7.21377 23.4613 6.73279 0 7.29745 26.0865 9.02387 0 9.92589 23.7641 9.63987 0 10.3792 26.1446 6.59165 0 12.6158 23.3712 7.03021 0 13.1375 26.3657 9.36177 0 15.5245 23.7101 9.52678 0 16.4503 26.5093 6.48857 0 18.3671 23.2869 7.03075 0 18.6417 26.2517 9.61349 0 21.2742 23.2213 9.79456 0 21.1262 25.3339 6.74459 0 24.5471 23.1246 7.47301 0 23.4704 26.4997 9.99077 0 26.2781 24.2817 10.6934 0 26.532 26.1474 6.84289 
0 1.33481 0.921125 13.192 0 0.813997 4.59782 15.1854 0 4.12571 2.40289 15.1305 0 3.58156 4.54542 12.2064 0 7.01607 1.57569 12.5818 0 7.64256 4.66713 15.5329 0 10.223 1.73319 15.3895 0 9.65022 4.07981 12.5691 0 12.5038 0.885057 11.9697 0 13.1204 3.88443 14.9262 0 16.0186 1.66875 15.2147 0 15.7476 3.44818 11.8017 0 18.177 1.18426 12.3312 0 18.5572 4.18312 14.3737 0 20.9898 1.46174 15.2191 0 21.3984 3.7365 12.3173 0 23.8844 1.03528 12.6163 0 23.4744 4.56448 15.1839 0 26.1569 1.81015 15.5187 0 26.7874 4.07035 12.5473 0 0.771941 7.1542 12.5228 0 0.96278 9.65132 15.8971 0 4.17065 7.2853 15.5514 0 3.9765 9.48316 12.4137 0 6.83292 6.8559 12.3723 0 6.95216 9.77082 15.5195 0 10.1112 6.94461 15.0358 0 9.14135 9.29653 12.4198 0 12.6478 6.08177 12.3285 0 12.3057 9.51848 14.8311 0 15.7075 6.45106 14.985 0 14.9831 9.74116 12.2509 0 19.009 7.42847 12.5337 0 18.0363 10.1037 15.3969 0 20.4824 7.35086 15.8473 0 21.2036 9.93918 12.9427 0 24.1186 7.61841 12.3063 0 23.6297 10.3403 15.6861 0 26.0782 7.12684 15.1167 0 26.3896 10.1504 13.3466 0 1.27269 12.8073 13.357 0 1.36895 15.7344 16.0719 0 4.15555 12.5783 15.468 0 3.65832 15.2067 13.1084 0 6.49312 12.2964 12.8394 0 6.6404 15.6449 15.1127 0 9.83261 12.5753 14.8371 0 9.85425 15.5477 12.7836 0 12.6776 12.2567 12.6157 0 12.699 15.3452 15.2395 0 15.1886 12.5578 15.0989 0 15.3314 15.2319 12.5084 0 18.3196 12.1838 12.2456 0 18.1202 15.1913 14.9876 0 20.9317 12.9902 15.4663 0 21.2595 14.9373 11.8541 0 24.3538 12.8821 12.6725 0 24.1373 15.1904 15.6299 0 26.6357 12.313 16.1003 0 26.7486 15.8744 13.0482 0 1.9739 18.7214 13.8329 0 1.70575 21.3758 16.1467 0 4.95079 18.5189 15.8413 0 4.19585 21.4276 12.7226 0 6.99915 19.0046 12.3472 0 7.81028 21.6772 15.6743 0 9.64473 18.4915 14.9379 0 9.67177 21.4677 12.411 0 12.2126 18.5652 12.3367 0 12.8145 20.9326 15.3903 0 15.2095 17.828 15.4106 0 15.6614 20.7334 12.5856 0 18.3449 17.8672 12.7531 0 18.5966 20.8599 15.3174 0 21.3654 18.2071 15.4448 0 21.3114 20.5353 12.6804 0 23.5836 17.1622 12.5137 0 23.8224 21.4329 15.7355 0 26.8226 18.43 15.925 0 26.8921 21.4006 13.9594 0 0.84126 24.3433 13.4512 0 1.70697 26.1888 15.9354 0 4.57809 23.9306 15.24 0 4.39446 26.7423 13.1191 0 7.2883 24.1747 12.3499 0 7.46146 26.2398 15.8072 0 10.4896 23.9682 15.402 0 9.9109 26.5819 12.7658 0 13.0569 23.3021 12.4098 0 12.7167 26.7864 15.0915 0 15.16 24.2827 15.6483 0 15.525 25.984 12.1808 0 18.2591 23.3929 12.2244 0 18.0039 26.7108 15.2607 0 20.8576 24.2902 16.007 0 21.0761 26.6143 12.7246 0 23.7642 24.2094 13.3867 0 23.2167 26.5939 16.0753 0 26.3651 24.3184 16.0902 0 26.0653 26.7463 13.7482 
0 1.01673 1.93908 17.9713 0 1.70352 4.53364 20.7115 0 3.90731 1.6886 20.8533 0 4.52618 4.05222 18.1102 0 6.73946 1.32191 18.4351 0 7.15394 3.89059 20.978 0 9.81283 1.25089 21.5905 0 9.96201 3.48184 18.7049 0 12.7913 1.79458 17.9613 0 12.602 4.24628 21.6524 0 15.2031 2.0695 20.6854 0 16.0124 4.48714 17.6919 0 18.6656 1.32534 17.8917 0 18.2114 4.28319 21.2688 0 20.9931 1.67483 21.3554 0 20.5843 4.33349 17.3133 0 22.9558 1.38408 18.4083 0 23.4893 4.42027 20.6763 0 26.5667 2.14732 20.7421 0 26.3683 4.91552 17.9477 0 1.459 7.03718 18.115 0 1.41094 9.96671 21.489 0 4.84124 6.87362 21.1981 0 4.34111 9.33872 18.592 0 7.08937 6.66532 18.6837 0 7.45476 9.73509 20.5854 0 10.1499 7.08371 20.6027 0 10.0643 9.59225 17.6694 0 12.6272 7.10815 17.5869 0 12.4199 9.74908 20.3763 0 15.3331 6.93368 20.749 0 14.7468 10.0069 17.8814 0 17.8223 7.28392 17.9758 0 17.4179 10.1216 20.5571 0 20.7076 6.90632 20.2899 0 20.2956 9.89188 18.4087 0 23.4404 7.4053 17.8527 0 23.7394 10.1609 21.1553 0 27.0772 6.67684 20.9313 0 26.5316 9.99922 18.7432 0 1.97112 12.474 18.5928 0 1.88469 15.7363 21.1637 0 4.80849 12.1121 21.2339 0 4.57236 15.6729 18.4938 0 6.53655 12.5714 18.0544 0 7.04379 15.4173 21.5583 0 9.84688 12.7585 20.5066 0 9.07572 14.9758 18.0334 0 12.0996 12.6713 17.8704 0 12.4269 15.1186 20.924 0 15.3039 12.7357 20.7868 0 15.4757 15.2035 17.8489 0 18.4358 12.8794 17.9088 0 17.9126 15.8173 20.6035 0 20.4569 12.8947 20.861 0 21.3512 15.5452 17.9681 0 23.8076 13.0737 18.8062 0 23.8959 15.8107 20.8707 0 26.8681 12.8835 20.9581 0 26.9418 15.8593 18.5983 0 1.41206 18.3723 18.1853 0 1.38032 21.1476 20.7602 0 5.43524 18.6928 20.497 0 5.14793 21.102 18.2299 0 7.84599 18.3274 18.1395 0 8.26242 20.8258 21.7389 0 9.56305 17.6814 21.4413 0 10.2988 20.9061 18.1149 0 11.6581 17.6947 18.3521 0 12.0449 21.0161 21.1193 0 14.8295 18.1032 20.0095 0 16.235 21.0063 17.8141 0 18.0481 18.0001 17.3489 0 18.4469 20.2262 20.9912 0 21.098 18.0172 20.6229 0 21.0883 20.9491 17.8272 0 24.3575 18.4089 18.2191 0 24.2936 20.6741 20.6953 0 27.0767 18.2651 20.9341 0 26.659 21.213 18.3557 0 1.24216 23.9517 18.5681 0 0.605889 26.8897 20.6629 0 4.79845 23.6542 20.2107 0 4.28492 26.5865 18.3455 0 8.15772 23.4042 18.9865 0 6.84898 26.6391 20.9697 0 9.90894 24.4151 21.798 0 9.94103 27.1833 18.1559 0 11.9937 24.3421 18.714 0 13.3307 26.8398 21.6165 0 15.0149 23.6363 20.8135 0 15.059 27.3029 18.0731 0 18.9519 23.6687 18.874 0 17.4505 26.4977 20.732 0 21.1396 22.5687 21.399 0 21.0263 26.5562 19.3279 0 23.5604 23.7398 18.8268 0 23.7181 27.2765 21.3905 0 26.1341 24.3974 20.8243 0 26.317 27.1689 17.8281 
0 0.987312 2.12955 23.7217 0 0.579259 4.30337 26.6514 0 3.98894 0.924884 26.7206 0 3.81276 4.43055 24.112 0 6.06468 1.41493 23.9941 0 6.81483 4.52932 26.8474 0 9.99929 2.23682 27.6322 0 9.19408 4.00147 23.945 0 13.3205 1.42485 24.3268 0 12.6215 4.62601 27.3951 0 16.3126 1.6088 27.3305 0 15.9573 4.69634 23.7498 0 17.5537 1.2833 23.6593 0 18.6315 4.44797 26.1786 0 20.8085 1.50492 26.2455 0 20.7318 4.36244 23.5289 0 23.8814 1.45896 24.3798 0 23.4223 4.74648 26.0746 0 27.1523 0.786367 26.4594 0 26.1942 4.32498 23.7845 0 0.998422 6.66891 24.1305 0 0.870794 9.37659 26.6411 0 3.92248 6.84433 26.7328 0 4.03445 9.51957 23.6436 0 7.50324 7.04464 23.483 0 6.59249 9.39793 26.7512 0 9.45851 7.01806 26.737 0 10.242 9.45337 23.6439 0 13.2432 7.27882 23.3608 0 12.3965 9.66353 26.3002 0 15.3476 6.93425 26.8978 0 15.1508 10.2774 23.6734 0 18.1542 7.53853 23.3996 0 18.2607 10.0682 26.5516 0 21.1229 7.65003 26.6212 0 20.5577 10.109 23.3145 0 23.5137 7.196 23.2378 0 23.406 10.4433 25.5148 0 25.6509 7.44897 26.776 0 26.6458 9.81818 23.8069 0 1.01713 12.5527 24.161 0 0.58289 15.5235 26.2727 0 4.01047 12.3639 26.189 0 3.82644 15.5058 24.3097 0 7.98257 12.3736 23.569 0 7.34629 15.5597 26.1194 0 10.1394 12.5022 26.1463 0 10.1477 15.3513 23.5004 0 12.3848 12.4695 23.3398 0 12.8228 15.3238 26.0043 0 15.2724 12.2597 26.6628 0 15.0708 15.0017 23.2071 0 17.9006 12.5386 23.6466 0 17.5698 15.1618 26.1826 0 21.2277 13.4694 27.1858 0 21.0057 15.9647 23.7293 0 23.5889 13.3437 23.4515 0 23.6612 16.4103 26.8512 0 26.1535 13.104 26.252 0 26.3101 15.9545 23.4017 0 1.49098 18.4965 23.5725 0 1.78408 21.3136 26.3642 0 4.43463 18.217 26.503 0 4.30136 21.2251 23.1468 0 6.86229 18.3821 24.0436 0 7.09418 20.9072 26.4062 0 10.1018 17.8999 26.355 0 10.3951 21.1124 24.4467 0 12.8176 17.886 23.1226 0 13.0741 20.4702 26.4906 0 15.7064 18.233 26.4597 0 15.3448 20.34 23.743 0 18.0598 17.7923 23.4518 0 18.1176 20.8355 27.1376 0 20.0811 17.5178 26.653 0 20.4292 20.3575 24.0306 0 23.7165 18.5304 23.7372 0 23.3995 20.3264 26.9308 0 26.8533 18.6558 26.4168 0 27.4189 21.2111 23.5661 0 1.43153 23.8106 23.5323 0 1.39252 26.3192 26.4193 0 4.24674 24.356 26.1368 0 3.47032 27.0501 23.4832 0 7.22807 23.9224 24.3121 0 7.13841 26.674 27.3707 0 10.1026 23.9235 26.5297 0 10.5708 27.6128 24.8895 0 12.7871 24.085 24.194 0 13.2548 26.4923 26.8988 0 15.7598 23.4333 26.0356 0 15.8383 26.3537 24.1911 0 18.1078 22.7344 23.5315 0 19.0256 26.5166 27.3498 0 20.3844 23.5147 26.1438 0 19.9547 26.3657 23.6165 0 23.8915 23.0231 23.8236 0 24.0656 26.2309 26.1481 0 26.5853 23.5045 26.071 0 26.9022 26.4397 23.4122 

-0.474729 1.27776 2.1489 -0.403 1.99045 -0.344606 -2.64435 -2.08252 -0.6391 0.0942214 2.13338 -1.1588 0.0647262 -1.09019 1.96243 -3.07018 3.80147 1.77572 -0.236915 0.311762 3.08834 -0.014428 0.819946 -2.18295 0.704091 0.010482 -2.4131 1.46714 -0.488146 1.84386 1.89389 0.789227 1.03072 0.426599 1.86028 0.448819 0.627151 -1.14166 0.626712 -1.33224 -1.93162 1.54001 -2.57577 -0.720605 0.660992 -1.27795 0.788916 -1.52625 -0.659342 -0.937577 -1.96283 0.778873 -0.650466 -0.400076 -1.62487 1.7815 0.657141 1.25377 0.999103 -2.2774 1.00736 -1.52065 1.75852 1.43275 -0.193944 2.36628 -0.814554 -0.91926 -0.76569 -1.77316 1.46518 -1.20456 0.905673 2.48132 -1.49593 -0.0725886 0.155269 -0.480341 1.715 -1.94204 1.19297 2.22624 0.652067 0.885486 -1.03144 -1.20549 1.00333 0.369291 -1.83488 0.36326 -2.39534 -0.378824 0.357591 0.171266 -0.589851 -1.78347 -0.327016 -2.5797 1.53274 -1.59322 2.26053 2.05868 -1.16744 1.1258 0.488655 1.32026 1.05669 -0.25086 1.3293 1.0382 -1.4171 1.85975 1.77872 -1.3969 0.0991984 -1.11049 0.91181 1.02869 -0.288476 -0.833704 -0.292672 -1.38637 2.21113 0.495701 0.870467 -0.643119 0.368016 1.32304 -0.216963 -0.475809 -0.607769 2.54808 0.493302 1.00229 1.71978 0.846357 0.724568 0.943778 0.751719 1.78723 0.116249 -0.250353 -2.42336 -0.244583 0.826764 -1.11472 -1.05202 -1.68882 -1.2761 -0.394098 1.47356 -0.773781 2.81888 -0.585875 -1.17399 -0.690906 -1.44356 0.766522 -1.62442 -1.64758 1.47348 1.64913 0.691606 0.945955 0.906524 -0.0288954 0.254153 -1.21119 -1.65971 -1.73942 0.397678 -0.39441 -0.254391 -3.96867 0.546486 0.0872207 0.615339 0.504822 1.57691 -0.8754 0.955663 -0.196343 -3.14221 1.29659 -0.909991 0.486653 -0.0578245 0.697671 -1.88035 0.102184 -1.0659 -2.26164 1.20658 -1.6251 -1.3765 0.509485 -0.205082 2.29028 0.846723 0.860448 2.80597 0.739061 -0.582129 0.0431099 0.273367 -1.50841 -0.322252 0.487268 0.636949 0.695025 0.00740719 -1.51953 0.872237 0.566109 -1.46029 -0.624665 -1.88831 0.0368335 2.30514 0.383767 0.648434 2.14466 1.35219 -2.72536 -1.47931 1.19359 -3.22194 2.16785 -2.90682 1.19102 1.67538 0.4598 -0.799225 0.947645 1.76005 0.930653 -0.627499 1.57818 -0.567061 -0.686724 1.28236 0.332338 -0.979459 -0.374212 2.17001 -1.5787 -1.39697 -0.119893 1.00455 0.415789 -0.240648 0.655875 0.632196 -1.33078 -0.339957 3.15286 1.38538 0.486441 -1.9676 2.78947 -0.191837 -0.359056 -1.29369 2.69471 0.538779 -0.823602 0.531122 -2.2182 -0.506216 -2.77011 -0.422286 -0.140184 1.15938 -0.107142 0.0236984 0.62801 -0.0381493 -1.44078 1.14144 -0.787077 -0.191495 -0.21522 2.80737 1.86943 -2.30723 1.21208 0.869187 -1.46959 -2.92509 -1.6333 -0.0148916 0.553281 -2.38556 2.30842 1.03914 1.98429 0.204298 0.245244 2.21456 0.439989 
0.278903 -3.38054 -0.696536 1.20967 -1.76944 -1.97213 -0.0490891 -1.93751 3.69132 -1.64583 0.149899 1.01623 -0.116121 0.605486 -0.468869 -0.557386 0.78527 -1.34142 0.601749 0.689088 -0.425494 0.381167 0.755919 -1.12739 0.461159 -3.94456 -0.363115 -0.822941 -2.42918 -2.38156 -0.945294 0.159111 1.0158 -0.51738 1.82453 -0.896065 -0.513454 2.6416 -1.50165 0.415333 0.190337 -1.20872 -1.45365 -1.42192 0.536849 2.01981 -0.190693 -0.475656 0.65654 1.41586 -0.323692 0.836687 0.891952 -1.29998 -2.5947 0.212753 1.53604 -0.355362 -1.4709 -1.7934 -1.78992 1.05557 0.441581 0.552839 -0.587326 -0.459945 2.20294 0.582541 -0.985153 -1.21839 1.1297 -1.10064 -0.3158 -3.53186 -0.259673 -0.374428 -1.06432 0.271924 0.0754479 -1.05874 1.96029 0.778485 0.0443021 1.26196 -0.115093 -0.331943 2.69416 2.34478 1.24645 -1.5526 -0.829241 0.881826 0.979485 -0.602071 -0.205291 -0.645876 1.38782 0.834531 -0.603605 -0.502218 1.48102 -0.491725 -1.62704 -2.31257 1.90147 1.09037 0.566732 -1.14109 -2.00049 -0.0920139 -0.839377 -0.460551 -1.02921 0.711296 -0.468344 -3.5982 -2.25293 0.236803 0.439162 0.0952977 -1.65755 2.7235 0.399169 2.34332 0.891237 -0.621295 1.70375 1.15142 0.751274 0.969493 -2.98779 0.890526 0.283149 -1.48658 -1.29145 0.0189984 0.0655806 -2.0735 2.29024 2.56203 1.26919 -0.799277 -1.5147 0.562528 0.569708 -1.26416 0.962729 1.42761 -1.20301 -1.51008 -1.93939 -0.43336 -2.66998 -1.71556 0.840139 0.862193 -0.242276 -0.553461 1.77167 -1.23161 0.781238 2.64919 0.43288 0.881371 1.71257 -2.0268 1.10437 -0.313461 0.827646 -0.131076 -0.234081 -1.36237 1.14041 0.0800745 3.12075 1.00741 1.01032 -0.494174 1.90606 0.898843 -2.80637 1.7137 -1.15858 2.18214 -0.438675 1.35478 -0.66147 2.15069 2.92031 -0.413743 -0.146567 1.756 -2.288 1.14736 -1.15484 -0.124812 1.68933 -1.32518 -0.319421 0.310791 2.07068 0.157149 2.16228 0.622789 1.65587 -2.54906 1.93619 -0.191603 -1.70147 0.283864 0.291573 0.333694 1.04948 0.195483 0.399657 0.246602 -0.312981 1.92479 -2.35244 -1.71223 1.57727 0.32241 0.739368 0.670308 -0.258952 -2.83976 -0.520169 -0.727395 1.18822 1.28752 -0.230168 1.33266 0.22203 -0.156084 1.0705 -0.327215 -0.511513 0.895252 -2.34506 -1.65458 -1.19163 0.224573 4.36248 2.69771 -0.0357342 1.00166 0.886706 0.324962 0.215385 1.25773 -0.476062 0.139843 0.484795 1.7026 -0.77845 2.08325 2.5541 -0.611523 -0.206228 0.86111 -0.995182 -0.270847 1.89448 -1.18493 -1.45157 1.17612 -1.48186 1.51255 -2.06623 -2.25129 -1.45566 0.108104 1.73306 0.621685 0.241888 0.402431 1.18083 -1.37293 -0.414811 0.0643985 2.04881 0.777885 0.536495 2.30674 0.477377 -0.173211 1.4399 2.83661 1.79594 -1.288 1.9219 -1.35409 -0.746034 -0.0623353 1.9237 0.372418 -0.972021 -0.375065 1.35377 0.310929 
0.563263 2.52377 -0.637282 -0.206735 -1.22411 -0.434142 1.84965 1.21663 0.0648953 -0.816049 3.57434 0.0702411 -1.18281 -0.643375 -1.23294 1.16701 -0.671339 -1.69204 -0.942295 -0.851083 -1.60195 0.144412 0.919722 0.55949 1.95683 -2.68743 -1.52743 -1.16771 -0.627509 -0.131404 -0.296151 0.49898 2.47545 -1.0159 0.0896013 -2.15967 -0.0659488 3.41431 -1.72494 -0.150703 2.26264 -1.84758 -1.15776 -1.67562 0.470173 -0.689436 2.01171 0.249871 -1.37237 1.95802 -0.409469 -0.730185 -1.70643 -0.145827 2.59855 -1.42741 -0.506779 1.51832 0.465337 2.50449 1.68711 -0.418562 -1.8354 -1.93889 0.0935198 0.548979 2.20332 -2.47345 -0.636143 -0.60724 -1.41347 2.23235 1.98757 -1.3439 0.605453 2.14501 -0.837748 1.18068 0.843174 0.88647 -0.447715 0.316305 -1.66987 3.06768 -1.1748 0.306196 -1.23759 0.0915386 -1.05576 -1.46456 -0.0644255 -1.89565 -0.810917 -1.90287 0.937528 -1.94521 -2.25808 -0.573191 -3.80884 -1.24958 -1.92576 -0.0258682 2.11358 0.187165 1.57551 0.167244 1.30165 0.211808 -1.73453 -1.28095 -0.393402 1.57328 1.23605 -0.178158 -1.90161 2.72187 -0.199833 0.886433 -1.46684 -0.00935572 -0.996444 -0.0415735 -3.84874 0.712314 -0.354323 -1.25875 0.607506 -0.536447 -1.60765 0.595986 1.42226 0.164798 0.782913 0.133747 0.169464 1.70541 0.747204 -2.67119 -0.815132 -0.34532 0.286826 0.763584 -0.0652392 1.73445 0.495983 -0.907489 1.25119 -1.59807 1.69065 1.7334 2.30956 0.630909 -2.52508 0.399289 -0.432526 0.101683 1.21596 -1.50731 0.315553 -1.47061 -1.6127 -0.927817 -0.403362 1.62558 -0.793787 0.172219 0.405489 3.85137 -0.996778 -1.46523 1.18789 1.06984 -0.277699 0.866319 -1.16715 1.66565 -1.02807 -0.194235 0.00389788 -0.382034 -0.741803 0.474791 0.451861 -1.18649 -0.0515559 0.623566 -0.198448 -1.25078 0.676444 2.68771 -0.565449 -1.08719 0.987162 -1.58337 -0.350226 -1.27413 -1.44216 -0.327327 0.495321 0.86446 -0.0888421 0.36368 -0.875592 -1.19931 1.74662 -2.10977 0.00151759 -0.233875 3.06693 1.19578 1.92699 -1.24045 -1.98729 -1.86183 0.120505 -0.407438 -1.00531 -0.298823 -0.942158 1.7322 0.770449 0.144459 0.46346 1.32577 0.141751 -1.30481 3.89692 -0.434614 0.806951 1.11876 0.491287 0.298153 -1.81193 -2.15303 -0.949767 0.360162 2.83788 -1.70505 -2.80857 -0.274554 -0.534152 -1.86883 1.33869 0.0713447 0.117956 1.65687 -0.89486 2.03714 1.03198 -0.100496 0.208559 -0.560824 -2.5024 0.621082 0.561489 0.683507 1.93907 -1.81145 -2.21733 -2.52662 1.09391 -0.518463 -1.10305 -1.61928 1.42283 -1.75742 -0.580487 -2.1058 0.343369 -3.18933 -2.41017 -1.80366 -1.55538 -0.399737 -2.24 -0.164048 -2.02 -0.655816 2.21094 0.411844 0.72088 -0.135165 1.28725 0.570317 1.16674 -3.72917 -0.0111977 -1.91573 -0.694653 0.0351437 2.87239 1.4537 0.0993442 0.249635 -2.30589 1.30076 -0.0260494 2.04967 -1.78454 -0.642786 
1.24315 0.165552 2.49171 -2.27858 -1.18675 0.100364 -0.919426 1.66508 -1.15631 0.48175 0.526565 1.14663 -0.399943 1.01875 -0.422878 0.11799 0.853256 -1.21025 -2.34279 -0.890908 0.698762 0.55013 -1.47173 -1.45365 -1.45465 -2.23004 -0.0712536 3.80421 1.10592 1.75572 -0.759278 1.21912 -0.316427 -0.371421 -0.599717 -1.95509 0.321866 -1.66486 -0.49435 -0.493568 -0.489536 2.927 -0.114044 1.34796 -1.46587 2.61866 1.57886 0.942825 -0.426296 1.95389 1.32496 0.844108 -2.76269 -1.46589 -1.27137 -0.968407 0.504392 -1.20677 2.27334 0.00442757 -0.205461 -0.071098 -0.419534 -1.43109 1.28986 -0.297287 1.64075 0.127703 1.96034 -0.07784 0.166587 -0.321524 -2.63911 0.05958 -2.08994 -1.51535 -0.983456 0.929736 1.93701 1.27156 2.57572 0.375593 -0.93755 -0.0782226 -0.905835 -2.36262 -0.920548 -0.548609 -1.45138 0.821365 -1.09727 -0.422607 -1.30343 0.313771 3.54039 -2.15912 1.83837 0.220245 -0.227375 0.642939 2.49086 0.398789 -1.87209 2.11297 1.88051 -1.99751 1.53711 -2.88018 -0.881273 1.54731 -0.35101 1.6912 0.424601 2.90283 -2.30759 -0.389656 -0.682693 0.309161 0.233546 0.488397 -0.641187 -0.442018 -1.49637 -1.02008 0.196979 0.80044 1.04057 -2.65327 -0.428197 1.41328 1.30459 1.28218 0.677849 1.17762 -0.848596 1.0477 -0.183877 -1.76144 0.567553 -0.551102 0.120409 -2.8478 1.60585 1.69604 -2.62796 -0.255438 0.39055 -0.0533458 1.36939 2.11351 -1.57108 0.253674 0.358483 -0.0710991 0.938454 -1.15717 -0.21407 0.201893 -0.851918 1.78236 -0.325454 -1.04548 1.42701 1.72143 -1.33881 -0.529246 0.613897 -0.351911 -0.121985 0.556674 -0.319585 -0.335386 -1.59288 -1.38741 0.706006 1.33983 2.93654 0.579705 1.60062 -1.44679 1.58738 1.24942 0.811027 0.81235 0.94385 1.07889 -0.187714 -1.50319 -2.07049 2.29751 -1.10783 2.17197 0.891449 -1.07941 2.34401 -1.58584 3.58416 -0.156361 -2.2419 -1.24276 -0.119233 -0.196698 -1.61893 -2.67783 4.87883 0.199202 0.537096 0.208601 -0.672121 1.65361 0.418109 2.0188 0.563666 -0.359602 -2.78681 -0.123221 0.137308 -0.445285 -0.0162975 -0.486138 0.430915 1.59934 -1.08616 -0.964964 0.918439 1.79798 -1.02616 1.62415 0.42108 -0.244909 -1.38894 0.669684 -0.796307 -0.0657396 0.400651 2.09726 -1.44358 -1.71851 -1.13493 -0.254765 -1.12775 1.42258 1.8399 -0.358373 -1.20961 -0.359102 -0.216507 -0.824012 -0.568835 0.95563 -0.548892 1.29123 0.239032 -2.30464 -0.851691 1.10427 2.39438 -1.69863 -0.0303706 -1.70378 -1.01714 -0.562776 0.991515 1.63689 0.308347 -0.195129 0.889097 2.10955 -0.741189 -0.906633 0.057063 -1.1169 -0.823785 -0.281153 0.871346 -1.44816 -0.374474 -0.3314 -1.62652 0.952851 0.74729 -0.872554 -1.31822 0.289132 -1.03784 -1.55329 -0.475963 1.00328 -2.05205 -2.20749 0.59645 2.36271 -2.57311 -0.306992 -1.73434 -0.0147754 0.858264 1.19717 -2.38746 -1.0198 
-0.519062 -0.197705 1.23766 -0.444453 -1.9878 0.119911 -1.18751 -1.98694 -0.824661 0.169895 -0.825341 0.870137 2.00972 0.77406 1.98757 -2.7028 1.7663 0.966513 -1.67537 1.27106 0.969762 -2.06666 0.851064 0.581603 -0.348427 0.567727 -2.87271 1.06918 0.00954891 -0.335787 -0.128765 -0.75249 -0.630896 -1.15892 1.56783 -0.562059 -0.0566537 -1.82323 -0.413162 -0.945753 -1.5522 -1.30117 0.139835 1.65128 -0.0385476 -0.191387 1.93028 2.8933 1.56426 -3.1406 2.71473 -1.36284 0.834151 2.31641 -0.998394 -1.88466 0.805088 1.30894 -1.02773 -2.73009 3.15222 1.25165 -3.23909 2.42954 1.09663 1.55098 2.26182 1.5585 1.22946 -2.19485 -1.05017 -1.88051 0.44869 -2.91234 -1.66837 -1.39598 -1.33187 -1.35978 -0.522464 2.65384 2.58355 1.91258 -1.23216 -2.21476 0.0429212 0.620846 -1.04172 1.02426 -2.17223 -2.53098 0.0616621 2.09508 -1.19493 1.00061 0.240459 1.69728 3.25944 1.1893 -0.672124 0.523875 1.15749 2.81459 -0.977964 0.725952 -0.711697 -1.18047 0.736228 0.316961 -0.290176 -0.300826 -2.33281 1.57938 0.432998 0.822998 2.03459 1.6395 -1.02195 -1.50239 -1.75542 2.32926 0.911381 -0.721025 0.615844 -2.0757 0.205914 -1.25242 -0.158302 0.070972 1.39065 0.854896 3.29419 1.99093 0.0474746 -0.44082 0.518584 1.03655 -0.098552 2.04933 -1.90478 -0.70609 -0.948989 -0.702142 1.02679 -1.16792 -3.88051 -1.01779 -0.117636 -2.21595 -1.17342 2.92852 -0.582398 0.428743 1.27727 -0.194484 -0.154408 -1.56197 1.64791 1.52107 0.298351 2.41272 -1.1557 -0.139448 0.360668 -2.99606 1.37864 -1.90508 -1.11512 -0.162175 -1.77186 1.77333 -2.04819 -3.57714 -2.04597 -1.78248 0.894228 0.129665 0.305196 2.07465 -1.31446 -0.0665544 0.423223 -1.39405 -0.656769 0.52715 0.210517 -0.319107 -0.647201 1.0702 1.3638 1.07977 1.53889 1.22516 0.200658 -1.82642 -2.47193 0.316724 0.811978 -0.0238473 -1.43834 1.03836 1.81982 0.0691167 0.849576 0.706534 -3.04089 0.356483 -2.61965 -1.27512 0.983543 -0.439377 0.568576 -3.04841 0.541391 -0.0178938 -1.57273 1.48665 -0.603414 0.426065 -0.853454 1.66368 0.0951208 1.32646 2.17222 -1.08476 -1.15094 0.908134 -1.40878 -2.3519 -1.40646 1.24368 -4.70797 1.51365 0.452992 -0.530374 -0.479483 0.257007 -2.76305 -1.80765 1.4178 1.24422 2.03838 0.172116 -3.36114 2.86845 -0.670906 2.68438 2.26857 -0.718177 1.81157 0.236929 0.195219 0.235724 1.15981 -0.215342 -1.68507 -1.20312 -0.11443 1.74878 -0.263934 0.155564 2.17144 -1.91333 3.72196 0.279421 0.889569 -0.965933 1.18633 -0.852399 -0.268618 -1.84375 1.62464 -0.364541 1.73575 1.25983 -0.936551 -1.13913 -1.54567 0.804557 -1.84567 -1.99901 -0.905433 0.397092 0.785532 -1.58492 -0.306101 1.44302 0.832732 1.42138 -0.370777 -0.307458 -0.704162 1.27959 1.01868 2.35058 -2.0082 -1.00371 -0.93737 0.289123 -0.961196 -0.054564 
