500 101.001
27.5863 27.5863 27.5863 
14 14 14 
1 1 1 1 1 1 1 1 1 1 1 1 1 1 1 1 1 1 1 1 1 1 1 1 1 1 1 1 1 1 1 1 1 1 1 1 1 1 1 1 1 1 1 1 1 1 1 1 1 1 1 1 1 1 1 1 1 1 1 1 1 1 1 1 1 1 1 1 1 1 1 1 1 1 1 1 1 1 1 1 1 1 1 1 1 1 1 1 1 1 1 1 1 1 1 1 1 1 1 1 
1 1 1 1 1 1 1 1 1 1 1 1 1 1 1 1 1 1 1 1 1 1 1 1 1 1 1 1 1 1 1 1 1 1 1 1 1 1 1 1 1 1 1 1 1 1 1 1 1 1 1 1 1 1 1 1 1 1 1 1 1 1 1 1 1 1 1 1 1 1 1 1 1 1 1 1 1 1 1 1 1 1 1 1 1 1 1 1 1 1 1 1 1 1 1 1 1 1 1 1 
1 1 1 1 1 1 1 1 1 1 1 1 1 1 1 1 1 1 1 1 1 1 1 1 1 1 1 1 1 1 1 1 1 1 1 1 1 1 1 1 1 1 1 1 1 1 1 1 1 1 1 1 1 1 1 1 1 1 1 1 1 1 1 1 1 1 1 1 1 1 1 1 1 1 1 1 1 1 1 1 1 1 1 1 1 1 1 1 1 1 1 1 1 1 1 1 1 1 1 1 
1 1 1 1 1 1 1 1 1 1 1 1 1 1 1 1 1 1 1 1 1 1 1 1 1 1 1 1 1 1 1 1 1 1 1 1 1 1 1 1 1 1 1 1 1 1 1 1 1 1 1 1 1 1 1 1 1 1 1 1 1 1 1 1 1 1 1 1 1 1 1 1 1 1 1 1 1 1 1 1 1 1 1 1 1 1 1 1 1 1 1 1 1 1 1 1 1 1 1 1 
1 1 1 1 1 1 1 1 1 1 1 1 1 1 1 1 1 1 1 1 1 1 1 1 1 1 1 1 1 1 1 1 1 1 1 1 1 1 1 1 1 1 1 1 1 1 1 1 1 1 1 1 1 1 1 1 1 1 1 1 1 1 1 1 1 1 1 1 1 1 1 1 1 1 1 1 1 1 1 1 1 1 1 1 1 1 1 1 1 1 1 1 1 1 1 1 1 1 1 1 

0 1.28766 1.84172 1.36606 0 1.93298 4.90551 4.42566 0 4.01499 1.5376 3.96767 0 4.52496 4.37922 1.78465 0 6.88874 1.27274 1.98725 0 7.46012 4.34327 4.50643 0 9.93946 1.61433 4.55304 0 9.66665 4.15915 1.43279 0 12.518 1.22166 1.62881 0 12.3264 4.24913 4.41512 0 15.1593 1.7086 4.60284 0 15.3471 3.92388 1.8245 0 18.4573 1.18529 1.41403 0 17.6758 4.69337 4.71075 0 21.2775 1.51507 3.85181 0 20.867 4.20993 1.44015 0 23.9487 2.10172 1.11632 0 23.7595 4.17426 4.31373 0 26.4659 1.71129 4.42195 0 26.3852 4.88387 1.32907 0 1.2914 7.10756 1.75882 0 1.80746 9.77603 4.187 0 4.64937 7.35213 4.17549 0 4.13656 9.65895 1.42904 0 6.92969 7.20565 1.51323 0 7.0499 10.2114 4.13414 0 9.89871 7.35216 4.48416 0 9.67707 9.80187 1.12054 0 12.0391 7.21403 1.33532 0 12.4592 10.2572 4.38703 0 14.7547 7.06043 4.16396 0 15.2173 9.96542 1.80968 0 18.2411 6.70187 1.20282 0 17.633 9.55274 4.5364 0 20.6865 7.16558 4.31681 0 20.4287 9.94439 1.93093 0 23.3948 7.23974 1.77135 0 23.5057 9.7848 4.13231 0 26.3974 7.13769 4.84167 0 26.3726 9.86247 2.1077 0 1.23469 12.3742 1.67991 0 1.74342 15.5861 4.49335 0 4.15955 12.4373 4.07142 0 4.20404 14.6979 1.52983 0 7.3332 12.3721 0.992761 0 6.94043 15.297 4.44272 0 9.69623 12.8294 4.31792 0 10.4586 15.2142 1.44646 0 12.4696 12.343 1.13196 0 12.4738 15.9551 4.5315 0 15.4833 12.7043 4.63542 0 15.1997 15.7463 1.66315 0 18.2992 12.844 1.8348 0 18.2879 15.9253 4.01145 0 20.8538 12.7922 4.27493 0 21.1589 15.7147 1.60396 0 23.6783 12.8664 1.77245 0 24.1474 15.5507 4.85489 0 25.9325 12.5496 4.9608 0 26.6805 15.1665 2.24591 0 1.33252 17.9557 1.62389 0 1.51948 20.3909 4.69093 0 4.25255 18.0424 4.47244 0 3.95415 20.8808 1.98961 0 6.97914 17.8308 2.02349 0 7.32174 21 3.86315 0 9.48548 18.0721 4.2208 0 9.82485 20.464 1.38148 0 12.8451 18.2383 1.38782 0 12.3469 20.4245 4.0102 0 15.3696 18.1917 4.45811 0 15.6893 20.7945 1.33572 0 19.0097 18.5856 1.81588 0 17.7995 20.9387 4.48453 0 21.0976 18.5219 4.44481 0 21.3141 21.2453 1.5144 0 23.7492 18.3341 2.08993 0 24.0083 21.0459 4.74153 0 26.3709 18.1507 4.63034 0 26.5572 20.761 1.91497 0 1.06066 23.7108 1.59169 0 1.20249 26.417 4.31809 0 4.33165 23.5454 4.49981 0 4.20914 26.0763 1.29078 0 6.87715 23.4998 0.970458 0 6.85926 26.1358 4.20208 0 9.77428 23.5819 4.29367 0 10.0406 26.2388 1.33112 0 12.5821 23.392 1.54249 0 12.3142 26.4289 4.57814 0 14.9665 23.632 4.49403 0 15.542 26.3351 1.8123 0 18.6138 23.5526 1.50502 0 18.5733 26.8544 4.88638 0 20.7869 23.9536 4.77741 0 21.1675 26.2088 1.65082 0 24.0804 24.236 2.03768 0 24.0331 26.4518 4.74664 0 26.7704 23.2223 4.96962 0 26.369 26.5863 1.64787 
0 1.78165 2.21072 6.85083 0 1.34303 4.95374 10.0059 0 3.91704 1.81224 10.0329 0 4.51446 4.56483 6.57434 0 6.87181 1.39437 6.73874 0 7.1053 4.5543 9.99376 0 9.31504 1.66986 10.0247 0 9.91802 4.33689 7.25035 0 12.4001 1.70882 7.00326 0 12.3624 3.85862 9.97196 0 15.2958 1.56789 9.65948 0 15.2063 4.36525 7.70117 0 18.6905 1.90653 7.18156 0 18.2479 4.1878 9.88647 0 21.1809 2.38707 9.71639 0 20.6791 4.91973 7.3651 0 23.7323 1.59754 7.34713 0 23.434 4.9113 9.66875 0 26.8986 2.01075 9.81176 0 26.0963 4.47568 7.29838 0 1.86323 7.22549 7.13568 0 1.35715 9.5961 9.58055 0 4.29862 7.07631 9.69697 0 4.31786 9.89118 7.03233 0 7.44607 7.72835 6.83048 0 6.75859 10.0119 10.0585 0 9.75258 7.53621 9.50659 0 9.87203 10.2049 6.74529 0 12.4801 7.04948 7.25414 0 12.9317 10.1561 9.93152 0 14.8351 7.11157 10.0477 0 15.1411 9.75622 7.07998 0 17.8725 6.99954 7.91545 0 18.1009 9.85847 9.79466 0 20.7504 7.11878 9.9662 0 20.573 9.81096 6.94531 0 23.1972 7.54412 6.98025 0 23.5278 9.62572 10.0484 0 26.039 7.1862 9.82803 0 26.08 9.95816 7.60866 0 1.42613 12.7477 6.66052 0 1.90983 15.3195 9.76061 0 4.1116 12.4896 9.36366 0 4.54295 15.4005 7.24761 0 7.18014 12.7207 7.23265 0 6.94296 15.5102 9.83525 0 9.86701 12.5663 10.0522 0 10.222 15.3846 7.19224 0 12.9854 12.3245 7.51963 0 12.9293 14.9696 9.73977 0 15.6437 12.4613 9.86981 0 15.6783 15.5591 6.92576 0 18.4332 13.0298 7.41818 0 18.537 16.0931 9.45268 0 20.6911 12.6401 9.9155 0 21.4553 15.4572 7.06556 0 23.7797 12.6537 8.04134 0 23.551 15.3193 10.308 0 26.9383 12.4477 9.85436 0 26.396 15.2296 7.57517 0 1.58145 18.185 7.22585 0 1.98254 20.7068 9.76213 0 4.78807 18.4967 10.3633 0 4.45878 20.977 7.06529 0 7.06272 18.1323 7.16201 0 7.2904 21.017 10.3348 0 9.63467 17.7064 9.73097 0 9.62981 20.5831 7.22738 0 12.7073 18.1998 7.34848 0 12.2124 20.7127 9.99452 0 15.5926 17.9645 9.48822 0 14.7832 21.023 7.2621 0 18.7058 18.2563 6.78944 0 18.048 20.6843 9.4378 0 21.051 18.2337 10.0302 0 20.855 20.9855 7.2991 0 23.794 18.2775 7.38308 0 24.0157 20.7229 10.2419 0 26.7845 18.3547 9.90957 0 26.4592 20.9095 7.55299 0 1.74184 23.6056 7.40294 0 2.08792 26.1556 9.65323 0 4.64375 23.571 9.54631 0 4.0436 26.4835 6.73847 0 7.19471 23.5204 7.07538 0 6.49992 26.5066 9.44488 0 9.89384 23.5655 9.9939 0 9.46163 26.5259 7.20034 0 11.7874 23.5208 7.20017 0 12.1843 26.6658 10.0231 0 14.8057 23.6064 9.53748 0 14.9337 26.5295 6.97148 0 18.3497 23.4211 7.3676 0 17.8655 26.8303 9.43862 0 20.99 24.0114 9.80468 0 20.9588 26.7072 7.47967 0 24.1256 23.4374 7.92633 0 24.2181 26.8385 9.94292 0 27.2246 23.6281 10.2042 0 26.5213 26.5776 7.42908 
0 2.12069 1.25758 12.8785 0 1.5813 4.12259 15.3038 0 4.7246 1.61927 15.4343 0 4.27808 4.71342 12.3887 0 6.82607 1.58571 12.479 0 7.20816 4.55442 15.4294 0 9.67499 1.81918 15.4318 0 9.77084 4.54268 12.759 0 11.9591 1.57924 12.7074 0 12.8187 4.39166 15.0479 0 15.2456 1.07033 15.5138 0 15.5627 4.08008 11.9774 0 18.2285 1.8844 13.0117 0 17.705 4.09875 15.7348 0 20.6132 1.65063 15.4243 0 20.9356 4.72639 12.8622 0 23.5698 1.76243 12.9198 0 23.7699 4.57535 15.2546 0 26.686 1.49316 15.4994 0 26.5369 4.59815 12.7025 0 1.64737 6.94518 12.8047 0 1.41756 9.82397 15.4716 0 4.19959 6.86253 15.2796 0 3.83711 9.85808 12.7904 0 6.98295 7.27717 12.3981 0 6.84836 9.84091 15.1457 0 9.66601 7.04124 15.6747 0 9.75541 9.93152 12.5214 0 12.165 7.17338 12.5227 0 12.577 9.49569 15.8535 0 15.3327 7.22423 15.8643 0 15.3814 9.50829 12.4099 0 17.7039 7.02505 12.5679 0 18.0292 9.78815 15.2246 0 20.6906 7.01857 15.4214 0 20.5197 9.94431 12.3098 0 23.5064 7.27539 12.6715 0 23.5175 9.77271 15.3596 0 26.2502 7.49888 15.1851 0 26.2972 9.72526 12.4894 0 1.60075 12.1697 12.6532 0 1.33015 15.3556 15.5297 0 4.24107 12.0895 15.4299 0 4.40405 15.1582 12.3382 0 6.88666 12.624 12.9415 0 7.16468 15.3207 15.3305 0 10.02 12.5801 15.3399 0 9.74194 15.1233 12.5183 0 12.5919 12.5203 12.7117 0 12.6764 15.4713 15.6017 0 15.8635 12.7812 15.2124 0 16.0517 15.3729 12.0688 0 18.3396 13.0313 12.3988 0 18.6917 15.487 15.3857 0 21.3481 12.282 15.1995 0 20.7162 15.5876 12.4539 0 23.8013 12.6739 12.544 0 23.3391 15.6041 15.3723 0 26.4438 12.5613 15.2819 0 26.724 15.314 12.6573 0 1.65176 18.0672 12.4608 0 1.67255 20.6259 15.2046 0 4.09743 17.621 15.0271 0 5.15947 20.5701 13.2906 0 7.31093 17.7522 12.798 0 7.43304 20.8166 15.7679 0 9.72834 17.9569 15.6555 0 9.61423 21.0556 12.7771 0 12.0741 18.4003 12.799 0 12.5269 20.6393 15.6351 0 15.1767 17.8304 15.2122 0 15.0638 20.7534 12.1922 0 18.3583 18.1444 12.6684 0 18.4238 20.7177 15.4127 0 21.0927 18.2548 15.3697 0 20.6933 21.0269 12.5445 0 24.007 18.1904 12.6355 0 23.6565 21.2066 15.182 0 26.4106 17.951 15.7678 0 26.8146 21.0777 12.5423 0 2.24949 23.1224 12.5558 0 2.01169 26.142 15.2496 0 4.47191 23.4645 15.7297 0 4.44498 26.2085 12.5118 0 6.88257 23.7398 12.6521 0 7.37489 26.2808 15.223 0 9.87718 23.8029 15.6518 0 9.74638 26.2965 12.3849 0 12.5075 23.4203 12.596 0 12.8762 26.1359 15.218 0 15.4776 23.5614 14.6784 0 15.484 26.6239 11.9965 0 18.2757 23.7537 11.9672 0 18.2227 26.2831 14.8471 0 21.1084 24.1321 14.9028 0 20.6881 26.94 12.218 0 24.318 23.6731 12.3948 0 23.767 26.3855 15.6382 0 26.5207 23.4291 15.2921 0 26.678 26.5325 12.9409 
0 2.07958 1.28033 18.0484 0 1.48418 4.27612 20.4772 0 4.50983 1.47355 21.0108 0 4.4461 4.55724 17.9878 0 7.22189 1.6283 18.2703 0 6.93109 4.28738 20.7586 0 9.79486 1.83231 20.8264 0 9.71848 4.72354 18.2913 0 12.4227 1.86819 17.6795 0 12.6651 3.9755 20.9572 0 15.4705 1.1578 21.2272 0 15.1496 4.09481 18.4641 0 18.0902 1.44893 18.1597 0 18.2981 4.04212 20.5935 0 20.7825 1.47517 20.6715 0 20.9707 4.34276 18.0094 0 23.6331 1.99855 17.7572 0 24.2152 4.32786 20.6447 0 26.5711 1.49033 20.6025 0 26.5811 4.37648 17.5928 0 1.55157 7.10347 17.6011 0 1.16837 10.1044 20.5178 0 4.23077 7.17429 20.6863 0 4.16924 9.70759 18.3161 0 7.00254 7.33048 18.3888 0 6.81386 10.2945 21.3296 0 9.8766 7.22639 20.7574 0 9.76753 10.0372 18.1602 0 12.5409 6.81736 18.3423 0 12.4429 10.0224 20.9692 0 15.1453 6.88155 20.8669 0 15.7692 10.0625 18.4934 0 18.208 7.21066 18.2076 0 18.5011 9.67771 21.1218 0 20.9328 6.7353 20.5857 0 20.9829 9.72971 18.2823 0 23.7167 6.95239 17.9107 0 23.0713 9.38809 21.1316 0 26.0581 7.39295 20.7376 0 26.1728 10.0219 17.9746 0 1.32851 12.4445 18.0584 0 0.927769 15.0727 21.1271 0 4.1214 12.7188 20.8846 0 4.11145 15.5848 18.0589 0 6.68629 12.388 18.0168 0 6.92215 15.0564 20.7496 0 10.2064 12.5853 20.8161 0 9.81945 15.1714 18.2748 0 12.9183 12.7798 18.1287 0 13.0364 14.962 20.9314 0 15.641 12.4441 21.1511 0 15.4871 15.1522 18.0779 0 18.7938 12.9075 18.3641 0 18.7735 15.485 20.9912 0 20.8997 12.5493 21.0626 0 21.1821 15.6069 18.39 0 23.6033 13.0162 17.8368 0 23.7233 15.54 21.1646 0 25.9284 12.6336 20.854 0 26.1727 15.2115 18.107 0 1.96525 18.0722 17.8233 0 1.33301 20.4134 21.1712 0 3.9664 17.7842 21.2184 0 4.2087 20.5574 17.5898 0 6.6548 18.0499 18.2476 0 6.77484 20.8702 20.4584 0 9.82519 17.7434 20.6722 0 10.3615 20.8944 18.1795 0 12.4529 17.9154 18.1564 0 12.6848 20.6706 20.9513 0 15.244 17.8892 21.1283 0 15.2232 20.5255 17.8774 0 18.3584 18.0467 18.17 0 18.2726 20.6049 20.6758 0 21.1735 18.4983 21.2981 0 20.8277 20.9935 18.0761 0 23.8272 18.5284 18.2232 0 23.7948 20.8839 20.9325 0 26.4358 17.9803 20.8851 0 26.0967 21.0245 17.9673 0 1.79683 23.6611 18.257 0 1.9281 26.4729 20.7409 0 4.5575 23.8913 20.7804 0 4.87817 26.4755 18.0917 0 7.27563 23.6945 18.0756 0 7.08092 26.4551 21.0021 0 9.99882 23.3604 20.9117 0 9.99344 26.8361 18.2048 0 13.2134 23.5562 17.6363 0 12.8435 26.4536 20.4649 0 15.7788 23.3769 20.7504 0 15.824 25.8777 18.2422 0 17.8413 23.0285 17.8255 0 17.7662 26.3402 21.2362 0 20.415 23.8069 20.8538 0 21.0637 26.0925 18.0142 0 23.447 23.5616 18.1894 0 23.726 26.4733 20.5539 0 26.2301 23.7638 20.8856 0 26.6344 26.3406 18.3075 
0 1.62669 1.88594 23.4842 0 1.43441 4.75375 26.6859 0 4.45523 1.42675 26.6974 0 4.17821 4.75758 23.6114 0 7.04691 1.47045 23.6751 0 7.09484 3.80141 26.6325 0 10.0295 1.80447 26.3698 0 9.69794 4.38356 23.2729 0 13.0531 1.02727 24.0086 0 12.7357 4.40166 26.742 0 15.2294 1.41398 26.7043 0 15.3856 4.13743 23.6764 0 18.2884 1.63166 23.3304 0 17.8514 3.72382 26.6467 0 21.0785 1.40043 26.204 0 20.4585 4.68091 23.4426 0 23.7236 1.46525 23.1059 0 23.5237 4.18096 25.5218 0 26.7645 1.71031 26.1835 0 26.4091 4.25504 23.6458 0 1.12007 7.25735 23.456 0 1.11499 9.72205 26.5013 0 3.72538 7.27513 26.1896 0 4.00412 9.78498 23.6285 0 6.88388 7.53444 23.2868 0 6.90843 9.84547 26.1161 0 9.69929 7.22209 25.9985 0 9.98341 9.87985 23.3933 0 12.7484 7.13003 23.3791 0 12.4773 9.66092 26.0017 0 15.1734 7.1465 26.6316 0 15.4813 9.63215 23.428 0 17.9097 6.99281 24.1692 0 18.0457 9.9601 26.7835 0 20.9839 7.13195 26.4537 0 20.9123 9.95349 23.9216 0 23.3296 6.97327 23.6206 0 23.4506 9.6841 26.551 0 26.268 7.30147 26.2721 0 25.9647 9.92608 23.8122 0 1.24287 12.6007 23.4076 0 1.33346 15.2193 26.4817 0 3.83653 12.2136 26.5085 0 4.13133 15.1577 24.0126 0 6.7231 12.7313 23.8745 0 7.16836 15.398 25.9928 0 10.0947 12.6436 25.978 0 10.1716 15.3222 23.1331 0 12.7229 12.6598 23.4638 0 13.2765 15.1308 26.3157 0 15.6843 12.6943 26.1877 0 15.8325 15.5722 23.6899 0 18.1592 12.5913 23.8422 0 18.4882 15.5944 26.7728 0 21.0943 12.4591 26.7419 0 21.1661 15.4111 23.9175 0 23.5652 12.5953 23.6769 0 23.7642 15.7925 26.4901 0 26.4392 12.9039 26.6779 0 25.9554 15.0312 23.8003 0 1.23968 17.3591 23.6566 0 1.5687 20.8583 26.6537 0 4.17601 17.9283 26.8966 0 3.96175 20.5206 23.4562 0 6.90566 18.057 23.5332 0 6.63524 20.5306 26.3604 0 10.3327 17.7933 26.2918 0 9.79219 20.9376 23.3536 0 12.2962 18.4392 23.4916 0 13.0077 21.0201 26.4972 0 15.2889 18.0567 26.2266 0 15.2669 20.8233 23.6765 0 18.3665 18.1293 23.4743 0 18.4815 21.5328 26.3962 0 21.3069 18.5025 26.6448 0 21.2631 21.1433 23.9001 0 23.5624 18.294 24.0227 0 24.0247 21.1442 26.5172 0 26.6278 18.2768 26.4839 0 26.3024 21.1665 23.5819 0 1.67181 23.5903 23.4069 0 1.67757 26.5821 26.2888 0 3.75583 23.6254 26.3169 0 4.10625 26.4809 23.5591 0 6.69454 23.8757 23.3876 0 7.14108 26.3948 26.5685 0 9.9149 23.6734 26.0932 0 9.93028 26.4716 23.4104 0 12.7221 23.3335 23.8392 0 12.928 26.0938 26.4506 0 15.6619 23.81 26.421 0 15.5063 26.18 23.9643 0 18.154 23.5715 23.5372 0 18.3866 26.6297 26.396 0 21.0121 23.84 26.1133 0 20.8849 26.7272 23.3633 0 23.781 23.6833 23.808 0 23.8562 26.6643 26.68 0 26.8482 23.782 25.9095 0 26.3143 26.394 23.4446 

1.02939 -1.14086 -1.31767 0.454443 -0.453935 -1.54247 -2.37359 -0.130141 -1.33872 2.10301 1.11488 2.63863 -0.0551682 0.963299 2.31067 -0.51027 0.437366 1.99146 1.18375 -2.24399 1.37145 -0.2728 1.71262 -0.470074 -0.349185 0.572498 -2.0438 -0.748044 -2.84091 -0.936673 -1.24673 0.759398 1.21765 -0.900305 0.703336 -0.661951 0.0272911 2.0888 0.0639543 1.47397 -0.492818 -0.33391 -0.109427 -0.801633 0.918774 -2.32466 2.56961 -0.277517 -0.993031 0.645572 2.3561 -0.0966043 0.660069 0.3257 0.0643663 0.662351 -4.30813 1.69385 0.780906 -1.44538 -1.20523 1.09019 -0.227645 0.122213 -0.0651254 0.0404391 1.88901 2.03491 1.37483 -0.408276 -0.0581866 -0.190029 0.59963 -1.25959 0.850642 -0.562668 1.1206 -0.944698 -0.679985 -1.66056 1.16662 -0.54432 0.503278 0.530677 0.611357 0.922467 0.636167 0.456392 1.85171 0.178701 0.13079 2.0667 2.26147 -2.25848 0.530039 1.10146 0.428227 0.950592 -1.6377 -0.547319 0.257167 0.829015 -1.06049 0.261501 1.35113 0.954873 -1.1334 -0.786525 2.39101 -0.0777738 0.124326 -2.25449 -0.767625 -1.11339 0.392505 3.01929 -1.69202 1.97677 -0.0991853 0.817344 -1.32363 -1.14194 1.4416 -0.248594 -0.739515 -0.490335 0.328729 -0.161399 1.22006 -1.46165 0.278349 -2.54983 -2.36532 0.342316 -0.653495 0.0428323 0.150434 -0.653231 -0.977564 0.576987 2.31975 -0.665402 0.928404 -0.733544 -0.362912 -0.185083 0.257312 0.925931 0.810607 -2.42012 0.180535 -1.195 0.509244 -1.972 -1.00801 -0.366838 0.0242006 -1.03454 1.37234 0.294247 1.51139 0.299052 -1.98281 -0.0744137 1.35154 1.78562 -1.48954 -1.56203 -0.328214 0.0198445 2.26322 -1.71262 -0.123979 0.0944745 1.66911 1.2423 -1.75082 0.777369 -1.98828 -1.27372 0.822864 2.18909 0.0677231 0.413615 -0.24695 0.576471 0.541401 0.577943 1.14599 -1.13501 0.741166 0.352988 0.0105843 0.316753 0.44583 0.561883 0.761861 3.17005 -0.163537 -0.493575 -0.456259 0.76909 0.704554 1.54904 -2.63862 -0.470395 1.26395 0.825226 0.569495 2.08536 -0.568554 1.3485 -2.26953 0.633718 0.379988 1.57079 0.82008 1.34236 -0.779938 1.27007 0.61905 2.66983 0.1221 2.65107 -0.5952 -0.409292 -1.05723 -0.0480893 1.74989 -0.391983 -0.0307965 0.266367 2.008 -1.29528 -0.314925 1.36619 -0.212726 -0.306962 0.00531145 -0.692638 0.489347 -0.594548 -1.78091 -0.825859 1.18126 -0.0496696 0.57611 -3.71146 -0.849712 2.81687 -0.916164 1.19971 -1.7851 -1.11936 0.0273165 0.388052 0.302298 1.2353 -2.48151 -3.69917 1.78903 -2.56345 0.177758 -0.068582 -0.0850725 -1.40783 0.410273 2.57773 2.3953 -0.704251 1.95779 0.242007 -0.142694 0.0165539 0.339844 1.03134 0.776184 -1.59329 -0.986729 2.94226 -0.971924 0.083547 2.71899 -0.727792 -0.47291 0.206148 -0.74529 -0.212278 -0.627168 -0.232887 0.992997 -0.417307 1.45884 1.03237 -1.40503 -2.29437 -1.30978 0.485915 -0.0741021 -0.764996 
-1.1421 -0.719265 0.322395 -0.294816 0.280341 0.336543 -0.0745868 0.394612 -1.08117 1.30593 -0.744611 -0.581625 -1.50316 0.918591 0.947522 2.53356 1.405 -0.818823 -0.278187 0.16278 0.711501 0.912968 -1.10541 0.934238 1.02262 -0.927636 1.73723 0.0356598 0.587314 2.3248 1.34969 -1.85766 0.483841 0.646002 0.587211 -1.28247 -0.877333 0.274783 -2.77991 -0.816234 1.21121 -1.69215 -1.2985 0.482739 -0.269697 0.0986661 0.271994 0.304681 -2.93939 -0.284705 -2.51335 0.351171 -1.94825 -0.739512 -0.658843 0.106617 -1.86541 0.688127 0.509368 0.570421 3.41987 0.159543 -2.18004 -0.66939 0.0476657 -1.53718 -1.78722 -2.08202 -0.205472 -1.22452 1.21127 -2.01479 -0.422542 1.74687 0.826925 0.301031 0.798937 -0.212807 0.753906 0.926288 -2.11552 -0.144305 -0.669924 -1.31157 -0.0890931 -1.84535 -1.05206 -2.25443 -0.269785 -0.497904 0.627918 1.51628 -0.255015 0.356512 -0.606251 -1.24342 4.91392 -2.28618 -2.48525 -0.35538 -0.574196 -0.976097 0.985589 0.209123 0.831931 -0.788393 -1.80661 -0.759839 -3.03054 -1.58207 -0.172885 -1.89383 -0.957328 1.33482 -0.658786 -0.0395308 1.05752 1.09137 -0.14418 -0.623669 1.45541 0.637549 0.960365 1.9462 -1.23275 -0.826249 -1.33986 2.72196 0.026228 -1.13861 0.829933 -0.03027 -2.97394 0.472319 -1.8614 -3.18475 1.04633 -0.58096 0.223636 1.46564 0.0278567 -0.955799 -3.31575 0.666156 -0.162115 -1.41963 -0.93853 -0.858567 -0.238113 0.109687 1.77486 -1.71825 1.19027 0.385231 -1.25365 -0.102379 -1.9764 -1.57541 0.238099 1.27802 1.00813 1.93156 1.4159 0.403507 0.0607959 -2.62392 -0.892553 2.56501 1.05142 0.756398 -0.556215 -0.356265 -0.330489 -0.499958 -0.901763 0.736432 0.856133 -1.10439 1.22538 -0.479524 0.715385 -0.309185 -0.997431 2.86605 1.79355 -1.05276 -1.87829 0.675672 1.12473 0.0432319 -0.984937 -0.877522 -1.34855 0.602352 0.25187 1.42484 1.19675 2.56929 1.36969 -0.87746 0.711589 3.23755 -0.776385 -0.585243 -1.17578 -1.48262 -0.394251 2.46932 1.06093 0.654223 0.571534 -1.20185 0.780172 -0.548443 -0.0543727 -0.387658 0.327527 -0.2968 -0.792539 0.384258 0.190677 0.533151 0.678082 -2.12983 -0.317704 0.377149 -0.123922 1.68334 -2.24606 -1.12703 -0.165219 1.32317 0.854393 0.941049 0.940051 0.328177 0.283853 1.45672 -2.09315 1.10569 -1.88445 -1.37195 -2.43296 -0.0356673 -1.56094 -0.0434834 1.69118 -0.217673 -0.275568 -0.0807494 -0.94482 0.289848 -2.23496 0.200701 1.82065 -0.224055 -1.95725 -0.796701 0.12684 2.27313 1.76492 1.38887 1.63102 1.97334 0.192927 -0.280171 -0.310638 -0.513092 -1.49517 1.49284 -0.526074 0.422706 -0.995047 -0.636762 -0.266099 0.331179 0.791717 -2.03768 -0.392063 0.722834 0.868416 1.30831 1.06022 -0.552774 -0.988094 -0.0108898 -0.211128 1.33112 -0.53761 -0.694477 0.436086 1.44131 1.92804 -0.746339 0.205525 0.599971 3.25359 -0.483067 0.250493 -1.73436 
-0.538345 -0.482383 0.581844 2.32178 1.11344 -1.57267 -0.608347 -1.35356 1.99155 -0.555983 -0.957933 1.44628 1.18326 0.0889374 -1.57184 -0.78045 -1.46141 3.47938 -0.0552652 0.0431099 0.348733 0.129883 1.9787 0.69359 -1.83009 -0.376331 -2.12142 -0.710464 0.124773 0.56213 0.578556 -0.13111 -0.619921 -0.241738 1.21629 -4.32665 0.143544 2.09131 0.144353 -0.208325 -0.0539431 0.216892 -0.804947 -1.35207 -0.333126 -0.203405 -2.01956 -0.278157 1.23769 -2.92607 0.951663 0.282284 -0.674717 -0.0200596 1.35123 0.655877 1.09243 -0.570504 0.557106 -2.26417 -1.35197 -0.789701 -0.508034 -0.375316 -0.943307 0.510878 1.62215 -0.90701 1.118 0.469306 -0.564699 1.16195 0.660756 -1.13707 1.54629 0.192404 -0.955898 0.364012 -0.0836424 1.44109 1.54569 -0.584582 -0.989276 -0.829023 -0.643419 -0.683569 0.599337 -1.16548 -2.24822 -0.497987 -0.113156 -0.360812 0.636488 -0.686314 -0.86917 -1.27961 0.547047 0.254038 0.272801 1.02677 0.37494 -1.25104 -0.0122378 -0.975556 -1.99841 -3.02748 0.129536 -1.74896 0.557306 1.34925 -0.935749 -0.418493 -1.63992 -1.98335 -2.01285 0.464794 2.65923 -0.021241 -1.3146 -0.289788 -3.32536 -0.984488 -0.77709 -2.85506 -1.28979 0.137314 -0.144109 -0.0849816 -0.93624 0.649756 0.0408699 -0.508716 -0.0369148 -0.387362 -0.261788 -1.05743 1.73966 -0.00577835 0.669823 -1.97626 -0.662152 0.139259 -1.26389 0.615569 -2.30264 -0.438186 1.04264 -0.810011 2.83382 2.29696 1.56253 -0.406635 0.432978 -1.5811 -3.66351 0.636024 -2.09207 1.80069 -0.206652 -0.3581 -0.746642 0.708185 -1.12011 -0.36304 -0.629673 -2.61737 0.44354 1.98835 1.02588 -1.86932 -0.583887 0.321469 0.844542 -1.51145 -1.00542 -0.412993 -0.869079 -0.492289 1.9011 -0.606726 -0.10761 2.07698 -1.83945 0.766118 -0.0134166 -0.757164 -1.42567 -0.0189266 -0.466289 0.601523 1.05351 -1.5344 0.825551 0.559392 0.549309 -1.37447 -0.333002 -0.691636 1.05278 -0.557527 0.971618 0.29287 -1.61954 -0.474784 -1.2088 0.871271 -0.746939 -1.52669 -0.420114 -1.03244 0.151601 -1.6285 -1.09747 0.833056 -2.46259 0.617974 0.418962 -0.0124618 -1.10195 -0.848054 0.344475 2.79364 -1.41207 0.271191 -0.829173 1.60138 1.20699 -0.0955176 0.971728 -1.23851 2.63485 2.45799 0.019671 0.928841 0.299049 -0.376414 -0.0178558 -2.34143 -0.415562 -0.337475 0.826144 0.741719 -0.532297 -0.611683 1.66169 -2.47547 0.284542 -0.40608 0.635354 0.454547 1.95023 -1.42516 -0.533895 0.794129 0.348396 0.093332 0.366396 0.302316 -0.0154204 1.88943 2.68822 0.990576 -0.152831 0.465864 -0.448402 -1.91652 1.78267 -0.339634 2.228 0.257368 0.631864 -1.07931 -2.44988 2.55282 0.238912 -0.93507 -1.78281 2.07452 -0.806341 -0.705045 -1.62841 0.921291 -1.03227 -0.872661 -2.29716 -0.345921 1.67832 -0.18679 2.25123 -0.442236 -0.704375 0.79282 -0.0613278 -1.21982 0.507321 -2.3405 1.71055 -0.191548 -0.534843 -0.632909 
1.4933 -1.93625 1.16075 -0.867383 1.74268 -2.01126 1.71171 0.601446 0.668087 -2.62529 1.02352 -0.730463 -1.46148 -1.17762 -1.06078 -0.0934829 0.469136 -0.392429 -0.167972 1.23614 -0.980308 0.609552 -1.74948 1.9238 0.868864 -0.193134 -0.517539 -0.123539 -0.368447 0.0660811 -0.0178453 -1.02566 0.481868 -0.738043 1.17435 0.445679 -1.88927 0.759878 -0.163169 0.114577 -0.47989 -1.31857 0.701653 1.66217 -0.411571 0.178364 1.63123 -0.455232 2.93284 -1.72609 -0.856903 -0.150394 -0.807638 1.53541 -1.19645 -1.60295 -0.161742 -1.58503 -0.134837 -0.000818258 0.648553 -0.206066 -1.49302 0.00926159 -2.08342 -0.69793 0.198019 0.943162 -0.996838 0.456599 2.64037 0.612089 -0.550668 0.100171 -0.776348 -1.82418 -0.548681 0.62853 -0.00530027 3.6712 0.401909 1.37208 1.01742 0.417844 -1.06792 -0.319371 -0.044652 0.0657236 0.0973211 0.720274 1.80725 -0.132067 2.41393 -1.76342 1.79815 -1.07407 0.964307 1.46581 -0.492708 0.170138 1.41289 3.28304 -1.1788 0.79574 -0.330574 -0.35067 0.0277174 -2.68402 0.990885 0.791888 0.699384 2.89256 -1.45288 -0.296638 -0.515327 -0.515563 1.13741 -2.49171 0.644715 0.477138 0.551835 -1.23939 2.25303 -2.29219 -1.16939 -1.62298 1.4724 -0.957205 1.19802 -0.235237 1.80002 -0.189427 0.128235 -0.155259 -1.08702 -2.08564 0.142386 2.10917 -1.86562 1.2333 -0.58106 0.271994 0.550541 -0.211228 0.286975 1.54938 1.09735 0.665408 -0.037726 0.399208 0.512439 -0.780148 -1.49738 0.924439 1.4414 -0.415048 2.07428 -0.573789 0.341085 0.834159 0.199633 -0.0263021 2.65845 1.42969 -0.141867 -2.28942 -1.41994 -1.18157 2.22247 0.258591 -1.25764 0.555807 -1.55917 0.290575 -1.58734 0.49296 -0.840915 1.14174 -1.78272 1.44157 -0.0532153 1.57178 -1.7092 0.285131 1.62566 1.05585 -0.142295 -0.417918 1.06471 1.08431 -0.809982 -0.365684 0.256397 -0.912633 -1.59528 -0.739417 -0.427267 -1.2062 -0.350403 -0.931793 0.662936 -0.155832 -0.015854 4.66486 0.646796 0.53489 -2.45701 0.0731208 1.37777 1.9671 -1.48274 -1.03331 -0.282615 -0.0380271 -1.17808 0.892631 0.239351 0.460538 -0.859858 -0.426629 0.162803 -0.894985 0.498449 1.64067 0.461367 -1.89008 0.433968 -2.7806 0.371798 0.0149454 -0.182725 -0.154211 1.98232 0.819298 -1.03412 2.27586 0.819755 -0.413268 0.727785 0.892788 -1.3195 0.840979 0.874137 -0.704175 0.354362 -0.286318 0.407322 -0.576946 1.21634 0.218228 0.589055 3.00221 -0.534895 -1.99187 -0.298331 -0.892073 -1.16363 0.0642609 -0.994304 0.482358 -0.981881 -0.237312 1.17641 -0.490856 -0.663852 1.04892 -1.56537 -1.51879 -0.633611 -0.675217 -1.75461 0.228417 -1.50733 -1.78837 -0.12812 2.14451 0.261763 -1.98556 0.845441 0.644811 -3.06553 -0.580913 0.619035 0.710587 0.274708 -0.0905613 1.25218 -0.986635 -0.674602 2.17403 1.87979 -1.36834 2.1974 0.351092 -0.578188 3.22969 -1.39647 0.503028 1.23928 -0.964725 
-1.05843 2.92641 1.09047 0.970084 -2.02601 -0.208018 0.889003 -2.3349 1.84053 -0.642191 -0.1545 0.922867 0.52202 0.210969 0.894093 0.59546 -1.6725 -1.52457 -3.56123 -2.88691 0.619901 0.138183 -0.50005 0.527073 1.02885 -0.41979 -1.0205 -1.22922 1.47505 0.672188 0.810247 -2.5688 0.109505 0.818146 0.191216 0.334736 2.07054 2.58091 -0.272901 -1.46373 0.814774 -0.384647 -0.553486 0.152738 2.59011 3.94416 -0.396467 -1.42496 -1.84654 2.53588 -0.676265 -0.3763 -0.496191 -1.28403 1.36315 0.719258 1.73545 -0.358657 -0.573276 0.0477541 -1.06539 1.04973 -0.319146 0.976969 0.810658 0.464723 1.03389 -0.238547 -0.121614 -0.0488062 -0.231327 0.310927 0.460095 -1.34036 0.583472 1.16686 -1.5889 -0.739458 -0.29136 -0.524341 1.8699 -0.646809 -0.837873 -1.38937 0.756435 -2.11136 -2.22853 1.24715 1.16643 -0.98299 1.5192 0.521264 -2.26769 -0.93048 -0.843695 -0.210553 2.20652 -0.866017 -0.431103 3.94886 2.71555 -1.28917 -1.42403 -1.81424 -1.2755 -0.262705 1.05474 -0.494708 0.817411 -1.44562 -2.3781 -0.30511 -0.954652 0.293046 1.10577 0.950451 0.593284 0.370839 -0.246753 -0.758908 0.239877 -1.02143 -0.433777 0.11971 0.903189 0.453925 1.24883 0.83689 1.1574 1.51914 -0.512331 0.344363 0.480087 -1.88125 -0.516573 2.79411 0.497332 1.41284 -1.11981 0.833347 -0.759411 -0.957048 -0.641228 -0.217895 -0.413157 0.153631 0.998611 0.179951 1.44538 1.15648 0.102393 2.54463 0.0558863 -0.106713 -1.24066 -1.1174 -0.879619 -1.88826 0.977279 -0.00297073 -0.638581 0.674155 -0.613709 -4.6275 3.37313 3.0682 0.774463 -1.23597 -1.65322 2.42539 0.00779454 1.08307 0.56239 0.296639 1.59892 2.42202 -1.30524 -1.85077 -1.60018 0.775832 0.527862 0.596321 0.661913 1.16498 -0.296597 -2.0255 0.878299 0.519242 3.43688 -0.524542 -1.81698 0.442457 0.101341 -0.0998098 -0.392157 1.31398 0.684333 -1.72941 -0.991598 -3.08113 -0.841438 -0.75341 -0.353554 0.936384 0.192346 -0.187856 0.19464 -0.171276 -0.72807 -0.814138 -0.878953 -0.857036 -0.0617221 -0.656944 0.651006 -0.329127 1.02912 -0.108908 -0.408864 0.613191 1.16889 1.23843 -0.248893 1.24199 -1.43884 0.928956 -0.781477 1.6887 1.57363 0.279568 -2.1141 1.90965 -0.273996 -0.0628654 0.432711 -1.5243 0.941508 1.23114 -0.501959 2.06993 -0.991044 1.80762 -0.647447 -1.50658 1.27279 -0.979222 2.23422 0.0835941 -3.29133 0.983133 1.17838 -0.00716317 0.279024 -2.36796 0.19619 -0.345884 0.281815 -1.22334 -0.0669455 1.06418 -0.979362 1.42694 -0.330648 1.2001 0.651106 1.66824 -1.95348 -1.78982 1.49631 1.37946 -1.37868 -0.52223 -0.696781 -0.153573 0.505425 0.980405 1.42298 0.867279 1.29649 1.46533 0.764477 1.27971 0.00300143 1.65493 3.36998 0.691229 -0.0886107 1.30281 0.867244 -0.818447 -0.968645 -0.542192 -0.782671 0.689675 -0.948516 -0.509604 -0.10951 0.511014 4.21999 0.642701 
