500 1.00001
27.9199 27.9199 27.9199 
14 14 14 
1 1 1 1 1 1 1 1 1 1 1 1 1 1 1 1 1 1 1 1 1 1 1 1 1 1 1 1 1 1 1 1 1 1 1 1 1 1 1 1 1 1 1 1 1 1 1 1 1 1 1 1 1 1 1 1 1 1 1 1 1 1 1 1 1 1 1 1 1 1 1 1 1 1 1 1 1 1 1 1 1 1 1 1 1 1 1 1 1 1 1 1 1 1 1 1 1 1 1 1 
1 1 1 1 1 1 1 1 1 1 1 1 1 1 1 1 1 1 1 1 1 1 1 1 1 1 1 1 1 1 1 1 1 1 1 1 1 1 1 1 1 1 1 1 1 1 1 1 1 1 1 1 1 1 1 1 1 1 1 1 1 1 1 1 1 1 1 1 1 1 1 1 1 1 1 1 1 1 1 1 1 1 1 1 1 1 1 1 1 1 1 1 1 1 1 1 1 1 1 1 
1 1 1 1 1 1 1 1 1 1 1 1 1 1 1 1 1 1 1 1 1 1 1 1 1 1 1 1 1 1 1 1 1 1 1 1 1 1 1 1 1 1 1 1 1 1 1 1 1 1 1 1 1 1 1 1 1 1 1 1 1 1 1 1 1 1 1 1 1 1 1 1 1 1 1 1 1 1 1 1 1 1 1 1 1 1 1 1 1 1 1 1 1 1 1 1 1 1 1 1 
1 1 1 1 1 1 1 1 1 1 1 1 1 1 1 1 1 1 1 1 1 1 1 1 1 1 1 1 1 1 1 1 1 1 1 1 1 1 1 1 1 1 1 1 1 1 1 1 1 1 1 1 1 1 1 1 1 1 1 1 1 1 1 1 1 1 1 1 1 1 1 1 1 1 1 1 1 1 1 1 1 1 1 1 1 1 1 1 1 1 1 1 1 1 1 1 1 1 1 1 
1 1 1 1 1 1 1 1 1 1 1 1 1 1 1 1 1 1 1 1 1 1 1 1 1 1 1 1 1 1 1 1 1 1 1 1 1 1 1 1 1 1 1 1 1 1 1 1 1 1 1 1 1 1 1 1 1 1 1 1 1 1 1 1 1 1 1 1 1 1 1 1 1 1 1 1 1 1 1 1 1 1 1 1 1 1 1 1 1 1 1 1 1 1 1 1 1 1 1 1 

0 1.43181 1.02193 1.27041 0 2.04464 3.89717 3.57886 0 4.67686 1.10839 4.31147 0 4.12332 4.01829 0.916342 0 7.18863 1.5483 1.92511 0 6.76423 4.43338 4.50441 0 9.66956 1.82731 4.33802 0 9.97044 4.75032 1.77555 0 13.1046 1.56804 1.5435 0 12.7968 4.52489 3.64491 0 15.4357 1.81696 4.46753 0 15.7674 4.70794 1.50367 0 18.7089 1.72111 1.58104 0 18.2457 4.69213 4.2256 0 20.7498 1.53431 4.91053 0 20.9883 4.26051 1.54567 0 24.4369 1.86989 1.16074 0 23.5785 4.44251 4.1672 0 27.0936 1.10207 4.2549 0 26.112 4.7877 1.67586 0 1.59512 6.86252 1.46067 0 1.46481 9.69307 4.03349 0 3.8763 6.89009 4.23448 0 3.42433 10.3183 0.973583 0 6.51164 7.04955 1.51994 0 6.95562 10.6593 4.26883 0 8.91559 7.90415 4.1512 0 9.43236 9.82379 1.16553 0 12.2845 7.5448 1.13429 0 12.144 9.92063 4.23133 0 14.9008 7.46123 4.10664 0 15.4936 9.81971 1.19739 0 18.4561 7.62393 1.66217 0 17.7503 9.83355 4.36386 0 20.945 7.172 4.21807 0 20.9454 10.0072 1.43816 0 23.4382 7.24522 1.76249 0 23.8709 9.81178 4.31516 0 26.3106 7.1058 4.4342 0 26.6547 9.75446 1.62005 0 1.21191 13.0285 1.15126 0 1.0604 15.7567 4.07839 0 3.92056 13.243 4.13852 0 4.59695 15.1739 0.769351 0 6.65728 12.3318 0.894191 0 6.91902 14.7957 3.45821 0 9.68654 12.5914 4.48509 0 9.69585 15.0249 0.863196 0 12.4691 12.2467 1.59496 0 12.8742 15.2096 4.053 0 15.6135 12.608 4.3389 0 15.2284 14.8437 1.21131 0 18.3373 12.5401 1.62904 0 18.5051 15.2123 4.27177 0 20.8598 12.6988 4.7329 0 21.1084 15.2812 2.01239 0 23.8623 12.7689 1.75171 0 23.7626 15.4609 4.70021 0 26.5361 12.5384 4.30649 0 26.094 15.4603 1.35274 0 1.36133 18.4416 1.37876 0 1.33716 21.1834 4.00245 0 4.75853 17.9645 3.60452 0 4.15728 20.8202 1.20947 0 7.0434 18.2531 0.875548 0 7.59004 20.5912 3.91394 0 9.61261 17.3658 3.57498 0 9.8524 20.7885 0.883483 0 12.9968 17.9405 1.24832 0 12.7121 20.7287 4.41408 0 15.4451 18.1534 4.50897 0 15.3985 20.9433 1.6235 0 17.5918 17.7478 1.51009 0 18.0599 20.5518 4.1839 0 20.5146 18.2563 4.29422 0 20.8471 20.6014 1.25373 0 23.4975 18.3525 1.8051 0 24.1209 21.4637 4.4764 0 26.6028 18.3489 4.03132 0 26.6341 21.2798 1.64217 0 1.33725 24.2706 1.02027 0 1.64472 26.1661 4.2993 0 4.68057 23.1889 3.92335 0 4.30034 26.2381 1.44429 0 7.27858 23.6677 1.38335 0 7.53667 26.4725 4.25011 0 9.86647 23.4323 4.14827 0 10.1648 26.7152 1.7738 0 12.7657 23.6452 1.78141 0 13.0478 26.7152 4.12323 0 15.2101 23.4413 4.4207 0 15.8338 26.7263 1.93628 0 18.4357 23.5711 1.72604 0 18.9388 26.5817 3.73696 0 20.9246 23.2092 3.9327 0 21.5995 27.3554 1.03006 0 23.1053 23.5853 1.17815 0 23.6666 25.8054 4.29316 0 26.9437 23.8155 4.14164 0 25.8849 26.1887 1.50617 
0 1.72059 0.852829 7.51906 0 1.22046 3.68703 9.94308 0 4.17283 0.717029 10.0327 0 3.84172 3.55638 6.78468 0 6.83224 1.50437 7.15626 0 6.58894 4.08919 9.88733 0 9.58993 1.41351 9.97594 0 9.5814 3.89429 7.1105 0 12.3107 1.07912 7.15713 0 12.8965 3.79973 9.60157 0 15.5873 0.911014 9.71711 0 15.5151 4.30502 6.82819 0 18.0288 1.49853 7.27384 0 18.6668 4.26506 9.79075 0 21.0367 1.45266 9.48922 0 21.0549 4.27218 7.11789 0 23.6636 1.09126 6.56725 0 24.0972 3.94516 9.7653 0 26.7694 0.850673 9.57969 0 26.7699 3.64745 6.70324 0 1.24868 6.46105 6.66814 0 1.01747 9.90604 10.3381 0 3.57323 6.97545 9.65186 0 4.59075 10.1443 6.91235 0 6.46248 7.20691 7.70567 0 6.56674 10.1386 9.9591 0 9.59351 7.15244 9.7515 0 9.63158 9.95545 7.30875 0 12.191 6.61461 7.33896 0 12.3252 9.05683 9.69022 0 15.6471 6.77763 9.65016 0 14.604 9.92545 7.05143 0 18.2874 7.20324 6.86544 0 18.1635 9.63507 9.90785 0 21.2562 7.22631 9.9821 0 21.1222 9.93878 7.27382 0 23.6014 6.77703 7.08307 0 24.1426 9.98671 9.95822 0 26.2987 7.06056 9.46435 0 26.0779 9.65942 7.05836 0 1.23701 12.0546 7.03066 0 1.53511 15.6817 9.91571 0 3.72047 12.5836 9.64195 0 3.99391 15.1457 7.03871 0 6.87213 12.9306 7.3766 0 6.80152 15.4469 10.6031 0 9.35901 12.5393 10.1361 0 9.46171 15.4355 8.16659 0 12.1262 12.6558 7.52318 0 12.3188 15.0097 10.3878 0 15.0439 12.1728 9.68881 0 15.2031 15.2099 6.89397 0 18.0126 12.1009 7.56145 0 18.1189 15.0769 9.51253 0 21.2352 12.1803 9.7559 0 20.7846 15.2037 7.19476 0 23.9214 12.4048 6.99828 0 24.0251 15.2959 9.47807 0 26.7657 12.8107 10.0308 0 26.7541 15.1457 6.80461 0 1.64002 17.7551 6.97564 0 1.04351 21.3874 10.6844 0 3.61745 18.579 10.438 0 3.81448 21.278 6.92837 0 7.06017 17.9261 6.45554 0 6.72315 20.9536 9.80309 0 9.44157 18.4682 9.96604 0 9.67774 20.6227 7.40015 0 12.0668 18.0973 7.08829 0 12.9836 20.9266 9.82071 0 15.0098 17.6714 9.79597 0 15.7023 20.8137 7.01015 0 17.9999 18.0307 7.54977 0 18.5726 20.7073 10.0163 0 21.0409 18.4866 9.47651 0 21.1808 21.2108 6.95295 0 24.3505 18.7787 7.26153 0 24.1634 21.0271 10.5363 0 26.6559 18.56 10.4818 0 27.5619 20.677 7.39781 0 1.63828 23.7292 7.02707 0 1.06987 26.4397 10.6653 0 3.8366 23.8462 10.0899 0 4.12256 26.0563 6.99378 0 7.16234 23.3245 6.81431 0 7.29782 26.097 9.1625 0 9.89273 23.8204 9.67477 0 10.3484 26.2121 6.62019 0 12.6028 23.3476 7.12977 0 13.1413 26.3457 9.44804 0 15.6061 23.6971 9.44972 0 16.1876 26.4506 6.71915 0 18.27 23.343 7.12823 0 18.5784 26.132 9.80601 0 21.2217 23.1788 9.76887 0 21.0835 25.4629 6.77157 0 24.3191 23.265 7.41996 0 23.5456 26.4195 10.0523 0 26.2684 24.0152 10.5929 0 26.5367 26.1235 6.84855 
0 1.34455 1.00872 13.1595 0 0.846524 4.48044 15.2233 0 4.1605 2.3367 15.0438 0 3.75473 4.44782 12.2836 0 7.00322 1.65655 12.4985 0 7.60893 4.58671 15.6117 0 10.1623 1.7107 15.3776 0 9.66806 4.14642 12.6404 0 12.4274 1.0712 12.073 0 13.006 4.00189 15 0 15.8454 1.69361 15.1686 0 15.7536 3.71133 11.9798 0 18.1614 1.30356 12.5709 0 18.4547 4.22601 14.734 0 20.9004 1.55086 15.2685 0 21.2267 3.73307 12.4196 0 23.8381 1.00889 12.7853 0 23.5725 4.49463 15.3131 0 26.2304 1.80615 15.5067 0 26.7283 4.03595 12.5302 0 0.910246 7.03443 12.5565 0 1.14242 9.71869 15.7853 0 4.13898 7.29717 15.5268 0 4.09228 9.53251 12.4463 0 6.98782 6.94044 12.6572 0 6.96289 9.72775 15.4748 0 9.93392 7.16065 15.0498 0 9.31026 9.56521 12.3692 0 12.5697 6.13714 12.3132 0 12.4091 9.65386 14.9696 0 15.7306 6.51387 14.9073 0 15.0418 9.66472 12.4093 0 18.9152 7.34866 12.5223 0 18.0451 10.0603 15.336 0 20.4139 7.30565 15.6166 0 21.1002 9.84106 12.9366 0 23.9877 7.47201 12.3359 0 23.564 10.2863 15.6514 0 26.1916 7.15045 15.082 0 26.285 10.0996 13.2685 0 1.3761 12.8044 13.301 0 1.46801 15.7084 15.9785 0 4.15157 12.6161 15.5006 0 3.83254 15.2708 12.9503 0 6.58731 12.3434 12.8654 0 6.62748 15.6125 15.1781 0 9.95326 12.6026 15.0724 0 9.75736 15.5508 12.715 0 12.7309 12.3062 12.6096 0 12.6932 15.3042 15.206 0 15.1679 12.5805 15.2858 0 15.3134 15.2017 12.4908 0 18.1403 12.2332 12.3137 0 18.155 15.315 15.078 0 20.895 12.8949 15.3994 0 21.1052 15.0218 11.9411 0 24.2204 12.8698 12.7009 0 24.0056 15.2527 15.5945 0 26.5418 12.3569 15.967 0 26.6476 15.857 12.9159 0 2.00329 18.6629 13.7172 0 1.74853 21.2741 15.9671 0 4.94846 18.5545 15.7975 0 4.32237 21.3846 12.844 0 6.9602 18.6665 12.4055 0 7.72571 21.4518 15.6234 0 9.65871 18.404 15.0471 0 9.70353 21.402 12.4093 0 12.2355 18.4495 12.4683 0 12.9168 20.7891 15.3736 0 15.1588 17.8818 15.1652 0 15.6722 20.7821 12.6505 0 18.3598 18.0441 12.7964 0 18.4014 20.8218 15.3582 0 21.2734 18.2548 15.4604 0 21.2176 20.4747 12.6993 0 23.4733 17.3844 12.5616 0 23.7833 21.3864 15.685 0 26.7753 18.1872 15.8499 0 26.8682 21.277 13.7469 0 0.962553 24.2405 13.3595 0 1.75074 26.247 15.8421 0 4.61887 23.8109 15.3625 0 4.36146 26.6623 12.9715 0 7.31331 23.9886 12.3795 0 7.41208 26.2717 15.9596 0 10.3633 23.9896 15.4027 0 9.97862 26.51 12.6413 0 12.98 23.4567 12.5571 0 12.8086 26.5687 15.2289 0 15.2377 24.075 15.6553 0 15.634 26.0605 12.1861 0 18.248 23.325 12.2189 0 17.9563 26.606 15.282 0 20.9117 24.0928 15.7434 0 21.0532 26.5332 12.7769 0 23.8097 24.1676 13.1471 0 23.2249 26.5548 15.9269 0 26.3662 23.9775 15.9253 0 26.1149 26.7193 13.508 
0 1.30292 2.02537 18.0974 0 1.7375 4.58247 20.6653 0 3.92778 1.65091 20.9287 0 4.53623 4.09571 18.0667 0 6.83561 1.44514 18.5644 0 7.19227 4.0238 21.1196 0 9.96636 1.42575 21.4992 0 9.97304 3.6206 18.6204 0 12.9167 1.74908 17.9522 0 12.6344 4.38701 21.5781 0 15.3029 1.94293 20.7722 0 15.7991 4.59161 17.8927 0 18.5149 1.55337 17.8866 0 18.164 4.37834 21.0989 0 21.0159 1.67928 21.2546 0 20.6426 4.40694 17.4749 0 23.1529 1.38116 18.2571 0 23.3231 4.38347 20.7298 0 26.5116 2.23327 20.6995 0 26.3462 4.82681 17.9162 0 1.44257 7.1067 18.1473 0 1.52118 9.90793 21.4813 0 4.70145 6.9076 21.0418 0 4.30159 9.45914 18.5405 0 7.1751 6.57353 18.5921 0 7.35101 9.74941 20.5929 0 10.0487 7.01981 20.5633 0 10.0119 9.61826 17.8195 0 12.5669 7.20647 17.679 0 12.5638 9.75104 20.4019 0 15.3483 7.09348 20.867 0 14.9611 9.9307 17.8973 0 17.7794 7.2865 17.9593 0 17.5247 10.0052 20.5691 0 20.7331 6.89542 20.5544 0 20.5234 9.72858 18.389 0 23.3963 7.37316 17.9583 0 23.6095 10.2491 20.9947 0 26.9095 6.7983 20.8975 0 26.5241 10.0477 18.6449 0 1.94041 12.5586 18.5285 0 1.89034 15.7869 21.0533 0 4.72552 12.2784 21.1496 0 4.58592 15.6034 18.3895 0 6.67606 12.4654 18.0722 0 7.12027 15.3927 21.4899 0 9.91774 12.5538 20.5492 0 9.21477 15.0724 17.9716 0 12.2535 12.7561 17.9521 0 12.4599 15.0973 20.8813 0 15.3628 12.6634 20.7607 0 15.5064 15.2147 17.8727 0 18.3801 12.8327 17.9447 0 17.8861 15.6038 20.7883 0 20.5193 12.8966 20.8363 0 21.2291 15.5546 17.9142 0 23.7543 13.0725 18.7365 0 23.8009 15.7798 20.9082 0 26.7445 12.8367 20.9513 0 26.9112 15.7347 18.5678 0 1.50089 18.3053 18.2069 0 1.42073 21.0895 20.6768 0 5.15731 18.5024 20.5287 0 4.97383 21.0661 18.1644 0 7.81794 18.2186 18.1798 0 8.08084 20.8059 21.614 0 9.55949 17.7913 21.152 0 10.295 20.9494 18.2194 0 11.7566 17.6413 18.2356 0 12.1237 21.0491 21.026 0 14.9029 18.0684 20.1323 0 16.0198 20.9534 17.8935 0 17.9707 18.0576 17.5231 0 18.4645 20.4046 20.9259 0 21.002 18.0083 20.6492 0 21.0546 20.9541 17.8852 0 24.2062 18.358 18.2619 0 24.0273 20.651 20.7373 0 26.9254 18.2608 20.9133 0 26.6179 21.2778 18.3183 0 1.41327 23.847 18.4075 0 0.90454 26.79 20.8215 0 4.79094 23.7681 20.4228 0 4.15106 26.738 18.3562 0 7.88358 23.4271 18.752 0 7.03185 26.4562 20.838 0 10.0738 24.0449 21.6156 0 10.0214 27.0345 18.259 0 12.2237 24.2536 18.5219 0 13.0985 26.7063 21.3963 0 15.1757 23.6674 20.9714 0 15.3016 27.0982 18.0372 0 18.8226 23.7698 18.4685 0 17.5883 26.4242 20.698 0 21.0819 22.7614 21.2182 0 20.9694 26.6464 19.0753 0 23.4199 23.6173 18.642 0 23.5109 27.1449 21.4518 0 26.1807 24.3071 20.6551 0 26.3499 27.1402 17.9215 
0 1.11043 2.12157 23.6272 0 0.767164 4.41736 26.5239 0 3.96434 1.24135 26.6008 0 3.92989 4.40988 24.0531 0 6.24293 1.47344 23.825 0 6.95253 4.50423 26.6966 0 10.076 2.06145 27.4526 0 9.45195 4.13426 23.8619 0 13.2663 1.49111 24.0789 0 12.7527 4.46003 27.2058 0 16.0202 1.76829 27.1867 0 15.9675 4.63722 23.7371 0 17.6214 1.42411 23.7202 0 18.4704 4.56466 26.1768 0 20.6928 1.69922 26.5396 0 20.7238 4.27062 23.5784 0 23.7369 1.56801 24.2656 0 23.5268 4.66279 26.1001 0 27.0637 0.932973 26.3199 0 26.1232 4.46274 23.7215 0 1.06935 6.68188 24.0471 0 1.06155 9.26567 26.436 0 3.97056 6.86884 26.5859 0 4.21036 9.77524 23.6773 0 7.4038 7.0918 23.5493 0 6.79169 9.61847 26.6414 0 9.54787 7.05201 26.597 0 10.052 9.49224 23.5966 0 13.0851 7.30797 23.481 0 12.4 9.76442 26.3147 0 15.3795 7.02753 26.8564 0 15.1952 10.1974 23.6551 0 18.1075 7.52261 23.4461 0 18.2012 10.0561 26.5637 0 21.0533 7.48535 26.5446 0 20.6567 10.1171 23.3963 0 23.4568 7.21795 23.2538 0 23.3462 10.3685 25.6367 0 25.7823 7.40606 26.6966 0 26.5716 9.81201 23.7197 0 1.13647 12.4807 23.9972 0 0.870498 15.2017 26.4082 0 3.99509 12.4546 26.2113 0 3.98638 15.4055 24.1008 0 7.88302 12.4195 23.5963 0 7.2992 15.5637 26.0132 0 10.1817 12.539 26.0968 0 10.2051 15.3712 23.4988 0 12.461 12.4154 23.3065 0 12.8417 15.372 25.9912 0 15.2985 12.3652 26.5663 0 15.0046 14.9883 23.3245 0 17.9567 12.5178 23.6374 0 17.5496 15.2438 26.1906 0 21.1878 13.3516 26.9686 0 21.0127 15.8856 23.6677 0 23.5153 13.2192 23.5292 0 23.7512 16.361 26.8596 0 26.2279 12.987 26.1757 0 26.3195 15.8431 23.3566 0 1.46141 18.5106 23.6709 0 1.76984 21.3459 26.2694 0 4.42686 18.1478 26.4156 0 4.34415 21.2063 23.1236 0 6.85014 18.3455 23.9961 0 7.22889 20.941 26.2844 0 10.0412 17.8983 26.3737 0 10.3621 21.0674 24.2374 0 12.7629 17.8354 23.1903 0 13.0613 20.6254 26.5158 0 15.5852 18.3086 26.2777 0 15.3104 20.4653 23.7035 0 18.0786 17.8402 23.4173 0 18.0707 20.7421 27.015 0 20.1557 17.5063 26.638 0 20.4248 20.4233 24.1063 0 23.7247 18.3957 23.7625 0 23.4546 20.5097 26.7368 0 26.8595 18.4851 26.4223 0 27.2587 21.134 23.5391 0 1.53765 23.8262 23.6102 0 1.37067 26.2818 26.2638 0 4.14019 24.1804 26.1113 0 3.75218 26.8717 23.5559 0 7.23778 23.8794 24.1466 0 7.15474 26.6249 27.134 0 10.0897 23.9918 26.4358 0 10.2719 27.2326 24.4537 0 12.7378 24.0961 24.1387 0 12.9945 26.4984 26.7839 0 15.7581 23.5015 26.1058 0 15.7363 26.3129 24.0573 0 18.1412 22.8384 23.6264 0 18.7722 26.4848 27.0356 0 20.5121 23.501 26.2069 0 20.0507 26.2285 23.5636 0 23.7549 23.2518 23.6376 0 24.0678 26.3164 26.0523 0 26.5291 23.5666 26.0849 0 26.793 26.3435 23.4588 

-0.186363 1.71644 1.68153 -0.0533697 1.68299 -1.18273 -1.96402 -1.74929 -0.522207 -0.167297 1.52817 -0.559371 -0.191431 -1.20135 2.79119 -2.19271 3.38082 1.65811 -0.774391 0.24161 3.21964 1.48797 0.546799 -1.81899 0.599984 0.209411 -1.81463 0.0547699 -0.230968 1.08195 1.92468 0.673723 1.65528 0.269607 2.19667 0.477069 0.984459 -0.228033 0.173332 -0.279556 -1.39835 1.7425 -0.299093 -0.804188 1.09537 -2.48694 -0.0858702 -1.13276 -0.637929 1.03141 -2.00051 0.270924 0.0179906 -0.135111 -1.57974 1.63216 0.664294 0.116911 -0.885903 -2.09522 1.31003 -1.12299 1.41635 1.55441 -0.344219 2.02789 -1.133 -0.437944 -0.638558 -1.58806 1.53942 -1.21683 1.20379 2.81785 -1.05123 1.45326 -0.811373 -1.54598 1.51379 -1.24148 0.906527 1.33335 -0.00833892 1.29367 -1.27315 -1.2664 0.108632 0.586542 -1.46619 0.0753847 -1.99488 -0.438153 0.13939 0.189657 -0.323266 -1.93914 -0.438808 -1.41866 2.36904 -1.23449 1.22229 1.26707 -0.703364 0.40101 -0.132323 0.754812 0.696157 -0.539387 0.978196 0.469386 -1.01152 2.2524 1.33014 -1.18553 -0.159403 -1.16736 0.918825 1.11209 -0.243032 -1.02412 -0.20158 -0.662869 1.90938 0.156313 1.10703 0.205086 -0.0240962 1.40212 1.05444 -0.166099 -0.69518 2.48891 0.598158 1.45477 1.55774 1.5083 0.814881 0.597439 -1.0322 -0.00476638 -0.150447 -0.488924 -2.36803 -0.258217 0.64893 -1.22278 -0.743541 -1.04968 -1.2865 -0.175311 1.09508 -0.143769 2.66079 -0.298923 -0.538857 -0.36449 -1.37267 0.722079 -1.38464 -0.82191 1.41605 0.921406 0.523576 1.15384 0.829982 -0.287596 -0.0971974 -0.974917 -0.894652 -0.709811 -0.214356 -0.398965 -0.69232 -3.73704 0.199265 0.493035 0.682467 -0.211192 0.714893 -0.440703 0.998799 -0.361192 -2.62657 1.48208 -1.01438 0.714689 0.413297 0.572366 -1.90801 0.0988444 -0.621368 -1.9255 0.426531 -1.45883 -1.50157 0.952399 0.24293 1.58238 0.744742 0.827213 2.3877 0.393001 -0.246057 0.676415 0.223678 -1.19304 -0.720131 0.379443 0.531939 0.747877 0.894668 -0.551797 0.433398 0.428334 -1.34762 -0.266396 -1.84394 0.24939 2.44966 0.57756 -0.213823 2.62237 0.854007 -2.34264 -1.99473 0.969778 -2.64967 1.68931 -2.96422 0.43978 -0.0180931 0.651456 -1.41623 0.593143 1.80266 0.295041 -1.45657 1.11487 -0.0375767 -0.569551 0.820453 0.440419 -0.918161 -0.276876 2.32072 -0.689891 -1.76736 -0.322732 0.976377 0.719977 0.173141 0.628064 0.239267 -1.35777 -0.122356 3.06281 0.91836 0.061502 -2.14577 2.53321 -0.598276 -0.362516 -1.12039 2.42167 0.788264 -0.652926 0.321319 -2.40328 -0.56109 -1.95547 -0.283807 -0.139459 1.11005 0.27583 -0.411895 -0.365653 0.740503 -1.19008 1.21255 -1.61532 0.253679 0.364376 3.1574 1.452 -1.66352 -0.378176 0.0822242 -2.18452 -2.31808 -1.63808 0.171377 1.26076 -1.76144 2.32857 0.570027 0.972341 -0.181468 -0.129275 2.10641 0.25014 
0.713373 -3.48056 0.279057 0.890681 -1.18966 -1.9181 -0.850112 -1.6085 2.58616 -1.0308 0.159567 1.4123 -0.0465851 1.41366 -0.626924 -0.594184 1.26126 -1.02115 0.153144 0.910479 0.0723535 0.49205 0.396179 -1.2745 0.369354 -3.22152 -0.226027 -0.377086 -1.91876 -2.0789 -0.891505 0.360352 1.28801 -0.746165 1.26532 -1.92102 -0.952223 1.84713 -1.40189 0.334875 0.0328025 -1.33483 -1.22656 -0.741081 0.400839 1.26161 -0.242336 0.0650317 -1.29127 1.64559 -1.22299 0.627603 1.07871 -0.730396 -1.02948 0.193167 1.29262 0.258348 -0.793302 -1.63807 -1.61043 1.05386 0.59545 0.393879 -0.733616 -0.531316 1.76323 0.38358 -0.816145 -0.455574 0.700114 -0.807754 -0.135796 -2.72378 -0.68441 -0.612464 -0.610713 0.608032 1.16861 0.592088 2.3608 0.660831 0.0978071 0.714981 -0.162183 -0.0547287 2.23052 0.816712 0.155811 -1.34957 -0.651018 0.757705 0.811796 -0.896752 0.37631 -0.220061 1.21641 0.479252 -1.1652 -0.373732 0.55978 -0.0885631 -1.47061 -1.94028 1.56391 1.13795 1.57877 0.158644 -1.43606 0.26326 -1.1365 -0.283067 -1.42267 0.994786 -0.616883 -3.02582 -2.01021 -0.989079 0.16833 -0.102186 -1.32389 2.78276 0.547922 1.87794 0.348432 -0.319501 1.79244 0.855027 0.489842 1.56033 -2.50503 1.42152 0.89188 -1.95611 -1.79584 0.131617 -0.514613 -2.19615 1.02134 2.43295 0.473733 -0.78917 -1.19877 0.48714 0.834946 -1.65681 0.798323 0.260184 -1.26796 -0.461947 -2.34985 -0.857399 -1.68138 -1.54899 0.655106 0.308564 0.255773 0.519363 1.5848 -0.861318 1.06634 2.00637 0.752585 0.0756969 0.833722 -2.28495 0.656674 -0.150468 0.965525 -0.608827 -0.383904 -1.54339 0.959208 0.722267 3.19799 0.53616 1.1318 -0.445094 1.671 0.148854 -2.73528 1.62034 -1.01472 1.86031 -0.659677 1.07843 -1.21593 2.25884 1.77653 -0.325705 -0.128361 1.64431 -1.89603 1.33653 -0.864701 0.0776552 0.360539 0.214354 -0.393565 0.815047 1.32145 0.715151 1.71463 1.69063 1.21355 -2.21209 1.53607 -0.276866 -1.31246 0.606122 0.526317 0.408816 1.0898 0.0679961 0.249424 0.0508828 -0.660016 1.42487 -2.30617 -1.19299 1.00544 -0.00549208 0.262112 0.64101 0.283928 -3.08767 0.872279 -0.32218 1.1148 1.0732 -0.319763 0.918037 -0.441624 0.184389 0.978971 0.303342 -0.754169 0.598693 -2.09699 -1.33987 -0.594669 0.502422 3.29059 1.99974 0.362747 1.17501 0.825224 0.305869 0.437113 0.800134 -0.313316 -0.534295 0.433945 1.84806 0.153645 1.82042 1.69143 -1.07959 -0.365717 0.837524 -0.617263 -0.330141 1.01974 -1.40676 -1.28136 1.08021 -1.44204 2.094 -1.7919 -1.50015 -1.23729 0.0578197 1.54645 0.438285 0.854616 0.989372 1.29266 -1.16835 -0.0458622 0.0874522 1.48062 0.959199 0.358328 1.60504 -0.388028 -0.734801 1.01838 2.24682 1.24737 -0.42769 1.85804 -0.876471 -0.920195 0.505821 1.31926 0.0315772 -1.07569 -0.663869 1.1336 0.256495 
0.194185 2.50367 -0.655564 -0.0143033 -1.36447 -0.351505 1.59218 1.15837 -0.106655 -0.800758 2.60464 0.0616653 -0.974697 -0.849016 -1.94078 1.31275 -0.564327 -1.31601 -0.48547 -0.981416 -1.06259 0.18998 0.652534 0.520193 1.56058 -2.70755 -1.32901 -1.2081 -0.225678 -0.194538 -0.295401 0.83456 2.32573 -0.298542 0.0135922 -2.20723 -0.464024 3.26569 -1.34472 0.0929765 1.51595 -0.551242 -1.34049 -0.804863 0.75969 -0.663321 1.37812 0.790793 -1.20135 0.763242 0.888024 -0.635181 -1.8569 -0.149038 2.76217 -1.80401 -0.455709 1.24164 -0.190894 1.77719 1.79333 -0.767012 -1.4499 -1.598 -0.212916 1.02748 2.01121 -2.09412 -0.37118 -0.0233063 -1.24666 1.7157 2.30552 -0.854733 0.651252 1.84749 -0.81909 0.995364 0.613062 1.15093 -0.322605 0.0165818 -1.86506 2.06907 -1.06693 -0.371279 -1.07143 -0.504592 -0.767634 -0.9123 0.0102651 -2.13039 -0.314949 -1.68069 1.52207 -2.38396 -1.73011 -0.106017 -2.78663 -1.39022 -1.36653 -0.108465 1.25391 -1.16634 1.54253 -0.213588 1.2109 -0.0146509 -1.17389 -0.227622 -0.992348 1.54937 1.23365 -0.349481 -1.57943 2.298 -0.506761 -0.326197 -1.15461 -0.387881 0.492008 0.91009 -3.50392 0.922432 0.366736 -0.213795 0.577041 -0.169477 -1.88424 0.389731 0.15866 0.522979 0.415904 -0.308006 0.353529 1.40603 0.40883 -2.23724 -0.358912 -0.0981497 -0.102959 0.635694 -0.456982 1.27106 0.616429 -0.497401 0.956475 -1.27063 1.83912 1.31123 1.78724 0.635534 -2.34891 0.38829 -0.428729 0.0178512 1.06153 -1.09879 0.540755 -1.25322 -0.472528 -0.519324 -0.548819 1.36631 -0.699321 0.821908 0.984019 3.94393 -0.847409 -1.72174 1.7173 0.898391 -0.177218 0.582859 -0.975336 0.706013 -0.951354 -0.79867 0.828653 -0.24684 -0.562788 0.707335 0.701968 -1.22751 -0.487413 0.0416153 -0.0251134 -0.704685 0.796364 3.28665 -0.0239452 -0.0813652 1.31147 -1.07474 -2.35396 -0.991357 -1.54372 -0.44796 0.657871 0.473426 -0.341208 -0.199357 -0.476215 -1.49609 1.41777 -1.91581 0.0642868 0.196925 2.53321 1.50056 2.1256 -0.953128 -1.73447 -1.7512 0.192057 -0.382765 -1.01409 -0.406437 -0.547132 1.87633 0.620654 0.753639 0.347305 1.38802 0.304402 -0.813087 3.29238 -0.410366 0.18254 0.573583 0.182369 0.116964 -1.63549 -2.20055 -1.09939 0.167798 2.33981 -1.55131 -2.08024 0.475266 0.189323 -0.61226 2.99547 -0.112188 -0.923634 0.0127812 -0.950699 1.78003 0.366845 0.240123 -0.599622 -0.22639 -2.04509 0.0751441 0.51134 0.631843 1.94531 -1.11587 -2.19045 -1.55022 0.866632 -0.0355309 -0.98073 -1.71059 1.45981 -1.50781 -0.576094 -2.54404 -0.469607 -2.93084 -1.64946 -1.88945 -1.46006 -0.322403 -2.09156 -0.577769 -1.60361 -0.334296 1.93804 0.240087 0.747008 -0.309551 2.10732 0.85776 0.251952 -2.90604 -0.0756607 -1.70024 -0.694767 -0.164646 2.02028 1.07503 -0.0618632 0.21136 -1.91747 0.572238 -0.971995 1.7578 -0.493457 -1.29367 
0.936974 0.518748 2.47289 -2.31943 -0.587159 -0.266856 -0.889473 1.65573 -0.646406 0.345189 0.325596 1.17342 -0.27919 1.1412 -0.286091 0.449201 0.66726 -1.30485 -2.11039 -0.488521 0.677024 0.328982 -1.35257 -1.37464 -1.26449 -2.312 -0.330715 3.67145 1.21974 1.64658 -0.877407 1.17619 -0.213523 -0.484911 1.02857 -1.92857 -0.0330126 -0.969422 -0.90223 0.0538443 -0.493763 3.49909 0.483372 1.67843 -1.33643 2.46282 1.41001 -0.225313 0.0510949 1.28326 1.10758 0.191412 -2.56099 -1.32685 -1.05223 -0.961936 0.407879 -1.07941 2.06334 -0.202616 -0.433047 0.353578 -0.720612 -1.51262 0.87815 -0.173945 2.08227 0.160144 1.08472 -0.226592 0.0140913 -0.538743 -2.57778 0.25946 -0.975893 -1.49332 -0.90327 0.37723 1.53697 1.3247 2.56692 -0.0972403 -0.276391 0.00873924 -0.985 -2.70983 -0.70274 -0.292485 -0.993087 1.03617 -1.00243 0.184489 -0.755319 0.119703 2.79489 -2.29108 1.46408 -0.810939 -0.529649 1.11158 2.5116 0.674655 -1.18514 2.06467 2.60244 -2.13084 1.54083 -2.79738 -1.32343 0.998371 -0.193287 1.21184 0.463799 2.35998 -1.47873 -0.52376 -0.531288 0.468726 1.214 -0.0415919 -0.667425 -0.401612 -1.48286 -0.93218 0.352774 0.665794 1.15848 -1.94426 -0.515402 1.53743 1.02051 1.03798 0.546287 1.11917 -0.900999 1.22442 -0.0879705 -1.73608 0.880911 0.21033 -0.858202 -2.15823 0.950516 2.86268 -2.21632 -0.503152 1.27654 -0.550086 0.845751 1.95688 -1.39585 0.0646804 1.17565 -0.0595218 1.24141 -1.26658 -0.0309369 -0.204009 -1.02666 1.52921 -0.713036 -0.987934 1.39722 1.52531 -1.31091 -0.32687 0.362144 -0.600624 -0.221455 0.764417 -0.536632 -0.317115 -1.44352 -0.933077 0.25484 1.25557 2.88832 0.946761 2.3735 -0.683319 1.30693 0.219464 0.183886 0.110995 1.3065 1.43257 -0.651427 -1.26734 -2.67538 1.46308 -0.459862 3.62298 0.557396 -0.544171 1.98857 -0.695146 2.94132 0.622134 -1.49208 -1.92954 0.473825 -0.194621 -1.61343 -1.79193 3.59147 -0.0908818 0.888409 -0.136961 -0.895051 0.63049 0.281469 1.6222 1.0425 -0.846999 -2.43531 0.192823 -0.490608 -0.94211 -0.602201 -0.137317 0.120055 1.58399 -1.14538 -0.977313 0.965298 1.25604 -0.642779 0.620288 0.658846 0.132452 -1.16649 0.526378 -1.02117 -0.862761 0.145916 1.15154 -1.93173 -1.80287 -0.789689 0.389832 -1.47295 1.09869 1.80357 -0.0771838 -1.21347 -0.00857491 0.325756 -0.96225 -1.17335 0.530478 -0.284871 1.32383 0.307744 -1.81297 -0.492096 1.29021 1.22883 -2.05242 0.0547418 -2.5649 -1.69285 -0.347799 0.284407 1.91978 0.52346 -0.323845 0.519856 1.81874 -1.03351 -0.94122 0.554108 -0.569813 -0.461272 0.0275514 0.657905 -1.49698 -0.191755 -0.25512 -1.80848 0.752674 0.405962 -1.22556 -1.44619 0.709142 -0.571127 -0.950177 -0.32166 0.847986 0.11679 -1.81986 1.4249 0.458309 -2.19456 -0.340382 -3.45881 -0.485337 -0.635613 1.41334 -2.80249 -1.27741 
-0.643856 0.0598068 1.01016 -0.294407 -0.641231 -1.04526 -1.44663 -0.972858 -0.971354 0.253951 -0.398336 1.37915 1.84666 0.619601 2.0543 -1.42188 2.38627 0.765921 -1.15509 0.940003 0.446935 -1.20862 1.05475 0.219176 -1.39647 -0.302335 -2.96033 1.1208 -0.134405 -0.151662 -0.365508 -0.354171 -0.129564 -0.930247 1.4466 -1.26085 -0.153381 -1.49219 -0.255701 -0.595265 -1.26957 -0.772542 1.01511 1.04146 0.747914 -0.692114 1.06571 2.19885 0.92438 -1.94169 3.23973 -1.06215 0.347863 1.74146 -0.823697 -2.42373 0.589208 1.45968 -1.25336 -2.58844 2.92259 0.360932 -2.27298 2.70054 0.384763 0.960796 2.09064 1.32069 0.902185 -1.78755 -0.492873 -1.83869 0.921455 -2.68383 -1.04507 -0.41886 -0.881716 -0.970161 -1.79449 2.0227 1.96418 1.35439 -1.33855 -1.69766 0.642119 1.01217 -1.25236 -0.0120228 -1.84714 -2.07653 0.0785861 1.54492 -0.74434 0.728509 0.445972 1.60837 2.8782 0.763172 -0.52711 0.497414 1.02298 2.48643 -1.06484 0.762847 -0.559283 -0.814116 0.630121 0.873934 -0.542386 -0.546387 -2.1306 1.09345 0.521945 0.700436 1.77635 1.14184 -0.611117 -0.992367 -1.33343 2.36176 1.06955 -1.30203 -0.480438 -1.27267 -0.208765 0.197696 -0.317894 0.55908 1.72926 0.951454 2.78099 1.62648 0.638401 -0.358571 0.598996 0.790863 -0.282384 2.36026 -1.56455 -1.05008 -1.04161 -1.29379 1.79727 -2.09495 -2.9952 -0.930037 -0.081559 -1.62447 -0.987911 2.27995 -0.488241 -0.116916 1.26985 -1.02966 -0.780323 -1.10176 0.933103 1.25604 0.399674 1.84117 -1.2603 -0.416618 0.314434 -2.7427 1.01619 -2.14065 -0.68747 -0.00833047 -1.71681 1.25386 -1.76938 -3.40676 -1.10481 -0.846697 0.471333 -0.0397739 0.702207 1.8746 -1.54084 -0.442099 -0.0931351 -0.640647 -1.05291 0.382805 0.476475 -0.0264003 0.124274 0.857784 1.16219 0.77854 1.43624 1.06875 -0.256813 -1.91948 -1.76828 0.389819 0.715543 -0.102201 -1.07484 0.637875 1.64723 -0.29339 0.893684 0.374304 -1.9399 0.811803 -2.41628 -1.05896 0.849226 -0.239123 0.0311095 -2.57564 0.859561 -0.538659 -0.898274 0.685988 -0.107184 1.05826 -0.956442 1.52812 -0.00387126 1.3731 2.45735 -1.1333 -0.875008 -0.0806507 -0.198248 -2.66192 -1.50337 0.555255 -3.96023 1.39504 0.552251 0.0909722 0.129654 -0.361203 -2.26611 0.123038 2.09999 0.658798 2.03562 -1.50378 -1.93907 2.03466 -0.12871 2.74104 1.46292 -1.14908 1.08538 0.459648 0.257747 0.069598 0.84149 0.056079 -1.55344 -1.36845 0.0464029 1.64228 -0.45181 -0.21788 1.56848 -1.03071 3.30894 -0.258417 0.796006 -0.667256 0.971039 -1.59816 0.21784 -2.18626 1.34372 0.412212 1.45036 0.961386 -1.06298 -0.904581 -0.452491 -0.31797 -1.0142 -1.61179 -0.0678342 0.0462614 0.833158 -1.7836 -0.00382531 1.66545 0.653575 1.00042 -0.431499 0.272046 -1.0856 1.66186 1.04359 2.26084 -1.55287 -1.02655 -1.61996 -0.495395 -0.628934 0.260271 
