1372 1.00001
38.4488 38.4488 38.4488 
19.1345 19.1345 19.1345 
1 1 1 1 1 1 1 1 1 1 1 1 1 1 1 1 1 1 1 1 1 1 1 1 1 1 1 1 1 1 1 1 1 1 1 1 1 1 1 1 1 1 1 1 1 1 1 1 1 1 1 1 1 1 1 1 1 1 1 1 1 1 1 1 1 1 1 1 1 1 1 1 1 1 1 1 1 1 1 1 1 1 1 1 1 1 1 1 1 1 1 1 1 1 1 1 1 1 1 1 
1 1 1 1 1 1 1 1 1 1 1 1 1 1 1 1 1 1 1 1 1 1 1 1 1 1 1 1 1 1 1 1 1 1 1 1 1 1 1 1 1 1 1 1 1 1 1 1 1 1 1 1 1 1 1 1 1 1 1 1 1 1 1 1 1 1 1 1 1 1 1 1 1 1 1 1 1 1 1 1 1 1 1 1 1 1 1 1 1 1 1 1 1 1 1 1 1 1 1 1 
1 1 1 1 1 1 1 1 1 1 1 1 1 1 1 1 1 1 1 1 1 1 1 1 1 1 1 1 1 1 1 1 1 1 1 1 1 1 1 1 1 1 1 1 1 1 1 1 1 1 1 1 1 1 1 1 1 1 1 1 1 1 1 1 1 1 1 1 1 1 1 1 1 1 1 1 1 1 1 1 1 1 1 1 1 1 1 1 1 1 1 1 1 1 1 1 1 1 1 1 
1 1 1 1 1 1 1 1 1 1 1 1 1 1 1 1 1 1 1 1 1 1 1 1 1 1 1 1 1 1 1 1 1 1 1 1 1 1 1 1 1 1 1 1 1 1 1 1 1 1 1 1 1 1 1 1 1 1 1 1 1 1 1 1 1 1 1 1 1 1 1 1 1 1 1 1 1 1 1 1 1 1 1 1 1 1 1 1 1 1 1 1 1 1 1 1 1 1 1 1 
1 1 1 1 1 1 1 1 1 1 1 1 1 1 1 1 1 1 1 1 1 1 1 1 1 1 1 1 1 1 1 1 1 1 1 1 1 1 1 1 1 1 1 1 1 1 1 1 1 1 1 1 1 1 1 1 1 1 1 1 1 1 1 1 1 1 1 1 1 1 1 1 1 1 1 1 1 1 1 1 1 1 1 1 1 1 1 1 1 1 1 1 1 1 1 1 1 1 1 1 
1 1 1 1 1 1 1 1 1 1 1 1 1 1 1 1 1 1 1 1 1 1 1 1 1 1 1 1 1 1 1 1 1 1 1 1 1 1 1 1 1 1 1 1 1 1 1 1 1 1 1 1 1 1 1 1 1 1 1 1 1 1 1 1 1 1 1 1 1 1 1 1 1 1 1 1 1 1 1 1 1 1 1 1 1 1 1 1 1 1 1 1 1 1 1 1 1 1 1 1 
1 1 1 1 1 1 1 1 1 1 1 1 1 1 1 1 1 1 1 1 1 1 1 1 1 1 1 1 1 1 1 1 1 1 1 1 1 1 1 1 1 1 1 1 1 1 1 1 1 1 1 1 1 1 1 1 1 1 1 1 1 1 1 1 1 1 1 1 1 1 1 1 1 1 1 1 1 1 1 1 1 1 1 1 1 1 1 1 1 1 1 1 1 1 1 1 1 1 1 1 
1 1 1 1 1 1 1 1 1 1 1 1 1 1 1 1 1 1 1 1 1 1 1 1 1 1 1 1 1 1 1 1 1 1 1 1 1 1 1 1 1 1 1 1 1 1 1 1 1 1 1 1 1 1 1 1 1 1 1 1 1 1 1 1 1 1 1 1 1 1 1 1 1 1 1 1 1 1 1 1 1 1 1 1 1 1 1 1 1 1 1 1 1 1 1 1 1 1 1 1 
1 1 1 1 1 1 1 1 1 1 1 1 1 1 1 1 1 1 1 1 1 1 1 1 1 1 1 1 1 1 1 1 1 1 1 1 1 1 1 1 1 1 1 1 1 1 1 1 1 1 1 1 1 1 1 1 1 1 1 1 1 1 1 1 1 1 1 1 1 1 1 1 1 1 1 1 1 1 1 1 1 1 1 1 1 1 1 1 1 1 1 1 1 1 1 1 1 1 1 1 
1 1 1 1 1 1 1 1 1 1 1 1 1 1 1 1 1 1 1 1 1 1 1 1 1 1 1 1 1 1 1 1 1 1 1 1 1 1 1 1 1 1 1 1 1 1 1 1 1 1 1 1 1 1 1 1 1 1 1 1 1 1 1 1 1 1 1 1 1 1 1 1 1 1 1 1 1 1 1 1 1 1 1 1 1 1 1 1 1 1 1 1 1 1 1 1 1 1 1 1 
1 1 1 1 1 1 1 1 1 1 1 1 1 1 1 1 1 1 1 1 1 1 1 1 1 1 1 1 1 1 1 1 1 1 1 1 1 1 1 1 1 1 1 1 1 1 1 1 1 1 1 1 1 1 1 1 1 1 1 1 1 1 1 1 1 1 1 1 1 1 1 1 1 1 1 1 1 1 1 1 1 1 1 1 1 1 1 1 1 1 1 1 1 1 1 1 1 1 1 1 
1 1 1 1 1 1 1 1 1 1 1 1 1 1 1 1 1 1 1 1 1 1 1 1 1 1 1 1 1 1 1 1 1 1 1 1 1 1 1 1 1 1 1 1 1 1 1 1 1 1 1 1 1 1 1 1 1 1 1 1 1 1 1 1 1 1 1 1 1 1 1 1 1 1 1 1 1 1 1 1 1 1 1 1 1 1 1 1 1 1 1 1 1 1 1 1 1 1 1 1 
1 1 1 1 1 1 1 1 1 1 1 1 1 1 1 1 1 1 1 1 1 1 1 1 1 1 1 1 1 1 1 1 1 1 1 1 1 1 1 1 1 1 1 1 1 1 1 1 1 1 1 1 1 1 1 1 1 1 1 1 1 1 1 1 1 1 1 1 1 1 1 1 1 1 1 1 1 1 1 1 1 1 1 1 1 1 1 1 1 1 1 1 1 1 1 1 1 1 1 1 
1 1 1 1 1 1 1 1 1 1 1 1 1 1 1 1 1 1 1 1 1 1 1 1 1 1 1 1 1 1 1 1 1 1 1 1 1 1 1 1 1 1 1 1 1 1 1 1 1 1 1 1 1 1 1 1 1 1 1 1 1 1 1 1 1 1 1 1 1 1 1 1 
0 0.628143 1.54825 1.39172 0 1.41093 3.8056 4.12404 0 4.34054 1.28246 3.99258 0 4.02316 4.05789 1.09697 0 6.90561 1.02453 1.46207 0 6.71298 3.77237 3.77694 0 9.53733 0.881645 3.90166 0 9.88123 3.67892 1.31429 0 12.0422 0.782449 1.45129 0 12.2954 3.89223 4.07592 0 15.0659 1.07186 4.41985 0 14.995 3.52867 1.32344 0 17.6247 0.663566 1.02286 0 17.8326 3.25316 3.86191 0 20.4 0.757826 3.62758 0 20.3348 3.34245 1.13027 0 22.9242 1.18229 1.1337 0 23.2685 3.94783 3.72817 0 25.7243 1.5372 3.51029 0 25.9362 4.01774 1.01282 0 28.9341 1.46535 1.38441 0 27.8559 4.46001 4.16753 0 31.3486 1.65212 3.98779 0 31.6429 3.98959 0.965161 0 34.516 1.27884 0.982402 0 33.7615 4.18942 4.1573 0 37.3266 1.22791 4.46581 0 36.8266 4.4348 2.0836 0 1.038 6.41959 1.13281 0 1.6679 9.48534 4.38566 0 3.83399 6.36881 4.06543 0 4.37758 9.33497 1.75882 0 6.94222 6.26769 1.53061 0 6.97442 9.21515 4.13346 0 9.61275 6.12333 4.26801 0 9.67093 9.25636 1.32017 0 12.5681 6.39345 1.58227 0 12.1518 9.48939 3.65502 0 15.7732 6.71933 4.1017 0 15.2276 9.8246 1.51498 0 18.0445 6.35497 1.49433 0 18.1213 9.81002 3.94611 0 20.3408 6.32521 4.21945 0 19.9234 9.34778 0.947162 0 22.9838 6.92116 0.863038 0 22.3744 9.69135 3.77316 0 25.1744 7.34495 3.53918 0 25.3059 9.51247 0.798717 0 28.3669 7.09805 0.947532 0 28.2825 9.51555 3.81641 0 31.2688 7.12232 4.24072 0 31.5462 8.84482 1.0185 0 34.5419 6.81667 0.805639 0 34.3968 9.00087 3.88768 0 37.7472 7.06259 4.13373 0 37.2794 9.49247 1.57736 0 1.54077 12.4943 1.26348 0 1.7739 15.3364 4.17716 0 4.08302 12.2837 3.66872 0 4.41456 15.0704 1.16888 0 7.06701 11.7156 1.34872 0 7.00691 14.908 3.83803 0 9.57549 11.9939 4.00978 0 9.46308 14.921 1.42347 0 11.8929 12.2085 1.38179 0 12.4944 15.0066 4.42879 0 14.6678 12.2789 3.8656 0 15.0849 15.3755 1.67982 0 17.4455 12.6634 1.30722 0 17.5186 15.2968 3.80109 0 20.1468 12.8611 3.74069 0 20.1598 15.7199 1.41491 0 22.8813 12.2185 0.966251 0 23.0738 15.2849 3.61458 0 25.4362 11.9956 3.35993 0 25.8983 14.4533 0.978072 0 29.2799 11.8337 1.18876 0 28.5938 14.3849 4.32572 0 31.4111 12.0157 4.47378 0 31.7487 14.7191 1.6311 0 34.1762 11.8992 1.88882 0 33.9791 15.0319 4.52764 0 37.2392 12.3919 4.35714 0 37.0924 14.5891 0.911086 0 2.07139 17.8155 1.66447 0 1.60404 20.209 4.47564 0 4.50028 17.6273 4.21076 0 4.34767 20.7886 1.55917 0 7.29794 17.9201 1.33645 0 7.08361 20.6335 4.07557 0 9.83912 17.877 4.1975 0 9.75769 20.6438 0.981582 0 12.0395 17.9436 1.29956 0 11.7008 20.9925 4.21276 0 14.4097 18.3625 3.9691 0 14.2875 21.0289 1.07262 0 17.3766 18.3334 1.30899 0 17.3317 21.1286 3.81498 0 20.3511 17.6839 4.37277 0 20.484 20.7291 1.61179 
0 23.2323 17.6704 1.13742 0 23.4662 20.2183 4.13493 0 25.8038 17.3697 4.13678 0 25.6895 20.3978 0.88263 0 28.5304 17.1029 1.68406 0 28.338 20.441 3.27553 0 31.1281 17.4882 4.14577 0 31.4734 20.2377 1.7317 0 34.1646 17.5749 1.71402 0 34.4614 20.661 4.13198 0 36.8976 18.0793 4.40327 0 37.1659 20.543 1.31817 0 1.69885 23.2696 1.85752 0 1.58253 26.3344 3.71586 0 4.32806 23.4305 4.36881 0 4.75986 26.0788 1.39331 0 7.52804 23.8694 1.26817 0 6.78772 25.8804 4.36671 0 9.54364 23.5667 3.93702 0 9.47644 26.4422 1.26484 0 11.9053 23.5213 1.04712 0 12.2585 26.2221 3.64235 0 14.7131 23.5115 4.34584 0 14.7826 26.0951 0.930246 0 17.4768 23.544 1.37158 0 17.5973 25.5789 4.51755 0 20.5103 23.4153 4.1104 0 20.8555 25.7651 1.38716 0 23.3882 23.0378 1.48937 0 23.7142 25.7291 3.94807 0 26.226 23.5459 3.98352 0 26.4205 26.6474 1.20174 0 28.3216 23.1652 1.09386 0 28.9424 26.6454 4.20797 0 30.7865 23.0837 3.82994 0 31.26 25.9017 1.40164 0 33.793 23.3102 1.36499 0 34.3628 26.0702 3.70244 0 37.1679 23.116 3.79382 0 37.1247 25.9656 1.51983 0 1.58099 28.2955 0.923912 0 0.852886 31.6874 4.12952 0 4.10272 28.9752 4.0502 0 3.856 31.9766 1.56597 0 6.84053 29.0207 1.02109 0 6.28977 31.9367 4.08405 0 8.81602 29.2387 3.8641 0 9.6057 31.3238 1.28389 0 12.1476 28.9997 1.31991 0 12.104 31.5833 4.05575 0 15.1405 28.5292 3.72619 0 14.7632 31.2817 1.49396 0 18.0313 28.3588 1.42645 0 17.954 31.2413 3.75509 0 20.7399 28.7057 4.29557 0 20.635 31.1789 1.33412 0 23.3351 28.3815 1.65597 0 23.0878 31.2569 4.1755 0 25.878 28.6068 4.43198 0 25.8079 31.2381 1.34404 0 29.3043 28.777 1.66812 0 29.0884 31.0843 4.46975 0 31.9902 28.7368 4.0944 0 31.5474 31.2513 1.73165 0 34.5121 28.8637 1.63745 0 35.0459 31.4617 4.15179 0 37.2598 28.6009 4.11813 0 37.3846 31.0158 1.02459 0 0.995112 33.8119 1.32463 0 1.65498 37.5938 3.97374 0 3.89874 34.4121 4.52008 0 4.2683 36.3676 1.3668 0 6.80144 34.2339 1.2104 0 6.95702 37.0401 3.95867 0 9.37247 34.1702 4.02343 0 9.54352 36.7526 1.12222 0 12.1372 34.2647 1.11701 0 12.3549 36.4055 4.08928 0 15.3192 33.9645 3.99374 0 15.0174 36.6234 1.41817 0 17.4998 34.1627 1.13222 0 17.7972 36.5051 3.8382 0 20.4143 33.9326 4.22057 0 20.4234 36.5012 1.25861 0 23.2664 33.7925 1.27708 0 23.1335 36.6917 3.57637 0 26.1227 34.3254 4.53657 0 26.0158 36.9275 0.81264 0 28.8319 34.1525 1.6274 0 28.5818 37.0274 3.57156 0 31.5009 33.9429 4.33517 0 31.9017 36.829 1.30515 0 34.4955 33.9443 1.79186 0 34.0431 37.3834 4.34602 0 36.6248 34.7576 4.55598 0 36.7393 36.8267 1.39414 0 1.59019 1.23328 7.06986 0 1.07324 4.16202 9.92799 0 4.20516 2.00872 9.37996 0 4.1843 4.03234 6.40195 
0 7.01661 1.45092 6.71767 0 7.62108 3.79275 9.73482 0 9.55952 0.763578 9.24272 0 10.0887 3.72959 6.9897 0 12.2374 1.02097 6.82501 0 12.3185 3.71055 9.90885 0 14.9803 0.944751 9.36647 0 15.3323 4.36925 6.51547 0 18.104 0.812346 6.63244 0 18.022 3.61084 9.2046 0 20.7544 1.0519 9.58204 0 20.6879 3.62646 6.54898 0 23.1889 0.802078 6.13821 0 23.0353 4.14444 9.92174 0 25.7952 1.59287 9.42581 0 25.3011 3.93606 6.74642 0 28.1389 1.54646 6.72168 0 28.0191 4.26348 9.89226 0 31.0302 1.25935 9.44903 0 31.0316 4.44322 6.92205 0 33.5853 1.26804 6.63143 0 33.8694 4.05904 9.91788 0 36.496 1.7269 9.71309 0 37.2985 3.93676 6.88577 0 1.45348 6.92915 7.00648 0 2.24375 9.68857 9.31437 0 4.66465 6.25854 9.69214 0 4.64685 9.21155 6.87201 0 6.82339 6.15448 6.71036 0 7.14926 9.47029 9.5191 0 9.91123 6.82978 9.71769 0 9.74768 9.45955 6.59785 0 12.1519 6.69856 6.96261 0 12.3237 9.45857 9.4185 0 15.0653 6.25836 9.76525 0 14.9061 8.90324 6.6242 0 18.1488 6.44393 7.12243 0 17.814 9.16822 9.66074 0 20.2998 6.92287 9.94766 0 20.0816 9.43565 7.05883 0 22.6611 7.14331 6.66839 0 22.7785 10.0535 9.46205 0 25.5855 7.53983 9.01715 0 25.2642 9.74634 6.10358 0 28.3322 6.96676 6.83976 0 28.8253 9.24149 9.57981 0 31.2373 6.82871 9.62664 0 31.4948 9.5482 6.83847 0 34.5311 6.63658 6.80131 0 34.5011 9.63095 9.47243 0 37.3077 6.76118 9.59877 0 37.4012 9.58202 6.77892 0 1.70226 12.528 6.7803 0 1.57186 14.7321 9.55331 0 4.49261 12.2478 9.64374 0 4.57591 14.7051 6.55985 0 7.40873 12.3111 6.95378 0 6.95649 14.6254 9.54544 0 9.79596 12.2511 9.44617 0 9.6556 15.1689 6.80307 0 12.5711 12.0671 6.73225 0 12.4873 14.9338 8.92768 0 14.9864 12.1449 9.25822 0 15.309 15.4953 6.65969 0 17.2526 12.2158 6.46265 0 17.7511 15.213 9.12179 0 19.648 12.3307 9.58169 0 20.1521 14.7697 6.89364 0 22.7798 12.1843 6.47773 0 22.8393 14.5696 9.56365 0 26.0222 12.0856 9.58795 0 25.5773 14.9937 6.96347 0 28.5295 11.5875 6.83106 0 28.3397 14.9793 9.33219 0 31.276 12.3148 9.18163 0 30.9553 15.0529 6.82198 0 34.6114 12.1389 6.33519 0 34.0928 14.2167 9.05265 0 37.5555 12.0858 9.07591 0 37.0025 15.0615 7.01338 0 1.9132 17.4981 6.93397 0 1.04059 20.4249 9.56957 0 4.37599 17.4749 9.45924 0 4.07875 20.3418 6.83998 0 6.82522 17.9688 6.94347 0 6.29143 20.5995 9.80478 0 9.55249 17.2715 9.51285 0 9.44697 20.1505 6.86689 0 12.1004 17.8353 6.74693 0 12.1523 20.6818 9.6644 0 14.8393 17.8543 9.15955 0 14.4781 20.7242 6.43832 0 17.2407 18.2641 6.27511 0 17.4151 21.0036 9.53977 0 20.6188 17.6335 9.32483 0 20.4812 20.9521 6.47719 0 23.3826 17.8004 6.93136 0 23.1266 20.441 9.50179 0 25.9754 17.8171 9.35502 0 25.6973 20.3675 6.55857 
0 28.3425 17.364 6.60461 0 28.4871 20.7248 9.03794 0 31.2302 17.9839 9.16825 0 31.0638 20.3133 6.33188 0 34.3504 17.6903 7.04212 0 34.1228 20.4972 9.09212 0 37.1121 17.846 9.26987 0 37.15 20.5506 6.7471 0 1.19322 23.4518 6.39972 0 1.21619 26.3791 9.24243 0 3.72666 23.2198 9.33571 0 3.68735 25.8795 6.71093 0 7.26051 22.9391 6.82472 0 6.4898 25.8892 9.56881 0 9.09446 23.0661 10.0406 0 9.50993 26.4212 7.05948 0 11.8584 23.4588 7.02443 0 12.1359 26.6536 9.45893 0 14.6915 23.9289 9.65787 0 14.924 26.637 6.81495 0 17.6455 23.0059 6.73549 0 17.4796 25.9281 9.30601 0 20.2599 23.5147 9.5062 0 20.3436 26.0004 6.75629 0 23.2581 23.3186 6.85693 0 23.1356 25.7771 9.53492 0 25.9236 23.1585 9.50268 0 26.1932 26.1222 7.23061 0 28.4012 23.4441 6.92435 0 28.9331 26.0261 9.66263 0 31.7682 23.2025 9.0491 0 31.3275 26.0499 6.69534 0 33.7761 23.4941 5.95369 0 34.4812 25.788 8.85018 0 36.9195 23.2038 9.38086 0 36.9753 25.8282 6.40423 0 1.63041 28.7748 6.78688 0 1.26811 31.6269 9.46344 0 4.04272 28.9571 9.53787 0 3.88149 31.4992 6.63314 0 6.54879 28.6818 6.59211 0 6.57332 31.9085 9.57034 0 8.92831 29.1207 9.40747 0 9.32486 31.565 6.25414 0 12.1097 28.5846 6.41347 0 12.1056 31.3378 9.1224 0 14.959 28.9517 9.12312 0 14.8725 31.6517 6.7714 0 18.0181 28.6988 6.88376 0 17.947 31.2868 9.73071 0 21.0628 28.7299 9.51515 0 20.6693 31.1988 6.90027 0 23.385 28.5877 6.90702 0 23.6391 31.6553 9.74479 0 25.7122 28.7387 10.1137 0 25.6927 31.4493 6.91466 0 28.8447 29.0711 7.39734 0 28.2196 31.405 9.97178 0 31.6258 28.7878 10.0645 0 31.6624 31.3342 7.49648 0 34.5999 29.1211 6.496 0 34.281 31.6668 9.85579 0 36.8201 28.8442 8.98194 0 36.7462 32.0144 7.25839 0 1.28118 34.5208 7.14661 0 1.42325 37.5568 9.80391 0 3.59416 34.9091 9.90266 0 4.38914 37.3169 6.82212 0 6.88984 34.2349 7.04777 0 6.57059 37.0922 9.62188 0 9.57455 34.5422 9.12085 0 9.62293 36.9464 6.4763 0 12.2978 34.0337 6.84567 0 12.5525 36.931 9.20799 0 15.1992 33.8905 9.29146 0 14.9978 36.8456 6.56299 0 18.0576 34.0539 6.85767 0 17.8487 36.5706 9.3785 0 20.9201 34.0506 9.40349 0 20.7886 36.9361 6.57654 0 23.2592 34.37 6.78221 0 23.4889 36.8052 9.69225 0 26.2176 34.1822 9.08153 0 25.7271 36.8872 6.95819 0 28.8959 33.8682 6.85945 0 28.7943 36.9507 9.70829 0 31.1672 34.391 9.5555 0 31.1638 36.8103 6.18732 0 33.8847 34.3124 7.1375 0 33.9137 37.6369 9.45851 0 37.1512 34.3893 9.84678 0 37.2484 37.0148 7.70377 0 0.67791 1.75683 12.5201 0 1.06717 4.43782 15.3165 0 3.45645 1.53509 15.5969 0 4.10942 4.01606 12.5433 0 7.00439 1.23507 12.174 0 6.8828 3.96508 15.0843 0 10.3604 0.756693 15.2331 0 9.86051 3.71472 12.7478 
0 12.8698 0.9662 12.3885 0 12.8014 3.97923 14.5724 0 15.5391 1.02424 14.8962 0 15.788 3.82923 12.1376 0 17.7745 0.80472 11.8696 0 17.8437 3.76488 15.1086 0 20.3935 1.253 15.2686 0 20.2858 4.04397 12.5607 0 22.9995 0.877376 12.2293 0 23.0792 3.71977 14.9388 0 25.9045 1.21517 14.9827 0 25.6574 4.32352 12.3336 0 28.5546 1.56489 12.4992 0 28.7352 4.42856 15.2765 0 31.1606 1.61962 15.2903 0 31.0392 4.05139 12.0211 0 33.7842 1.79553 12.6787 0 34.2723 4.35632 15.3186 0 36.7405 1.48524 15.0757 0 36.5539 4.66365 12.6458 0 1.19994 7.11091 12.3448 0 0.910462 9.49644 15.1867 0 3.66087 7.09332 15.0049 0 4.14908 9.71206 12.3282 0 6.66213 6.60892 12.5972 0 6.31886 10.3684 14.993 0 10.1464 6.70648 15.482 0 9.07646 9.48379 12.4621 0 12.2848 6.60889 12.4347 0 12.5693 9.29695 15.4068 0 15.1594 6.87653 15.3375 0 15.1759 9.32925 12.1893 0 17.6805 6.7966 12.9987 0 17.9613 9.61365 15.3854 0 20.6034 6.64598 15.3004 0 20.0251 9.66794 12.1141 0 22.9155 6.83018 12.2826 0 22.8008 9.87576 15.2289 0 25.6257 6.5793 15.1706 0 25.6547 9.1598 12.1455 0 28.7226 6.97012 12.5142 0 28.6881 9.52782 15.0623 0 31.4787 6.74411 15.32 0 31.4864 9.91385 12.253 0 34.1335 7.25047 12.479 0 34.117 9.65235 15.1207 0 36.3706 7.147 15.5465 0 37.1407 9.35106 12.0178 0 1.40118 12.2485 11.9857 0 0.9805 14.7899 14.476 0 3.3526 12.2124 15.052 0 4.11954 14.8064 12.1415 0 6.96251 12.3975 12.1076 0 7.016 15.0709 14.8223 0 9.22742 12.0459 15.2904 0 10.1837 15.0597 12.1698 0 12.2681 12.0651 12.2861 0 12.8977 14.9584 14.8426 0 15.1542 12.2266 14.7844 0 15.1614 15.1135 11.8488 0 17.5221 12.4397 12.5824 0 17.7276 15.6016 14.8804 0 20.4474 12.4437 15.1116 0 20.1711 15.6103 12.1732 0 23.2432 12.0322 12.3749 0 23.2173 14.9122 14.6532 0 25.8573 12.7753 15.0573 0 26.1606 15.1455 12.0319 0 28.4604 11.9896 12.2427 0 28.6582 15.5131 14.4067 0 31.036 12.4405 14.985 0 31.6679 14.7464 11.7601 0 34.2162 12.3125 12.1896 0 34.0145 15.1538 14.904 0 36.6923 12.0664 14.5233 0 36.9592 14.9335 11.8418 0 0.981718 17.5322 11.791 0 1.045 20.3872 14.6228 0 4.1174 17.1686 14.8901 0 3.72747 20.3002 11.8923 0 6.77358 17.468 12.1836 0 6.29392 20.0587 14.518 0 9.86401 17.3328 15.0661 0 9.34611 20.2331 12.4593 0 12.3926 18.0625 12.1917 0 12.2239 20.8609 15.4264 0 15.1124 18.2644 15.2452 0 14.7071 21.3032 11.9677 0 17.4178 18.3752 11.8605 0 17.7729 20.5791 14.9076 0 20.2068 18.0745 15.0384 0 20.0899 21.1531 12.2519 0 23.1429 18.0806 12.6097 0 22.9449 20.883 14.6914 0 26.0437 17.7886 14.6773 0 26.0265 20.5357 11.8356 0 28.916 18.1326 11.7295 0 28.6071 20.5061 14.9062 0 31.3643 18.1057 14.5614 0 31.2966 20.5488 11.7031 
0 34.1835 17.5136 11.5872 0 34.1031 20.4806 14.4619 0 37.0753 17.6908 14.9199 0 36.5675 20.339 11.8266 0 1.18967 22.9224 12.1376 0 0.627812 25.786 14.2372 0 3.80867 22.8857 14.7756 0 3.93534 26.003 12.2694 0 7.00526 23.4183 12.8256 0 7.10075 26.6728 14.6325 0 9.72589 23.4949 14.7023 0 9.41725 26.409 11.7388 0 12.1485 23.7424 12.3457 0 11.9008 26.642 14.5931 0 15.0383 23.5689 14.8945 0 14.9875 26.6052 11.975 0 17.4591 23.5195 12.1925 0 17.876 26.2136 14.8036 0 20.6272 23.5691 15.1233 0 20.5341 26.2449 12.2546 0 22.8854 23.4773 12.0119 0 23.4375 26.0816 14.8658 0 26.6022 23.4062 14.372 0 25.8173 25.6713 11.8667 0 28.8965 22.8896 11.7007 0 28.7317 26.3138 15.1433 0 31.2986 23.2004 14.67 0 31.2524 25.8021 12.5698 0 34.0827 23.455 11.7787 0 34.0202 25.7813 14.7484 0 36.6665 23.1883 14.6792 0 36.6735 26.0097 11.7782 0 1.46486 28.5816 11.86 0 0.705944 31.7887 14.998 0 3.73873 28.9436 14.5998 0 3.48022 31.3724 12.0209 0 6.55806 29.1132 12.2378 0 6.72696 31.5582 14.7158 0 9.79908 29.593 14.9898 0 9.32171 31.9039 11.8907 0 12.4457 29.3607 12.1246 0 12.7209 31.7867 15.0926 0 15.0134 29.065 14.6752 0 15.0911 31.6149 11.9746 0 18.0505 28.6612 12.1857 0 17.9364 31.3531 14.7088 0 20.6753 28.9944 14.9302 0 20.7875 31.4675 12.3368 0 23.2915 28.7568 12.5106 0 22.9883 31.5844 15.2099 0 25.8871 28.8585 15.31 0 25.8779 31.4151 12.543 0 28.371 28.6603 12.6025 0 28.5884 31.3459 15.0596 0 31.337 28.5548 15.1938 0 31.3353 31.5006 12.1426 0 34.2124 28.9327 12.2623 0 33.9251 31.819 14.9696 0 36.9805 28.8243 14.9918 0 36.9119 31.6288 12.1294 0 1.43051 34.4223 12.6307 0 1.15417 37.2316 14.9534 0 3.99656 34.4179 15.3298 0 3.92341 37.6438 12.8875 0 6.15767 34.3151 12.641 0 7.14515 36.6395 14.7456 0 9.84822 34.5423 14.5254 0 9.10034 36.7012 11.8853 0 12.2094 33.895 11.5132 0 12.7636 36.6399 14.6041 0 15.552 33.8258 15.033 0 15.2412 36.289 11.8465 0 18.1045 33.9579 12.0758 0 17.9386 36.9095 14.6318 0 20.3369 34.0759 14.9988 0 20.6448 36.6328 12.0504 0 23.4383 34.069 12.2696 0 23.3987 36.7752 14.9644 0 25.8493 33.7756 15.1256 0 26.0717 36.5224 12.3032 0 28.9292 34.2446 12.5969 0 28.9413 37.1525 14.916 0 31.6508 34.4794 15.1686 0 31.732 37.3724 12.3468 0 34.11 34.5283 11.7708 0 33.6276 37.7846 15.4714 0 36.606 34.3998 15.2153 0 36.6275 37.4837 12.2428 0 0.868207 1.41676 17.792 0 1.40464 4.54289 20.7147 0 3.8986 1.38355 19.6411 0 3.77238 4.75824 17.7037 0 7.01137 0.838411 17.2466 0 7.00477 3.96235 19.9982 0 9.96795 1.35378 20.5185 0 9.82507 3.57612 17.5163 0 13.0261 1.44644 17.8495 0 12.1755 4.01562 20.3585 0 15.2463 1.26477 21.1076 0 15.0841 4.44022 18.3655 
0 17.3568 1.4968 18.2148 0 17.4994 3.96553 20.9789 0 20.5936 1.37524 20.8146 0 20.3451 3.67645 17.9855 0 23.2569 1.37456 17.9446 0 23.0987 3.8578 21.0958 0 25.6357 1.31885 20.8347 0 25.7732 4.10606 18.0492 0 28.3898 1.48238 17.9092 0 28.3056 4.85302 21.2905 0 31.2357 1.49982 20.5286 0 31.0546 4.49147 18.2407 0 34.1093 2.02225 17.736 0 33.6595 4.14546 20.9453 0 36.7468 1.78681 20.8283 0 36.7993 4.46654 18.2258 0 1.13785 6.92607 18.0765 0 1.07427 10.1949 20.4946 0 3.89843 7.49395 20.7868 0 3.65289 9.92273 17.738 0 6.70545 7.45902 17.3801 0 7.08782 9.77252 20.9002 0 9.31198 6.70753 20.2425 0 9.78575 9.61305 18.1384 0 12.5191 7.2811 18.2936 0 12.7789 9.5532 21.0658 0 15.4473 6.88356 20.8798 0 15.4526 10.1252 17.5194 0 17.9949 6.92407 18.1744 0 17.9515 9.92277 20.253 0 20.7927 6.637 20.4971 0 20.6248 9.18357 17.6861 0 23.2821 6.64747 17.8771 0 23.2695 9.89038 20.681 0 25.2918 6.92492 20.8458 0 25.8795 9.81779 17.4642 0 28.512 6.79681 18.1266 0 28.8609 9.59501 20.8413 0 31.416 6.91296 20.6864 0 31.0358 9.46318 17.7323 0 34.0225 7.26904 18.1205 0 33.9826 9.88292 20.5674 0 37.3495 7.08906 20.9497 0 36.8556 9.85866 18.1551 0 1.04362 12.5712 17.4732 0 0.912598 14.8434 20.7059 0 3.80936 12.4895 20.2593 0 3.73343 15.0177 17.3865 0 7.08135 12.6508 18.144 0 6.81038 15.1505 20.5204 0 9.74186 11.8458 20.7913 0 9.80192 14.8559 17.8562 0 12.9784 12.5011 17.7767 0 12.186 14.8129 20.8046 0 15.0808 12.7502 20.6127 0 14.9263 15.3565 17.9458 0 17.7629 13.0035 18.2093 0 17.5841 15.3087 20.7523 0 20.4353 12.3441 19.9584 0 20.7797 15.299 17.2052 0 23.286 12.2849 17.6207 0 23.6018 15.0929 20.6205 0 26.3454 12.4372 20.4113 0 26.147 15.0295 17.7909 0 28.6142 12.4682 17.6442 0 28.6584 15.3206 20.1937 0 31.3181 12.2493 20.6161 0 31.113 15.139 17.218 0 34.0735 12.4775 17.2185 0 34.2312 14.981 19.8035 0 36.8273 12.3689 20.7289 0 36.6063 15.1914 17.3752 0 1.23014 17.87 17.3558 0 1.25284 19.9544 20.5416 0 3.77857 17.5951 20.2716 0 3.92422 20.0947 17.3249 0 6.54924 17.7663 17.3947 0 6.26423 20.1591 20.1182 0 8.94043 17.959 20.3743 0 9.55473 20.2945 17.6225 0 12.1297 17.5424 18.2614 0 12.2714 20.3739 20.8782 0 14.659 17.8455 20.54 0 15.1906 20.6188 17.8521 0 17.7031 17.5795 17.6485 0 18.0673 20.658 20.4163 0 20.5202 18.026 20.3982 0 20.4988 20.5012 17.3991 0 23.166 17.3838 17.5679 0 23.294 20.5139 20.1283 0 25.7244 18.0871 20.5638 0 25.5726 20.6452 17.3995 0 28.3505 18.3426 17.653 0 28.7021 20.7135 20.4074 0 31.3977 17.6953 20.3205 0 31.3164 20.8201 17.5614 0 33.7785 17.9517 17.617 0 34.0692 20.6723 20.4909 0 36.3316 17.8472 20.0408 0 36.7208 20.5254 17.2712 
0 0.927161 22.9348 17.4418 0 1.29368 25.5888 19.9269 0 4.11275 22.8618 19.7164 0 4.19117 26.0446 16.8306 0 6.85864 23.2915 17.0365 0 6.65906 25.8274 20.2959 0 9.38651 22.8883 20.298 0 10.0729 26.3709 17.7748 0 12.4157 22.9824 17.9484 0 12.193 26.0687 20.4709 0 15.1884 22.9712 20.9601 0 15.2755 26.4831 17.501 0 18.0389 23.4219 17.7437 0 17.2138 26.0574 20.3155 0 20.2529 23.3246 20.4509 0 20.1878 26.1454 17.9419 0 23.2792 23.2386 17.815 0 23.1085 26.1653 20.1873 0 25.9132 23.2142 20.7366 0 25.9551 26.0366 17.5247 0 29.0327 23.3957 17.33 0 28.4928 25.9023 20.1998 0 31.4983 23.2736 20.1932 0 31.5375 25.6236 17.4747 0 34.3271 23.3857 17.6686 0 34.1104 25.5891 20.8822 0 36.8571 22.5352 20.6646 0 36.7233 26.0514 17.4609 0 1.13626 28.466 17.2125 0 0.910978 30.5283 20.6478 0 3.76301 28.199 20.5741 0 4.06505 30.613 17.8554 0 7.35722 29.0142 17.4686 0 7.07896 31.6303 20.0702 0 9.39354 28.5204 20.7066 0 10.2699 32.0727 18.0029 0 12.5752 28.8894 17.7407 0 12.3937 31.1854 20.7857 0 14.9038 28.8137 20.4248 0 15.2212 31.7634 17.8344 0 17.7622 28.9556 17.959 0 17.7397 31.3412 20.721 0 20.2167 28.7208 20.3577 0 20.3703 31.8286 17.9777 0 23.2846 29.0992 17.7954 0 23.3028 32.0126 20.6519 0 26.0717 28.8512 20.291 0 25.7721 31.4808 17.9548 0 28.9826 29.002 17.8821 0 28.6086 31.7176 20.3196 0 31.5549 28.2977 20.3534 0 31.0521 31.8679 17.7817 0 34.062 28.3396 17.3046 0 34.2045 30.7316 20.7117 0 36.8113 28.2744 19.9237 0 36.6928 31.4441 17.5691 0 1.22137 33.7923 17.8991 0 0.888199 37.3396 19.919 0 4.13175 33.3208 20.7263 0 3.93478 36.5179 18.0747 0 6.78714 34.0174 17.6216 0 6.79695 35.8443 20.5898 0 10.0453 34.0465 20.7636 0 10.0456 36.6985 17.9108 0 12.8896 34.6496 17.68 0 12.5616 37.0957 20.4996 0 15.131 34.0447 20.476 0 15.6467 37.0544 17.5351 0 17.7974 34.3113 17.809 0 17.5933 36.884 20.4694 0 20.0064 34.3935 20.5853 0 20.4803 36.7942 17.637 0 23.2405 34.1547 17.58 0 22.855 36.9994 20.4668 0 26.0743 34.2268 20.6778 0 25.8342 37.1056 17.9447 0 28.358 34.4861 17.9891 0 28.7851 37.7245 20.5904 0 31.1508 34.5039 20.7138 0 31.1369 37.022 17.8013 0 34.0067 34.433 17.9546 0 34.8237 37.3475 20.19 0 36.9178 33.5849 20.104 0 36.883 36.9803 17.3854 0 1.36936 1.50097 23.631 0 1.66182 3.97771 26.5243 0 4.22998 1.14296 25.7255 0 4.20525 4.28399 23.2315 0 6.50703 1.15229 22.5012 0 6.87736 4.21059 25.7545 0 9.17233 1.4551 25.4251 0 9.31081 3.87693 22.9645 0 12.2624 1.62482 23.1294 0 11.9323 4.37015 26.0115 0 14.8714 1.07468 26.0539 0 14.8258 4.09326 23.4712 0 17.6323 0.824703 23.6605 0 17.6307 3.90614 26.3598 0 20.3602 0.954165 26.4752 0 20.258 3.67932 24.1322 
0 23.0545 0.837184 23.5261 0 23.4199 3.89207 26.5979 0 25.6957 1.08333 26.3868 0 25.514 3.99607 23.6552 0 28.6462 1.86229 23.8525 0 28.7706 4.26251 26.4603 0 31.4869 1.47035 26.2379 0 31.3604 4.23759 23.944 0 34.4495 2.04101 23.9531 0 34.176 4.42143 26.4591 0 37.0113 2.17664 26.4669 0 36.858 4.53437 23.5229 0 1.41716 7.33722 23.3109 0 1.52667 9.65635 25.8182 0 4.06487 6.69467 25.9279 0 4.59264 9.46051 23.6755 0 7.21007 7.11418 23.6356 0 6.95536 9.7609 26.3765 0 9.73925 7.28108 26.28 0 9.64906 9.6241 23.4528 0 11.6931 6.35948 22.9032 0 12.5587 9.77102 26.4173 0 14.4761 7.00544 25.5906 0 15.6291 9.7164 23.3046 0 18.0657 6.70672 23.5791 0 17.7929 9.89286 26.2307 0 20.21 6.2238 26.7261 0 20.1812 10.3309 23.0876 0 22.6692 6.56019 23.8104 0 22.8697 9.04235 26.2873 0 26.0521 6.69819 25.9066 0 25.8338 9.74146 23.2487 0 29.0624 7.18745 23.6981 0 29.0116 9.56788 26.104 0 31.5057 6.90552 26.6347 0 31.5005 10.5728 23.4163 0 34.1014 7.20974 23.0682 0 34.1321 9.3717 26.1693 0 36.9729 6.74406 25.8809 0 36.9235 9.83032 23.508 0 1.3508 12.1761 23.3768 0 1.15987 15.6892 26.3471 0 4.19636 12.2081 26.1119 0 3.65893 14.7889 23.2615 0 6.79939 12.6898 23.1284 0 6.73902 14.7025 26.5076 0 9.67966 11.8955 26.3702 0 9.66073 14.5854 23.6232 0 12.6792 12.1825 23.5161 0 12.1202 14.7954 26.0538 0 15.2005 12.3874 26.5194 0 14.8083 15.0584 23.3607 0 17.4492 12.5965 23.659 0 17.9472 15.066 26.1754 0 20.6933 12.5572 25.8873 0 20.6189 15.3274 22.9972 0 23.1905 12.4373 23.3094 0 23.6268 14.7391 25.9852 0 25.572 11.8294 25.9368 0 25.7276 15.2664 23.2306 0 28.4503 12.5249 23.2955 0 28.8689 14.9202 26.1616 0 31.882 12.5843 26.3276 0 31.7295 15.174 23.2667 0 34.3685 12.6721 23.3678 0 33.9125 15.5457 26.1151 0 36.87 12.6483 26.3179 0 36.8416 15.0091 23.5399 0 0.83361 17.4819 23.0554 0 1.85915 20.3711 26.3995 0 3.96886 17.4355 25.9618 0 3.83729 20.2829 23.3286 0 6.67109 17.1956 23.452 0 6.73598 20.3123 25.7349 0 9.28316 17.3616 26.2816 0 9.32698 20.242 23.0265 0 12.1086 17.6632 23.3355 0 12.1125 20.3417 25.8045 0 14.781 17.3781 25.9801 0 15.0014 20.3642 23.7344 0 17.9843 17.9433 23.5821 0 18.2406 20.7988 26.0016 0 20.5815 17.869 25.8027 0 20.7522 20.6516 23.0839 0 23.0389 18.022 23.2455 0 23.529 20.5352 25.9427 0 26.0255 17.7693 26.1196 0 25.9583 20.7376 23.2845 0 28.5871 17.5738 22.8652 0 28.4906 20.4619 25.9305 0 31.29 18.3296 26.216 0 31.0953 20.0521 23.1709 0 34.2066 18.325 23.0415 0 33.85 20.5397 25.8316 0 37.0089 18.0152 26.3461 0 37.0512 20.7891 23.5688 0 1.58794 23.2912 23.0012 0 0.797872 25.6919 25.9103 0 4.31511 23.39 26.1311 0 4.11374 26.0352 23.6823 
0 6.08469 22.9427 23.0762 0 6.80188 25.8396 26.1353 0 8.94834 23.1881 25.6312 0 9.15929 25.5556 23.0586 0 12.1025 23.2526 23.4225 0 12.0977 26.2614 25.7103 0 15.4791 23.222 25.9904 0 15.0527 26.1098 23.2978 0 17.9255 23.4281 23.6151 0 18.2115 25.8833 26.3412 0 20.919 23.3748 25.7836 0 20.9169 26.0021 23.4441 0 23.3243 23.5946 23.201 0 23.6597 26.1786 25.8919 0 26.6146 23.8794 25.3525 0 25.7235 26.2671 22.7678 0 28.9901 23.067 22.9138 0 28.8446 26.4224 25.6937 0 31.2135 23.4094 25.8453 0 31.268 26.0873 23.0749 0 33.9588 23.3009 23.4988 0 33.974 25.946 25.8144 0 36.5517 23.3448 26.1669 0 37.3546 25.4152 22.8445 0 0.814675 28.2137 23.2602 0 1.26802 31.2687 26.7464 0 3.11149 28.2881 26.1798 0 3.79127 31.3426 23.5021 0 6.87462 28.5083 23.167 0 6.9596 30.9338 26.0197 0 9.53163 28.6219 26.0397 0 9.34339 31.5464 23.0555 0 12.0576 28.506 23.1619 0 12.3559 31.6074 25.9607 0 15.0713 28.5349 26.2986 0 15.2052 31.8803 23.5984 0 17.4583 28.8359 23.3524 0 17.8033 31.6893 25.6219 0 20.7041 28.8244 25.9921 0 20.7323 31.3918 23.0225 0 22.8452 28.8021 22.7482 0 23.4593 31.5366 25.7329 0 25.8375 28.9604 25.3345 0 25.6267 31.5911 23.076 0 28.9377 28.7539 22.7326 0 28.8886 31.4107 25.4127 0 31.8837 28.7428 25.3495 0 31.3853 31.6899 22.7021 0 34.533 28.4189 23.2042 0 34.0029 32.0498 25.829 0 36.8962 28.4546 26.0449 0 37.3356 31.2433 23.844 0 0.833504 34.4003 22.8651 0 0.772341 37.1826 25.9114 0 3.75919 33.9019 25.8415 0 3.82173 36.9154 23.1449 0 6.85379 34.0027 23.777 0 6.85222 36.7846 25.9467 0 9.77791 33.8703 26.0346 0 9.05916 37.061 23.253 0 12.4961 34.292 23.2608 0 11.764 36.9288 25.545 0 15.108 34.5392 26.0982 0 14.7267 37.0475 23.2198 0 17.8377 34.5246 23.1551 0 17.7305 36.8069 26.3784 0 20.575 34.07 25.9765 0 20.5512 37.2049 23.6278 0 23.2153 34.9592 23.5805 0 23.2175 36.9818 26.3871 0 26.2098 34.4782 25.9133 0 26.0567 37.2982 23.6511 0 28.6156 34.31 23.192 0 28.7121 37.1191 26.365 0 31.6313 34.5069 25.6802 0 31.9283 37.1487 22.7133 0 34.323 33.7213 22.7735 0 34.1461 37.0301 25.7801 0 36.9855 34.3299 26.0709 0 36.9136 37.6723 23.2273 0 1.32987 1.09759 28.7142 0 1.73475 3.70841 31.3088 0 4.35547 1.20452 31.4332 0 4.62774 3.51345 28.7466 0 7.14907 1.09166 28.1447 0 6.6976 3.72849 31.665 0 9.14424 0.633067 31.3927 0 9.20085 3.70857 28.6005 0 11.849 1.43503 28.1166 0 12.6691 3.7677 31.1887 0 15.0164 1.29472 31.4992 0 15.0314 3.67722 28.6404 0 17.7875 1.07452 28.675 0 17.4317 3.86904 31.7467 0 20.4805 1.16291 31.6415 0 20.6349 3.8671 28.9748 0 23.1882 0.888393 28.8762 0 23.7679 3.88788 31.2659 0 26.1603 1.28428 31.7961 0 26.1412 3.86597 28.8409 
0 28.8694 1.38432 28.8128 0 28.9503 4.08573 31.9793 0 31.5834 1.05799 31.9059 0 31.5715 4.14332 29.0289 0 34.2369 1.1573 28.5159 0 34.3593 3.94112 31.9368 0 37.265 1.39745 31.364 0 37.0582 4.3775 29.2862 0 1.7433 6.6523 28.4883 0 1.23314 9.89642 31.3701 0 4.1608 6.48552 31.3058 0 3.79309 9.64172 28.978 0 6.56274 6.76739 28.7063 0 6.46981 9.05235 31.5476 0 9.36091 6.51903 31.6289 0 9.25996 9.2621 29.2715 0 11.7154 6.57177 28.991 0 12.2697 9.64271 31.8924 0 14.8681 6.88085 31.7288 0 15.1739 9.52905 29.0673 0 17.3671 6.38513 28.8472 0 17.6464 9.60191 31.6219 0 20.223 6.96723 31.3557 0 20.1945 9.34626 28.935 0 23.2628 6.75054 29.1176 0 23.3448 9.67237 31.7425 0 26.2074 6.67048 31.7336 0 26.5091 9.22397 29.2147 0 29.0041 6.94503 28.9811 0 28.8972 9.81366 31.7058 0 31.9779 7.05075 31.3907 0 31.8076 10.0001 29.0441 0 34.5397 7.00762 28.843 0 34.51 9.54153 31.5209 0 37.5743 6.97236 31.4355 0 37.2168 9.91742 28.6603 0 0.985572 13.0447 28.7035 0 1.75462 14.9544 31.8015 0 3.90702 12.3426 31.85 0 4.12885 14.7445 28.7914 0 6.68363 12.2041 29.4364 0 7.03088 15.059 31.5057 0 9.49569 11.8442 31.9054 0 9.56019 14.8564 28.6724 0 12.4096 12.3017 29.3124 0 12.182 15.0452 31.6437 0 14.9096 12.2013 31.4079 0 14.6315 15.2354 28.7109 0 18.3093 12.4193 28.8383 0 17.2818 15.5999 31.177 0 20.7596 12.314 31.3362 0 20.6176 15.2519 28.6437 0 23.6145 12.7811 28.9867 0 22.9021 15.4787 31.6756 0 26.3738 12.6324 31.161 0 26.1651 15.2422 28.5939 0 29.1095 12.2037 28.8567 0 28.4909 15.6681 31.14 0 31.8774 12.152 31.9873 0 31.7598 15.0833 29.2971 0 34.3822 12.8421 28.8776 0 34.3098 15.375 31.6192 0 36.9198 12.5883 31.5405 0 36.9322 15.5617 28.9685 0 1.05125 17.8325 29.1744 0 0.923953 20.399 31.6286 0 4.61878 17.3468 31.3465 0 3.98966 20.9124 29.3221 0 6.57185 18.0991 28.5236 0 6.86414 20.4899 31.4041 0 9.64083 17.6319 31.5054 0 9.40383 20.2912 28.642 0 12.273 17.991 28.5632 0 12.3261 20.7428 31.2708 0 14.8329 18.0367 31.3866 0 14.7565 20.6515 28.542 0 18.0667 17.7388 28.2659 0 17.7933 20.9422 31.3103 0 20.1627 17.7401 31.2312 0 21.0258 21.1137 28.7707 0 23.5552 18.0785 28.6405 0 23.8837 20.5752 31.5025 0 25.8097 17.8556 31.5108 0 26.1088 20.7533 28.9706 0 28.8215 18.1605 28.7159 0 28.5298 20.1282 31.7542 0 31.4869 17.9097 31.7692 0 31.3422 20.8656 28.9095 0 33.6314 18.2322 28.6637 0 33.9636 20.5574 31.5067 0 36.8299 18.2721 31.692 0 36.6649 20.7482 28.6457 0 0.999433 23.1619 28.7326 0 1.38677 25.3246 31.53 0 4.10002 23.2217 32.4021 0 4.11933 25.0018 29.0961 0 6.90944 22.7449 28.5638 0 6.59838 25.7914 31.5073 0 9.09554 23.297 31.3232 0 9.38589 25.5199 28.5368 
0 12.2526 23.1573 27.9586 0 12.138 25.9191 30.9422 0 14.7875 23.2631 31.2973 0 15.0538 25.7518 28.6222 0 18.7189 23.6967 28.8355 0 18.0425 26.2505 31.3506 0 21.2268 23.0928 31.7294 0 21.2296 26.2069 28.5351 0 24.1032 23.5928 28.4274 0 23.629 25.8936 31.4218 0 26.5407 23.4623 31.3356 0 25.9688 26.4553 28.2566 0 28.6996 23.7327 28.2592 0 29.0442 26.0413 31.3606 0 30.8593 23.0043 32.0033 0 31.4209 26.3707 28.7764 0 34.0452 23.8811 28.9788 0 34.3383 25.4749 31.8035 0 36.7213 23.1161 31.5572 0 36.7333 25.7973 29.0176 0 1.08581 27.8673 29.1967 0 1.65779 31.1123 30.8238 0 4.03565 28.4767 31.4026 0 4.36572 31.4592 28.3598 0 6.39144 28.1221 28.5328 0 6.67408 31.094 31.5789 0 9.33399 28.5 31.3678 0 9.74712 31.2451 28.6983 0 12.3257 28.564 28.7147 0 12.2982 31.5825 31.5068 0 15.2252 28.8688 31.1017 0 14.8717 31.519 28.3983 0 18.2097 28.8352 28.8402 0 17.8925 31.6393 31.5708 0 21.3438 28.6074 31.603 0 21.0967 31.3367 28.662 0 23.3981 28.8888 28.367 0 23.7289 31.1496 31.529 0 26.5187 28.3998 30.9708 0 26.2686 31.4201 28.1252 0 29.346 29.1526 28.1258 0 29.0687 31.2521 30.8748 0 31.555 28.8412 31.3373 0 31.7447 31.8848 28.5789 0 34.0759 28.9361 28.5644 0 34.2274 31.1869 31.2519 0 36.7607 28.5138 31.2485 0 36.9239 31.3093 28.8186 0 1.40104 34.0165 28.6047 0 1.43588 36.8262 31.1287 0 4.30239 33.694 31.0355 0 4.25243 36.9158 28.609 0 7.10835 33.7395 28.7745 0 6.86775 36.3933 31.1652 0 9.32281 33.9585 31.7357 0 9.45904 36.7155 28.7063 0 12.1199 34.2138 28.9731 0 12.125 37.1038 31.1525 0 15.442 33.7479 31.5587 0 15.1973 36.8433 28.9476 0 18.0062 33.5219 28.6151 0 17.9472 36.3196 31.5764 0 20.6513 33.8055 31.4022 0 20.4535 36.5577 28.9289 0 23.7817 34.1322 28.4623 0 23.3069 36.611 31.642 0 26.5444 33.9692 31.2547 0 25.9451 37.1741 29.1665 0 28.8739 34.2093 28.6442 0 28.7277 36.6956 31.6016 0 31.5211 34.2266 31.3517 0 31.3785 36.6934 29.0887 0 34.5022 34.3712 28.3705 0 34.4191 37.1847 31.761 0 36.7028 33.7025 31.3234 0 37.101 36.9023 28.9067 0 1.06233 0.93364 34.39 0 1.30768 3.96447 36.6599 0 3.82361 0.944191 36.9207 0 4.18363 3.75179 34.6958 0 6.91917 1.09673 34.6461 0 6.83754 3.7135 36.9925 0 9.47455 1.10687 36.9049 0 10.2705 3.75338 34.0166 0 12.7776 0.973313 34.1225 0 12.1129 3.31988 37.0952 0 14.8915 0.487143 37.1066 0 15.2824 3.79871 34.877 0 17.6713 0.894801 34.5313 0 18.1374 4.12182 36.6778 0 20.7612 0.73051 36.8208 0 20.4765 3.39386 34.0999 0 23.9009 0.88705 34.2666 0 23.2735 3.74513 37.0597 0 25.8246 0.941017 37.076 0 26.289 3.74959 34.2164 0 28.5523 1.20634 34.637 0 28.3939 4.11477 37.1115 0 32.0215 1.05567 36.9071 0 31.2423 3.89309 34.1503 
0 34.2205 1.12916 34.3263 0 34.8647 4.05797 36.924 0 37.1065 0.989504 37.0156 0 37.4227 3.70754 33.9548 0 1.42222 6.83449 34.0274 0 1.68718 9.29798 37.1458 0 3.8732 6.65357 37.0067 0 4.05278 9.36126 34.1208 0 6.99635 6.49929 34.216 0 6.72077 9.28845 37.1529 0 9.65497 6.05718 37.0659 0 9.45968 9.29068 34.9806 0 12.2369 6.72402 33.9355 0 12.5492 9.50762 37.3767 0 15.1785 6.45177 37.6014 0 15.035 9.8706 34.5409 0 17.2688 6.8574 34.4418 0 17.2726 9.26694 37.0801 0 20.5817 6.58448 36.618 0 20.0671 10.2025 34.1811 0 23.1978 6.60556 33.62 0 22.464 9.91115 36.6007 0 25.6271 6.79479 36.3407 0 26.5218 9.90308 34.0253 0 29.0303 6.82792 34.2442 0 28.7681 9.71275 36.7228 0 32.1678 6.44588 36.8283 0 31.7998 9.14675 34.3468 0 34.9299 6.64692 34.3562 0 34.3326 9.57948 37.0933 0 37.3963 6.73047 36.7933 0 37.3432 9.55942 34.4939 0 1.43606 12.3462 34.3608 0 1.52505 15.2445 37.2535 0 4.28746 11.8289 36.764 0 4.16525 15.3111 34.6449 0 6.84338 12.3537 34.245 0 6.91332 14.229 37.0642 0 9.63044 12.1633 37.0936 0 9.37501 14.716 34.1251 0 12.2726 12.3253 34.29 0 12.2783 15.7042 36.9205 0 15.0147 12.5791 37.218 0 15.1222 15.2081 34.187 0 17.6434 12.5148 33.6775 0 17.461 15.3373 37.1508 0 19.9725 12.9353 36.938 0 20.0883 15.4403 34.5261 0 22.9341 12.7154 34.0172 0 23.2477 15.2141 36.753 0 25.7686 12.2228 36.532 0 25.6988 15.0192 33.9508 0 28.6979 12.5208 34.4541 0 29.1216 14.9797 37.5116 0 31.6421 12.4549 36.8856 0 31.3903 15.0129 34.0825 0 34.8809 12.6366 34.3752 0 34.1877 15.0042 36.6661 0 37.0856 11.8455 37.193 0 37.4288 15.4591 34.2221 0 1.27999 18.1744 34.2924 0 1.19493 20.7261 37.2756 0 4.49075 17.8684 37.6383 0 4.03097 20.4378 34.6419 0 6.98642 17.7444 34.7227 0 6.94721 20.5215 36.8283 0 9.82561 17.9873 36.8837 0 9.65934 20.5047 33.7625 0 12.3541 18.0197 34.3359 0 11.8528 20.9668 36.3949 0 14.631 18.2263 37.1555 0 14.9671 20.3751 34.2168 0 17.5783 17.8598 34.5992 0 17.7124 20.6973 37.0687 0 20.6911 18.0019 37.0883 0 19.8855 20.6183 34.2568 0 22.8958 18.3298 34.2496 0 22.8875 20.6896 37.0848 0 25.9568 17.5502 37.1601 0 25.7624 20.673 34.496 0 28.5633 17.706 34.357 0 28.9953 20.0355 37.5122 0 31.5705 17.3377 36.9871 0 31.4532 20.4701 34.7361 0 34.359 18.0894 34.4589 0 33.9917 20.3897 37.1903 0 36.9542 17.9892 37.3072 0 36.7449 20.8006 34.4403 0 1.28648 22.8932 34.2819 0 1.6333 25.6438 37.1731 0 4.30894 23.2086 37.2965 0 4.21018 26.25 34.428 0 7.12831 23.3989 34.601 0 7.1789 26.3356 36.9097 0 9.62843 23.6087 36.978 0 9.73934 25.9295 33.8212 0 12.0897 23.5149 33.7797 0 12.7313 26.2738 36.4904 0 14.3781 23.2953 37.0389 0 15.1534 25.6417 33.835 
0 18.0651 23.4672 34.0138 0 17.5982 26.0438 36.8921 0 20.0688 23.3673 36.8894 0 20.9901 26.0098 34.1979 0 23.9358 23.5704 34.4378 0 23.5141 26.2355 36.901 0 25.5895 23.2875 37.2902 0 26.6813 26.3182 34.2763 0 28.3554 23.034 34.5133 0 29.053 26.0886 37.1531 0 31.291 23.0391 37.328 0 31.3728 25.5189 34.6185 0 33.9733 23.1273 34.8828 0 34.4055 26.1121 37.6438 0 37.1384 23.5999 37.0053 0 37.3257 25.8301 33.9257 0 1.42959 28.366 34.048 0 1.19909 30.9396 36.5918 0 4.20068 28.6371 36.8494 0 4.17755 31.1995 34.1595 0 7.16101 28.7769 34.296 0 7.0298 31.4625 37.121 0 9.77838 28.5217 36.4619 0 9.52682 31.334 34.2569 0 12.416 28.2734 33.5119 0 12.3067 31.4217 37.0669 0 14.8921 29.0503 37.1249 0 14.8403 31.4584 34.0669 0 17.4349 28.6634 34.097 0 17.8939 31.1801 37.071 0 20.3667 28.4634 36.9474 0 20.5286 31.1776 34.6471 0 23.9917 28.6309 34.1264 0 23.5234 31.4603 36.8674 0 26.5034 29.0707 37.2273 0 26.8815 31.2866 33.4678 0 29.3665 28.7689 33.9322 0 29.395 31.1522 36.9593 0 31.9964 28.5527 37.5202 0 31.4415 31.7413 33.9107 0 34.1337 28.4103 34.4851 0 33.9058 31.2331 37.0322 0 37.3428 27.7779 36.6509 0 36.8318 30.733 33.9695 0 1.379 33.8778 33.3375 0 1.26764 36.5954 37.3061 0 3.89321 33.8304 36.9339 0 3.83433 36.1145 33.7453 0 6.80222 33.9314 34.4881 0 6.5835 36.7063 36.7783 0 9.5313 33.9559 36.8811 0 9.32243 36.6534 34.0733 0 12.2146 34.3684 33.8492 0 12.0269 36.5299 36.8839 0 15.2891 33.9738 36.9205 0 15.3699 36.7641 33.9672 0 17.7918 33.7237 34.4534 0 17.9608 36.4839 36.9889 0 20.4408 33.7756 36.9605 0 20.4652 36.3198 34.5608 0 23.7509 34.0183 34.3284 0 23.5217 36.7346 36.9334 0 26.2108 33.6784 37.2272 0 26.0394 36.6865 33.9238 0 29.0062 33.9931 34.6363 0 28.9911 36.9088 36.9982 0 31.7021 33.9208 36.8716 0 31.6685 36.943 34.5945 0 34.3409 33.8289 34.4186 0 34.4561 36.242 37.3467 0 37.3119 33.9969 36.7821 0 37.4387 36.6592 34.3156 
0.695611 0.679271 -2.29085 -0.321452 -2.45035 3.48274 -2.44717 -0.328744 0.445948 -0.333454 0.0427421 0.0877434 0.632111 1.35235 1.27827 1.01713 -0.267408 -2.0822 -0.548568 2.03172 2.1707 -0.43866 2.61775 0.638814 0.988655 -0.792532 0.403429 -0.746532 -0.0809344 -0.815121 -0.601738 1.03957 -0.278171 1.24265 0.166975 -1.23246 -2.60222 -0.989063 -2.14196 -0.388476 -0.744788 1.06668 0.778988 0.983287 -1.92337 0.817767 -0.618776 0.605176 1.40629 0.71654 0.834138 -0.611573 0.600927 0.708342 -1.15407 2.84796 -0.477082 2.58224 -1.21243 -0.911282 -0.150416 -0.188609 -1.87694 -0.240836 0.563518 -1.52382 1.77139 0.680232 0.643146 1.16803 -0.376452 0.933796 -0.827768 -0.842613 -0.109791 0.475817 -0.408988 -1.7275 1.94479 -0.683007 -0.83009 2.29874 -1.39554 -0.297831 -0.698536 -0.0566371 -0.00261578 -2.81701 2.67862 1.35179 -0.588491 -0.158395 0.952358 0.635282 2.12108 -0.945036 -0.541095 0.161191 -0.960348 0.210537 1.31384 1.14893 -0.224009 0.0855882 2.79688 -0.984413 1.07147 -0.120842 -1.04918 1.19615 -0.0948118 2.46661 -0.666091 -0.297148 0.0706035 -0.991068 -1.03814 1.19001 1.07343 0.606275 0.474469 1.7327 0.649336 -0.892981 1.03712 0.0746138 0.055859 -2.00667 1.15759 1.46268 -0.182392 -0.603153 -1.34794 -0.452417 -1.76793 1.17569 -0.195126 -1.00766 2.36919 -0.797245 -0.178718 -0.475681 1.11267 -0.0678022 -0.545925 0.539434 -2.08801 -0.392709 -0.660926 1.6726 0.167474 1.78935 2.55514 0.46254 -0.174593 -1.39512 -2.64782 -0.991496 -0.0351898 -0.154035 2.37165 -0.259303 0.0523797 1.06397 1.65041 0.389356 -0.192819 -1.00092 -0.0221878 -3.74611 -0.435803 -1.25692 -1.41864 -0.146452 -0.499041 -0.0287645 1.24348 0.536259 -1.23108 2.00694 -1.65491 0.782348 -0.0676594 -0.124237 -0.991781 1.69638 0.951052 2.04447 0.125374 0.603532 -0.255944 -0.623403 -0.0349704 -1.1307 0.258042 -0.423086 2.13369 1.17146 0.80972 -0.0751501 -0.549532 2.32002 -0.993429 -0.340964 -0.137845 0.6227 1.98132 -1.60381 0.822834 0.163118 -0.0618778 0.0201019 -1.51131 -1.90469 0.658901 -1.90782 0.517429 -0.335376 -1.69428 -1.02853 -0.306422 -1.94548 -0.271476 1.36003 -1.32509 2.43365 1.35828 1.42027 -2.44809 -1.05561 -0.5358 0.108291 1.36223 1.26331 1.78146 -1.33388 0.383833 -0.00540737 0.125808 -0.923165 0.620676 1.22162 3.28011 -3.37988 -0.909221 -0.745994 0.0929257 1.19033 -0.294255 1.19033 0.477258 -0.17064 -0.851489 -0.958085 0.391858 0.634798 -1.03115 1.01757 1.49247 -0.078615 -1.68757 1.04185 -1.27679 0.0201212 0.179519 -0.859376 -0.244769 1.66914 1.41461 -0.211275 -1.78319 1.14126 0.660968 1.37861 0.877684 -1.61056 0.523412 1.37653 -0.857116 -2.23263 0.922801 -0.361925 -3.35923 0.0397868 2.5316 -0.0331328 -1.06461 -0.768616 -0.228823 -0.910958 2.34304 0.848241 -1.12426 -1.34744 -0.803201 -0.136793 0.702975 -0.217574 -0.979499 3.0019 
1.47176 -0.762016 4.06272 -2.06216 1.26804 -0.571788 0.432005 1.54039 1.85721 -0.962553 -0.443353 -0.587852 1.58595 0.650129 1.41529 1.97074 0.415618 0.602173 2.18444 0.2088 -0.275505 1.20527 -0.818833 -2.43209 1.85646 1.18571 -0.0141833 -0.610432 -0.355349 0.625784 0.100569 -2.10859 2.30995 0.698142 0.194751 0.288956 -2.21116 0.154867 1.91351 -0.192697 1.12702 0.692386 -1.32356 -0.372598 0.386061 0.258983 -1.16964 0.452568 1.02175 -0.173132 -0.0963635 0.445624 0.137826 1.09036 -1.52944 0.623621 2.70239 0.332492 -0.976996 -1.19964 0.32116 0.542294 -0.30952 1.67836 1.03925 -1.70375 1.12075 1.75509 -2.2736 2.92053 -0.603141 0.271557 -0.699948 0.875762 -2.00133 2.25269 0.0461567 0.682051 0.233942 0.788817 0.407498 -1.725 1.66937 -1.19735 -2.17047 -1.15334 0.0602897 0.778103 -1.08313 -0.152926 -0.860119 0.141746 1.31499 1.47424 -0.678275 -1.4427 -0.830296 -1.51146 -2.31165 2.1504 -1.00653 1.61906 -0.234136 1.14854 -3.52844 0.094548 1.10565 -3.53232 1.96449 -1.67154 1.39121 -0.715944 -0.925217 -0.704093 -1.02128 -0.0274282 -0.51872 0.0964737 -1.2044 -0.584735 1.88533 -2.44859 -1.32694 0.314171 -1.02293 -0.417403 0.94678 1.04667 1.04208 -0.768857 -1.72248 1.05884 -0.426327 0.844053 -1.44054 -1.01076 -0.659995 0.957845 1.64051 -0.198798 -0.25156 -1.14369 -0.608853 0.246571 0.749174 2.37433 1.74924 0.773402 0.290444 -1.35315 3.16785 -0.576974 -0.600756 0.472208 0.631648 0.466186 1.22525 -0.118794 -0.398952 0.492192 -0.186258 1.62289 1.9164 0.415014 2.6635 1.38355 0.768812 -1.35949 -1.22619 0.011217 -1.22448 1.95733 -1.95804 -2.45319 2.07155 -0.920264 0.933711 0.675762 2.22076 0.80717 -1.34878 1.13494 -2.0324 0.0733448 -0.644574 -1.20146 0.95971 0.759653 2.75159 -2.98651 -0.196817 -1.24878 1.13683 -0.151531 0.648977 -1.03218 -0.0671404 -1.31924 0.22117 -0.781412 -0.420274 -0.281296 -1.17761 -1.74132 -0.895245 2.38977 0.11658 -0.428388 -0.573178 -1.92667 1.1014 1.14972 -0.78409 0.579418 1.48181 0.518221 -1.7107 -1.025 -1.31227 -0.753301 -1.02301 0.407982 -1.79544 0.0473348 -0.734421 0.85527 -0.176098 2.42713 1.23297 0.0352008 -1.71082 -1.83735 -0.147521 -0.255166 -0.271437 -1.14851 0.802964 -3.25593 -1.74996 -0.945198 0.371073 1.064 -1.00197 -1.46817 -0.827631 -0.754173 -2.3976 -1.84174 -2.59651 0.0989969 -1.0425 -2.01743 -1.27861 0.137667 0.114306 -0.100451 -1.09289 -1.47795 -2.67676 0.0185133 0.11241 -0.232116 3.79035 -2.12617 0.236627 0.0325286 2.1982 -1.59805 0.204843 1.95611 -1.00346 -1.768 0.0162603 0.500441 2.8377 -1.33531 -0.646605 -1.45464 -1.02249 -1.87493 0.544211 -0.330834 -1.09068 1.06817 2.19325 0.182965 1.98911 0.944282 -2.32573 2.02366 0.812683 0.866525 1.87115 2.66898 -1.79661 -1.65186 1.36307 -0.395078 1.24482 -0.974585 
0.184466 -2.04908 -1.07801 -1.22863 -1.35807 -2.19158 2.63159 -2.32859 2.69762 -0.30567 0.670399 0.525963 0.680697 1.67795 -2.08702 0.95387 1.83737 -1.21509 -0.207355 0.862049 0.199891 -1.35214 1.05819 -0.219085 -0.288775 0.101086 -0.826961 1.1797 -1.50958 -1.22081 -1.5522 1.59373 1.43231 -2.15731 0.491245 0.224899 0.173768 0.920181 0.155379 -0.747421 -0.239527 -0.202472 0.347703 0.444809 0.51445 1.28607 -2.60281 2.44005 -0.726526 0.786396 1.67429 1.20685 0.688868 -0.819183 -0.655009 1.3962 -0.227922 0.260201 0.140211 -0.900133 -0.643604 -2.65497 -1.29157 -1.27167 -0.516837 -0.557648 1.81924 1.11048 1.19576 -0.151654 -2.44868 0.329379 0.864823 -1.62396 -2.20957 0.0178939 -0.646062 1.40967 1.17062 0.796222 3.85437 0.576447 0.896251 -0.627952 1.46074 0.809306 -0.932254 -0.874766 0.440397 -0.772788 0.075484 -2.25869 0.726226 -0.416881 0.979584 -1.49743 2.18366 0.662811 0.268728 -0.665804 -2.4564 0.820725 -0.19931 2.34162 -0.202705 -1.51991 -0.729778 -0.996872 -1.62027 1.65124 0.854391 -0.893022 -1.5168 -1.03987 1.14254 0.57782 0.84692 0.980808 -2.61644 -0.864326 -0.250783 0.633867 -0.475063 -0.0351313 -1.44497 0.30364 -0.158086 1.19217 0.511397 1.09102 0.269421 -0.90744 0.810083 0.4214 -1.23861 -1.29427 1.89805 1.26698 -0.531864 1.23481 -0.115533 1.98054 0.644423 1.21365 -0.754234 -1.53917 0.44873 -3.83433 1.0706 -2.51267 -0.994263 -0.474948 -0.154925 0.749517 -0.0403036 -0.824884 0.689565 0.11069 -0.395637 -1.10292 -2.24852 -1.42221 -0.26272 -1.6869 -0.699443 -1.44498 1.75052 -1.89111 0.617038 -2.36194 -0.175391 -1.86291 1.0882 2.0759 1.90012 -0.40543 -0.25903 0.224292 1.78593 -1.35577 0.0122814 -0.798427 0.284131 0.860114 0.652256 0.664446 -2.16953 -0.174914 0.237176 -0.236494 -0.196064 1.10417 1.37862 -2.2725 2.11205 -0.119375 0.449075 0.766752 -0.507632 -1.63125 -0.431773 0.130906 -0.858786 0.501827 0.328741 0.0632642 0.0215762 -2.89575 0.629478 0.552286 1.9292 0.33243 -1.48578 -1.10239 2.90166 0.0823201 2.55801 -1.29257 -1.34084 -0.851853 -2.6846 2.07405 -2.67316 -1.56151 -1.63922 -2.57963 1.53788 -0.311417 -0.416374 -1.61716 -0.332996 -1.33739 -0.822304 -3.7817 -0.427109 -0.627275 -0.695756 2.45347 -2.05112 -1.04338 -0.888309 0.539687 -0.264062 1.25013 -0.29139 -0.0743962 -0.212888 -2.19524 0.835524 -2.04987 -2.13378 -0.125839 -1.3236 -3.17842 -0.941758 0.770861 0.999535 1.53944 -0.376197 0.570574 -2.46561 -1.3835 0.23212 -0.118358 -1.92067 1.95128 -2.26058 0.65184 0.488829 -1.54249 -1.64925 -1.55772 1.63105 -1.36953 -0.231608 -0.506655 0.195591 0.393104 1.07676 -1.12425 0.109077 -0.215177 -0.518999 -2.53779 0.783122 -1.88711 0.517508 -1.65942 -0.523811 0.234877 -1.32592 1.94528 0.0835748 -2.51378 1.32119 -1.17395 -0.934801 0.462207 -0.599583 0.285805 
0.870137 -1.71516 0.0661387 0.887582 -0.0131798 0.251506 -0.549961 -1.02809 0.785405 -1.11215 -0.863756 -0.960461 -0.747064 -2.56796 -0.817714 1.9669 0.524999 -0.124535 2.2926 -0.448558 0.879438 -0.898625 -0.273709 -0.734727 0.885978 1.98587 -1.45243 0.42389 -1.27757 -0.481362 1.17358 1.39639 1.35577 -0.563564 2.28573 -0.697529 0.679119 0.601159 0.303576 1.42279 1.87537 -1.24719 1.2336 -0.144274 -0.692336 2.32271 2.88347 0.94511 2.23533 -1.32846 -3.92599 -1.14035 -0.273549 -0.493926 -0.706375 -1.35888 0.63638 -0.961369 -0.0404455 -0.624308 0.176585 -1.4441 -2.59339 -0.892877 -1.00199 -0.134193 -1.02278 -0.13934 0.721045 0.368208 -1.17024 0.128033 -1.5915 -2.65939 -0.842747 1.00445 -1.38195 0.687849 -1.04753 -0.616904 0.0349563 -0.415678 -0.195578 -1.04244 1.23434 -0.566087 0.578875 -0.929777 -1.26637 0.802002 0.296488 -0.900765 0.864523 1.50337 1.61207 -2.73489 1.40135 0.97425 -1.35135 -0.573312 -3.75205 1.00099 1.20005 0.112775 0.697294 2.07012 1.21005 2.96107 -1.11403 1.03324 0.715244 -0.263798 -1.33345 1.46091 0.907926 0.998809 -0.0571018 1.11603 0.482664 1.34919 -0.983817 -2.1113 0.0612416 0.496964 -1.28986 -2.65033 0.0641028 -0.229515 1.2547 0.0491474 0.380941 1.1584 -1.22896 1.09101 0.324234 -2.2825 0.224579 0.21458 -1.29686 -0.417416 1.4913 1.41418 0.623291 -2.37956 0.846286 0.0496699 0.950075 0.207331 -1.05231 0.473881 1.56847 -0.59643 1.77804 0.0577756 0.975565 -3.37329 -3.05833 0.248487 1.22814 -0.110037 3.48398 -2.41143 -1.90202 -1.24639 0.488711 0.679972 -1.11925 0.0469423 1.86308 1.18667 -3.18415 0.613595 -1.13042 -2.00411 2.38163 0.149572 0.19939 0.95651 0.191339 -0.234854 0.817695 0.572462 1.21253 -0.824845 -1.76872 -0.124904 1.04559 -0.778778 3.29042 -1.15045 -0.961486 -0.660252 1.46856 -1.60167 0.825627 -0.335949 -0.0729523 -1.58842 1.98156 0.250634 -0.000956077 1.29291 -0.369628 -0.684222 0.811976 -0.927122 -0.522264 0.0527348 1.25014 -0.862422 1.02533 0.509182 0.950843 -1.21146 0.358715 0.378575 0.821616 -2.42152 0.500231 -0.121883 0.0747059 -0.552985 0.155327 -0.841234 -0.231444 -1.52028 -0.973704 -1.70142 -0.83622 0.104841 -0.267032 -2.4507 0.457684 0.891129 0.406439 1.81881 2.31659 3.04736 -1.45245 2.53099 -0.272767 1.47735 0.62892 0.138497 -0.645807 -2.13701 -0.0942197 -0.0165167 1.98543 1.53477 1.20338 -1.10285 -0.614461 -1.83515 1.0319 0.880524 0.74794 -0.0900214 -1.62702 -1.9325 -1.04358 -0.99272 2.04439 1.68803 -0.954926 -0.330666 0.634817 1.48113 0.780849 -1.01939 -3.27876 -1.56802 -0.634216 1.16344 -1.59299 0.684823 1.14631 4.43784 -2.09532 -0.592476 -1.10799 -0.464454 0.504026 1.89136 -0.854086 2.59992 -1.12251 -0.128797 -0.470402 0.819221 0.726389 0.721443 -1.87664 0.612242 0.436041 1.27828 -0.45566 0.612983 1.75888 -2.69531 
1.76247 1.225 3.48573 2.15994 0.273029 0.375023 1.35054 -2.09336 0.123072 -0.578858 -0.289554 -0.596927 0.982172 0.342818 -0.0716164 -1.27837 3.99978 -1.83759 0.642448 -0.101573 1.32345 1.45103 1.24019 0.90786 0.507846 -0.309063 1.33076 -1.71111 0.65051 0.246987 1.04423 -1.39015 -0.143738 -1.5305 0.319996 1.60656 1.41959 0.061473 -0.0867561 1.39112 0.44012 0.386738 0.714621 -2.6667 1.83819 3.51919 0.719761 -1.07594 -0.074872 -2.7377 0.0661697 1.4719 4.20267 0.107348 2.02123 -1.45796 -0.0130981 1.85305 0.605662 0.12867 -0.0485459 1.36951 -0.048665 0.380129 -0.0313902 0.624316 -2.49823 -0.884897 -0.797302 -1.75877 -1.01164 0.954092 -1.01504 0.518713 1.90492 0.312034 0.699793 0.516057 1.4459 0.843447 1.95596 0.714575 0.335641 -0.150729 0.0775508 0.745068 0.781778 0.378957 1.99824 -0.572421 -1.68233 -0.800743 3.12161 0.0933296 1.2998 0.800987 -0.728984 1.00552 -1.79444 1.153 0.920626 0.37491 -0.662187 0.748021 0.900579 -0.165468 0.219647 1.11458 0.973058 0.761404 -1.09412 -2.54729 1.61745 -0.840787 -2.07535 -0.403624 -0.658279 0.913138 0.594341 1.1869 -0.664215 0.166352 -1.78563 -0.752125 0.6196 -0.690671 -3.40483 1.98622 1.36288 -1.31247 1.15713 -1.29873 0.702381 -0.67611 -1.099 -0.861751 1.22209 -2.66985 0.411985 -1.35647 -1.61849 -0.33628 -0.594465 -0.0436291 0.927483 -3.53827 1.13748 -0.36914 -1.44689 -1.03179 2.46204 0.273531 -0.934072 0.945634 -1.4608 -1.60128 -1.3003 -0.991306 -1.23881 -0.116253 0.41418 -0.959728 -0.427279 -0.117745 -0.75171 3.9154 -2.19422 0.606845 -1.84841 1.25356 0.544893 -1.18831 -2.35949 -1.05547 0.174287 0.0485862 -0.285373 0.626132 -0.0355832 -1.76691 -0.196651 -0.29196 -0.756394 0.0857352 -0.37703 -0.636422 -0.844147 -2.27976 -1.44267 0.401426 -1.657 -1.29871 -1.77033 1.53793 0.744707 0.43686 0.923646 -0.875833 1.92541 0.267234 3.73376 -2.22248 -1.77122 -2.50672 -1.82947 -1.01411 -0.32204 -3.64279 0.413499 -1.21785 -1.59091 3.14221 2.50688 0.601547 -1.06459 1.32427 1.99421 1.38565 -2.41485 -0.661661 0.378858 0.604243 -0.0893949 -0.690187 0.824196 -0.0837712 1.2984 0.10711 0.764684 0.403944 -0.767728 0.199747 0.862389 0.489705 -0.530327 0.136725 0.995209 0.486864 2.34418 0.809895 1.96371 0.293328 2.00487 -0.0963392 -0.0910201 -3.41792 0.543515 -0.864777 0.00526022 1.08356 -0.138225 0.193396 -2.05224 0.895055 0.941681 -1.08223 -0.032005 1.38963 -1.88275 -0.762975 1.47938 -2.26943 1.5006 -1.25161 1.74375 -0.491424 1.09008 -1.11005 0.535192 1.70033 1.1482 -0.797906 0.948368 -0.61426 3.51474 -1.19198 -0.300046 -0.796521 -2.35408 -0.344896 0.552487 -1.0626 -0.863921 -1.02994 -1.23475 1.5219 0.217532 0.167901 -0.706811 -1.6294 1.78614 0.744376 -0.55806 -1.0726 -3.99227 -0.767443 -0.736345 -0.333586 0.785502 -0.22342 
-1.86187 1.66845 1.73309 -1.35458 1.9204 -1.55227 -1.23973 0.924472 -1.1783 -0.860074 0.791596 0.250458 0.464631 -1.25545 1.46057 0.917051 0.714094 -0.0987752 -0.0102575 -1.09145 1.56774 -1.23199 1.03725 1.63125 -0.974339 1.52425 -1.60491 -1.11004 -0.858278 -0.594944 -0.759033 -0.100741 0.68454 -0.135868 0.570221 0.577262 -0.985834 -0.743772 -1.71546 2.17026 -2.74937 -0.569855 0.16848 -1.33595 1.4528 0.162479 0.506086 -0.772338 -0.321141 -2.16662 0.0789734 -0.180505 1.97802 -1.86895 2.17424 1.85049 -1.06285 -2.56724 -0.407469 -0.0843103 -1.03284 -0.391261 -0.997588 -1.41607 -0.069991 -0.302738 2.05107 -1.07863 0.975553 -1.21906 0.436818 1.4624 0.675128 0.0941876 0.782585 -1.78047 -0.530823 -0.605083 0.364412 -0.922386 2.00548 1.04654 0.424801 -0.428277 0.281706 0.549263 -0.813075 -0.962462 1.3375 -1.65132 0.636284 -0.639294 1.4754 1.1753 -0.384447 -1.43949 -1.98389 0.343283 0.0424885 2.07609 -0.290483 1.22985 -0.0436876 -0.575776 0.291617 -0.194662 1.6196 -0.48371 1.89046 -0.419821 -1.23276 0.363177 0.929331 -2.70625 -0.0269438 -2.11301 1.1962 -1.38703 -0.790542 0.883889 -1.90835 0.829432 -1.22447 -3.1538 -1.83323 -0.426639 0.271408 0.656171 1.28842 -1.06706 -1.28962 -0.606188 -0.670973 0.917242 1.07922 0.840314 -1.91617 3.76831 1.0426 2.11431 2.10307 0.45978 2.80627 2.11764 0.297583 -1.07034 -0.96561 0.163228 1.15678 0.527787 0.211864 -0.107007 2.02716 -1.60351 0.795538 1.37149 -0.333656 -0.862121 0.894134 0.195332 4.25198 -0.107517 -1.01695 0.524948 0.53543 -2.63244 0.0788786 0.885555 0.13785 -1.80981 0.0728423 2.92173 1.01249 -2.4821 0.71198 -1.22573 -0.313061 0.825873 -1.33977 -0.0518578 -1.32667 2.4099 -0.559483 1.93136 0.421324 0.367073 0.511453 -0.807997 0.746282 0.143138 0.0304021 -0.865398 1.62601 1.16546 1.61744 0.364204 -0.599938 -0.493462 0.743824 1.89929 2.42022 -0.724921 -0.210645 0.0569321 -1.61042 -0.800626 2.10965 -0.261949 0.774008 1.54525 0.304269 -1.41778 1.43762 1.74424 0.0667401 1.32496 0.470624 -1.27341 -1.8753 0.956614 -1.48883 2.70882 -2.34933 -1.18758 0.994983 -2.36499 -1.11343 1.35709 0.400086 2.96212 1.6632 0.293819 0.354051 -0.349584 0.0256325 -0.910189 0.482977 0.621648 0.957725 -3.54885 -0.75933 1.76004 1.39948 0.130668 0.660656 0.670702 1.40783 0.674287 -1.58944 -0.593124 -0.704752 -0.558594 -3.07193 -1.04426 -0.65429 0.367353 -1.0492 1.85918 -2.52702 -1.13206 -0.287599 -2.21677 -0.227382 0.754834 0.0289621 -0.133058 -1.15661 0.685636 1.01142 2.30926 -2.10272 0.00364678 -1.3162 -0.535604 -0.0176995 1.34485 -1.67286 -0.197254 -1.91896 -1.57443 -2.69225 2.21712 1.04837 0.068727 0.136276 0.448777 1.26896 -0.603521 1.60895 0.786612 0.470692 3.55946 -0.400841 0.906175 -0.39664 0.937692 1.17913 1.8326 2.15747 -1.25536 
-0.116482 3.00154 -0.482069 -1.48129 0.0956537 -0.484968 -0.332983 -0.887814 -1.7864 -0.715991 0.251142 0.144814 0.665198 0.195969 -0.10904 0.903488 1.35093 -0.40061 0.0567298 0.325528 -0.0767194 -0.962101 0.707277 3.03955 0.726234 -1.77701 1.39864 0.617988 0.230419 -0.157094 0.415942 -0.553036 -0.531755 -1.57905 1.4584 -1.48149 -1.03072 -0.508907 -2.21288 1.52544 0.764295 -0.134818 0.544885 3.5462 -0.024181 0.928286 -1.05422 0.342093 1.19938 1.05071 2.00705 0.419387 0.223049 -0.939393 1.12499 1.14994 1.52339 0.505196 -1.40744 0.553051 3.98542 1.51974 0.518421 1.37002 0.805427 0.0503644 -0.850765 -3.0484 0.333376 2.74613 -1.06095 -0.742923 -0.684022 -0.134662 0.113207 -0.925494 0.207897 -0.812568 -0.715096 -1.2448 0.229818 -1.39292 -1.42045 -0.551697 -0.886228 -2.73277 2.29811 -0.288371 0.10082 1.38715 -0.572172 0.302685 1.15619 -1.46676 -3.12092 1.4258 -0.279929 -1.15947 1.36005 -2.33567 3.24506 0.636699 1.89108 0.286376 1.64729 -0.103548 0.106768 -2.64066 -0.862906 -1.25223 -0.403195 -1.0503 -0.395756 2.15442 0.878912 0.138011 1.10995 0.542075 0.115672 0.833873 0.182242 0.985369 1.64036 -0.207869 0.383302 -0.517975 -0.737075 -1.14213 -0.806087 1.06347 -0.64382 -0.990456 1.70341 -0.213636 0.33767 -0.686889 0.64949 -1.93802 -1.57616 0.318296 -0.635501 0.735963 1.48813 -1.23165 3.46422 0.724015 2.32826 -0.305247 -0.314585 -1.30669 0.0305785 1.06684 0.144044 1.40004 0.981321 2.35739 1.12134 -1.40946 -0.888921 -2.06815 -0.262508 0.882518 0.0273119 -0.850945 -1.12008 -1.19495 -2.4024 1.54694 -0.269868 0.472903 2.12751 0.581796 -1.00677 0.695976 -2.29204 -0.792589 1.29028 0.0189403 3.62306 -1.39067 -0.612063 1.61598 1.58921 -0.659184 1.60913 1.23113 -0.497173 -0.530739 -0.116205 -0.805715 -0.959045 -0.0529362 1.0919 -2.03977 -1.30674 -0.816936 -0.783418 0.473575 0.165852 0.903148 -1.05161 -0.536558 0.0781785 0.38103 -0.674474 -1.24932 0.267168 -0.00124275 -1.69163 0.173257 -0.330608 0.931047 0.086024 -2.63594 1.98346 0.508068 0.0806213 -0.182795 0.523436 -2.16827 -0.805668 -1.29188 0.414224 -1.30516 -0.694427 -0.701259 3.12757 0.270637 -1.9222 -1.15432 -0.857696 -0.814747 0.182438 0.595902 0.865865 0.937407 -0.982427 2.8285 -0.981136 0.688925 1.02014 -0.33535 -0.461172 1.31765 -1.72967 -0.771184 0.418488 -0.0284483 0.792546 0.0817434 -1.14874 -1.69361 -0.333657 -1.44082 -0.414457 2.21243 0.0607664 -1.97358 -0.807241 -0.849056 -1.39813 0.488566 -0.566006 -1.18428 1.15404 -0.0389443 1.44315 0.172511 1.83728 -1.93275 0.629586 0.774836 -0.767416 -1.18911 2.20175 -1.52863 -2.12417 1.73212 -0.359881 0.354649 -1.06756 0.952008 0.868126 -3.06223 -1.20432 0.29202 -0.0792355 -0.674142 -1.17428 -1.13415 2.69451 1.49076 0.204247 0.702889 -0.614697 0.482051 -0.627817 -0.916193 -0.511585 -0.197988 
0.895772 0.221955 -2.10013 -2.02253 -0.366496 -1.99651 2.14549 -1.31645 0.641251 2.14775 1.50378 2.16369 1.56657 2.61627 1.24217 3.16379 1.72381 -1.91548 -2.45407 0.337142 -1.31286 1.06192 0.215731 -1.78297 1.10981 0.0332429 -0.052268 -1.1568 0.386597 -1.63417 0.553247 1.36211 1.31513 -0.521993 1.79532 0.651349 -0.645985 -1.00414 -0.660303 0.728038 -0.0796835 0.0488651 -0.390175 0.0339517 -1.87881 1.7145 1.74667 0.597236 -0.528169 -0.480545 1.19855 -0.041297 -0.20965 -0.798252 1.30115 2.34827 2.17579 0.975753 -1.0977 1.85007 1.4316 -0.561475 -0.687162 0.391571 3.24389 -0.510709 2.45537 1.33141 -1.82956 -2.99362 -0.936692 -1.52276 2.73372 -0.514934 -0.749056 -1.36783 0.756213 -0.642286 -2.23839 2.00111 -0.87222 0.798367 -1.59881 0.403955 -2.53593 0.861921 -1.89066 0.484474 -0.556167 -1.05299 0.438085 -2.47825 2.45961 -1.60245 -0.703592 1.65761 -2.03509 -2.094 1.08625 -2.95968 1.88926 0.0641001 -0.768589 0.554867 1.5151 0.0199914 -1.72499 1.81881 -0.313109 -0.0817337 0.48618 -1.47524 0.828659 0.0874838 0.519488 0.165666 -0.950504 -1.55276 -2.23011 -1.5073 -1.01825 1.14237 2.65296 -0.152551 1.3369 2.2279 -1.72824 -1.08721 1.38219 0.411859 -1.80157 1.70739 2.9663 -0.916124 -0.173058 -2.01577 2.04249 2.55247 0.425506 1.8285 1.31044 -0.175902 1.08184 0.372178 0.990524 1.41762 -0.745893 0.850713 -0.0623327 2.12948 2.18775 -1.18322 -0.868292 -1.09407 0.873434 -1.08366 1.06595 0.416411 2.09697 0.058604 2.54063 -1.47287 3.18113 0.750332 0.740757 0.985394 -1.16806 0.647673 -0.432092 -1.08993 -1.47621 0.19687 0.111716 0.211017 -0.277 -1.20507 -1.09512 1.24436 1.07515 0.690466 -1.77074 1.09331 2.12396 -0.184786 -0.934158 0.735621 -2.48218 -1.34346 -0.66896 -0.698622 -1.43276 0.931537 -0.632906 -0.165063 0.82358 -2.80021 -1.12211 -1.36314 0.510875 0.806803 3.51194 -1.17857 1.51574 0.869905 -2.78787 -0.784674 0.842153 0.193535 -0.859424 -0.690975 -0.212963 -1.64535 1.24393 1.04573 -0.484097 -1.91618 0.952678 -0.542227 2.08101 0.563888 0.213149 -0.0262305 0.952744 1.07553 -0.0494206 0.363806 -0.962426 -0.608863 0.389146 -0.29025 1.54829 -1.35684 0.13225 -2.23154 -1.4813 -0.484515 2.85039 -2.29403 1.42944 -1.03972 -1.12906 0.775573 -0.250082 -0.212586 -0.834107 0.540977 -2.2224 0.54739 0.214203 2.66016 -1.45234 0.256267 -1.46205 -0.71828 0.140585 0.203144 0.52003 -0.0289621 0.418597 0.034599 -2.05014 0.606423 1.24819 -1.25219 1.02518 -0.17921 -0.358266 1.48444 -0.628414 -0.154236 0.234525 0.81272 0.986895 -1.09423 -0.303551 -1.44272 -0.302826 1.16939 1.03523 1.32002 0.0293614 1.56101 -0.489687 -0.443084 0.216464 2.19379 1.54349 0.00706286 -0.685132 1.64288 -0.401283 -1.06731 2.08316 -1.61839 -1.16884 -0.211866 -2.24579 0.394042 1.32499 -0.600811 
0.28488 1.32594 -1.10561 -0.209478 0.143155 3.01918 1.7293 -0.435311 -1.60404 -0.980264 3.08449 -0.994603 -0.490925 -2.09411 0.989665 -1.92863 -0.291426 1.05218 -1.2271 0.569426 0.414986 0.481237 1.47317 -0.989195 0.32537 -1.43828 0.664989 -1.16667 -1.16411 -0.565929 2.34423 0.364611 -0.66337 2.02601 0.686635 -0.698116 0.190688 -0.156187 -0.359118 1.08033 0.101526 1.34131 -0.133641 -1.34546 -0.136671 -0.419422 -0.539426 -1.36457 1.89929 0.0336828 0.855628 -0.450554 -0.839939 -0.882205 3.43342 1.73351 1.89762 -0.941057 0.276634 -0.189553 0.0782342 2.18754 3.54427 0.477992 2.24719 -0.477698 0.489572 2.44601 1.31466 -1.79006 0.217382 -0.320757 0.393798 1.46791 -0.886587 -0.288219 0.742491 1.06222 -1.20419 2.41264 0.265767 0.689329 -1.35012 1.99969 0.997906 -0.089801 -1.07642 -0.201673 2.97277 2.55217 -1.05886 -2.21445 -1.36203 0.508464 0.345429 1.88128 -0.846239 -1.35458 -0.92955 -1.05249 -1.48774 2.34545 -1.78831 2.31297 0.662999 3.19103 -0.263986 1.42517 0.523715 0.290837 1.34329 -1.82093 0.372554 0.771374 -0.0214835 0.204836 1.24362 0.0856474 -1.85614 -1.08846 0.845762 -0.427899 0.640242 -3.04782 -1.06807 -0.314122 0.762883 0.971301 1.33848 -0.982076 -0.466279 -0.565508 -1.38695 0.662556 0.358971 2.17302 -1.3547 2.83089 0.472094 0.968954 -0.3577 -0.426018 -2.734 -1.67194 -0.5435 2.98145 1.57298 0.191523 0.00449485 -0.0459607 -1.96949 0.61702 -0.215279 0.576093 0.227449 0.311377 -1.02839 -2.19957 -0.0192391 1.21202 -0.831277 -0.382571 -1.46668 1.13502 0.805842 0.0589497 -2.07196 0.775015 -2.55354 1.30411 0.418222 -1.32292 -0.996149 2.55689 0.216343 -1.04863 0.421278 -1.35694 3.00089 1.2224 -2.02208 -2.11418 1.71106 -1.37388 -0.128867 -0.447599 -1.1211 -2.44611 1.50841 -1.53735 -0.467452 -1.21247 0.955433 -1.33803 1.2562 1.98165 -0.396931 -0.785887 -1.0403 -0.441895 -0.410483 -1.5679 -1.17286 -0.935206 1.20061 -0.882736 0.274198 -0.278501 0.954969 0.290793 -1.74739 -1.39057 1.65162 0.887789 2.0768 0.796462 -0.159612 0.363046 -0.811133 0.640255 -0.0968802 1.13485 1.53935 -0.325393 -1.07529 -1.79663 0.510158 0.889909 -0.815718 0.602065 0.934592 0.392507 1.44583 -0.129738 0.315382 1.40096 -0.139144 0.205317 1.07382 -1.36356 1.3046 -2.25241 2.95631 -0.00690133 1.77066 1.72337 -1.37925 0.577005 -0.404789 1.97402 0.546177 -1.50205 0.557407 -0.542443 -0.194163 0.0178269 -0.176109 0.859624 -0.193807 -2.68497 -0.495831 -1.56998 1.3567 0.568787 -2.88881 -1.06071 1.04192 1.67044 -1.47498 0.610792 -2.20796 0.34775 1.36012 -0.00702072 -0.707169 0.0922678 0.408416 0.0808504 1.0165 -0.135008 1.00705 -0.866553 1.49391 0.812729 0.182932 1.63832 0.147986 -1.26279 -0.955211 -0.921624 1.66933 -0.816454 1.66293 0.66341 0.744211 0.479833 1.78641 2.19666 -0.707994 0.0228051 
2.13817 0.623894 -0.0922375 2.02672 0.427163 -1.43195 0.466828 1.51859 -2.69024 -0.954549 -0.424789 1.78771 -0.568026 -1.06401 -0.801297 1.41672 -2.29456 1.7141 0.0603513 -0.298054 -0.25327 0.60952 -1.22695 -1.06189 0.365675 0.543277 0.51476 -0.298796 -0.6672 0.195411 2.03593 -0.862961 0.728543 -0.0246833 -2.09673 -0.13064 -0.461709 -1.27312 -0.375884 -0.323499 0.0710802 -1.80209 2.05042 -2.39911 1.22078 0.670731 1.85655 -1.42561 -0.821117 -1.17175 -3.33235 -0.675633 -0.506701 1.69979 0.852315 0.987758 0.308986 0.509473 2.49302 0.331861 0.529242 -1.12129 -0.582219 -3.46433 0.162148 0.527965 -0.0553851 -0.425576 0.321227 2.14287 -2.09582 0.687236 -0.465425 -0.737271 -0.473333 -2.85265 0.298764 -0.796816 -1.24025 -0.10744 -0.953683 1.98146 -0.172498 0.195019 -0.157165 1.03804 -0.517507 -0.849721 -0.754322 2.12915 1.04148 -0.560246 0.962787 0.578482 1.27504 -0.427947 1.45653 -0.236574 2.06058 -0.0764973 2.11301 -0.675657 -1.2917 -0.0520775 2.07502 -0.827848 1.555 -2.48058 -3.55246 4.72229 -1.00766 -1.2277 0.592889 -1.13018 1.1033 2.53698 1.10483 -0.659843 -0.170567 -0.469942 1.92571 2.39793 -2.77487 0.55084 -2.33832 1.22706 3.28554 1.24802 0.100716 -0.432871 0.758263 0.322382 1.71673 0.566518 1.80161 -0.953644 -2.11122 -0.738286 0.16169 -0.311523 0.698944 -0.525737 -1.05144 0.631305 -1.69615 -0.627576 -1.12197 -1.31953 0.628468 -1.84978 -1.90597 0.547543 -2.35048 -2.35862 0.831986 -2.78292 -0.34017 -2.88135 -1.36225 -1.70354 0.314481 -1.97659 0.920513 2.55006 -0.566736 0.654031 -2.20256 1.44099 -0.898886 0.263223 -5.45255 0.547963 -0.572507 -0.325281 1.0741 -4.89289 0.407925 -1.98084 1.3739 0.0620516 1.17128 -1.80236 2.20667 0.983279 0.18523 -0.518524 -3.78146 2.43566 -0.604662 0.477584 -0.292014 -0.336683 0.975033 -0.171114 -0.735055 0.153344 0.481792 -0.00909593 0.887826 0.243677 -0.805778 1.11992 -0.749236 -1.01059 2.20715 -1.90006 -1.17466 0.258258 0.842973 0.968912 1.11996 -1.96354 1.34511 1.62008 -0.877853 -0.483163 0.545092 -1.0464 -0.0280815 2.77317 -1.05798 0.105715 -0.160816 1.39525 1.62374 0.619442 1.04289 0.317604 1.28153 1.34075 1.36371 -0.222133 -1.61612 -0.788307 -0.579622 0.0144101 0.340125 0.00287066 1.17662 0.528581 -0.415865 -0.852523 0.811752 1.22864 -0.372861 -1.61263 1.14972 0.737495 -0.122346 1.07194 1.03188 0.422725 0.863794 1.71476 0.398044 -0.700068 -1.45066 -0.264281 1.41986 1.64494 1.44867 1.59533 -0.25165 -0.0672946 0.190131 1.16213 0.64128 1.09135 0.0207927 0.491758 0.240534 -0.52023 -0.507546 1.3531 0.312141 0.821466 0.017406 -0.151161 -1.31103 0.43228 -0.488133 -0.870987 1.4911 -0.436349 -0.124255 1.33646 -1.41229 -1.89516 -1.27542 1.05526 0.798109 0.0258441 0.222368 -0.552408 -0.300915 -1.15459 0.915338 1.39882 1.31652 -2.04013 
0.925607 0.551128 -0.656161 0.481515 -1.87921 1.2815 -0.390623 -2.61853 -1.34326 -1.09239 -0.909729 1.55482 0.213262 -0.209835 0.198415 2.15089 1.84163 -1.34524 3.04671 1.52441 -1.46344 0.330758 0.741551 0.179374 2.56978 -0.273238 -0.668877 0.108516 2.01372 -0.827661 -0.170422 -2.15857 0.0589776 1.27389 1.2337 -0.00825986 1.30263 2.90934 -0.870542 0.870584 0.363905 -3.19196 -0.223807 -0.203641 -0.493129 0.677609 -0.339508 -1.09427 -0.107987 -0.370118 0.197221 1.51683 -1.16899 -0.68271 -0.463086 -0.539364 1.35638 -1.26284 -0.31314 0.0716748 2.48454 -2.69218 -0.312377 0.862861 -1.65808 1.63233 -0.0667744 0.90873 -1.05765 1.46678 1.06782 -1.63945 0.844795 -1.29426 -0.793142 2.96714 0.68418 0.951198 -0.186095 -0.141766 0.435609 0.961024 -0.184743 1.1474 0.460158 -1.46026 -0.252911 -1.50568 -0.692018 -1.10403 0.708062 -0.242607 -1.26517 -0.405898 -1.39877 -0.244377 0.653319 0.714617 0.861464 -1.25048 1.23277 -0.654243 1.54787 0.250807 1.99235 -0.527061 -1.03987 -0.184365 -0.596356 1.32724 0.115404 -1.32313 0.616284 -1.02746 -0.276495 -0.403247 0.561884 0.870794 1.12891 -0.597709 -0.620809 1.11045 -2.39899 -0.186499 -1.49103 0.341462 1.16542 1.22001 -1.65836 -1.44906 -0.763298 -1.68072 -1.97584 1.38235 0.503029 1.29318 1.03722 0.12469 -0.908196 0.100853 0.549059 0.409303 -2.22988 -3.50488 -0.475792 -0.15332 2.51269 0.894285 0.872811 0.288469 0.743273 -2.81978 0.399151 -1.16973 -0.228879 -1.35153 0.5538 2.72126 -0.510838 1.32433 0.766146 -1.65243 1.50533 -1.17036 -1.97897 0.439921 1.52061 -1.09296 -0.823864 0.0490223 -1.00589 -0.419143 -1.00724 -0.0559759 -2.10775 -0.721099 1.01917 0.134446 -0.526796 -0.66526 -0.864527 0.141461 0.584039 0.29716 0.689032 1.63462 -0.0755311 1.27332 1.90765 0.725593 -2.55024 1.90967 0.607874 0.306021 0.47401 2.29954 0.691266 -1.79983 2.53905 1.01512 2.99144 0.0930384 -1.43056 -1.37128 1.19096 0.286843 -1.54625 -0.426264 -0.904414 0.239285 -0.732405 0.177903 0.203123 0.671163 -0.579575 1.48928 -1.10453 -0.792873 1.07902 0.606908 0.244769 1.41159 -1.49665 -1.36085 0.119692 1.37221 1.98252 -0.24007 0.398892 -0.462508 0.1067 -2.60297 -0.67331 -2.57408 -2.58651 -1.25105 -0.0024142 0.379555 0.716942 0.279381 0.304761 0.0417182 -1.77207 0.810838 1.47695 0.959913 0.705235 -0.764121 1.59979 0.648434 -1.88475 -1.86216 -0.433242 -0.624985 0.534537 -1.32138 -1.62403 0.0513636 -0.44126 2.61192 -0.683557 -1.16784 -0.0735124 -0.044364 1.10095 0.526357 1.46574 -0.150648 1.24056 -0.0781169 1.36262 -0.473875 0.886112 -0.49885 -0.0425583 -1.03423 -0.816616 0.779108 -0.364009 1.44327 -0.130996 0.167309 -2.22635 1.01539 -2.41509 2.76354 3.88482 -0.246979 -0.0291542 -0.255897 0.847655 -0.0576141 -1.46693 1.38144 -2.1954 0.833586 -0.331524 0.837152 0.23094 0.298564 
0.961793 -0.679188 -0.901077 -2.48902 0.0866773 -1.14191 0.798698 1.24575 1.29368 -1.47262 -0.269587 -1.58463 -0.779405 -0.629345 -0.169209 0.403982 -1.53381 -1.48094 0.0123142 -2.92083 0.502959 1.35966 -0.100279 1.03474 -0.0138227 0.127452 0.0836104 0.105617 -1.06817 -1.63338 -0.0440349 0.802208 0.976151 0.998397 1.35115 -1.48324 -2.0764 -0.934647 0.243038 1.17532 0.831961 0.372158 0.998646 -0.753856 -1.24177 0.977903 -0.580153 -0.219062 2.50143 -0.082137 0.669778 -0.200296 0.188627 -0.281023 1.23797 -3.07496 0.00140942 -0.870527 -0.0563421 -0.397177 -1.33739 2.5137 -2.69185 -1.32634 -0.857478 -0.438358 2.57118 -0.420456 1.0964 -0.46859 0.172221 -0.906961 1.24071 0.272683 2.42253 -0.461155 -0.663827 1.41379 1.11209 -1.70396 -0.772963 -3.98538 -0.657045 -0.874881 0.159131 1.8106 -0.380805 -0.650253 1.30681 -0.352732 0.704233 -1.62923 -2.07899 1.06623 0.117887 -1.27491 -1.4728 0.121583 -2.01191 -0.683483 -0.620607 -1.69183 -2.15689 -0.217372 1.156 0.680854 0.680244 -0.0596233 0.102513 -1.41056 1.22079 1.1297 -0.264146 1.55059 -1.80255 -1.98265 -0.101206 -0.473595 2.32729 0.00654955 -0.11578 0.628168 0.262033 2.89498 1.80666 0.168952 1.7223 1.21896 -1.55495 -0.473165 -3.11875 0.0308313 0.212191 -1.38442 -2.49795 0.55382 -0.0912601 -0.675972 0.343431 0.647607 0.959457 -0.300114 -0.642131 -0.0875156 -1.41529 0.894129 0.590985 -0.823906 -0.557354 1.20418 -0.674884 0.693465 -2.44325 -1.53348 -1.21478 -2.29319 -1.74985 -1.69206 0.490962 -0.32665 -0.693567 1.53185 -0.0442924 -0.0203398 -2.82395 0.661598 0.0815704 1.18593 -1.22181 0.400567 -1.33204 -1.04059 -0.999037 -0.0272472 1.50159 -1.29171 0.817045 0.838366 0.341416 -0.680043 -0.539058 -1.92985 -0.547992 1.0002 -0.0694813 -0.797541 -0.674803 0.948625 3.48158 -0.664338 1.07966 -0.465208 -0.277471 -1.00879 0.986016 0.662667 0.0692316 1.5892 0.859233 2.78312 -1.1781 2.09631 0.943477 0.261345 0.490366 -0.856144 2.23176 -0.621151 -0.987814 0.536368 -1.31322 0.525013 1.25625 0.820468 -1.95907 -2.43769 -0.602838 0.426728 -1.99433 -0.865606 -2.0026 1.11177 0.925654 1.75827 -0.0912425 0.224781 -0.336475 -0.114279 -1.1217 -0.96165 1.17574 0.0757417 -0.104195 0.739983 -0.721965 1.11571 -1.04239 -1.3121 0.984465 -0.175564 0.330356 -1.54651 -0.222548 0.586124 0.517458 0.0967988 1.07051 0.591439 2.00155 -1.39512 -0.271236 0.11086 -3.27915 -1.32996 -1.74811 -0.527431 -0.829383 -1.89843 0.0923638 -0.617466 1.53311 -0.843133 2.7072 0.83269 0.642262 -1.144 0.788351 -0.548329 -3.36438 -1.13316 2.81919 0.942461 -1.9096 0.630091 -1.69156 -0.0802106 -0.352984 0.959169 -0.531247 -1.8861 -1.07056 1.1102 1.55 -0.432891 1.12334 -0.357864 1.00393 0.194212 1.00333 -1.17984 -2.73914 -0.358466 1.34214 0.881113 2.07043 0.735599 -2.36681 0.564007 0.0751654 -2.29983 
-0.283063 2.52393 1.32868 -1.13737 -1.56945 0.845563 1.38007 2.20012 -1.80366 -0.762617 -0.654056 -0.613481 0.494481 -0.321328 0.329209 2.07195 0.188698 0.112151 2.54725 -1.65575 -0.344425 -0.534871 -0.436501 -1.30672 2.46078 -0.595781 -0.490337 -1.15705 0.852963 -1.49212 0.478618 2.64532 0.0464124 -0.713925 0.676289 -0.605221 -0.588171 0.810763 1.12514 3.26741 -1.07425 -3.00626 -0.339539 -2.47458 -0.809907 1.32647 0.706219 -0.983802 -0.813349 1.21462 0.819711 1.23359 -0.332232 0.540758 -1.6822 0.301884 2.63921 -1.02837 -0.428765 0.290497 0.148947 1.47724 -1.30638 -0.758593 0.803859 0.232459 0.829095 2.0382 0.0717632 -0.822523 -0.569735 -0.683804 -0.23636 -1.85132 1.34415 -1.06127 2.08512 1.2925 -1.80682 1.41481 -0.248352 -0.356454 -0.254315 -1.14174 -2.34246 1.25804 0.628289 -1.68491 0.148679 0.883042 0.204412 1.72629 -0.659525 -0.129444 -1.77537 -0.155676 -1.08289 -0.732534 1.55513 -0.363671 1.49864 0.213245 2.79307 -1.1098 -0.325611 0.921268 0.0646711 0.503395 1.25447 0.193059 -0.0230422 1.30064 -0.964166 0.650521 2.21818 -0.746381 -0.131146 2.04309 -0.299295 1.59052 2.47703 -1.13656 -0.973398 -1.73361 0.762683 -1.02893 0.774991 -0.482017 -2.53152 -0.266165 0.175802 -0.740303 -0.817128 -0.176481 1.15946 -0.894235 0.922493 -0.0825392 -1.05892 -2.05517 -0.315324 -0.974557 -1.12157 -0.152122 3.18974 -1.03918 -0.115441 -1.11624 -0.992078 -0.302676 -0.759299 -0.708438 1.54362 0.804287 -0.337604 1.93025 1.67508 0.125465 -0.346765 1.58425 -0.60261 -0.658055 0.869394 -0.681337 0.316941 -1.90426 -0.245795 0.191955 -0.275025 1.75435 1.15655 0.460062 -2.05175 2.66168 -3.51878 -0.405006 0.208313 1.01574 0.649741 0.377146 -3.44038 -1.0648 0.934514 -0.142429 0.863838 -0.998489 -0.572185 1.10687 -1.12495 -1.47624 1.25527 -0.887534 -0.383136 1.44587 -0.775126 -0.858105 0.0274128 1.10839 -1.85506 -0.620753 0.658233 -0.964144 0.393477 1.40832 -0.38078 0.228135 -0.813998 1.19594 0.583626 3.65521 -0.225786 -2.39108 -0.998013 -1.9045 0.231883 -4.00697 1.05035 -1.10526 -2.64617 -1.04003 2.09424 0.960948 0.0055828 -0.976223 0.739983 -0.731586 0.79665 -0.842626 -0.0396871 -0.837756 1.84924 -3.07849 3.49724 0.828815 -0.831877 -0.491818 1.81879 -1.07951 0.295769 0.460449 -2.58753 1.30903 -1.21665 -2.05765 -0.764189 -0.0756095 -1.35488 -2.95041 -0.525619 0.922611 3.97131 0.378449 -0.566662 -2.88669 0.517623 -3.10549 -0.763821 1.83857 2.70008 1.83132 0.942592 0.211405 0.976388 -0.0547897 -0.00040603 -0.0497607 1.23065 1.45258 -2.17685 -0.13542 -0.771418 -1.63911 1.17883 1.68543 -0.310867 -0.914592 2.0298 -3.68846 2.66512 1.8839 -0.121834 0.337495 -0.00142944 -1.04514 3.21965 1.44399 -1.12576 -0.581531 -0.30996 0.208185 2.55338 0.834815 -1.14133 1.54289 2.37443 2.31389 0.573129 -1.09925 0.466953 -1.25436 
-1.856 -0.106286 0.337237 0.905597 -0.0909581 -0.0529717 -0.383776 0.559617 1.16972 0.810723 -0.743 0.572909 0.635739 -1.40549 -1.54838 -0.0589572 0.137295 0.833513 -1.39742 3.22455 -0.152404 2.20938 1.30866 -0.921084 -0.153611 0.822817 -1.0914 1.47123 2.05528 1.62895 -0.190292 1.72471 -1.00306 -0.40568 -1.11414 0.204417 -0.478047 0.301718 0.682438 -2.08645 0.311802 -0.581857 1.4123 -0.730836 0.416056 1.59816 -2.00601 -1.74909 -0.503976 0.743011 -0.820007 0.514882 3.68088 -1.40426 -0.194944 2.41807 1.56467 -0.695353 0.730542 -1.5478 1.93922 0.0565571 1.87142 0.121089 0.360733 -2.45307 -0.281272 -1.5909 0.146132 1.40871 -0.174122 0.70223 2.35172 -0.619396 0.934564 1.44673 0.50909 1.59398 1.27419 -1.62717 1.81651 -0.615206 1.02545 -2.39264 -1.64365 0.809256 -0.662885 -1.07156 -0.239058 -0.13064 -0.23841 -2.09364 1.62278 0.862728 -2.23528 -0.20018 -0.295111 -1.3663 -0.937154 -0.431656 0.424523 1.86824 1.54533 -0.934883 -1.28222 -1.26854 -0.542983 1.89268 3.01014 -0.406541 -0.841231 -2.06093 1.37693 0.0559806 0.960799 -1.17916 -1.44988 -1.57055 -0.800283 -1.52371 -1.78273 -0.139004 0.012581 -0.673845 1.38267 -0.697449 1.08031 0.91525 -0.524413 -0.429309 -1.37219 -1.83397 -0.413289 0.756284 -1.73466 0.133272 2.0709 -0.456949 -0.141353 1.00974 0.257131 -1.0468 -2.13633 0.250645 0.736608 -0.516776 2.30151 -0.390179 1.24438 -1.19316 -0.805902 0.746756 -0.586404 0.113125 -1.13606 1.84373 -0.298946 0.535657 -0.644359 -0.103426 -0.290937 -0.960554 -0.763121 -1.2225 0.0699674 3.40207 1.26584 1.18651 1.09362 -1.93267 -0.120988 -0.978766 -0.305779 -0.28458 0.361361 -1.14785 -1.48216 -2.68385 0.304581 -1.58727 -1.41262 2.12528 1.78844 0.229899 1.41997 -2.82458 2.09658 -0.623369 -0.387552 0.132361 0.752798 0.701637 2.28018 0.0795486 -1.04496 0.540844 3.98486 1.61491 -0.436151 -0.839515 1.67424 0.783455 -0.203195 0.447249 -1.27131 -1.2776 1.59155 -1.38728 -0.406903 -0.209479 -2.10126 0.553865 0.694204 -0.63823 0.296949 0.895425 