1372 1.00001
38.2541 38.2541 38.2541 
19.1345 19.1345 19.1345 
1 1 1 1 1 1 1 1 1 1 1 1 1 1 1 1 1 1 1 1 1 1 1 1 1 1 1 1 1 1 1 1 1 1 1 1 1 1 1 1 1 1 1 1 1 1 1 1 1 1 1 1 1 1 1 1 1 1 1 1 1 1 1 1 1 1 1 1 1 1 1 1 1 1 1 1 1 1 1 1 1 1 1 1 1 1 1 1 1 1 1 1 1 1 1 1 1 1 1 1 
1 1 1 1 1 1 1 1 1 1 1 1 1 1 1 1 1 1 1 1 1 1 1 1 1 1 1 1 1 1 1 1 1 1 1 1 1 1 1 1 1 1 1 1 1 1 1 1 1 1 1 1 1 1 1 1 1 1 1 1 1 1 1 1 1 1 1 1 1 1 1 1 1 1 1 1 1 1 1 1 1 1 1 1 1 1 1 1 1 1 1 1 1 1 1 1 1 1 1 1 
1 1 1 1 1 1 1 1 1 1 1 1 1 1 1 1 1 1 1 1 1 1 1 1 1 1 1 1 1 1 1 1 1 1 1 1 1 1 1 1 1 1 1 1 1 1 1 1 1 1 1 1 1 1 1 1 1 1 1 1 1 1 1 1 1 1 1 1 1 1 1 1 1 1 1 1 1 1 1 1 1 1 1 1 1 1 1 1 1 1 1 1 1 1 1 1 1 1 1 1 
1 1 1 1 1 1 1 1 1 1 1 1 1 1 1 1 1 1 1 1 1 1 1 1 1 1 1 1 1 1 1 1 1 1 1 1 1 1 1 1 1 1 1 1 1 1 1 1 1 1 1 1 1 1 1 1 1 1 1 1 1 1 1 1 1 1 1 1 1 1 1 1 1 1 1 1 1 1 1 1 1 1 1 1 1 1 1 1 1 1 1 1 1 1 1 1 1 1 1 1 
1 1 1 1 1 1 1 1 1 1 1 1 1 1 1 1 1 1 1 1 1 1 1 1 1 1 1 1 1 1 1 1 1 1 1 1 1 1 1 1 1 1 1 1 1 1 1 1 1 1 1 1 1 1 1 1 1 1 1 1 1 1 1 1 1 1 1 1 1 1 1 1 1 1 1 1 1 1 1 1 1 1 1 1 1 1 1 1 1 1 1 1 1 1 1 1 1 1 1 1 
1 1 1 1 1 1 1 1 1 1 1 1 1 1 1 1 1 1 1 1 1 1 1 1 1 1 1 1 1 1 1 1 1 1 1 1 1 1 1 1 1 1 1 1 1 1 1 1 1 1 1 1 1 1 1 1 1 1 1 1 1 1 1 1 1 1 1 1 1 1 1 1 1 1 1 1 1 1 1 1 1 1 1 1 1 1 1 1 1 1 1 1 1 1 1 1 1 1 1 1 
1 1 1 1 1 1 1 1 1 1 1 1 1 1 1 1 1 1 1 1 1 1 1 1 1 1 1 1 1 1 1 1 1 1 1 1 1 1 1 1 1 1 1 1 1 1 1 1 1 1 1 1 1 1 1 1 1 1 1 1 1 1 1 1 1 1 1 1 1 1 1 1 1 1 1 1 1 1 1 1 1 1 1 1 1 1 1 1 1 1 1 1 1 1 1 1 1 1 1 1 
1 1 1 1 1 1 1 1 1 1 1 1 1 1 1 1 1 1 1 1 1 1 1 1 1 1 1 1 1 1 1 1 1 1 1 1 1 1 1 1 1 1 1 1 1 1 1 1 1 1 1 1 1 1 1 1 1 1 1 1 1 1 1 1 1 1 1 1 1 1 1 1 1 1 1 1 1 1 1 1 1 1 1 1 1 1 1 1 1 1 1 1 1 1 1 1 1 1 1 1 
1 1 1 1 1 1 1 1 1 1 1 1 1 1 1 1 1 1 1 1 1 1 1 1 1 1 1 1 1 1 1 1 1 1 1 1 1 1 1 1 1 1 1 1 1 1 1 1 1 1 1 1 1 1 1 1 1 1 1 1 1 1 1 1 1 1 1 1 1 1 1 1 1 1 1 1 1 1 1 1 1 1 1 1 1 1 1 1 1 1 1 1 1 1 1 1 1 1 1 1 
1 1 1 1 1 1 1 1 1 1 1 1 1 1 1 1 1 1 1 1 1 1 1 1 1 1 1 1 1 1 1 1 1 1 1 1 1 1 1 1 1 1 1 1 1 1 1 1 1 1 1 1 1 1 1 1 1 1 1 1 1 1 1 1 1 1 1 1 1 1 1 1 1 1 1 1 1 1 1 1 1 1 1 1 1 1 1 1 1 1 1 1 1 1 1 1 1 1 1 1 
1 1 1 1 1 1 1 1 1 1 1 1 1 1 1 1 1 1 1 1 1 1 1 1 1 1 1 1 1 1 1 1 1 1 1 1 1 1 1 1 1 1 1 1 1 1 1 1 1 1 1 1 1 1 1 1 1 1 1 1 1 1 1 1 1 1 1 1 1 1 1 1 1 1 1 1 1 1 1 1 1 1 1 1 1 1 1 1 1 1 1 1 1 1 1 1 1 1 1 1 
1 1 1 1 1 1 1 1 1 1 1 1 1 1 1 1 1 1 1 1 1 1 1 1 1 1 1 1 1 1 1 1 1 1 1 1 1 1 1 1 1 1 1 1 1 1 1 1 1 1 1 1 1 1 1 1 1 1 1 1 1 1 1 1 1 1 1 1 1 1 1 1 1 1 1 1 1 1 1 1 1 1 1 1 1 1 1 1 1 1 1 1 1 1 1 1 1 1 1 1 
1 1 1 1 1 1 1 1 1 1 1 1 1 1 1 1 1 1 1 1 1 1 1 1 1 1 1 1 1 1 1 1 1 1 1 1 1 1 1 1 1 1 1 1 1 1 1 1 1 1 1 1 1 1 1 1 1 1 1 1 1 1 1 1 1 1 1 1 1 1 1 1 1 1 1 1 1 1 1 1 1 1 1 1 1 1 1 1 1 1 1 1 1 1 1 1 1 1 1 1 
1 1 1 1 1 1 1 1 1 1 1 1 1 1 1 1 1 1 1 1 1 1 1 1 1 1 1 1 1 1 1 1 1 1 1 1 1 1 1 1 1 1 1 1 1 1 1 1 1 1 1 1 1 1 1 1 1 1 1 1 1 1 1 1 1 1 1 1 1 1 1 1 
0 1.09206 1.52182 1.49696 0 1.56359 3.89903 4.18598 0 4.30087 1.30787 4.06293 0 4.20191 4.13863 1.23131 0 6.87286 1.16461 1.51408 0 6.72706 3.79372 3.92941 0 9.61466 1.04625 3.98607 0 9.94241 3.82685 1.46158 0 12.0639 0.979118 1.53634 0 12.3255 4.0188 4.17439 0 15.0662 1.15052 4.41438 0 14.958 3.6779 1.38067 0 17.7153 0.907784 1.09888 0 17.7964 3.42894 3.93447 0 20.4123 0.879947 3.74994 0 20.3709 3.58653 1.23577 0 22.992 1.26643 1.25365 0 23.3157 4.00277 3.88736 0 25.7748 1.635 3.75614 0 25.9194 4.09319 1.21059 0 29.0378 1.18188 1.27722 0 28.1693 4.48423 4.20538 0 31.2507 1.52078 4.00571 0 31.4505 4.00455 1.20761 0 34.3315 1.44606 1.11372 0 33.6849 4.16296 4.12134 0 37.2795 1.23712 4.55066 0 36.877 4.46025 1.93879 0 1.23859 6.45412 1.23717 0 1.66182 9.50418 4.40232 0 3.97053 6.50433 4.17467 0 4.31172 9.4007 1.76193 0 6.9898 6.45163 1.62049 0 6.96391 9.33423 4.16332 0 9.61853 6.34827 4.31249 0 9.76618 9.39451 1.29746 0 12.5426 6.52916 1.65691 0 12.1528 9.64442 3.74796 0 15.6347 6.78745 4.11814 0 15.1348 9.84323 1.63753 0 18.0423 6.42539 1.39574 0 18.0273 9.79921 4.07795 0 20.3536 6.52556 4.27247 0 20.0005 9.4604 1.12027 0 23.0003 6.91029 1.14377 0 22.5702 9.72148 3.80038 0 25.2991 7.23306 3.71163 0 25.3137 9.46115 1.01663 0 28.4677 7.18079 1.02129 0 28.2373 9.58391 3.96909 0 31.357 7.26364 4.22517 0 31.4207 9.1916 1.12157 0 34.3638 6.72876 1.11505 0 34.4301 9.19329 3.95282 0 37.5228 7.00674 4.10615 0 37.1155 9.40297 1.46733 0 1.71981 12.3315 1.37054 0 1.74563 15.3047 4.10831 0 4.23227 12.2637 3.88279 0 4.43543 15.1145 1.21885 0 7.07272 11.8755 1.41229 0 7.02106 14.9542 3.9262 0 9.54172 12.0503 4.11578 0 9.62521 14.9417 1.59319 0 12.0892 12.2934 1.43261 0 12.69 15.1104 4.43568 0 14.8277 12.3421 4.0638 0 15.0903 15.3801 1.57133 0 17.5233 12.7014 1.34607 0 17.5556 15.1438 3.93526 0 20.2199 12.8067 3.827 0 20.1281 15.6142 1.4808 0 22.9565 12.2863 0.962686 0 23.0857 15.2711 3.76755 0 25.5708 12.1466 3.54623 0 25.9521 14.5546 1.08479 0 28.9032 11.995 1.2516 0 28.5834 14.6001 4.44095 0 31.3443 12.0861 4.2991 0 31.5276 14.7579 1.57844 0 34.205 12.0402 1.92581 0 33.9854 15.1299 4.54819 0 37.1257 12.2857 4.29625 0 37.2374 14.8075 1.30906 0 1.97849 17.8545 1.6461 0 1.69123 20.2208 4.46443 0 4.44153 17.6864 4.15711 0 4.32607 20.7996 1.64684 0 7.23205 17.9278 1.44202 0 7.08669 20.6332 4.10834 0 9.91635 17.9052 4.16873 0 9.77135 20.6589 0.972719 0 12.136 17.866 1.39611 0 11.9966 21.0261 4.37797 0 14.6703 18.1948 4.09069 0 14.4479 20.8161 1.22038 0 17.3425 18.2761 1.33391 0 17.5508 20.9268 3.89626 0 20.2888 17.7247 4.29876 0 20.3966 20.7875 1.6699 
0 23.2573 17.6923 1.27502 0 23.4356 20.2879 4.24324 0 25.8209 17.383 4.29435 0 25.7579 20.5031 1.10602 0 28.4486 17.155 1.69122 0 28.3362 20.4554 3.4228 0 31.2439 17.5223 4.13146 0 31.4209 20.3508 1.70335 0 34.1091 17.52 1.57311 0 34.1886 20.5393 4.18583 0 36.809 17.9869 4.42799 0 36.9934 20.5237 1.44157 0 1.75984 23.2663 1.92342 0 1.55372 26.3014 3.85144 0 4.35106 23.4391 4.4555 0 4.7148 25.995 1.4175 0 7.43962 23.7111 1.35405 0 6.92326 25.8269 4.42788 0 9.52274 23.5032 3.93386 0 9.51492 26.3371 1.31698 0 12.1913 23.3852 1.14697 0 12.3154 26.0015 3.86623 0 14.9251 23.3598 4.29479 0 14.7589 26.1062 1.04173 0 17.3679 23.433 1.44064 0 17.7002 25.6234 4.49085 0 20.5768 23.3636 4.22076 0 20.8108 25.7672 1.46837 0 23.3458 23.1602 1.49152 0 23.6335 25.7397 4.05745 0 26.1939 23.44 4.05193 0 26.2163 26.5707 1.2357 0 28.2601 23.2833 1.27771 0 28.7919 26.5447 4.26767 0 30.9449 23.087 4.06412 0 31.2857 25.8018 1.52617 0 33.6322 23.3581 1.5991 0 34.339 25.9906 3.98568 0 37.0054 23.1292 3.96831 0 37.0268 25.9512 1.59902 0 1.62454 28.3463 0.97772 0 1.02367 31.6029 4.15402 0 4.15476 28.8427 4.13152 0 3.86792 31.7333 1.56789 0 6.88567 28.9093 1.28144 0 6.40142 31.7407 4.13248 0 8.97324 29.1499 3.98211 0 9.63499 31.3213 1.38259 0 12.1344 28.8151 1.44202 0 12.1424 31.4827 4.20582 0 15.1222 28.5285 3.886 0 14.8325 31.2662 1.60347 0 18.0985 28.4203 1.50149 0 17.9892 31.2876 3.85474 0 20.7057 28.7177 4.35107 0 20.5959 31.1591 1.45829 0 23.2654 28.3491 1.68988 0 23.0676 31.2755 4.23719 0 25.7452 28.5378 4.41396 0 25.8687 31.1183 1.41315 0 29.235 28.624 1.64929 0 28.9965 31.0004 4.48117 0 31.8749 28.6736 4.12851 0 31.4749 31.2481 1.83974 0 34.3746 28.7619 1.71928 0 34.7931 31.3629 4.18814 0 37.1207 28.6362 4.19678 0 37.3201 31.0352 1.20294 0 1.13551 33.8587 1.4298 0 1.59146 37.3557 4.33521 0 4.07602 34.3024 4.4414 0 4.32241 36.5372 1.48029 0 6.78883 34.208 1.36585 0 6.98355 37.0199 4.11775 0 9.44288 34.0994 4.08153 0 9.50014 36.6927 1.23372 0 12.1417 34.1574 1.3181 0 12.398 36.4088 4.13716 0 15.297 33.9954 4.04561 0 15.0526 36.5989 1.48322 0 17.568 34.0449 1.28815 0 17.8547 36.5373 3.92569 0 20.4757 34.0222 4.36832 0 20.4214 36.4843 1.32664 0 23.3801 33.7857 1.38387 0 23.1274 36.701 3.78661 0 26.0772 34.1278 4.2187 0 25.8514 36.8588 1.07519 0 28.7743 34.1438 1.48417 0 28.5247 36.8602 3.92462 0 31.3979 34.1046 4.25897 0 31.7242 36.8042 1.53956 0 34.2435 33.9729 1.77588 0 33.9907 37.2547 4.48815 0 36.507 34.5555 4.50588 0 36.5239 36.8073 1.57654 0 1.64518 1.33001 7.12887 0 1.16484 4.28963 9.83428 0 4.23994 1.86343 9.41925 0 4.33245 4.09924 6.73733 
0 7.07632 1.47509 6.84784 0 7.29905 3.96114 9.76754 0 9.5965 1.06052 9.35366 0 9.99909 3.9752 7.05466 0 12.294 1.15469 6.93841 0 12.5428 3.77405 9.81515 0 15.1114 1.00391 9.45201 0 15.2817 4.30503 6.61015 0 18.0664 0.996384 6.70617 0 18.0418 3.77699 9.34202 0 20.5607 1.23781 9.73911 0 20.6597 3.75994 6.63479 0 23.0555 0.92614 6.42126 0 23.0544 4.23659 9.9143 0 25.8309 1.58857 9.55145 0 25.5489 3.98911 6.79604 0 28.297 1.63614 6.70553 0 28.1739 4.22162 9.95666 0 31.0927 1.45391 9.59592 0 31.1066 4.32908 6.95148 0 33.728 1.478 6.71895 0 33.8158 3.97619 9.93998 0 36.4957 1.7221 9.72898 0 37.1145 4.01914 6.87548 0 1.40974 6.95364 7.07506 0 2.17387 9.65064 9.4362 0 4.62904 6.54528 9.6457 0 4.59307 9.52937 6.90854 0 6.83695 6.40732 6.72056 0 7.16809 9.41163 9.63386 0 9.87235 6.75475 9.65651 0 9.68405 9.41651 6.70518 0 12.2418 6.78715 6.97121 0 12.2868 9.62929 9.61875 0 15.1825 6.44662 9.69515 0 14.8561 9.06094 6.7116 0 18.0209 6.51785 7.09931 0 17.7565 9.24555 9.62679 0 20.3424 7.04569 9.87326 0 20.2404 9.3654 7.08741 0 22.829 6.99108 6.72702 0 22.8613 10.0066 9.55113 0 25.835 7.57948 9.26624 0 25.3254 9.78493 6.22746 0 28.3364 6.93948 6.85339 0 28.8027 9.32808 9.60019 0 31.2339 6.78379 9.62736 0 31.47 9.6961 6.91137 0 34.4041 6.73064 6.67911 0 34.4258 9.53407 9.5458 0 37.0011 6.81792 9.57736 0 37.2445 9.6173 6.83941 0 1.64773 12.4637 6.8213 0 1.55195 14.7547 9.65349 0 4.46534 12.3058 9.65658 0 4.5785 14.6738 6.65851 0 7.37224 12.4786 7.02074 0 6.94619 14.7904 9.56089 0 9.75933 12.3584 9.48616 0 9.67845 15.2043 6.92515 0 12.5487 12.107 6.80984 0 12.4851 15.0493 9.0372 0 15.0311 12.2211 9.4329 0 15.3576 15.3705 6.82848 0 17.2831 12.3271 6.62192 0 17.8567 15.2084 9.3478 0 19.6885 12.2662 9.55899 0 20.1271 14.908 6.86433 0 22.8377 12.2309 6.57455 0 22.7834 14.6781 9.65659 0 25.8513 12.2847 9.64446 0 25.567 14.963 7.01195 0 28.4465 11.8291 6.88928 0 28.2557 14.9738 9.39263 0 31.1898 12.4353 9.33412 0 30.8686 14.9957 6.88365 0 34.4527 12.2488 6.34828 0 33.9966 14.5754 9.19685 0 37.346 12.0719 9.23447 0 36.9622 15.1819 6.87904 0 2.01958 17.4835 6.94785 0 1.19457 20.4242 9.60853 0 4.31765 17.5506 9.59334 0 4.26808 20.491 6.90694 0 6.77243 17.812 7.04636 0 6.48957 20.5018 9.79891 0 9.64235 17.3912 9.59539 0 9.3405 20.2165 6.83628 0 12.2554 17.8464 6.75156 0 12.2198 20.4724 9.5574 0 14.7865 17.8879 9.32214 0 14.6707 20.6925 6.55368 0 17.3485 18.2077 6.48137 0 17.4186 20.8529 9.52006 0 20.6364 17.7375 9.39932 0 20.2698 20.8617 6.62984 0 23.3277 17.8941 7.0096 0 23.0983 20.4755 9.47883 0 25.9454 17.8701 9.38257 0 25.7957 20.3422 6.58516 
0 28.557 17.5373 6.72722 0 28.5136 20.6089 9.21751 0 31.3207 17.998 9.2803 0 31.0866 20.3549 6.44838 0 34.2219 17.6723 7.08445 0 34.0316 20.4891 9.23075 0 37.0106 17.7704 9.40386 0 37.0901 20.5735 6.79846 0 1.31955 23.3437 6.49375 0 1.27891 26.2045 9.38068 0 3.84494 23.1432 9.41509 0 3.78597 25.9213 6.81712 0 7.1824 23.109 6.78937 0 6.52888 25.9541 9.62382 0 9.26132 23.1544 9.83584 0 9.61091 26.2543 7.16717 0 11.9675 23.2875 6.86071 0 12.1501 26.4194 9.5325 0 14.7034 23.7674 9.67633 0 15.0513 26.5075 6.85945 0 17.6875 23.0611 6.88743 0 17.6341 25.9131 9.43404 0 20.3439 23.3937 9.58391 0 20.395 25.9928 6.8353 0 23.243 23.2485 6.99327 0 23.1189 25.7982 9.59183 0 25.9962 23.2447 9.55716 0 26.1029 26.0766 7.13288 0 28.4477 23.3562 6.89882 0 28.8581 26.0594 9.69227 0 31.6687 23.2319 9.1182 0 31.2411 26.0193 6.84254 0 33.8175 23.3041 6.18424 0 34.3688 25.735 9.06528 0 36.851 23.1456 9.45275 0 36.8471 25.8156 6.41574 0 1.63547 28.7464 6.91937 0 1.29551 31.5426 9.50894 0 4.06817 28.9113 9.63875 0 3.86231 31.579 6.76447 0 6.71726 28.6815 6.72343 0 6.65273 31.8005 9.6222 0 8.99794 29.0829 9.51761 0 9.32477 31.4981 6.38519 0 12.1672 28.5044 6.49566 0 12.2443 31.3877 9.24216 0 14.9909 28.8776 9.22342 0 14.8828 31.5405 6.95645 0 17.9947 28.6593 6.9179 0 17.8799 31.2218 9.72128 0 20.9101 28.6834 9.56633 0 20.6543 31.2058 7.03621 0 23.3851 28.5678 6.97125 0 23.6035 31.4949 9.77879 0 25.8413 28.6768 10.0444 0 25.7335 31.4701 6.85822 0 28.7224 28.8445 7.40996 0 28.2217 31.4006 10.0173 0 31.4539 28.714 9.99728 0 31.5384 31.2691 7.4219 0 34.5266 29.0287 6.69316 0 34.2284 31.5931 9.80126 0 36.7136 28.7387 9.28857 0 36.7362 31.6694 7.13816 0 1.33658 34.2617 7.06997 0 1.53962 37.2495 9.78934 0 3.76695 34.6267 9.74794 0 4.30376 37.1243 6.97133 0 7.01757 34.1948 7.0285 0 6.69378 37.0347 9.60701 0 9.67147 34.3577 9.23572 0 9.66401 36.8588 6.61342 0 12.4072 33.9891 6.87241 0 12.6004 36.8601 9.31228 0 15.186 33.9234 9.46072 0 15.0262 36.7521 6.61957 0 18.0346 34.0013 6.91024 0 17.905 36.5512 9.42342 0 20.8072 34.0115 9.51276 0 20.6206 36.862 6.55364 0 23.2457 34.2744 6.90201 0 23.3176 36.8495 9.56889 0 26.1805 34.1661 9.13823 0 25.7219 36.8017 6.86063 0 28.7571 33.7997 6.78369 0 28.8075 36.8809 9.67815 0 31.2691 34.3573 9.58976 0 31.0836 36.6553 6.46344 0 33.9441 34.25 7.21766 0 33.8958 37.4038 9.49793 0 36.9587 34.2321 9.81658 0 37.0826 36.9191 7.5977 0 0.789908 1.73861 12.3958 0 1.19014 4.40622 15.2316 0 3.64735 1.52416 15.3872 0 4.20753 4.18388 12.5626 0 6.91446 1.48713 12.2884 0 6.99871 3.86255 15.2008 0 10.2203 0.959496 15.3757 0 9.90852 3.79406 12.5543 
0 12.7384 1.13421 12.3772 0 12.7779 3.96206 14.658 0 15.4735 1.238 15.0044 0 15.6137 3.93787 12.1568 0 17.722 0.913175 12.1115 0 17.9684 3.91447 15.0841 0 20.345 1.31747 15.2299 0 20.2664 4.12468 12.4988 0 23.012 1.06489 12.248 0 23.1955 3.88444 14.9771 0 25.9444 1.31548 14.9815 0 25.7332 4.30138 12.3102 0 28.5948 1.61873 12.4953 0 28.5746 4.37072 15.2081 0 31.0802 1.62902 15.2574 0 31.1586 4.15951 12.2827 0 33.752 1.74256 12.6773 0 34.1591 4.32954 15.2859 0 36.6323 1.52656 15.1438 0 36.5578 4.58225 12.6508 0 1.34478 7.112 12.3705 0 1.03884 9.65828 15.0942 0 3.82568 7.22665 15.1297 0 4.24942 9.74989 12.3844 0 6.90576 6.65757 12.703 0 6.47793 10.1287 15.0365 0 10.0536 6.74165 15.4342 0 9.30069 9.51796 12.3959 0 12.3476 6.75079 12.4139 0 12.5134 9.39984 15.2996 0 15.2317 7.00167 15.2271 0 15.144 9.59867 12.2303 0 17.7032 6.99872 12.8572 0 18.0308 9.62331 15.4281 0 20.5877 6.69381 15.088 0 20.0428 9.67809 12.2094 0 23.0148 6.97287 12.2372 0 22.8592 9.81981 15.3055 0 25.6541 6.66899 15.1857 0 25.7678 9.38977 12.3078 0 28.7454 6.96899 12.5207 0 28.6009 9.58679 15.051 0 31.4618 6.77091 15.3224 0 31.4834 9.878 12.2727 0 34.0177 7.23099 12.44 0 34.1856 9.69536 15.1106 0 36.4636 7.21249 15.578 0 36.8905 9.33607 12.0384 0 1.36188 12.3214 12.1031 0 1.12456 14.8923 14.5496 0 3.55673 12.2961 15.0494 0 4.17002 14.9255 12.2289 0 7.04938 12.4068 12.0869 0 7.06863 15.0739 14.7743 0 9.29497 12.133 15.4836 0 10.1027 14.9745 12.116 0 12.2523 12.2682 12.3717 0 12.8192 14.896 14.8347 0 15.2063 12.2561 14.8156 0 15.1431 15.2384 11.9593 0 17.6221 12.4168 12.5514 0 17.7518 15.5668 15.0436 0 20.429 12.5466 15.0925 0 20.1521 15.6399 12.312 0 23.4124 12.1647 12.4534 0 23.2076 15.0232 14.7193 0 25.7775 12.7916 15.1967 0 26.0369 15.1405 12.2048 0 28.2614 12.0112 12.3397 0 28.7211 15.5261 14.5654 0 31.155 12.3948 14.918 0 31.5451 14.8105 12.0515 0 34.1156 12.3447 12.1782 0 33.9958 15.1156 14.9454 0 36.6261 12.1883 14.6135 0 36.92 14.9022 11.8575 0 1.23153 17.5809 11.9407 0 1.09348 20.4253 14.7322 0 4.23546 17.3132 14.8098 0 3.9494 20.3166 11.9857 0 6.85299 17.465 12.1496 0 6.45161 20.3045 14.77 0 9.88099 17.3673 14.9968 0 9.54299 20.3495 12.3839 0 12.3625 18.0364 12.3487 0 12.2852 20.8098 15.5083 0 15.0985 18.2141 15.1751 0 14.7726 21.0566 12.2003 0 17.3715 18.3466 11.9384 0 17.7959 20.5288 14.8398 0 20.2874 18.0648 14.9421 0 20.1912 21.0821 12.2673 0 23.1498 18.0431 12.5062 0 22.9823 20.7742 14.7816 0 26.0364 17.7603 14.8145 0 25.9309 20.503 11.8709 0 28.885 18.1468 11.878 0 28.5999 20.4601 14.8576 0 31.3758 18.0077 14.6777 0 31.333 20.5412 11.851 
0 34.1812 17.4973 11.8609 0 34.0079 20.4155 14.5844 0 37.0385 17.7103 14.9212 0 36.5581 20.3556 11.9338 0 1.3867 22.9356 12.2284 0 0.865034 25.7405 14.4843 0 4.06584 23.0365 14.9456 0 4.06412 25.8924 12.2527 0 7.02081 23.3562 12.5476 0 7.03765 26.5906 14.7794 0 9.60713 23.4092 14.7496 0 9.44145 26.3181 11.8902 0 12.2183 23.5337 12.5189 0 12.1904 26.4499 14.6498 0 15.1008 23.4944 14.9728 0 14.982 26.3575 12.0421 0 17.4648 23.4361 12.179 0 17.898 26.1845 14.8633 0 20.5325 23.3788 15.1372 0 20.5588 26.1632 12.3145 0 22.9751 23.4233 12.0799 0 23.3285 25.9773 14.933 0 26.2697 23.3328 14.5481 0 25.8268 25.6519 12.0689 0 28.8479 22.9454 11.8515 0 28.6666 26.2187 15.0408 0 31.3356 23.2174 14.6812 0 31.292 25.8255 12.558 0 34.0753 23.3802 11.8562 0 34.0439 25.8555 14.8461 0 36.5978 23.1766 14.719 0 36.7302 25.9825 11.8894 0 1.50099 28.496 11.9376 0 0.898479 31.7461 15.0479 0 3.89589 28.8316 14.6392 0 3.54963 31.353 12.1273 0 6.69906 29.1117 12.3247 0 6.86285 31.5392 14.9444 0 9.75817 29.2616 15.0517 0 9.45193 31.8253 12.1383 0 12.4259 29.1775 12.1852 0 12.6745 31.673 15.1055 0 15.064 28.9817 14.6832 0 15.1191 31.5215 12.0663 0 18.0013 28.6254 12.2323 0 17.9137 31.3957 14.6807 0 20.6042 28.8942 14.9824 0 20.7359 31.3332 12.2744 0 23.2573 28.6766 12.5274 0 22.9678 31.4769 15.1345 0 25.8448 28.8623 15.2122 0 25.8629 31.3098 12.5173 0 28.4471 28.7252 12.5976 0 28.5863 31.3221 15.0569 0 31.2847 28.5485 15.315 0 31.3229 31.3946 12.1966 0 34.0886 28.7787 12.3359 0 33.8754 31.6787 14.982 0 36.866 28.8074 15.0095 0 36.7632 31.467 12.1746 0 1.40559 34.2525 12.4936 0 1.24392 37.1984 14.8146 0 4.01603 34.3339 15.1061 0 4.06163 37.3391 12.7232 0 6.44651 34.1743 12.5233 0 7.14453 36.5568 14.824 0 9.83562 34.3765 14.6438 0 9.20414 36.7954 12.0301 0 12.3433 33.9245 11.7529 0 12.831 36.6197 14.7948 0 15.4178 33.7819 14.952 0 15.2299 36.344 11.9916 0 18.004 33.8782 12.0836 0 17.878 36.7647 14.711 0 20.3268 34.046 14.9929 0 20.7019 36.5914 12.13 0 23.372 33.942 12.2469 0 23.3069 36.6857 14.9385 0 25.9075 33.8313 15.0242 0 25.9741 36.4372 12.3737 0 28.8065 34.1519 12.4405 0 28.8019 37.0521 14.9675 0 31.5227 34.3393 15.1596 0 31.6785 37.1969 12.4721 0 34.0591 34.4273 11.889 0 33.6886 37.4871 15.5372 0 36.6063 34.415 15.1597 0 36.6923 37.3507 12.2374 0 1.10779 1.4974 17.8354 0 1.39284 4.54658 20.6214 0 4.02471 1.42335 19.7184 0 3.87985 4.54779 17.5643 0 7.20515 0.973581 17.3819 0 6.94244 4.15253 20.1545 0 9.98567 1.39538 20.3816 0 9.81116 3.868 17.7462 0 12.9591 1.42505 17.8735 0 12.3566 4.00416 20.5578 0 15.2144 1.26885 20.8768 0 15.1218 4.38274 18.202 
0 17.3987 1.49967 18.046 0 17.5262 4.01761 20.8981 0 20.5596 1.57099 20.7637 0 20.3586 3.82021 17.9845 0 23.1462 1.48274 17.9745 0 23.1422 3.96683 21.0529 0 25.577 1.40914 20.8044 0 25.8396 4.18669 18.0667 0 28.3797 1.57392 17.9649 0 28.3336 4.72359 21.0785 0 31.2217 1.61274 20.5428 0 31.1737 4.43245 18.1847 0 34.0469 1.95232 17.7858 0 33.7546 4.17436 20.8509 0 36.6211 1.76031 20.7082 0 36.7388 4.41504 18.0369 0 1.27801 6.93885 17.8623 0 1.13103 10.1457 20.4803 0 3.90879 7.50491 20.7997 0 3.77635 9.97557 17.7158 0 6.73526 7.34012 17.5847 0 7.10641 9.69043 20.8709 0 9.42321 6.67751 20.2696 0 9.76881 9.40937 18.0426 0 12.413 7.16861 18.0801 0 12.5713 9.47479 21.0072 0 15.2704 6.86308 20.8261 0 15.4173 10.1575 17.5656 0 18.047 6.84884 18.131 0 17.9018 9.83083 20.268 0 20.6861 6.7047 20.6193 0 20.6299 9.23622 17.7678 0 23.1879 6.64388 17.9037 0 23.3038 9.89311 20.6294 0 25.5266 7.15634 20.7937 0 25.8657 9.94824 17.5345 0 28.5808 6.85528 17.9481 0 28.7162 9.5841 20.7973 0 31.3248 6.93782 20.5836 0 31.001 9.57392 17.6425 0 34.0689 7.28015 18.0839 0 33.9845 9.90213 20.5435 0 37.1805 7.08034 20.8146 0 36.7974 9.86819 18.067 0 1.14577 12.6161 17.4695 0 1.08738 14.8231 20.6325 0 4.00838 12.4549 20.2941 0 4.00082 15.0756 17.4704 0 7.03577 12.6513 18.1121 0 6.90881 15.2149 20.5835 0 9.66966 11.8793 20.5242 0 9.80008 14.9007 17.8708 0 12.8778 12.587 17.7285 0 12.1456 14.7576 20.8222 0 15.0833 12.7803 20.5481 0 14.9633 15.3633 17.8639 0 17.7177 12.9212 18.1247 0 17.6438 15.3237 20.7219 0 20.2919 12.5192 20.0083 0 20.8477 15.2204 17.3363 0 23.208 12.261 17.6323 0 23.4246 15.0519 20.5876 0 26.2507 12.4991 20.4216 0 26.1182 14.9941 17.827 0 28.5915 12.4485 17.7008 0 28.63 15.2962 20.2607 0 31.2157 12.3204 20.7119 0 31.0204 15.1882 17.2642 0 33.9955 12.504 17.393 0 34.1711 14.991 19.9907 0 36.7127 12.4004 20.7001 0 36.5781 15.1592 17.4778 0 1.37901 17.8014 17.4057 0 1.24594 20.0346 20.613 0 3.81938 17.7003 20.3614 0 4.01681 20.1724 17.2886 0 6.53938 17.7929 17.4368 0 6.36203 20.2289 20.2306 0 9.02004 18.0014 20.3076 0 9.55549 20.2345 17.6639 0 12.1858 17.5385 18.1982 0 12.1726 20.5149 20.7239 0 14.7131 17.7458 20.5288 0 15.2308 20.7548 17.7606 0 17.6739 17.7121 17.629 0 17.9419 20.6497 20.4662 0 20.6903 18.0194 20.4074 0 20.4611 20.3856 17.4696 0 23.2661 17.4502 17.6743 0 23.2921 20.4963 20.2231 0 25.6843 18.0187 20.5148 0 25.7013 20.7215 17.345 0 28.3977 18.2494 17.7498 0 28.6094 20.7097 20.4736 0 31.3183 17.7975 20.3354 0 31.2855 20.7479 17.5728 0 33.8242 17.9624 17.5224 0 34.0133 20.6463 20.4807 0 36.3456 17.8116 20.1 0 36.7092 20.5637 17.371 
0 1.16394 22.8509 17.5143 0 1.28284 25.564 19.9972 0 4.19543 22.9711 20.0162 0 4.15363 26.0903 17.0631 0 6.98378 23.0803 17.3598 0 6.84686 25.6299 20.3222 0 9.47233 22.9838 20.1156 0 10.0241 26.4765 17.6884 0 12.4624 23.1976 17.7707 0 12.2469 26.0702 20.4711 0 15.1544 23.0423 20.8212 0 15.2845 26.2895 17.5039 0 18.0055 23.3219 17.8807 0 17.288 26.0956 20.305 0 20.3224 23.4002 20.5399 0 20.1928 26.0491 17.8911 0 23.2472 23.1326 17.8203 0 23.191 26.0609 20.2333 0 25.8957 23.2855 20.6462 0 25.8042 26.1305 17.5062 0 28.9162 23.3409 17.4275 0 28.6187 25.8714 20.141 0 31.3277 23.218 20.1786 0 31.5578 25.6569 17.5167 0 34.2758 23.3639 17.7683 0 34.0565 25.7424 20.8383 0 36.8157 22.6736 20.6292 0 36.6582 26.0645 17.5161 0 1.12679 28.506 17.3227 0 1.10693 30.8336 20.6044 0 3.95936 28.1818 20.5042 0 3.93895 30.7503 17.8904 0 7.08635 28.8735 17.5718 0 7.00851 31.4448 20.2143 0 9.45237 28.4597 20.6816 0 10.036 31.9001 17.9313 0 12.5662 28.7834 17.7115 0 12.3794 31.1845 20.6601 0 14.9999 28.7677 20.5357 0 15.1501 31.6095 17.9028 0 17.8056 28.8515 17.9326 0 17.7818 31.3674 20.6627 0 20.3138 28.68 20.317 0 20.3569 31.7497 17.9028 0 23.2874 29.0222 17.8127 0 23.2638 31.7045 20.5808 0 26.1622 28.706 20.3321 0 25.8282 31.4214 17.9305 0 28.8241 28.8622 17.8362 0 28.6341 31.5839 20.2873 0 31.4117 28.4489 20.2743 0 31.1928 31.7205 17.8493 0 34.0168 28.3745 17.4398 0 34.2591 30.8138 20.6911 0 36.7536 28.355 19.9797 0 36.6536 31.3761 17.5697 0 1.3384 33.7628 17.9529 0 1.06743 37.1494 20.0298 0 4.32842 33.3309 20.6016 0 4.02343 36.384 17.9442 0 6.75747 33.9391 17.6867 0 6.72901 36.1226 20.5805 0 9.84313 34.1159 20.7855 0 10.0391 36.574 17.8343 0 12.9082 34.3756 17.7015 0 12.5841 36.9706 20.4721 0 15.186 33.9719 20.4034 0 15.5527 36.9139 17.5362 0 17.8269 34.1778 17.8859 0 17.6906 36.9081 20.4026 0 20.1163 34.2844 20.5602 0 20.4525 36.6825 17.6655 0 23.2301 34.0883 17.5289 0 22.8732 36.9541 20.4484 0 25.9886 34.0838 20.5562 0 25.7723 36.9997 17.9001 0 28.3786 34.3403 17.9323 0 28.7799 37.5395 20.6252 0 31.1941 34.3227 20.7854 0 31.0985 36.8896 17.9358 0 33.921 34.3819 17.8676 0 34.6024 37.2353 20.2167 0 36.7973 33.6843 20.0518 0 36.8882 36.8596 17.572 0 1.46952 1.62495 23.4871 0 1.63253 4.02975 26.3779 0 4.31201 1.27218 25.7073 0 4.18756 4.30785 23.2239 0 6.5671 1.29856 22.4509 0 6.867 4.30104 25.6683 0 9.27907 1.57079 25.5886 0 9.4516 3.95872 22.995 0 12.3471 1.68464 23.1145 0 12.0833 4.27677 25.9778 0 14.9132 1.19525 25.9911 0 14.9026 4.11472 23.4287 0 17.6288 0.941128 23.6101 0 17.6362 3.95745 26.2394 0 20.4066 1.163 26.3156 0 20.3084 3.91155 23.8965 
0 23.1273 1.02811 23.464 0 23.3695 3.9366 26.4513 0 25.7356 1.19782 26.3199 0 25.6606 4.01771 23.6639 0 28.6277 1.83884 23.6441 0 28.6866 4.22969 26.2972 0 31.4237 1.62659 26.1884 0 31.3176 4.26823 23.7714 0 34.2718 1.96788 23.7577 0 34.0455 4.46691 26.3916 0 36.8508 2.15643 26.3445 0 36.6023 4.57177 23.5495 0 1.37755 7.29121 23.3428 0 1.60489 9.71445 25.8123 0 4.06535 6.81437 25.9033 0 4.5206 9.56583 23.5424 0 7.22047 7.27348 23.6468 0 7.04276 9.75666 26.2434 0 9.74713 7.23397 26.1819 0 9.7026 9.72035 23.4063 0 11.8575 6.53735 22.959 0 12.5889 9.73601 26.348 0 14.5928 6.97753 25.556 0 15.5084 9.66841 23.2755 0 18.0694 6.8426 23.3918 0 17.6831 9.89197 26.161 0 20.2812 6.355 26.5038 0 20.26 10.1608 23.0657 0 22.9295 6.68529 23.7512 0 22.8655 9.22149 26.119 0 25.8844 6.65369 25.9343 0 25.7853 9.86775 23.2847 0 28.9086 7.16546 23.5259 0 28.8716 9.55675 25.9537 0 31.381 6.92061 26.4746 0 31.3932 10.4493 23.3775 0 34.0207 7.1652 23.1153 0 34.0658 9.55757 26.0601 0 36.8273 6.77977 25.9542 0 36.8427 9.80023 23.5104 0 1.37138 12.274 23.3005 0 1.23862 15.5938 26.2109 0 4.30088 12.1624 26.0168 0 3.86121 14.8215 23.2751 0 6.82054 12.5974 23.127 0 6.77168 14.8318 26.3744 0 9.70044 11.9935 26.312 0 9.63622 14.638 23.4757 0 12.6092 12.1738 23.2023 0 12.1446 14.9581 25.8925 0 15.1812 12.3805 26.3931 0 14.8738 15.1521 23.2716 0 17.4927 12.5347 23.4505 0 17.8917 15.0148 26.04 0 20.5561 12.4664 25.9739 0 20.609 15.3239 23.0193 0 23.1718 12.5051 23.2604 0 23.5041 14.7718 25.9081 0 25.7292 11.9702 25.9706 0 25.7001 15.3484 23.1629 0 28.4306 12.5329 23.3285 0 28.7672 15.0866 26.0921 0 31.7298 12.6626 26.2209 0 31.5997 15.1247 23.2814 0 34.2871 12.6416 23.4014 0 33.8439 15.4669 26.0447 0 36.7355 12.6398 26.2756 0 36.8501 15.0819 23.4027 0 1.07626 17.5045 23.1033 0 1.86121 20.5618 26.2909 0 4.04856 17.5438 25.7406 0 3.8894 20.4018 23.2973 0 6.8151 17.3446 23.4289 0 6.83101 20.2745 25.9063 0 9.47145 17.3915 26.2095 0 9.40677 20.355 23.0588 0 12.1511 17.7046 23.3071 0 12.1241 20.306 25.8335 0 14.9189 17.5131 25.9377 0 14.9856 20.3649 23.5273 0 17.902 17.9133 23.4243 0 18.2257 20.737 25.9946 0 20.611 17.8683 25.8286 0 20.6153 20.6296 23.1783 0 23.0879 18.0199 23.2459 0 23.5016 20.5418 25.9748 0 25.9799 17.7781 26.1033 0 25.8928 20.6883 23.2148 0 28.5783 17.6814 22.8618 0 28.4862 20.4545 25.8156 0 31.3946 18.1589 26.0825 0 31.1734 20.1181 23.1707 0 34.038 18.1306 23.017 0 33.815 20.5426 25.8913 0 36.8661 17.9691 26.302 0 36.8003 20.6335 23.4458 0 1.49224 23.2747 23.1032 0 1.05832 25.7546 25.8994 0 4.4304 23.3668 25.9689 0 4.11824 25.9424 23.4775 
0 6.49238 22.8424 23.2301 0 6.85232 25.8676 25.9758 0 9.06298 23.1679 25.761 0 9.2287 25.497 23.1184 0 12.1143 23.2295 23.3321 0 12.1927 26.1658 25.7054 0 15.4224 23.1612 25.9468 0 15.0759 26.0598 23.2365 0 17.8403 23.373 23.5328 0 18.2018 25.7719 26.1926 0 20.8879 23.4029 25.7707 0 20.7654 26.0448 23.3433 0 23.3647 23.5274 23.184 0 23.5495 26.0605 25.9193 0 26.371 23.6705 25.4078 0 25.7584 26.1977 22.8675 0 28.9198 23.1691 23.0465 0 28.7152 26.2544 25.7586 0 31.1977 23.3834 25.8343 0 31.2404 26.1433 23.1029 0 33.8207 23.3205 23.3446 0 34.0264 25.8219 25.7706 0 36.5909 23.2585 26.0452 0 37.1995 25.6285 22.8419 0 1.13278 28.3308 23.1086 0 1.38244 31.3272 26.4422 0 3.35083 28.4206 26.0313 0 3.95462 31.323 23.415 0 6.91342 28.6265 23.0942 0 7.16588 31.0462 26.0864 0 9.65491 28.5889 25.8742 0 9.46375 31.5716 23.0641 0 12.1431 28.4812 23.1043 0 12.3429 31.6986 25.9797 0 15.0511 28.4296 26.1794 0 15.2895 31.6999 23.6227 0 17.6853 28.6609 23.3088 0 17.8821 31.6245 25.7457 0 20.6115 28.6404 25.9474 0 20.7079 31.2719 23.0456 0 22.9059 28.6387 22.8383 0 23.3962 31.4838 25.7111 0 25.6716 28.8936 25.3945 0 25.6498 31.3998 23.0027 0 28.9101 28.7049 22.8798 0 28.7959 31.3977 25.5099 0 31.6197 28.6456 25.513 0 31.4413 31.5561 22.8716 0 34.2285 28.4298 23.2267 0 33.9119 31.8735 25.9526 0 36.8994 28.3996 25.9035 0 37.1923 31.204 23.6074 0 0.976809 34.2063 22.7805 0 0.958881 37.1232 25.8394 0 3.84671 33.8961 25.8206 0 3.89346 36.8719 23.2093 0 6.88331 33.9335 23.7126 0 6.87949 36.7373 25.9461 0 9.78534 33.9476 26.0653 0 9.16256 37.0561 23.2801 0 12.3749 34.2638 23.1893 0 11.8201 36.8353 25.5873 0 15.1146 34.4418 26.0151 0 14.7903 36.9277 23.1969 0 17.7864 34.4809 23.0969 0 17.7858 36.767 26.2755 0 20.5288 34.0159 25.9367 0 20.6113 37.1476 23.5943 0 23.162 34.7565 23.5188 0 23.2506 36.8789 26.3067 0 26.1514 34.3645 25.8672 0 25.9554 37.1518 23.5682 0 28.5504 34.1802 23.0983 0 28.6708 36.9597 26.2595 0 31.4678 34.3947 25.7235 0 31.8523 37.0487 22.822 0 34.3628 33.6741 22.9271 0 34.1052 36.7867 25.7872 0 36.9542 34.2026 26.0274 0 36.9093 37.4981 23.2671 0 1.38681 1.20659 28.5956 0 1.73422 3.81076 31.3153 0 4.32353 1.27496 31.4007 0 4.5935 3.62696 28.6367 0 7.06083 1.10903 28.2165 0 6.70819 3.85052 31.5964 0 9.26856 0.78849 31.3494 0 9.23555 3.82267 28.5237 0 11.9833 1.40321 28.1843 0 12.5576 3.8524 31.1284 0 15.0401 1.39085 31.4001 0 15.1178 3.80359 28.6426 0 17.8542 1.16053 28.6374 0 17.4915 3.91937 31.6422 0 20.3519 1.3219 31.5219 0 20.554 4.0681 28.8844 0 23.1885 1.02753 28.7457 0 23.6962 4.13662 31.2576 0 26.1739 1.34914 31.7043 0 26.14 3.92184 28.7919 
0 28.8184 1.38388 28.7865 0 28.8148 4.13465 31.7841 0 31.6616 1.15031 31.7201 0 31.4227 4.2266 28.9186 0 34.1432 1.13833 28.5669 0 34.2661 4.03118 31.6928 0 37.0271 1.37186 31.395 0 36.9275 4.3676 29.1456 0 1.62907 6.73816 28.5457 0 1.27307 9.82927 31.3865 0 4.19142 6.63372 31.3115 0 3.91064 9.59893 28.9103 0 6.6094 6.79913 28.65 0 6.6244 9.14118 31.4306 0 9.44333 6.57887 31.5469 0 9.35965 9.30192 29.0764 0 11.8386 6.62903 28.8167 0 12.2935 9.7196 31.8258 0 14.8577 6.85541 31.5728 0 15.1556 9.56675 29.0003 0 17.5403 6.6494 28.8801 0 17.6866 9.68376 31.4298 0 20.2534 7.04408 31.2824 0 20.2568 9.56086 28.8404 0 23.2601 6.89079 29.0023 0 23.2306 9.74235 31.5633 0 26.2025 6.68615 31.6948 0 26.4039 9.23098 29.0206 0 28.8294 6.81736 28.929 0 28.7465 9.77698 31.5777 0 31.8023 7.10827 31.328 0 31.7005 9.93921 29.0437 0 34.4331 7.08327 28.7546 0 34.3912 9.58173 31.5566 0 37.3393 6.92447 31.4063 0 37.0911 9.92508 28.6543 0 1.14107 12.9719 28.6656 0 1.78437 14.9712 31.7121 0 4.04505 12.4229 31.7175 0 4.12854 14.8319 28.6988 0 6.68986 12.2039 29.1957 0 7.05815 15.054 31.4401 0 9.53303 11.9786 31.6395 0 9.65291 14.9825 28.7471 0 12.3876 12.3314 29.217 0 12.2973 15.2463 31.4773 0 14.854 12.2118 31.3858 0 14.8482 15.1292 28.6266 0 18.017 12.5515 28.8659 0 17.346 15.4414 31.2021 0 20.6759 12.4862 31.3596 0 20.563 15.3402 28.6964 0 23.5986 12.67 28.9532 0 22.903 15.4379 31.6703 0 26.3338 12.6008 31.182 0 26.1008 15.2583 28.5762 0 28.9919 12.1114 28.5709 0 28.5668 15.5086 31.0792 0 31.6905 12.2847 31.9224 0 31.6502 15.1608 29.1691 0 34.2159 12.7542 28.8242 0 34.2039 15.3322 31.5456 0 36.8091 12.5557 31.435 0 36.891 15.5096 28.8785 0 1.26145 17.8609 28.9483 0 1.06329 20.2505 31.5031 0 4.57928 17.4949 31.339 0 4.03798 20.8619 29.2655 0 6.66678 17.9536 28.5414 0 6.93307 20.4396 31.4821 0 9.6327 17.7454 31.5091 0 9.50818 20.3012 28.6575 0 12.4985 17.9737 28.5875 0 12.4333 20.7255 31.2702 0 14.8468 17.8042 31.3796 0 14.929 20.6298 28.7406 0 18.0512 17.6882 28.2011 0 17.794 20.8011 31.313 0 20.2964 17.8451 31.2413 0 21.0029 21.0217 28.817 0 23.5092 18.0073 28.6988 0 23.7985 20.4828 31.454 0 25.8837 17.7833 31.4847 0 26.0726 20.7341 28.8547 0 28.8078 18.0947 28.6733 0 28.4808 20.271 31.6705 0 31.3172 17.8689 31.7398 0 31.3773 20.821 28.9107 0 33.6657 18.1902 28.6125 0 34.0068 20.5371 31.5075 0 36.7497 18.1394 31.6173 0 36.7309 20.7175 28.5915 0 1.22178 23.2002 28.8382 0 1.44453 25.5567 31.4546 0 4.35463 23.3499 32.1215 0 4.00752 25.2263 28.7872 0 6.94065 22.8309 28.5412 0 6.69511 25.8115 31.3971 0 9.27797 23.297 31.2527 0 9.43405 25.5643 28.4913 
0 12.3147 23.1599 28.1079 0 12.1974 25.9794 30.9746 0 14.8482 23.3455 31.3642 0 14.9937 25.7085 28.5614 0 18.5709 23.5542 28.6785 0 17.9726 26.1316 31.3111 0 21.0223 22.9621 31.7204 0 21.1349 26.0984 28.566 0 23.9612 23.5181 28.3597 0 23.4391 25.8151 31.4 0 26.3952 23.4 31.2808 0 25.9393 26.3996 28.2755 0 28.676 23.5739 28.2784 0 28.9363 26.0543 31.2839 0 30.8973 23.0205 31.8331 0 31.43 26.1666 28.6959 0 33.9618 23.6652 28.8573 0 34.2392 25.42 31.7246 0 36.7762 23.1593 31.4966 0 36.6629 25.8147 28.9189 0 1.20415 28.0348 29.1368 0 1.73753 31.1458 30.9542 0 3.96078 28.3944 31.3371 0 4.36584 31.3085 28.3306 0 6.35329 28.0898 28.5532 0 6.747 31.0544 31.3488 0 9.45319 28.4871 31.3421 0 9.70307 31.2352 28.7345 0 12.3203 28.5734 28.666 0 12.2767 31.3952 31.3678 0 15.1977 28.8793 30.9957 0 14.9999 31.4444 28.3546 0 18.2018 28.6865 28.8368 0 17.8455 31.6406 31.4473 0 21.1448 28.6684 31.5 0 20.9113 31.3385 28.7009 0 23.3681 28.9289 28.4023 0 23.5214 31.1963 31.59 0 26.3439 28.4077 31.0174 0 26.2475 31.3643 28.22 0 29.1253 28.9632 28.3478 0 28.8944 31.0687 31.0418 0 31.4854 28.7549 31.2471 0 31.6187 31.707 28.6309 0 34.1298 28.7654 28.5968 0 34.0738 31.2145 31.2599 0 36.7671 28.4966 31.2654 0 36.8529 31.2138 28.776 0 1.47921 33.9741 28.5024 0 1.50053 36.752 31.0995 0 4.34271 33.7173 30.9771 0 4.32474 36.8205 28.6383 0 7.13544 33.8294 28.7427 0 6.7671 36.4852 31.1341 0 9.39808 33.9497 31.6678 0 9.49767 36.6648 28.6749 0 12.2107 34.092 28.8777 0 12.1677 36.9389 31.1725 0 15.3392 33.7642 31.54 0 15.2032 36.7063 28.8952 0 17.9434 33.6488 28.6026 0 18.022 36.28 31.583 0 20.6395 33.8272 31.2981 0 20.4994 36.5312 28.844 0 23.6804 34.02 28.4652 0 23.2415 36.5701 31.5119 0 26.4722 33.9344 31.3085 0 25.8538 37.0092 29.0346 0 28.7695 34.1325 28.6682 0 28.7123 36.7066 31.4458 0 31.4471 34.2437 31.3663 0 31.3634 36.6106 28.9236 0 34.277 34.2767 28.3601 0 34.3368 37.0709 31.7032 0 36.6595 33.6604 31.2548 0 37.0424 36.8451 28.818 0 1.23562 1.06383 34.2649 0 1.33809 4.09384 36.6096 0 3.97919 1.11385 36.861 0 4.2982 3.88949 34.5765 0 6.88551 1.13676 34.5817 0 6.95049 3.809 36.853 0 9.52402 1.18539 36.8209 0 10.2082 3.91752 34.0085 0 12.7975 1.1276 34.0208 0 12.1525 3.50765 37.0289 0 14.8323 0.685481 36.9389 0 15.2548 3.81796 34.6677 0 17.6725 1.10499 34.446 0 18.0946 4.12916 36.7127 0 20.7366 0.875191 36.7853 0 20.5194 3.65521 34.0137 0 23.8522 1.03515 34.2554 0 23.3263 3.85432 37.0089 0 25.8847 1.06208 36.9992 0 26.1885 3.82106 34.2298 0 28.5456 1.32822 34.3607 0 28.5569 3.98912 37.0661 0 31.8945 1.34993 36.7038 0 31.164 4.12203 33.9349 
0 34.1221 1.28359 34.1873 0 34.6531 4.23567 36.8277 0 36.9133 1.16214 36.9272 0 37.2688 3.79555 33.9655 0 1.51441 6.89621 34.0573 0 1.76231 9.49096 37.0537 0 3.95353 6.80316 37.0132 0 4.21498 9.49628 34.0163 0 7.00535 6.61726 34.18 0 6.78511 9.38089 37.0985 0 9.72522 6.31868 37.0652 0 9.41053 9.42847 34.7493 0 12.2834 6.81559 34.0247 0 12.4993 9.56108 37.2557 0 15.094 6.45305 37.4476 0 15.2033 9.90213 34.3949 0 17.3812 6.83918 34.3637 0 17.3365 9.22113 37.0472 0 20.5369 6.59624 36.6086 0 20.1957 10.1679 34.0431 0 23.1312 6.67467 33.7147 0 22.6706 9.86632 36.4934 0 25.6934 6.83077 36.365 0 26.3954 9.91263 34.0023 0 28.9437 6.91358 34.2032 0 28.6527 9.77168 36.6071 0 31.7952 6.53952 36.8437 0 31.6678 9.29791 34.252 0 34.7885 6.73528 34.1873 0 34.145 9.62896 37.109 0 37.1734 6.84295 36.7946 0 37.2224 9.59336 34.4638 0 1.56314 12.3726 34.2745 0 1.58292 15.0848 37.238 0 4.404 12.0274 36.7257 0 4.24392 15.2085 34.5348 0 6.93286 12.3778 34.0932 0 7.01618 14.4547 37.0169 0 9.66325 12.2699 37.003 0 9.38599 14.8612 34.0285 0 12.1856 12.4281 34.1368 0 12.2409 15.5219 36.8195 0 15.1038 12.5325 37.0697 0 15.1504 15.3636 34.1388 0 17.6376 12.4558 33.7225 0 17.5512 15.3686 36.8922 0 20.0381 12.8181 36.8541 0 20.1991 15.3701 34.4311 0 23.0078 12.6569 33.9702 0 23.2709 15.2108 36.8404 0 25.9517 12.202 36.5972 0 25.7429 14.9387 33.8891 0 28.7259 12.4918 34.4014 0 29.143 15.2176 37.2094 0 31.5729 12.3702 36.9272 0 31.3318 15.1723 34.1169 0 34.7583 12.5021 34.345 0 34.1912 14.9859 36.6828 0 37.0282 11.9809 37.15 0 37.2332 15.3797 34.0998 0 1.25424 17.9683 34.1632 0 1.28686 20.7349 37.2119 0 4.43041 17.8882 37.4612 0 3.971 20.5347 34.3505 0 7.0829 17.7457 34.5431 0 6.87073 20.5442 36.6671 0 9.85248 17.9698 36.8344 0 9.72332 20.5608 33.8139 0 12.3232 17.9669 34.2559 0 11.838 21.0194 36.4652 0 14.734 18.1145 37.0221 0 14.941 20.3061 34.1504 0 17.7112 17.9255 34.3421 0 17.5885 20.6667 36.9419 0 20.7106 17.9317 36.969 0 20.0681 20.6702 34.2081 0 22.8603 18.2376 34.1759 0 23.0049 20.6028 37.0174 0 25.9291 17.701 36.8544 0 25.655 20.6926 34.4379 0 28.4426 17.7612 34.0821 0 29.0123 20.1585 37.3293 0 31.4943 17.4781 36.9106 0 31.4053 20.3453 34.6419 0 34.2658 18.0087 34.3958 0 34.0154 20.3757 37.0671 0 36.8208 17.8934 37.1449 0 36.6916 20.6839 34.2962 0 1.41941 22.9271 34.1184 0 1.57689 25.6896 37.0295 0 4.36662 23.2199 37.1305 0 4.28951 26.1516 34.3761 0 7.09446 23.255 34.4314 0 7.07334 26.2916 36.7639 0 9.52785 23.6132 36.9554 0 9.72724 25.8022 33.8198 0 12.132 23.5068 33.7685 0 12.5462 26.1626 36.5084 0 14.7406 23.0606 36.8481 0 15.126 25.8332 33.9409 
0 17.8912 23.3486 33.9966 0 17.6844 26.0581 36.8144 0 20.1513 23.2805 36.7792 0 20.8188 25.8122 34.1323 0 23.823 23.595 34.3323 0 23.5245 26.151 36.8283 0 25.6683 23.2181 37.1576 0 26.5213 26.2148 34.0855 0 28.384 23.0789 34.3767 0 28.8588 26.0959 36.9976 0 31.2558 23.1178 37.2837 0 31.2698 25.5527 34.3749 0 33.8864 23.0364 34.7672 0 34.3463 25.9252 37.502 0 36.9943 23.4271 36.8599 0 37.1611 25.869 34.0071 0 1.50724 28.3572 34.1038 0 1.26082 30.939 36.6928 0 4.21049 28.5858 36.7323 0 4.25362 31.1917 34.0645 0 7.14396 28.7582 34.2241 0 7.04056 31.3333 37.0422 0 9.78252 28.5367 36.3558 0 9.53831 31.2862 34.0975 0 12.4313 28.3635 33.6012 0 12.3074 31.3927 36.9612 0 14.8941 28.9715 36.9501 0 14.9463 31.2097 34.0402 0 17.6242 28.6138 33.9071 0 17.9559 31.2161 36.9578 0 20.3052 28.388 36.8588 0 20.5448 30.9857 34.4123 0 23.9126 28.6956 34.0159 0 23.4029 31.4167 36.8717 0 26.5812 29.1286 36.988 0 26.5892 31.2846 33.5416 0 29.1873 28.8461 33.9096 0 29.3754 31.1864 37.0995 0 31.8371 28.5914 37.3019 0 31.2888 31.6708 33.83 0 34.0483 28.369 34.2926 0 33.9012 31.2611 36.9259 0 37.1484 27.9684 36.6574 0 36.7399 30.8158 33.9515 0 1.45362 33.874 33.5398 0 1.28782 36.6541 37.1772 0 3.99741 33.8699 36.9409 0 3.94914 36.2004 33.672 0 6.85633 33.9336 34.297 0 6.72401 36.6579 36.6949 0 9.59901 33.9342 36.8431 0 9.4002 36.6133 34.0205 0 12.2791 34.2553 33.8674 0 12.1091 36.4494 36.9091 0 15.3079 33.9362 36.8615 0 15.3289 36.6849 33.9093 0 17.8223 33.7375 34.3628 0 17.884 36.553 36.8395 0 20.4729 33.8309 36.8431 0 20.3732 36.4587 34.383 0 23.6939 34.0222 34.3183 0 23.4666 36.5937 36.8306 0 26.1341 33.7066 37.0594 0 26.0341 36.6843 33.8802 0 28.8632 33.8861 34.5458 0 28.8137 36.8544 36.8653 0 31.6744 33.9506 36.8511 0 31.5075 36.795 34.4534 0 34.1843 33.8424 34.2594 0 34.3362 36.3118 37.224 0 37.1656 34.053 36.7338 0 37.2078 36.6084 34.2166 
0.970642 0.655412 -1.91162 -0.211903 -1.99812 3.0126 -2.17244 -0.574156 0.479928 -0.390203 -0.0305452 0.235877 0.738435 1.09359 1.40353 0.680457 -0.3277 -2.08552 -0.222146 1.67114 1.39369 -0.310081 2.20399 0.112792 0.217763 -0.650819 0.839374 -0.994711 0.318028 -0.598607 -0.363429 0.884559 -0.194017 0.875286 -0.135931 -0.932414 -2.33657 -0.785534 -1.73388 -0.497327 -1.12534 0.731578 0.750099 0.127742 -1.68537 1.4985 -0.601048 0.58666 1.27164 0.857722 0.741664 -0.66392 0.808711 0.890146 0.0911249 2.32989 -0.765757 2.34782 -1.08212 -0.839742 0.660027 -0.654362 -1.83254 0.147814 0.470187 -0.887574 1.05799 0.599903 0.43539 0.899146 -0.512529 0.755042 -0.901458 -0.735411 -0.427061 0.381894 -0.0355822 -1.79699 1.34468 -0.0889024 -1.06684 1.87007 -0.283008 -0.743774 -0.486345 0.111629 -0.159829 -2.44968 1.97955 1.07339 -0.546365 -0.473518 1.49094 0.532781 2.02908 -0.919353 -0.548666 -0.393043 -0.316064 0.0638371 1.08195 1.11328 0.0581833 0.188437 2.74569 -0.182656 1.6244 -0.224297 -1.13751 1.0244 0.251517 1.53329 -0.200021 -0.164743 -0.0423889 -1.23613 -0.842056 0.269659 1.0987 1.00851 0.474422 1.88588 0.525212 -0.700209 0.940052 0.362882 -0.0230653 -1.52368 1.10454 1.47549 0.0907059 -0.384447 -0.595834 -0.41367 -0.595649 1.51056 -0.450459 -1.23064 1.58318 -0.369733 -0.724113 -0.538706 1.0364 0.781975 -0.396579 0.287387 -2.02099 -0.0708029 -0.436472 1.33383 0.645847 1.98811 1.58932 0.0199682 0.400769 -0.527048 -2.4883 -1.41314 0.845794 0.148179 1.76072 0.0670927 -0.260721 0.529502 0.623788 0.514006 -0.968851 -1.39676 0.0368123 -3.35833 -0.639948 -0.453916 -0.190334 0.293129 -0.731049 -0.125007 1.00717 0.487387 0.148934 1.09421 -1.15076 1.14715 -0.271577 -0.0995171 -0.646498 1.38245 1.20599 1.48747 -0.144478 0.642178 -0.323411 -0.325741 0.35179 -0.974015 -0.0209196 0.424856 1.52721 1.0642 0.526578 -0.022425 -0.0819766 2.40474 -0.857966 0.287392 -0.0369448 0.707389 1.26818 -1.45804 0.343946 -0.533089 -0.232468 0.491449 -1.34753 -1.92842 0.514932 -1.34191 1.26928 -0.225924 -1.32968 -0.856398 -0.0885596 -1.87977 -0.230642 1.01549 -1.29497 1.97235 1.22321 0.926954 -2.69916 -0.912656 -0.809374 -0.102895 1.53858 0.293188 1.41444 -1.36217 0.24999 0.846714 0.0668068 -0.085467 0.720126 1.4614 2.18508 -3.06399 -0.551398 -0.260801 -0.610338 0.594128 0.466897 1.94274 0.331142 -0.095197 -0.399601 -0.847976 -0.0906266 0.993648 -1.00248 0.803455 0.680273 -0.689084 -1.87663 0.780001 -1.24071 0.0508601 0.164169 -0.733486 -0.39413 1.15248 1.19469 -0.334249 -1.25328 1.44112 0.508024 1.268 0.831031 -1.01967 0.158587 1.20662 -1.27479 -1.27924 -0.596275 -0.467832 -2.3967 -0.0349133 2.41437 -0.13446 -0.755263 -1.61749 -0.22956 -0.121347 1.78803 0.636932 -0.309315 -1.38376 -1.24922 -0.0591996 0.366736 -0.0290145 -0.925412 2.19169 
0.99241 -0.189661 2.99544 -1.18044 1.67526 0.0597598 0.481376 0.822833 1.81695 -0.633872 -0.133888 -0.597281 1.2993 0.199881 1.09163 2.22954 1.39235 0.0804864 1.93012 -0.317649 -0.0567489 0.643035 -0.563488 -2.18817 1.72248 0.726212 -0.704909 -0.81541 0.118715 0.80201 -0.0111983 -1.97343 1.6736 0.60954 -0.0545157 0.789525 -2.25284 -0.0837412 1.8282 -0.347466 0.881294 0.668659 -0.86188 0.492466 0.470273 0.543106 -0.808553 0.890027 0.54042 0.61248 0.2825 -0.306823 0.189161 0.387419 -1.6831 1.33232 1.84088 0.120045 -1.58604 -1.05497 0.460076 -0.286627 -1.4718 1.24638 0.637941 -0.85732 0.846728 -0.144037 -1.46694 2.90904 -0.269366 0.194339 -0.927489 0.351543 -0.471854 2.02339 0.0598694 1.21359 0.0528858 0.0170885 0.688396 -1.24825 1.45889 -0.906583 -1.75204 -0.549825 -0.385707 0.432428 -0.798062 -0.929193 -0.771945 -0.0104312 0.825299 0.870106 0.225196 -1.76058 -0.908648 -1.33383 -1.25186 2.26262 -0.300622 0.977483 -0.101272 0.413342 -2.70963 1.26984 -0.0533202 -3.16571 1.10571 -0.547384 0.660015 -0.49813 -0.854073 -0.301336 -1.29294 0.0616652 -0.565056 0.688302 -1.01753 -0.154399 1.63554 -2.46153 -1.38684 0.40034 -1.19188 -0.601414 0.71876 1.17712 1.51215 -1.83167 -1.51531 0.840465 0.151099 1.02767 -0.878854 -0.880826 -0.83114 0.43985 0.864921 0.460464 -0.0743399 -0.954158 -1.09821 0.343008 0.387681 2.40216 1.8364 0.22786 0.237844 -0.863418 2.83648 -0.349016 -0.757723 0.235763 0.0105997 0.503992 0.720117 0.138962 0.0940957 1.0547 -0.164232 0.945573 1.77812 0.605252 2.34861 0.962344 0.918987 -0.736616 -0.927091 -0.72407 -0.679085 1.57931 -1.13236 -1.97695 1.496 -0.588964 0.734793 0.783148 1.85488 0.610425 -0.97138 1.72826 -0.834065 0.149267 -0.25538 -0.476528 0.181656 0.604559 1.76787 -2.30824 -1.11052 -0.654328 0.317829 -1.0043 0.0795181 -1.32874 -0.167294 -0.34901 0.363831 -0.554442 -0.378895 -0.764808 -1.04264 -0.889509 -0.0827851 1.81885 0.301571 0.379845 -0.992328 -0.792652 0.983748 0.722831 -0.67365 0.75788 1.5927 0.333726 -1.93606 -0.360759 -1.10805 -0.663124 -0.654066 0.164795 -1.57143 0.155467 -0.435657 1.02696 -0.456513 2.45212 0.817607 0.25768 -1.31568 -1.68577 -0.356751 -0.205934 0.173927 -0.688211 0.226352 -1.99862 -1.90069 -0.527173 -0.293527 1.60747 -0.870019 -1.4561 -0.797568 -1.44773 -1.53998 -1.81289 -1.64325 -0.124473 -0.500708 -1.52649 -1.26833 0.280434 0.468283 -0.414744 -0.724721 -0.890445 -2.95186 -0.17963 0.680158 -0.883137 3.22409 -2.73184 1.35018 1.02835 2.06383 -1.42222 -0.664541 2.03396 -1.49675 -0.679621 0.0469068 0.426659 2.29803 -0.708032 -0.149384 -0.968008 -0.8264 -1.71483 0.32142 0.285494 -1.61733 0.596468 1.35995 -0.384125 1.68252 0.861175 -3.00404 1.39829 -0.122517 0.936471 1.71832 2.51875 -0.751371 -1.44567 1.08101 0.0452161 1.29819 0.154914 
0.0503392 -1.64386 -0.532212 -1.26801 -1.1667 -2.66086 1.83662 -1.29883 2.34423 -0.0637821 0.637353 0.484574 0.35038 1.45018 -1.4129 1.09409 2.11522 -1.52669 -0.277913 0.395377 0.369456 -1.56882 1.16299 -0.55505 -0.09854 -0.183105 -0.734179 0.845319 -0.975981 -0.622582 -1.58005 1.56931 1.61118 -2.14088 0.216631 0.11764 0.482175 0.71244 0.260906 -0.693448 -0.307166 -0.113417 0.717611 0.49748 0.360889 1.53842 -2.06419 2.05504 -0.13372 0.554854 1.73201 0.935968 0.285569 0.14221 -1.06084 1.33243 0.016506 0.694104 -0.25212 -1.04502 -0.558196 -2.1338 -1.46717 -0.861626 -1.17677 0.351728 1.54945 1.10987 0.997198 -0.480319 -2.35878 0.194222 0.496118 -1.13928 -1.69509 0.245184 -0.759093 1.36264 0.699583 1.13071 3.62975 0.231699 1.12633 -0.410937 1.21663 1.24642 -0.99956 -0.519713 0.157129 -0.654407 0.527685 -1.97671 0.173931 -0.572077 1.12732 -1.15429 1.66069 0.144535 0.730406 -1.16392 -2.05941 1.06475 0.340977 2.11984 -0.115139 -1.20962 -0.55192 -1.19784 -1.51993 1.69249 0.891725 0.23125 -1.34221 -0.0912515 0.886965 0.56694 0.899238 0.739234 -2.4764 -0.734296 -0.303974 0.476584 -1.12904 -0.400039 -1.21775 1.04844 0.390143 0.935515 0.500371 0.896199 -0.340654 -0.932967 0.220388 0.380784 -0.99036 -0.169206 1.76991 0.919852 -0.655157 1.20072 -0.0102849 1.83708 1.39593 0.517504 -0.732611 -1.40143 -0.500069 -2.91207 0.799965 -1.61452 -0.589756 -0.73093 -0.703963 0.56712 0.327993 -0.492183 0.494216 0.112968 -0.131098 -0.9501 -2.07691 -0.844186 0.106084 -1.39295 -0.37552 -1.28616 1.1076 -1.80469 -0.219193 -1.57216 -0.31322 -1.39334 0.453066 1.35752 1.70493 -0.398252 0.0793137 -0.0329245 1.88852 -1.10773 0.201233 -0.346025 0.240172 0.595004 0.670783 0.514495 -2.17494 -0.0894711 0.00461053 0.0458827 -0.283929 0.693651 0.823478 -1.8963 2.05105 0.937507 0.169673 0.664454 -0.565883 -1.16583 -1.05468 -0.99135 -0.633468 0.487073 0.512449 -0.262347 0.154443 -2.61969 0.449691 0.728741 1.76826 0.571733 -0.853151 -1.36696 3.02605 -0.2068 2.22136 -1.44859 -0.689134 -0.126918 -2.35364 0.586684 -1.72919 -0.87634 -1.37889 -1.85217 1.37195 0.0793183 0.131189 -0.906703 -0.720704 -2.37504 -1.10443 -3.21451 -0.323528 -0.9224 -0.979163 2.52668 -1.23725 -0.952315 -0.126083 0.18555 -0.65091 1.58655 -0.875068 0.684554 -0.42721 -1.57596 0.452934 -2.27483 -1.54034 -0.0633143 -1.43734 -3.45305 -0.419386 0.621455 0.448727 1.2052 -0.174954 0.642345 -2.19277 -1.09521 0.168076 -0.780093 -1.75276 1.58184 -1.81348 0.745921 0.134989 -0.81186 -1.4014 -1.25239 1.39869 -0.754442 0.763856 -1.6455 0.303033 0.0686743 1.35166 -1.1418 0.230539 -0.374535 -0.187514 -1.95615 0.965934 -1.59189 0.242567 -1.78818 -0.288171 -0.0268345 -0.472244 1.70723 0.339067 -2.36287 1.14018 -0.979365 -1.08445 -0.181535 -0.985108 -0.611794 
0.269642 -1.68487 0.568303 1.0143 0.415932 0.0454933 -0.176892 -0.425 0.635156 -1.10809 -0.485945 -0.760748 -1.06928 -2.23142 -1.13049 1.87624 -0.0264378 -0.0620149 2.43557 -0.893902 0.726314 -1.15794 -0.825417 -0.764056 0.49136 1.76607 -0.870601 0.708897 -0.323504 -0.800868 1.27053 1.0958 0.95003 -0.373418 2.10056 -0.74627 0.457781 0.301715 0.489767 1.12204 1.9626 -0.859515 1.49739 0.269042 -0.33264 1.66385 2.30116 0.599801 2.02165 -0.783216 -3.3117 -0.666752 -0.445752 -0.328798 0.0028813 -0.899728 0.638856 -0.367158 -0.00455844 -0.598522 -0.12408 -1.05678 -2.58942 -1.86185 -1.21674 0.21361 -0.583174 -0.0619365 0.557208 0.40912 -0.803855 0.178689 -1.44932 -2.35671 -0.31393 1.00946 -1.5407 0.746332 -0.384481 -0.0324084 -0.086721 -0.140677 -0.670489 -1.13881 0.428641 -0.905682 1.04878 -0.694013 -0.96851 0.265657 0.131797 -0.576653 0.532561 1.42495 1.31498 -2.20307 1.14948 0.576625 -1.08932 -0.062828 -3.39074 0.815298 1.02664 0.864061 0.87655 1.74709 0.942179 2.52275 -0.89491 0.51696 1.16931 -0.338712 -1.88379 1.78744 0.999083 0.664659 -0.151323 0.961902 0.5047 0.779867 -0.249207 -1.84271 -0.464768 0.528947 -0.485044 -1.74195 0.0107548 -0.5043 0.957937 0.25964 -0.0795302 0.183681 -0.776638 0.488943 0.0937097 -0.982462 1.16045 0.477361 -1.46148 -0.91492 0.870579 0.936995 0.849538 -1.02402 1.09518 -0.198502 0.989867 0.281878 -1.03741 0.32824 1.37911 -0.620345 1.42905 0.148277 1.07052 -2.89683 -2.50037 0.404513 1.24851 0.198357 3.35863 -2.17474 -2.18693 -0.709171 1.1941 0.245224 -0.739541 -0.0276649 1.70465 0.848255 -2.57297 -0.0418652 -0.751802 -1.42649 2.17262 0.570129 0.525963 1.04758 0.182517 -0.393382 1.25273 1.08554 0.843209 -0.929992 -1.71859 -0.359095 0.111052 -0.758397 2.67513 -0.325681 -1.20014 -0.0897136 0.640476 -0.699123 0.832541 -0.614609 -0.724957 -2.03777 1.86257 -0.0895581 -0.733032 1.28264 -0.441556 -0.213056 1.44613 -0.587128 0.270139 0.408151 1.45203 -0.453349 0.385775 0.921465 0.755809 -1.38117 0.452426 0.968011 0.900812 -2.14788 0.108634 -0.182721 0.565664 -0.765082 -0.20013 -1.05074 0.404943 -1.42564 -0.302043 -1.77201 -0.947455 0.000726172 -0.359245 -2.206 0.645381 0.953985 0.753349 1.36 1.79281 1.9148 -1.25812 1.60368 -0.154047 1.48432 0.791015 -0.117318 0.228378 -2.21969 -0.0866819 0.309401 1.89315 1.44823 0.11233 -1.73462 -0.747747 -1.65878 -0.203719 0.810935 0.802575 -0.358746 -1.56253 -1.67333 -1.12852 -0.522749 1.31314 2.18093 -0.854632 -0.694581 0.550892 1.79229 0.579352 -1.12731 -2.77589 -1.42795 -1.53074 1.59301 -1.97376 0.78784 -0.206293 3.32734 -0.958392 -0.255667 -1.30006 -0.627129 -0.182243 1.01248 -1.18782 2.54402 -0.723999 -0.280472 -0.491116 -0.263466 0.812538 0.961119 -1.46014 0.766356 0.437129 0.90851 -0.121113 0.690997 1.58295 -3.2771 
1.62915 0.571783 3.20707 1.33313 0.872604 0.00169504 0.665452 -2.09528 0.144307 -0.324973 -0.160451 -0.497585 0.986959 -0.0175336 0.59959 -0.779853 3.78112 -1.42373 0.296548 0.427628 1.38687 1.97138 1.10941 -0.156971 0.409094 -0.430756 0.822242 -1.71218 0.378651 0.0933988 1.25336 -1.38155 -0.143838 -0.71708 0.415975 1.00575 1.18588 -0.0306844 -0.0187748 1.26438 0.267896 0.393703 1.19751 -2.92931 1.44351 3.27924 0.863841 -0.639932 -0.236094 -2.26596 0.142726 1.25873 3.17532 0.153753 1.79648 -1.36792 -0.536588 1.74841 0.901687 -0.277409 -0.615817 1.64578 -0.264145 0.66112 0.517235 0.316762 -1.87487 -0.823284 -0.659307 -1.69886 -0.621489 0.452971 -0.3577 0.475312 2.05258 0.0818829 0.250865 0.0495236 0.839525 0.548086 1.13718 0.584447 0.763659 -0.244015 0.0902329 -0.317883 1.0115 0.790781 1.40667 -0.391717 -1.40242 -0.380864 2.48372 0.413471 1.31578 0.310958 -1.21141 1.18615 -0.989101 0.9274 0.266111 0.34433 -0.752628 1.24592 0.561441 -0.55523 -0.599742 -0.105661 1.0403 0.78866 -1.42042 -2.79198 1.67856 -0.0209732 -1.77078 -0.346719 -0.522221 0.844752 -0.238315 0.991674 -0.492393 -0.0867162 -1.59687 -0.209972 0.0105819 0.242602 -3.14742 1.37687 1.33543 -0.692907 1.36754 -1.1881 0.514766 -0.897565 -0.990505 -0.192582 -0.00457233 -2.92145 -0.427683 -0.709683 -0.912889 -0.325851 -0.869751 -0.160958 0.424346 -2.95555 0.530667 -0.0529399 -1.18189 -1.12287 2.49704 0.488718 -0.617144 0.776327 -0.935662 -1.35614 -1.04214 -1.54022 -1.00836 -0.48711 0.341314 -0.972368 0.237783 0.126845 -0.36279 3.05868 -1.84992 0.463564 -1.19525 0.627393 0.245981 -0.891718 -2.04043 -0.94471 -0.665612 0.440056 0.229886 0.598786 -0.146707 -1.42227 -0.0656989 0.455858 -1.15864 0.447274 -0.350442 -0.742063 -0.476388 -1.49401 -1.26919 0.285067 -1.3078 -0.689839 -1.11357 1.61901 0.318395 -0.100851 0.764181 -0.389722 1.53131 0.142948 2.03509 -1.8526 -1.60167 -1.27308 -1.79693 -0.334894 -0.433721 -3.38509 0.0652584 -1.21517 -1.26652 2.94853 2.58739 0.174458 -0.531529 1.37863 1.96938 0.818514 -2.31208 -0.872822 -0.127661 0.201014 -0.121049 -0.32242 0.670346 0.310112 0.929186 0.572461 0.624939 0.375387 -1.16536 -0.248867 0.514863 0.715984 -0.829466 -0.0631333 0.550633 1.01111 2.1969 0.389566 1.97749 0.232667 1.48835 0.302345 -0.266118 -2.32743 0.622426 -0.807777 -0.0872069 0.762586 0.415418 0.00117673 -1.81076 0.763665 0.6913 -1.37912 -0.363669 1.1523 -1.31817 -0.445031 1.02811 -1.85226 1.20936 -1.31753 1.4838 -0.44423 0.4119 -0.883918 0.104837 1.31808 0.212162 -1.27372 0.844579 -0.998247 2.85322 -1.04651 0.176521 -0.337353 -1.72633 -0.203552 0.149264 -1.18811 -1.25183 -0.772355 -1.43647 1.35489 0.437147 -0.144346 -0.167571 -0.804245 1.55396 0.56308 -0.727482 -0.652501 -3.21296 -0.758799 -0.369139 -1.09526 0.877435 -0.136237 
-1.49286 1.94416 2.06081 -1.10129 1.66075 -1.36827 -0.920961 0.367192 -0.773051 -0.579087 0.475717 0.297691 0.713813 -1.08818 1.53213 0.197498 0.268279 -0.383294 -0.20422 -0.114036 1.28822 -0.803177 0.656366 1.2781 -0.0940787 1.26883 -2.03375 -1.04887 -0.927686 -0.560376 0.16261 -0.151104 -0.956291 -0.269062 0.350466 0.886036 -2.12808 -1.15145 -0.609682 1.49775 -1.54935 -0.138446 0.229189 -1.46192 1.10049 0.278109 0.294411 -0.960462 -0.517375 -2.25134 0.0375292 -0.150971 1.77481 -1.62098 2.11891 1.17572 -1.18085 -2.35593 -0.196891 0.0657977 -0.844202 0.175407 -1.06944 -1.04429 0.0696902 -0.11533 1.70557 -1.0564 0.639825 -1.22182 -0.199775 1.36435 0.755713 -0.291096 0.857522 -1.3575 -0.431337 -0.573613 0.301278 -0.255524 1.70863 1.40611 -0.168441 -0.0741776 0.741654 0.825978 -0.573167 -0.89167 1.43533 -1.04457 0.726825 -0.511624 1.18321 1.46912 -0.796593 -0.429408 -2.00501 0.372902 0.071474 1.84667 -0.0504075 1.39465 0.309927 -0.684188 0.0616369 -1.38829 1.36427 -0.41797 1.59554 0.0555932 -0.761488 0.919916 0.415916 -1.79599 -0.385381 -3.13392 1.67814 -1.16041 -0.720685 0.825101 -1.40023 0.626257 -0.62057 -2.51322 -1.59983 -0.386927 -0.200693 0.387303 1.173 -1.18473 -1.31041 -0.837545 -0.545502 0.760876 1.54491 0.351371 -1.56365 3.24022 1.08359 2.1951 1.34431 0.287904 2.10815 1.53801 0.51395 -1.03177 -0.465009 0.0430825 1.25058 0.273503 0.360332 -0.29733 1.62338 -0.732013 0.309526 1.19883 -0.368385 -0.249637 0.704598 0.313182 4.178 -0.278338 -1.30115 0.581039 0.745713 -2.32677 -0.365807 0.2283 -0.283034 -1.6432 -0.599022 2.27008 1.00814 -2.10375 0.629399 -0.692733 -0.166293 0.577428 -1.48113 -0.061448 -1.55881 2.11632 -0.720112 1.90044 0.682777 -0.0412746 0.229368 -0.647176 0.372883 0.0164862 0.386417 -0.764469 2.28189 1.09713 1.93355 0.2592 -0.617645 0.159221 0.587457 2.29726 1.5909 -0.804274 -0.392365 -0.211925 -1.32526 -1.13187 1.5514 0.0276406 0.740128 1.44203 -0.137605 -2.07798 1.10286 1.2682 -0.0747871 0.838812 0.154558 -0.779998 -1.64117 0.267907 -0.833392 2.37889 -2.10698 -1.3457 0.816279 -2.28863 -0.818977 1.47067 0.630924 1.77812 0.677255 0.526703 -0.0756875 -0.00824428 -0.183386 -0.753791 0.292293 0.237897 0.66718 -3.0378 -0.531433 1.4585 1.07328 -0.141393 0.280295 0.5606 1.33549 0.171225 -1.49869 -0.90351 -0.897145 -0.61058 -3.1728 -0.964053 0.00138396 -0.0472146 -0.660501 1.64486 -1.91029 -0.555648 -0.109658 -1.56268 0.165578 0.3376 1.02003 -0.951949 -1.29039 0.583718 0.668689 1.66914 -1.33887 -0.146734 -0.817161 -1.44342 -0.168632 0.775233 -1.21516 -0.285713 -1.23077 -1.38465 -2.41596 1.97048 1.6536 0.797433 0.755272 0.0614193 1.21749 0.454126 1.64003 0.878176 0.519718 2.78625 -0.0307225 1.20946 0.194076 0.284894 0.773336 1.53553 1.7872 -1.54229 
-0.541072 2.1714 -0.0859396 -1.02175 -0.0101676 -0.46687 0.775414 -0.0078894 -1.47063 -0.47312 0.30002 -0.0167295 0.598833 0.468092 -0.457821 0.633754 0.109499 -0.233013 0.497445 0.194145 -0.151403 -0.93942 0.826606 2.42582 0.634891 -1.53566 1.41154 0.842085 0.152629 -0.278263 -0.121343 -0.629487 -0.838468 -1.32455 0.713402 -0.950957 -0.69693 0.407652 -1.85761 1.7119 0.727516 -0.57058 0.416466 3.03802 -0.0117753 1.02216 -0.980696 0.20083 0.541757 0.675359 1.88981 1.35604 0.125912 0.116116 0.615277 0.858805 1.0412 0.562981 -1.60707 -0.162286 3.47023 1.1209 0.623605 1.0974 0.849036 0.521356 -0.313181 -2.66258 0.386606 2.19691 -0.661978 -0.451339 0.0052018 -0.525162 0.165892 -1.08868 0.514014 -0.240895 -0.579114 -1.50896 0.281647 -1.20318 -0.853466 -0.97073 -1.20806 -2.4534 2.21076 -0.154158 0.0576558 1.12695 -1.07439 0.602557 0.949534 -0.44348 -2.59867 1.47659 -0.128058 -1.21732 1.48627 -1.88939 2.92935 0.976661 2.30188 0.881314 1.13412 -0.636308 0.528487 -2.0342 -0.32532 -1.5709 -0.75707 -0.919579 0.2709 1.80623 0.38986 0.148097 0.491846 0.136999 -0.0282986 0.564868 0.50798 0.953652 1.47916 -0.0757699 0.552785 -0.625542 -0.596298 -0.966549 -1.07118 0.653682 -0.300661 -1.27874 1.80815 -0.189153 0.0218631 -0.521873 0.598631 -1.00026 -1.56447 0.238382 -0.0715283 0.703944 1.43238 -1.53749 2.48017 1.0189 2.74584 0.426256 0.068954 -1.31662 -0.250135 0.315399 -0.537139 1.18342 0.707099 2.08705 0.728542 -2.32842 -0.407665 -0.972497 -0.127581 0.404882 -0.693396 0.0594764 -1.27523 -0.229638 -0.584582 1.10305 -0.546779 -0.39087 1.32119 0.253118 -1.06231 0.344938 -2.19828 -0.481364 1.44092 1.38155 3.85305 -0.872287 -0.000579478 0.566258 1.16062 -0.188576 1.70264 0.987066 -0.287426 -0.114271 -0.610026 -0.452154 -0.330586 0.882141 0.32914 -1.63863 -0.573424 -0.888235 -0.338405 0.827195 -0.084061 0.507636 -0.535956 -0.596713 0.172671 -0.547295 -0.522106 -1.17496 0.307356 0.336282 -1.04172 0.292636 -0.716173 1.29293 0.134274 -2.63513 1.90847 0.636934 0.632436 -0.0914469 0.23407 -1.88507 -1.25121 -0.399402 0.121975 -0.648235 -0.809655 -0.24749 2.37556 0.272939 -1.82743 -0.139167 -0.137804 -0.735893 -0.386377 -0.173186 0.415233 0.371714 -0.521005 2.44959 -0.794546 0.122601 0.387946 -0.401859 -0.0120204 1.00773 -1.50716 -1.15644 -0.167328 -0.0557097 0.321227 -0.0889361 -1.13548 -2.10055 -0.623292 -0.925566 -0.0751055 1.89315 0.494325 -1.3988 -0.410832 -0.607002 -1.00193 0.515093 -0.798152 -1.76987 0.189101 -0.912276 1.19876 0.372188 1.73453 -1.69894 0.614003 0.443758 -0.95001 -0.657034 1.97771 -1.20342 -1.96807 1.4287 -0.290093 0.570957 -0.727581 1.16286 0.405593 -2.91053 -1.37794 0.340634 -0.444806 -1.0402 -0.977844 -0.321298 2.58369 2.06851 -0.320704 1.2425 -1.02017 0.289957 -0.61626 -0.730505 -0.0350397 0.36539 
1.05449 -0.352031 -1.96543 -2.1216 -0.106993 -1.4089 1.90839 -1.0132 0.981494 1.51289 1.44643 2.50591 1.03468 1.83849 1.7302 2.36665 1.57854 -2.36013 -1.6337 0.105802 -1.1032 0.62578 0.36763 -1.21011 0.989186 0.684264 0.0641482 -1.54588 1.06577 -1.70671 0.776574 0.934882 1.14165 -1.21744 2.1871 -0.141218 -0.94669 -0.841909 0.0668335 1.2001 0.053743 0.868844 -0.319103 -0.297952 -2.02334 1.49119 1.62717 0.298453 -0.532548 -0.515482 0.986184 -0.112226 -0.164865 -0.859171 1.0212 2.11801 2.24108 0.554919 -0.803653 1.05072 1.50269 -0.366538 -1.15331 0.820542 2.33604 -0.393345 1.78734 1.54752 -0.968214 -2.6443 -0.850189 -1.61747 2.6365 -0.212642 -0.660747 -1.21495 0.759959 -0.337483 -2.19001 1.68541 -0.42228 0.342007 -0.940373 0.971421 -2.73928 0.48275 -1.56372 0.729499 -0.521851 -1.12791 0.637917 -1.56977 1.44902 -1.52559 -0.220782 1.68817 -2.07357 -1.73366 0.259322 -2.05048 0.925905 -0.15097 0.253633 0.117329 1.27462 -0.151485 -1.25773 2.27759 1.01228 0.233727 0.749097 -1.70017 0.657325 0.0187747 0.2439 -0.232536 -0.956761 -1.1828 -1.46497 -0.966757 -0.957318 0.679687 2.08655 0.157849 1.08931 2.09716 -1.24394 -1.11645 1.36279 0.20045 -0.673946 0.960173 2.96939 -0.644179 0.151454 -2.18412 1.39045 2.03246 0.406094 2.25507 0.736526 -0.0988522 0.316448 0.601662 0.504044 1.78395 -1.04181 1.14858 -0.166166 1.11276 1.33837 -0.742987 0.237606 -1.403 0.169401 -0.627343 0.714557 -0.107575 2.12503 0.290582 2.29541 -0.965104 2.88888 0.322084 0.406873 1.23404 -0.995144 0.0577577 -0.710099 -1.00581 -0.894843 0.821836 0.665451 0.182993 -0.940217 -0.146553 -0.976631 0.874595 0.365843 -0.260781 -1.99573 0.439766 2.16114 -0.652837 -0.608358 0.145369 -2.16837 -0.798604 -0.844841 -0.6367 -0.632829 -0.214348 -0.897331 -0.402273 0.7199 -2.63395 -0.805702 -1.56028 0.409774 0.303699 2.68451 -0.488985 1.38749 1.46359 -2.48157 -0.99873 0.687053 0.304166 -0.800631 -0.497562 -0.568956 -0.998647 0.854525 1.04735 -0.925905 -1.59511 1.16137 -0.576167 1.39576 0.209637 0.377746 0.125227 1.02015 0.871916 0.258877 0.303468 -0.774129 -0.563668 0.192807 -0.545772 1.50748 -1.06785 0.868648 -1.98979 -0.808248 -1.25809 2.11227 -1.54977 1.44835 -1.05009 -0.927586 1.07952 -0.540328 -0.65088 -1.07407 0.2822 -1.40912 0.785982 -0.13521 2.4923 -1.58763 0.286822 -0.649663 -0.284472 0.0363579 -0.0488794 0.580333 0.43556 0.255911 0.271546 -1.57981 0.662183 0.992716 -1.03917 0.465008 -0.0511831 -0.581477 0.742279 -0.738786 -0.223163 0.198038 0.258748 0.939999 -0.645457 -0.406994 -1.17013 -0.0279848 1.01231 0.642638 1.16752 -0.418808 1.08052 -0.254477 -0.117665 0.429804 1.20475 1.10495 0.28726 -0.713927 1.39382 -0.893049 -0.623812 1.69205 -1.51688 -1.21039 0.295233 -1.75264 -0.310329 1.26242 0.298074 
0.383329 0.539887 -0.65967 0.0150511 -0.383107 2.64801 0.953259 -0.334225 -0.797325 -0.994607 2.6365 -0.699258 -0.478957 -1.82565 0.689257 -1.4628 -0.123572 0.701896 -1.52011 0.355938 -0.106579 -0.170317 1.19832 -0.961862 0.545724 -1.12469 0.458608 -1.16333 -0.837645 -0.518955 1.58387 0.297047 -0.558743 1.59835 1.42954 0.207888 0.0417956 0.179168 -0.0883375 1.07699 0.192871 0.467316 -0.0782971 -1.02366 0.0877292 -0.271534 -0.504274 -0.494274 1.43717 1.01737 0.306047 0.076958 -0.902662 -1.03377 2.49133 1.37119 0.951788 -1.01165 0.557726 -0.373195 0.245905 1.14404 2.3792 0.57627 1.81066 -0.511945 0.432457 1.93364 1.31628 -1.75822 0.345073 -0.559248 0.427795 1.3357 -1.0349 -0.801472 0.743532 0.980518 -0.701648 1.93372 -0.272023 1.33445 -1.36545 1.70318 1.26802 0.0872829 -0.578541 -0.30118 2.51119 1.78221 -0.744066 -1.71384 -0.964499 -0.19742 -0.247076 0.961114 -1.17808 -1.97714 -1.03239 -0.970802 -1.53288 1.83793 -1.48759 1.89271 0.773446 2.37606 -0.315934 1.26049 0.372566 0.464102 1.41728 -1.75433 0.294742 0.639721 -0.2897 -0.8397 0.568799 0.309431 -1.50122 -1.2652 0.82885 -0.445121 0.160643 -2.28209 -0.888312 -0.794794 0.55861 0.584795 1.0128 -0.91982 -0.6557 -0.600751 -0.478657 0.329738 0.09656 1.81922 -1.17186 2.77139 0.0695111 0.895829 -0.130363 -0.413658 -2.71192 -0.858568 -0.75933 1.615 0.911869 0.0585508 0.163831 -0.406067 -1.30096 0.458137 -0.780449 0.45353 -0.0419938 -0.172601 -1.54559 -1.84996 0.0648008 1.05408 -0.95691 -0.0174399 -0.931051 0.856714 0.489644 -0.253262 -1.74007 0.996005 -2.2069 0.313061 1.36091 -0.741048 -1.39999 2.29942 -0.223189 0.384533 0.256814 -1.49821 2.55236 0.913334 -1.45541 -2.18193 1.93695 -1.48444 -0.118423 -0.76069 -0.675601 -1.86957 1.54117 -0.81378 -0.317979 -0.848959 0.466532 -0.494656 1.28388 1.5858 -0.746758 -1.00965 -0.956364 -0.45911 0.0299926 -1.12014 -0.775492 -1.21002 1.11418 -1.78964 0.0431464 -0.483487 1.24805 0.333439 -2.01582 -0.776765 0.701441 1.01116 2.09983 0.917773 -0.47737 0.919744 -0.625231 0.529259 0.0844251 1.11455 1.17321 0.0467219 -0.75379 -1.21559 0.298664 0.240365 -0.521747 0.563291 0.410938 0.993049 1.03324 0.579077 -0.276833 1.23607 -0.432712 -0.296721 0.693663 -1.23583 1.24985 -2.01368 2.99154 0.233953 1.38885 1.30278 -1.24686 0.612443 -1.04481 1.69688 0.761686 -1.1787 0.433232 -0.0720076 -0.0639445 0.17333 -0.387583 0.959592 -0.0353031 -1.79816 -0.280408 -1.67453 1.41541 0.000408179 -2.45327 -1.24535 0.31698 1.51635 -1.78457 0.666921 -0.582242 0.810954 2.30138 0.271498 -0.810518 -0.3539 0.21461 -0.0994813 0.68887 -0.949761 0.0963684 -0.552521 1.24336 0.581843 0.751172 1.453 0.37675 -1.71711 -1.51475 -0.502465 1.56493 -0.636857 1.23648 0.77473 1.12861 0.203023 0.587389 1.9359 -0.743509 0.33089 
2.05785 0.3594 0.112818 1.91362 -0.0857121 -1.48017 0.0723588 1.23735 -1.74148 -0.759385 0.192706 1.82107 -0.277008 -1.11653 -0.485893 1.01028 -1.68666 1.02955 -0.00580838 -0.269818 -0.108331 0.918006 -0.791253 -0.921036 0.138714 0.086468 1.50328 -0.00852868 -1.12703 0.773849 1.13784 -0.96307 0.338553 0.153158 -1.41719 0.164037 0.31432 -0.139135 -0.537925 -0.185822 0.157664 -1.16719 1.13518 -2.21906 1.74986 0.240121 1.56344 -0.765186 -0.517659 -0.521706 -2.91557 -0.314683 -0.696349 1.01078 0.432967 1.10954 -0.0460426 0.501973 1.94167 0.53158 0.0823328 -0.748327 -1.18494 -2.62852 0.61447 0.812254 0.322714 -0.175904 -0.126414 2.23483 -1.07001 0.776441 -0.599581 -0.914983 -0.958433 -1.80602 0.681105 -0.598603 -0.813599 -0.0150541 -1.06837 2.03398 0.441805 0.808876 -0.271142 0.883589 -0.0360507 -0.299839 -0.0143668 2.00436 1.03577 -0.571829 0.395126 0.290495 0.700339 0.410961 1.06317 -0.612578 1.1214 -0.0197631 2.04996 -0.242734 -0.993621 0.189698 1.39177 -0.646845 1.39372 -1.79921 -3.26299 4.20644 -0.711282 -1.16796 0.605959 -1.35228 1.79562 1.49649 0.850041 -0.302682 -0.616479 -0.371302 1.39042 2.11296 -2.03657 0.299414 -1.64014 0.927412 2.77255 0.890356 0.28423 -0.446439 0.726297 0.443627 2.08568 0.469097 1.11157 -0.717231 -1.95456 -0.152346 0.0715525 -0.511507 1.32588 -0.222804 -0.718538 0.998324 -2.26437 -0.221399 -1.39754 -1.89152 0.893571 -0.855472 -1.98801 0.912345 -2.87047 -2.38122 0.457004 -2.7725 -0.52587 -2.56728 -1.59415 -1.25825 0.224765 -0.781437 1.2414 1.35434 -0.356838 0.668121 -2.03589 0.996658 -0.686181 0.634902 -4.54501 -0.089533 -0.419015 -0.148018 0.66034 -4.11073 0.272124 -0.739932 1.64961 0.723492 1.2246 -1.47466 1.55082 0.00982798 -0.198494 -0.97843 -3.21402 2.01989 -0.602152 0.870058 -0.177815 -0.363268 0.626967 -0.198312 -0.782716 0.264271 0.688251 0.145502 0.74944 -0.0589484 -0.541761 1.39635 -0.362373 -1.02426 1.61706 -1.7376 -0.921407 0.744124 0.451737 0.933538 1.07423 -1.41851 1.22679 0.697774 -0.607441 -0.404228 0.0863491 -1.28653 0.444801 2.22965 -1.23707 0.286326 -0.231295 0.913665 1.68204 0.593805 1.64896 0.610802 1.24304 0.509986 1.43766 -0.287611 -1.35473 -0.569695 -0.856108 -0.080832 0.398375 -0.526349 1.43025 -0.748134 -0.456221 -0.601558 0.527701 0.943715 -0.310044 -1.58067 1.02268 0.894998 -0.66249 1.17598 0.735662 0.444846 0.324987 1.58497 -0.178614 -0.7285 -1.49313 0.000874835 1.673 1.4119 1.94326 1.38952 -0.566186 -0.26888 0.111901 0.844708 0.66201 1.13268 0.0933298 0.0908056 -0.211595 -0.415141 0.301081 1.55759 0.442496 0.322774 0.47545 0.0214899 -1.62652 0.0784575 -0.580197 -0.669592 1.16527 -0.143479 0.101821 1.17227 -0.588562 -2.16226 -0.354262 0.755026 0.177641 0.663322 0.113804 -1.02454 -0.756613 -0.782856 0.810144 1.08157 1.26078 -1.68428 
0.6731 0.283097 -0.468175 -1.2619 -1.65098 -0.333299 -0.551625 -1.95695 -1.16572 -1.08425 -0.664065 1.45111 0.530632 -0.565346 0.707686 1.69223 1.69706 -1.1892 2.81981 1.41552 -1.11758 0.276932 0.603553 0.125769 2.61027 -0.426285 -0.747858 0.321072 1.67728 -1.26483 0.24213 -1.55017 -0.238089 0.371753 0.516718 0.276607 0.790178 2.67024 -0.408699 0.76302 -0.216011 -2.7714 -0.0531796 -0.118251 -0.831649 0.53013 -0.525833 -1.15893 0.138875 -0.609152 1.25482 0.710651 -1.18527 -0.732887 -0.730835 -0.985919 1.79719 -1.00301 -0.120798 0.590743 2.38751 -2.33215 -0.449438 0.320684 -1.28723 0.890113 0.36494 1.5582 -1.66039 1.13393 0.738877 -0.756437 0.335754 -0.953123 -0.645548 2.73546 0.402325 0.613745 0.00340582 0.579985 0.35585 1.32638 -0.78084 0.716499 -0.272112 -1.45539 -0.212705 -1.34034 -1.09061 -1.12918 0.313806 -0.273897 -1.02509 -0.0544836 -1.03625 0.196618 0.234077 0.350139 0.564723 -1.33515 1.22433 -0.709844 1.68856 -0.0706106 2.03153 -0.741477 -0.653388 -0.0376865 -0.570999 1.08668 -0.166782 -0.881969 0.494879 -0.616881 -0.513324 -0.208776 0.814001 1.0291 0.787583 -0.910327 -0.622697 1.3095 -2.19552 -0.548552 -0.877206 0.0362257 1.02699 1.22223 -1.58739 -1.13498 -0.544589 -1.15296 -1.53895 1.18176 0.83921 1.23042 0.945704 -0.254257 -0.975268 -0.198154 0.0820748 0.880157 -1.46559 -2.74203 -0.481561 0.0392294 2.20333 0.737886 0.905241 -0.147011 0.766601 -2.27105 0.309386 -0.924178 -1.0137 -1.19849 -0.65612 2.15265 -0.0486124 0.924365 0.348881 -1.02504 1.4459 -0.879346 -1.705 0.611019 1.48263 -0.646699 -1.5031 -0.271086 -0.453624 -0.023969 -0.0936359 -0.661984 -2.34938 -0.0531512 0.670895 0.155847 -0.256717 -0.367039 -0.726592 0.142957 0.241159 0.156064 0.452084 1.09953 -0.131641 1.06812 1.74526 1.16633 -1.4883 1.55841 -0.0853733 -0.173752 0.0752757 1.26824 -0.678073 -1.31434 3.11956 0.769985 2.45904 0.322688 -0.754651 -1.25602 0.712008 -0.405762 -0.624216 -0.297542 -0.486029 0.0712629 -1.10301 0.546706 0.561096 -0.074318 -0.466257 1.4664 -0.140356 -0.459925 -0.0204655 1.52208 0.516542 1.58266 -1.75303 -1.10614 0.0922233 1.09969 2.00709 0.32253 0.0973949 -0.432345 0.122972 -2.14577 -0.520383 -1.52643 -2.08481 -0.926889 -0.126938 0.296889 0.705848 0.0661883 0.777806 -0.226221 -1.58399 0.922602 0.711048 0.863169 0.78693 -1.14964 1.09646 0.511391 -1.49062 -1.21538 -0.11829 -0.823551 0.566639 -1.26704 -0.55894 -0.233758 -0.679786 1.92585 -0.929713 -1.05852 -0.394888 -0.223 0.267571 0.697484 0.119181 -0.0556336 1.02407 0.0649338 1.72301 -0.136067 0.742614 0.167207 0.187074 -0.86128 0.239958 0.959947 0.134736 0.901968 0.827217 -0.8058 -2.54606 0.672571 -1.58588 1.67232 3.38152 -0.512665 0.187628 -0.438635 1.32054 0.422657 -1.02668 1.14476 -1.94409 0.531706 -0.508976 0.712348 0.413366 0.354018 
0.696189 -1.05445 -0.834068 -2.047 0.392898 -1.22122 0.434455 0.952513 1.22899 -1.5311 -0.4487 -1.08646 0.0543874 0.00559743 -0.720837 0.210003 -1.1807 -1.331 -0.185726 -2.39684 0.96111 0.239975 -0.458071 0.411377 -0.534905 -0.245232 -0.112587 -0.0874167 -0.452662 -1.21304 -0.0721144 0.273311 1.07496 0.473133 1.96989 -1.3078 -1.30271 -1.29321 -0.3398 0.847061 1.11542 0.202122 0.569712 -0.579383 -1.12706 0.970301 -0.716543 -0.210595 2.7276 0.375084 1.55144 0.236408 -0.413953 -1.4249 1.1214 -1.87045 0.0929828 -0.346156 0.35512 0.203551 -1.27707 1.51336 -1.81054 -0.695457 -0.626907 -0.106004 1.46518 -0.362551 0.502698 -1.49851 0.953702 -1.23337 0.917185 -0.0816539 2.19936 -0.00115499 -0.604541 0.403818 1.23896 -1.4151 -0.589659 -3.28652 -0.524481 -0.765015 0.00713254 1.33525 -0.511019 -0.653953 1.24914 -0.573101 0.592517 -1.60191 -1.60974 1.09353 -0.696196 -1.24002 -1.16904 -0.275765 -1.57959 -0.625807 0.119041 -1.37307 -1.37634 -0.326218 0.834656 1.57131 -0.0263862 0.224346 -0.750008 -0.826161 1.06187 -0.325248 -0.187449 0.987944 -1.58723 -1.78442 -0.21946 -0.099963 1.88717 -0.00809341 -0.467199 0.550574 0.434134 1.79445 1.60456 -0.276688 0.837253 0.645451 -0.759546 0.0765096 -3.23859 -0.230779 -0.0838568 -0.937835 -1.34604 0.979995 -0.119131 -1.09059 0.0215874 -0.0166602 0.562479 0.24496 0.128535 0.365955 -1.19842 0.210647 0.294472 -0.98469 -0.443485 0.466198 -1.49203 0.531574 -2.03515 -0.808648 -1.26418 -1.66764 -1.23189 -1.27179 -0.212552 -0.184541 -0.370789 1.43965 -0.0478252 0.474851 -2.10958 0.190601 -0.235406 1.63566 -1.34135 0.542606 -1.02533 -0.988515 -1.1371 0.0486659 1.67609 -1.10007 1.21556 0.922887 0.210907 -0.825235 -0.757862 -0.810358 -0.435846 0.110014 -0.373247 -0.78779 -0.898068 0.649809 2.7761 -0.607042 0.673949 -0.285378 -0.163526 -0.220988 0.27724 0.744132 0.0526491 1.37023 1.07165 2.35999 -0.729636 1.35774 1.20627 -0.00398308 0.22614 -0.55443 2.05304 -0.49681 -0.796544 0.432395 -1.32002 0.536807 1.4743 0.660845 -1.67328 -2.50187 -0.577775 -0.245156 -1.9731 -0.648141 -1.53796 1.76149 0.807599 0.931892 -0.677334 0.572223 -0.301929 -0.300377 -1.20279 -1.09641 1.20426 -0.0962169 0.0886764 0.631748 -0.993091 1.11568 -0.361886 -0.995988 1.17469 0.135177 1.20429 -0.802175 0.0786494 0.842399 0.198652 -0.569876 0.109263 0.784699 1.15171 -0.936813 0.502218 0.112216 -2.03293 -1.2888 -1.90557 -0.475419 -0.708338 -1.42743 0.0267281 -0.475844 1.0504 -0.451047 2.2713 0.442031 0.33509 -0.868152 0.840032 -0.471 -2.69207 -1.23401 2.20902 1.27313 -1.29865 0.10196 -1.82404 -0.0593872 0.502809 0.83064 0.948264 -1.2019 -1.23635 0.933988 0.362652 -0.664693 -0.544577 0.0134685 0.523002 0.296229 0.808227 -1.38906 -2.5278 0.0321271 1.14935 0.593356 1.30911 1.23328 -1.89673 2.15037 -0.151093 -0.550748 
0.0784323 1.82053 -0.267645 -1.12431 -1.33296 0.599455 1.09198 2.33292 -0.686134 -0.941645 -0.889536 -0.569727 0.534125 -0.128517 0.392055 2.18172 -0.159326 0.196114 1.50583 -0.83315 -0.218969 -0.424383 -0.253627 -1.17542 2.10692 -0.548268 -0.958798 -0.72835 0.879969 -1.61052 0.290934 2.33175 0.28838 -0.629061 0.98267 -0.630027 -0.476464 0.207103 0.970301 2.59395 -1.20407 -2.35712 -0.544708 -2.08512 -0.883122 1.56659 0.278076 -0.53171 -0.882845 0.973707 0.964 1.37351 -0.384201 -0.26965 -1.6388 -0.4116 2.59342 -0.965638 0.0159922 -0.0641558 0.32876 1.60591 -0.773688 -0.530684 0.362666 0.0578898 0.820107 1.60158 -0.0155469 -0.692819 0.299865 -0.423971 -1.23612 -0.939837 0.994206 -0.920156 1.31335 1.40726 -1.67367 0.950562 0.241734 0.0394731 -0.171528 -0.726757 -1.99645 1.21991 0.624211 -1.00479 0.00964989 1.4372 -0.0488169 1.27645 -0.316075 0.0250768 -1.4692 0.203103 -0.227608 -0.670725 1.16705 -0.00292255 0.328826 0.617195 2.62692 -0.679147 -0.734128 0.682764 -0.00762694 0.243889 1.133 0.821988 1.13158 1.75778 -1.56369 0.134983 1.59824 0.00991642 0.0520296 1.92624 -0.412177 0.928187 1.92189 -0.54823 -0.744946 -1.87161 1.69923 -0.858025 0.805061 -0.829286 -2.17623 -0.439806 0.145396 -0.18289 -0.256287 -0.24651 1.3362 -0.508477 0.501057 -0.222062 -1.1523 -2.33946 0.280966 -0.479559 -0.272265 -0.333909 2.39265 -0.832851 -0.829413 -0.666897 -0.75934 -0.0732543 -0.514995 -0.933646 1.31554 0.956937 -0.443639 1.5898 1.40105 -0.156315 -0.325178 -0.715898 -1.50154 -0.988701 0.0551996 -0.293191 0.660249 -1.57251 -0.394829 -0.5032 -0.124756 1.67007 1.17792 0.382778 -2.1238 2.46921 -3.40145 -0.19512 1.01056 0.614265 0.15102 0.422658 -3.36061 -0.883748 0.636723 -0.112793 0.823623 -0.76247 -1.2871 -0.341529 0.0419754 -0.728457 1.51554 -1.26304 -0.256962 1.35792 -0.891907 -0.361574 -0.192071 1.00813 -1.94178 -0.352576 0.680849 -0.340859 0.367769 2.03518 -0.921671 -0.00857778 -0.953508 0.567047 0.791192 2.90524 -0.420103 -2.45384 -0.756593 -0.33201 -0.148641 -3.20251 0.461288 -1.00771 -3.04043 -1.75036 1.8713 0.881306 0.319621 -1.19875 0.77616 -0.692328 0.873364 -0.617863 -0.0897083 -0.70437 1.19204 -1.99339 3.05605 1.21044 -0.912743 -0.0793316 1.48233 -0.610876 0.237808 0.912746 -2.55853 1.29165 -0.452988 -1.61036 -0.365237 -0.112165 0.311829 -0.581127 -0.459399 1.10438 3.09599 0.50577 -0.0775095 -2.48029 0.720734 -2.43578 -0.928491 1.46245 2.5199 1.73393 0.75101 0.145513 0.412027 -0.0777691 0.463152 0.651051 0.474225 0.14767 -1.40952 -0.368482 -0.697929 -1.16806 0.735251 1.20322 0.215944 -0.203995 1.52121 -3.92696 2.41348 1.63832 -0.113141 0.683478 0.327126 -0.53969 2.19743 0.637416 0.0496231 -0.131316 0.0667562 -0.546082 1.94996 0.730636 -0.694145 1.34647 1.96482 1.262 0.980406 -1.31049 0.146474 -0.821918 
-1.28109 -0.835595 1.0103 0.711145 -0.611122 -0.0358351 -1.07914 0.411571 0.800492 0.294749 -1.08864 0.548797 0.325349 -0.271243 -1.02595 -0.0616555 -0.439104 0.0989332 -1.28126 2.61394 0.621751 1.9195 0.960915 -0.991811 -0.715717 0.264065 -1.15887 1.25641 1.51813 1.47753 0.440212 1.43685 -0.420646 -0.000214903 -1.26082 0.0336443 -1.10039 0.230985 0.695121 -1.75772 0.278718 -0.714319 1.04119 -0.513989 0.658561 1.46365 -1.95806 -0.7319 0.0396822 0.565453 -0.534964 0.836104 3.10391 -1.44701 0.0224123 1.99473 1.13763 -0.583546 0.559687 -1.09158 1.1285 -0.479206 2.42901 0.0302294 -0.185721 -1.71363 -0.329017 -1.29246 0.0321655 0.799813 -0.234686 0.349815 2.19759 -0.642193 1.02798 1.35759 0.322268 1.88413 0.387043 -1.65301 1.31197 -0.356408 0.736298 -2.33489 -1.06966 0.503799 -1.20158 -0.377745 -0.0523343 -0.478465 0.171302 -1.54014 0.918152 0.603979 -1.6772 0.697507 -0.468662 -1.49107 -1.28483 -0.157726 0.793751 1.99407 1.43319 -0.976874 -0.776251 -0.753631 -0.267888 1.8883 2.71477 0.119357 -0.912107 -1.66576 1.26501 -0.298364 0.614385 -1.89385 -1.20572 -0.67486 -0.315604 -1.01213 -1.25896 -0.369261 -0.148673 0.203286 2.54792 -1.1721 0.636042 0.312174 -0.171163 -0.475582 -1.32244 -1.74483 -0.397566 0.514357 -1.30551 -0.226434 1.49394 -0.885787 -0.247378 1.30086 0.284638 -0.647251 -1.96189 0.259309 0.776264 -0.475112 2.011 -0.30872 0.229406 -0.254393 -0.888728 0.478666 -0.639902 0.302537 -1.13623 1.06317 -0.643917 0.363556 -0.693395 -0.61882 -0.511677 -0.426793 -0.386207 -1.16435 0.104506 3.26112 1.58093 0.968787 1.31623 -1.75871 -0.304757 -0.967647 -1.25706 0.0129242 0.121124 -0.669379 -2.39402 -1.98183 -0.162221 -1.10587 -1.35853 1.57675 1.24852 0.982777 1.46111 -2.18906 1.74157 -0.345552 -0.79163 0.345533 0.764558 0.684127 1.37885 -0.276677 -0.392399 0.0455837 3.36458 1.03245 -0.177703 -0.855222 0.999485 1.06362 0.397799 0.388279 -1.73068 -1.14837 1.41201 -1.6063 -0.121794 -0.0528659 -0.901155 0.893523 1.37372 -0.574863 0.90718 0.556763 