1372 1.00001
38.4748 38.4748 38.4748 
19.1345 19.1345 19.1345 
1 1 1 1 1 1 1 1 1 1 1 1 1 1 1 1 1 1 1 1 1 1 1 1 1 1 1 1 1 1 1 1 1 1 1 1 1 1 1 1 1 1 1 1 1 1 1 1 1 1 1 1 1 1 1 1 1 1 1 1 1 1 1 1 1 1 1 1 1 1 1 1 1 1 1 1 1 1 1 1 1 1 1 1 1 1 1 1 1 1 1 1 1 1 1 1 1 1 1 1 
1 1 1 1 1 1 1 1 1 1 1 1 1 1 1 1 1 1 1 1 1 1 1 1 1 1 1 1 1 1 1 1 1 1 1 1 1 1 1 1 1 1 1 1 1 1 1 1 1 1 1 1 1 1 1 1 1 1 1 1 1 1 1 1 1 1 1 1 1 1 1 1 1 1 1 1 1 1 1 1 1 1 1 1 1 1 1 1 1 1 1 1 1 1 1 1 1 1 1 1 
1 1 1 1 1 1 1 1 1 1 1 1 1 1 1 1 1 1 1 1 1 1 1 1 1 1 1 1 1 1 1 1 1 1 1 1 1 1 1 1 1 1 1 1 1 1 1 1 1 1 1 1 1 1 1 1 1 1 1 1 1 1 1 1 1 1 1 1 1 1 1 1 1 1 1 1 1 1 1 1 1 1 1 1 1 1 1 1 1 1 1 1 1 1 1 1 1 1 1 1 
1 1 1 1 1 1 1 1 1 1 1 1 1 1 1 1 1 1 1 1 1 1 1 1 1 1 1 1 1 1 1 1 1 1 1 1 1 1 1 1 1 1 1 1 1 1 1 1 1 1 1 1 1 1 1 1 1 1 1 1 1 1 1 1 1 1 1 1 1 1 1 1 1 1 1 1 1 1 1 1 1 1 1 1 1 1 1 1 1 1 1 1 1 1 1 1 1 1 1 1 
1 1 1 1 1 1 1 1 1 1 1 1 1 1 1 1 1 1 1 1 1 1 1 1 1 1 1 1 1 1 1 1 1 1 1 1 1 1 1 1 1 1 1 1 1 1 1 1 1 1 1 1 1 1 1 1 1 1 1 1 1 1 1 1 1 1 1 1 1 1 1 1 1 1 1 1 1 1 1 1 1 1 1 1 1 1 1 1 1 1 1 1 1 1 1 1 1 1 1 1 
1 1 1 1 1 1 1 1 1 1 1 1 1 1 1 1 1 1 1 1 1 1 1 1 1 1 1 1 1 1 1 1 1 1 1 1 1 1 1 1 1 1 1 1 1 1 1 1 1 1 1 1 1 1 1 1 1 1 1 1 1 1 1 1 1 1 1 1 1 1 1 1 1 1 1 1 1 1 1 1 1 1 1 1 1 1 1 1 1 1 1 1 1 1 1 1 1 1 1 1 
1 1 1 1 1 1 1 1 1 1 1 1 1 1 1 1 1 1 1 1 1 1 1 1 1 1 1 1 1 1 1 1 1 1 1 1 1 1 1 1 1 1 1 1 1 1 1 1 1 1 1 1 1 1 1 1 1 1 1 1 1 1 1 1 1 1 1 1 1 1 1 1 1 1 1 1 1 1 1 1 1 1 1 1 1 1 1 1 1 1 1 1 1 1 1 1 1 1 1 1 
1 1 1 1 1 1 1 1 1 1 1 1 1 1 1 1 1 1 1 1 1 1 1 1 1 1 1 1 1 1 1 1 1 1 1 1 1 1 1 1 1 1 1 1 1 1 1 1 1 1 1 1 1 1 1 1 1 1 1 1 1 1 1 1 1 1 1 1 1 1 1 1 1 1 1 1 1 1 1 1 1 1 1 1 1 1 1 1 1 1 1 1 1 1 1 1 1 1 1 1 
1 1 1 1 1 1 1 1 1 1 1 1 1 1 1 1 1 1 1 1 1 1 1 1 1 1 1 1 1 1 1 1 1 1 1 1 1 1 1 1 1 1 1 1 1 1 1 1 1 1 1 1 1 1 1 1 1 1 1 1 1 1 1 1 1 1 1 1 1 1 1 1 1 1 1 1 1 1 1 1 1 1 1 1 1 1 1 1 1 1 1 1 1 1 1 1 1 1 1 1 
1 1 1 1 1 1 1 1 1 1 1 1 1 1 1 1 1 1 1 1 1 1 1 1 1 1 1 1 1 1 1 1 1 1 1 1 1 1 1 1 1 1 1 1 1 1 1 1 1 1 1 1 1 1 1 1 1 1 1 1 1 1 1 1 1 1 1 1 1 1 1 1 1 1 1 1 1 1 1 1 1 1 1 1 1 1 1 1 1 1 1 1 1 1 1 1 1 1 1 1 
1 1 1 1 1 1 1 1 1 1 1 1 1 1 1 1 1 1 1 1 1 1 1 1 1 1 1 1 1 1 1 1 1 1 1 1 1 1 1 1 1 1 1 1 1 1 1 1 1 1 1 1 1 1 1 1 1 1 1 1 1 1 1 1 1 1 1 1 1 1 1 1 1 1 1 1 1 1 1 1 1 1 1 1 1 1 1 1 1 1 1 1 1 1 1 1 1 1 1 1 
1 1 1 1 1 1 1 1 1 1 1 1 1 1 1 1 1 1 1 1 1 1 1 1 1 1 1 1 1 1 1 1 1 1 1 1 1 1 1 1 1 1 1 1 1 1 1 1 1 1 1 1 1 1 1 1 1 1 1 1 1 1 1 1 1 1 1 1 1 1 1 1 1 1 1 1 1 1 1 1 1 1 1 1 1 1 1 1 1 1 1 1 1 1 1 1 1 1 1 1 
1 1 1 1 1 1 1 1 1 1 1 1 1 1 1 1 1 1 1 1 1 1 1 1 1 1 1 1 1 1 1 1 1 1 1 1 1 1 1 1 1 1 1 1 1 1 1 1 1 1 1 1 1 1 1 1 1 1 1 1 1 1 1 1 1 1 1 1 1 1 1 1 1 1 1 1 1 1 1 1 1 1 1 1 1 1 1 1 1 1 1 1 1 1 1 1 1 1 1 1 
1 1 1 1 1 1 1 1 1 1 1 1 1 1 1 1 1 1 1 1 1 1 1 1 1 1 1 1 1 1 1 1 1 1 1 1 1 1 1 1 1 1 1 1 1 1 1 1 1 1 1 1 1 1 1 1 1 1 1 1 1 1 1 1 1 1 1 1 1 1 1 1 
0 0.566076 1.54996 1.38041 0 1.38662 3.78975 4.11744 0 4.35112 1.27861 3.98209 0 3.99631 4.04642 1.08057 0 6.91077 1.00458 1.45098 0 6.71469 3.76854 3.75961 0 9.52474 0.860619 3.89239 0 9.87281 3.65711 1.29254 0 12.0434 0.756456 1.43758 0 12.293 3.87368 4.06262 0 15.0662 1.06036 4.4208 0 15.002 3.50829 1.31864 0 17.6148 0.632177 1.01764 0 17.8394 3.23443 3.85485 0 20.4009 0.745017 3.61497 0 20.3259 3.31084 1.11281 0 22.9164 1.17119 1.1154 0 23.2538 3.93947 3.70169 0 25.71 1.51616 3.48257 0 25.9356 4.00596 0.984855 0 28.9173 1.51676 1.40281 0 27.8169 4.45228 4.16346 0 31.3638 1.66881 3.98412 0 31.672 3.98514 0.9322 0 34.5443 1.25532 0.966641 0 33.7747 4.19163 4.17138 0 37.323 1.23252 4.45156 0 36.8162 4.42713 2.09887 0 1.00909 6.41953 1.12159 0 1.67035 9.48454 4.38168 0 3.81364 6.34933 4.04706 0 4.38744 9.32496 1.76127 0 6.93574 6.24678 1.51444 0 6.97605 9.19581 4.13213 0 9.61264 6.09439 4.25874 0 9.65602 9.23706 1.32954 0 12.5735 6.37386 1.56743 0 12.1547 9.46486 3.6466 0 15.7887 6.71071 4.10228 0 15.2367 9.8222 1.50192 0 18.0422 6.34519 1.50604 0 18.1302 9.80817 3.92722 0 20.3365 6.29755 4.21535 0 19.9096 9.33259 0.925722 0 22.9766 6.9273 0.822901 0 22.3478 9.6908 3.76971 0 25.1622 7.36061 3.52185 0 25.3073 9.51918 0.768605 0 28.3522 7.08691 0.940542 0 28.2934 9.50728 3.79346 0 31.2495 7.09349 4.24234 0 31.5619 8.79923 1.00627 0 34.5715 6.83558 0.764037 0 34.3849 8.96871 3.87865 0 37.7728 7.06746 4.13605 0 37.3013 9.51025 1.59737 0 1.51174 12.5271 1.25452 0 1.77292 15.3312 4.18342 0 4.0602 12.2857 3.63943 0 4.40957 15.0571 1.16677 0 7.06413 11.6958 1.34281 0 7.00658 14.9006 3.82566 0 9.57918 11.9862 3.99958 0 9.43953 14.9207 1.39665 0 11.86 12.1952 1.37685 0 12.4562 14.9895 4.42301 0 14.6483 12.2727 3.83921 0 15.0778 15.3749 1.69648 0 17.4324 12.6561 1.30213 0 17.5147 15.3179 3.78345 0 20.1379 12.8643 3.7307 0 20.1675 15.7312 1.40591 0 22.8676 12.2067 0.971406 0 23.0715 15.2858 3.59881 0 25.4216 11.9725 3.34009 0 25.8859 14.4393 0.965359 0 29.3384 11.8168 1.18555 0 28.5949 14.3572 4.30291 0 31.4154 12.0068 4.49707 0 31.7807 14.7145 1.64498 0 34.1635 11.8829 1.88608 0 33.9893 15.0069 4.51275 0 37.2573 12.4011 4.36644 0 37.0615 14.5637 0.860039 0 2.08056 17.8082 1.66992 0 1.5916 20.2122 4.47408 0 4.51275 17.6247 4.2209 0 4.34848 20.787 1.54689 0 7.30288 17.9201 1.31916 0 7.08274 20.6336 4.0698 0 9.82341 17.8724 4.20038 0 9.75187 20.6402 0.991551 0 12.0271 17.9545 1.28847 0 11.667 20.9775 4.18635 0 14.3822 18.3837 3.9492 0 14.2629 21.0591 1.05915 0 17.3848 18.3333 1.31212 0 17.2946 21.1588 3.80701 0 20.363 17.6791 4.38081 0 20.4984 20.7186 1.6048 
0 23.2312 17.6623 1.12049 0 23.4696 20.2093 4.11768 0 25.801 17.369 4.1056 0 25.6831 20.3809 0.857537 0 28.5508 17.0957 1.67899 0 28.3383 20.4361 3.26127 0 31.1091 17.4849 4.15288 0 31.4785 20.221 1.73369 0 34.1732 17.5882 1.73485 0 34.5003 20.6727 4.12417 0 36.9152 18.0872 4.39621 0 37.1833 20.5459 1.29841 0 1.69039 23.2699 1.84527 0 1.58774 26.3354 3.70047 0 4.32667 23.4267 4.3526 0 4.7633 26.0912 1.38462 0 7.53436 23.8862 1.25763 0 6.7737 25.8951 4.35731 0 9.54719 23.5779 3.93484 0 9.4692 26.4574 1.25552 0 11.8584 23.5399 1.03702 0 12.2497 26.2578 3.61237 0 14.6697 23.5441 4.35377 0 14.7849 26.0894 0.919102 0 17.4956 23.5608 1.35118 0 17.5898 25.5746 4.51051 0 20.5057 23.4166 4.09484 0 20.8552 25.764 1.37886 0 23.3929 23.02 1.49215 0 23.726 25.7295 3.94034 0 26.2312 23.5618 3.97495 0 26.4494 26.6533 1.20198 0 28.3339 23.1469 1.06579 0 28.9643 26.6596 4.19193 0 30.7641 23.0862 3.80113 0 31.2592 25.9128 1.39194 0 33.8306 23.295 1.32829 0 34.367 26.0824 3.66973 0 37.1935 23.1151 3.76956 0 37.1352 25.9668 1.51007 0 1.57274 28.2971 0.921124 0 0.833931 31.6944 4.12242 0 4.09673 28.9912 4.03546 0 3.86092 32.0108 1.56682 0 6.83365 29.0325 0.983218 0 6.27655 31.9627 4.08145 0 8.79814 29.2456 3.84987 0 9.60113 31.3236 1.26964 0 12.1508 29.0206 1.30008 0 12.1016 31.5964 4.03273 0 15.1423 28.5305 3.70772 0 14.7542 31.2865 1.47901 0 18.0198 28.3516 1.41638 0 17.9458 31.2354 3.7448 0 20.7409 28.7024 4.28475 0 20.6424 31.1833 1.31624 0 23.3486 28.3941 1.64903 0 23.0943 31.2477 4.16691 0 25.9003 28.6203 4.43456 0 25.8028 31.2521 1.32682 0 29.3027 28.8081 1.66843 0 29.0936 31.1019 4.46273 0 31.9997 28.7435 4.09041 0 31.5632 31.2584 1.72002 0 34.5281 28.8747 1.62473 0 35.0823 31.4798 4.14964 0 37.2762 28.5956 4.10951 0 37.3895 31.0163 1.00148 0 0.97261 33.8065 1.30801 0 1.66754 37.6219 3.92167 0 3.86952 34.4254 4.53404 0 4.25703 36.3404 1.34919 0 6.80398 34.2328 1.19076 0 6.95286 37.0392 3.93517 0 9.36464 34.1792 4.01694 0 9.54643 36.7641 1.10384 0 12.137 34.2787 1.08916 0 12.3499 36.4058 4.08239 0 15.32 33.9589 3.98779 0 15.0087 36.6285 1.40632 0 17.494 34.1747 1.11364 0 17.7935 36.499 3.83401 0 20.4043 33.9221 4.19367 0 20.4269 36.5039 1.24716 0 23.2493 33.7934 1.26497 0 23.1346 36.6912 3.54968 0 26.1233 34.3603 4.5755 0 26.0477 36.9245 0.7917 0 28.8496 34.1473 1.647 0 28.5884 37.06 3.52799 0 31.5188 33.9242 4.34948 0 31.9305 36.8293 1.26733 0 34.529 33.9412 1.79085 0 34.0548 37.4007 4.32388 0 36.6475 34.784 4.56157 0 36.7718 36.8281 1.36806 0 1.58201 1.22201 7.06182 0 1.06351 4.1477 9.93863 0 4.20667 2.03654 9.38668 0 4.16314 4.01712 6.36215 
0 7.00816 1.44849 6.69937 0 7.65827 3.77692 9.72303 0 9.55186 0.727022 9.22937 0 10.0988 3.69599 6.97911 0 12.2313 1.00023 6.80484 0 12.288 3.69891 9.9201 0 14.9644 0.938729 9.35285 0 15.338 4.37475 6.50701 0 18.1095 0.787473 6.62384 0 18.0176 3.59169 9.18584 0 20.7873 1.02351 9.5569 0 20.6908 3.61054 6.53747 0 23.208 0.792086 6.09965 0 23.0341 4.13051 9.92449 0 25.7885 1.59338 9.40724 0 25.2582 3.93357 6.73467 0 28.1133 1.53032 6.72218 0 27.9957 4.27088 9.87922 0 31.0235 1.23339 9.42797 0 31.0196 4.46189 6.92203 0 33.5709 1.23635 6.62204 0 33.8821 4.07718 9.90954 0 36.4961 1.72902 9.70895 0 37.3222 3.92883 6.88677 0 1.46368 6.92648 6.99091 0 2.25081 9.69787 9.29522 0 4.66823 6.22704 9.69823 0 4.6538 9.16938 6.86878 0 6.81905 6.11578 6.70921 0 7.14686 9.48042 9.50608 0 9.914 6.8409 9.73228 0 9.75466 9.46437 6.58344 0 12.1369 6.68753 6.96011 0 12.3308 9.4368 9.38918 0 15.0512 6.23405 9.77476 0 14.9175 8.88388 6.61459 0 18.163 6.43676 7.12583 0 17.8181 9.1638 9.65886 0 20.2948 6.90688 9.95432 0 20.0604 9.45011 7.05162 0 22.6445 7.1659 6.66108 0 22.7703 10.0551 9.44366 0 25.5451 7.52477 8.98645 0 25.2591 9.74035 6.09238 0 28.3337 6.97571 6.83575 0 28.8274 9.23493 9.58013 0 31.2375 6.83429 9.63105 0 31.4975 9.52394 6.8294 0 34.5465 6.6261 6.82785 0 34.5088 9.64571 9.45963 0 37.3476 6.75904 9.60276 0 37.4207 9.57421 6.77251 0 1.7091 12.5374 6.77315 0 1.57813 14.7318 9.53869 0 4.49511 12.2407 9.64036 0 4.57556 14.7137 6.54932 0 7.41332 12.2882 6.94382 0 6.95881 14.6024 9.54628 0 9.80572 12.2336 9.4424 0 9.65486 15.1604 6.78125 0 12.5738 12.0616 6.72264 0 12.4845 14.9173 8.91853 0 14.9802 12.1353 9.23291 0 15.2997 15.5123 6.62822 0 17.2505 12.2019 6.44128 0 17.7307 15.2104 9.08761 0 19.6503 12.3425 9.58759 0 20.1609 14.7528 6.89759 0 22.7737 12.1787 6.46414 0 22.8528 14.5549 9.55013 0 26.0429 12.055 9.58754 0 25.5818 14.9962 6.95105 0 28.5402 11.5578 6.8254 0 28.3588 14.9676 9.32051 0 31.2851 12.2935 9.15727 0 30.9818 15.0579 6.81281 0 34.6294 12.1212 6.33624 0 34.1123 14.1727 9.03864 0 37.5802 12.0936 9.05326 0 37.0021 15.0448 7.02771 0 1.89275 17.506 6.93564 0 1.01896 20.428 9.55834 0 4.38844 17.4649 9.438 0 4.05789 20.3217 6.82877 0 6.83886 17.9963 6.92716 0 6.26364 20.6133 9.80276 0 9.53827 17.2534 9.50207 0 9.46719 20.1434 6.87899 0 12.0834 17.8307 6.74829 0 12.1357 20.7142 9.68212 0 14.8549 17.8518 9.13485 0 14.4532 20.7125 6.43518 0 17.2315 18.2712 6.24472 0 17.4185 21.0244 9.54583 0 20.6093 17.6201 9.31135 0 20.5157 20.962 6.46048 0 23.3884 17.7839 6.92092 0 23.1298 20.4351 9.50994 0 25.978 17.8101 9.35522 0 25.6801 20.3716 6.56072 
0 28.3029 17.3429 6.58168 0 28.4839 20.7352 9.01509 0 31.2189 17.9748 9.16218 0 31.0696 20.3074 6.32117 0 34.3718 17.6982 7.03018 0 34.1346 20.4995 9.0756 0 37.1241 17.8572 9.25069 0 37.1541 20.5483 6.7395 0 1.17529 23.4655 6.38917 0 1.20879 26.3991 9.22524 0 3.71016 23.2337 9.32342 0 3.67894 25.8757 6.69436 0 7.27379 22.9151 6.83034 0 6.48642 25.8779 9.56319 0 9.07473 23.0535 10.0712 0 9.49479 26.4423 7.04441 0 11.8353 23.4887 7.05357 0 12.1325 26.683 9.45162 0 14.6814 23.9419 9.65461 0 14.8981 26.647 6.80888 0 17.6402 23.0021 6.71872 0 17.4628 25.9362 9.28767 0 20.2479 23.532 9.49551 0 20.337 26.0028 6.74465 0 23.262 23.3284 6.83357 0 23.1363 25.7742 9.52739 0 25.9102 23.145 9.49771 0 26.2026 26.1307 7.24423 0 28.3975 23.4572 6.9249 0 28.9453 26.0216 9.65773 0 31.779 23.1978 9.04185 0 31.3415 26.0565 6.67405 0 33.7732 23.5216 5.92326 0 34.4938 25.8015 8.82248 0 36.9221 23.2141 9.36811 0 36.9941 25.8309 6.40222 0 1.62822 28.7809 6.76465 0 1.26531 31.6369 9.45604 0 4.03768 28.9638 9.52205 0 3.88603 31.4876 6.61602 0 6.52431 28.6807 6.5793 0 6.56042 31.9224 9.56055 0 8.91941 29.1247 9.39902 0 9.32679 31.571 6.23991 0 12.1044 28.6014 6.40869 0 12.0841 31.3281 9.10768 0 14.9559 28.9613 9.10684 0 14.876 31.6646 6.74032 0 18.0162 28.7031 6.87747 0 17.9552 31.2971 9.73071 0 21.0839 28.7394 9.50768 0 20.6685 31.1935 6.88077 0 23.3861 28.5896 6.89184 0 23.6387 31.6736 9.74057 0 25.7005 28.7459 10.1155 0 25.6883 31.4475 6.92578 0 28.8602 29.1032 7.39274 0 28.2225 31.4086 9.9625 0 31.6483 28.7965 10.0718 0 31.682 31.3452 7.50948 0 34.6039 29.1277 6.46988 0 34.2936 31.6777 9.86486 0 36.8396 28.8634 8.93457 0 36.7501 32.0632 7.27294 0 1.27638 34.5649 7.15317 0 1.40558 37.5972 9.80916 0 3.57024 34.9412 9.92996 0 4.39667 37.3471 6.80152 0 6.86551 34.2417 7.04663 0 6.55292 37.0915 9.62148 0 9.56125 34.5574 9.10597 0 9.61767 36.9578 6.45916 0 12.2795 34.0394 6.84323 0 12.5459 36.9396 9.193 0 15.2027 33.8866 9.26588 0 14.9941 36.8587 6.55952 0 18.0648 34.0619 6.85047 0 17.8398 36.5719 9.37204 0 20.9361 34.0501 9.38754 0 20.814 36.9414 6.5846 0 23.2603 34.3854 6.76376 0 23.5128 36.7951 9.71059 0 26.2167 34.1847 9.07251 0 25.7254 36.91 6.97983 0 28.9177 33.8857 6.87552 0 28.7919 36.9632 9.71274 0 31.155 34.3961 9.55353 0 31.1796 36.8319 6.14708 0 33.8825 34.3232 7.1284 0 33.9166 37.6677 9.45773 0 37.1765 34.4127 9.85327 0 37.2657 37.0371 7.71494 0 0.673312 1.75259 12.5303 0 1.05011 4.44594 15.3326 0 3.4352 1.53789 15.6276 0 4.09 3.99231 12.5409 0 7.01356 1.2016 12.165 0 6.87727 3.97802 15.0666 0 10.3775 0.739704 15.209 0 9.85295 3.70074 12.7658 
0 12.8839 0.947129 12.3848 0 12.7968 3.97517 14.5732 0 15.5375 0.997785 14.8789 0 15.8071 3.81358 12.1333 0 17.7831 0.793967 11.8313 0 17.8194 3.74011 15.1141 0 20.3992 1.24185 15.2716 0 20.2904 4.03166 12.5682 0 22.9985 0.852217 12.2266 0 23.0611 3.69526 14.9357 0 25.8923 1.2028 14.9832 0 25.6472 4.3241 12.3376 0 28.5462 1.55592 12.498 0 28.7612 4.44091 15.2905 0 31.1734 1.62448 15.2955 0 31.0198 4.03496 11.9908 0 33.7911 1.80499 12.6767 0 34.2873 4.36109 15.3185 0 36.7496 1.48163 15.0698 0 36.5577 4.67405 12.6456 0 1.18408 7.10335 12.3434 0 0.894677 9.467 15.1991 0 3.64894 7.07165 14.9875 0 4.13528 9.70393 12.323 0 6.63016 6.59806 12.5757 0 6.29776 10.3983 14.9903 0 10.1632 6.69431 15.4775 0 9.04424 9.47553 12.4718 0 12.2809 6.59066 12.4341 0 12.5726 9.28752 15.4273 0 15.1501 6.85328 15.349 0 15.1803 9.28163 12.1861 0 17.6784 6.75915 13.016 0 17.9489 9.6119 15.3738 0 20.6082 6.6469 15.332 0 20.0312 9.66649 12.1068 0 22.8982 6.81345 12.2944 0 22.8006 9.88241 15.2168 0 25.623 6.56789 15.1674 0 25.6331 9.12815 12.1238 0 28.7148 6.97208 12.513 0 28.7008 9.51412 15.0653 0 31.4771 6.74686 15.3167 0 31.4817 9.91387 12.2543 0 34.1473 7.25333 12.487 0 34.1043 9.64895 15.1269 0 36.3612 7.13207 15.5394 0 37.1753 9.35577 12.0158 0 1.41021 12.2401 11.9691 0 0.959342 14.7746 14.467 0 3.32152 12.1983 15.0514 0 4.11423 14.7904 12.1324 0 6.94543 12.4001 12.1111 0 7.00706 15.0673 14.8295 0 9.22867 12.0349 15.255 0 10.1893 15.0784 12.1784 0 12.2746 12.0386 12.276 0 12.9047 14.9752 14.8401 0 15.1443 12.2335 14.7881 0 15.1593 15.0965 11.8347 0 17.5063 12.4428 12.5867 0 17.7207 15.6024 14.8591 0 20.4512 12.4296 15.1173 0 20.1772 15.6009 12.153 0 23.2111 12.015 12.3667 0 23.2258 14.8945 14.646 0 25.8689 12.7609 15.0298 0 26.1756 15.1471 12.0085 0 28.4987 12.0005 12.2168 0 28.6541 15.5048 14.3888 0 31.0187 12.4431 14.9924 0 31.6817 14.743 11.7143 0 34.233 12.3057 12.1961 0 34.0142 15.1549 14.8929 0 36.7061 12.0508 14.5152 0 36.9588 14.9358 11.8441 0 0.948602 17.5265 11.7754 0 1.03819 20.3824 14.6072 0 4.09809 17.1548 14.901 0 3.69714 20.298 11.8793 0 6.76046 17.4684 12.1846 0 6.28086 20.0239 14.4924 0 9.85775 17.3321 15.0745 0 9.32262 20.2136 12.4674 0 12.4022 18.0639 12.1672 0 12.2182 20.8652 15.4127 0 15.1136 18.2736 15.2589 0 14.6996 21.3327 11.9383 0 17.4242 18.3784 11.8561 0 17.7699 20.591 14.9218 0 20.1927 18.0773 15.0514 0 20.0778 21.1559 12.2559 0 23.1324 18.0816 12.6235 0 22.9493 20.9017 14.6795 0 26.0462 17.7967 14.6626 0 26.0353 20.5417 11.8331 0 28.9142 18.1335 11.7159 0 28.6087 20.5131 14.9135 0 31.3629 18.1221 14.5484 0 31.2924 20.5507 11.6837 
0 34.1804 17.5171 11.5428 0 34.1187 20.4873 14.4473 0 37.0787 17.6873 14.9183 0 36.5686 20.3376 11.8123 0 1.15771 22.9244 12.1211 0 0.602907 25.7957 14.2044 0 3.77885 22.8655 14.7524 0 3.92044 26.021 12.2749 0 7.00379 23.4231 12.8656 0 7.09454 26.6784 14.6163 0 9.73612 23.5115 14.703 0 9.41513 26.4239 11.7255 0 12.1477 23.7717 12.3056 0 11.8794 26.6505 14.5964 0 15.0251 23.5787 14.8791 0 14.9904 26.6365 11.9658 0 17.46 23.529 12.1933 0 17.8719 26.2156 14.7965 0 20.64 23.5966 15.1196 0 20.5324 26.2537 12.247 0 22.8763 23.4828 12.0028 0 23.4502 26.0959 14.858 0 26.6484 23.4209 14.3483 0 25.817 25.6785 11.8397 0 28.9023 22.8845 11.6773 0 28.7399 26.3263 15.1575 0 31.2931 23.2005 14.6699 0 31.2433 25.7992 12.5675 0 34.0791 23.4613 11.771 0 34.016 25.7684 14.7342 0 36.6766 23.1934 14.6754 0 36.659 26.0137 11.7656 0 1.46082 28.5964 11.8499 0 0.683239 31.7937 14.9897 0 3.71809 28.9593 14.5959 0 3.47892 31.3809 12.0092 0 6.53831 29.1052 12.2239 0 6.71152 31.5566 14.6805 0 9.80261 29.6442 14.9656 0 9.30641 31.9184 11.8755 0 12.4462 29.3765 12.1187 0 12.7246 31.8015 15.0851 0 15.0084 29.0772 14.6731 0 15.0872 31.6299 11.9634 0 18.057 28.666 12.1753 0 17.9397 31.3516 14.7136 0 20.6824 29.0072 14.927 0 20.7941 31.4875 12.3495 0 23.2951 28.7674 12.5057 0 22.9932 31.5973 15.2236 0 25.8978 28.8572 15.3212 0 25.8798 31.431 12.5451 0 28.361 28.6497 12.601 0 28.5887 31.3461 15.0599 0 31.3491 28.5552 15.1716 0 31.3383 31.5172 12.1368 0 34.2304 28.9526 12.2545 0 33.9347 31.8383 14.9701 0 36.9996 28.823 14.9879 0 36.9335 31.6549 12.1269 0 1.42901 34.4478 12.6505 0 1.14801 37.2333 14.9811 0 3.99795 34.4196 15.3626 0 3.90584 37.6824 12.9093 0 6.11999 34.3357 12.6595 0 7.14402 36.654 14.7373 0 9.84929 34.5715 14.5132 0 9.09137 36.7022 11.8643 0 12.1893 33.8967 11.4839 0 12.7471 36.6446 14.5763 0 15.5662 33.8361 15.0477 0 15.2411 36.2828 11.8291 0 18.1197 33.9707 12.0798 0 17.9415 36.9301 14.6217 0 20.3444 34.0813 14.9976 0 20.6362 36.6409 12.0342 0 23.4497 34.089 12.2778 0 23.4113 36.7899 14.9694 0 25.8423 33.7679 15.1392 0 26.0859 36.5364 12.2941 0 28.9463 34.2543 12.6194 0 28.9621 37.1667 14.909 0 31.6687 34.4982 15.1696 0 31.7354 37.3966 12.3284 0 34.1145 34.5394 11.7639 0 33.6211 37.8163 15.4573 0 36.6055 34.3962 15.2259 0 36.6209 37.4988 12.2391 0 0.82807 1.40814 17.7887 0 1.40653 4.54128 20.7303 0 3.8795 1.38288 19.6364 0 3.76784 4.79115 17.7229 0 6.96914 0.822472 17.2406 0 7.00634 3.9413 19.983 0 9.96096 1.34893 20.534 0 9.83374 3.54086 17.4827 0 13.0303 1.44848 17.8484 0 12.1571 4.01576 20.3337 0 15.2474 1.26945 21.1419 0 15.0787 4.44802 18.3836 
0 17.3571 1.49729 18.238 0 17.5045 3.96261 20.9842 0 20.5888 1.34257 20.8248 0 20.3479 3.65624 17.9852 0 23.271 1.3587 17.943 0 23.1032 3.84866 21.0962 0 25.6461 1.30795 20.8384 0 25.7635 4.09416 18.0436 0 28.3878 1.46979 17.9017 0 28.3022 4.86986 21.3203 0 31.2416 1.48316 20.5281 0 31.0377 4.50442 18.2454 0 34.1116 2.0249 17.7264 0 33.6419 4.1405 20.9569 0 36.7704 1.78981 20.8462 0 36.8039 4.47226 18.2554 0 1.12118 6.92504 18.1081 0 1.07012 10.1979 20.4967 0 3.89923 7.4904 20.7834 0 3.63313 9.91537 17.7436 0 6.69529 7.47376 17.3562 0 7.08202 9.78397 20.9007 0 9.29987 6.71208 20.2385 0 9.78745 9.64874 18.1541 0 12.5317 7.29089 18.3223 0 12.8118 9.57294 21.0593 0 15.4673 6.88624 20.8864 0 15.4571 10.1172 17.5142 0 17.9852 6.93621 18.1794 0 17.9558 9.93488 20.2532 0 20.8026 6.63195 20.4774 0 20.6271 9.17746 17.6734 0 23.2984 6.65075 17.8752 0 23.263 9.88051 20.6872 0 25.2621 6.89356 20.8553 0 25.8854 9.79311 17.4593 0 28.4998 6.793 18.1513 0 28.8775 9.59712 20.845 0 31.4275 6.90788 20.7034 0 31.048 9.4463 17.7464 0 34.0152 7.2641 18.1246 0 33.9831 9.87857 20.5736 0 37.3694 7.09169 20.9726 0 36.8584 9.85776 18.1629 0 1.02799 12.5631 17.476 0 0.8867 14.8501 20.7124 0 3.78153 12.5024 20.2552 0 3.69453 15.0092 17.3742 0 7.08394 12.6488 18.148 0 6.79161 15.1358 20.5106 0 9.74979 11.8452 20.8321 0 9.8019 14.8498 17.8497 0 12.9813 12.4765 17.7912 0 12.1973 14.8297 20.7857 0 15.0852 12.7389 20.6219 0 14.9177 15.3553 17.9553 0 17.7769 13.0114 18.2136 0 17.5761 15.3035 20.7552 0 20.4652 12.3222 19.9506 0 20.761 15.3049 17.1866 0 23.2965 12.2905 17.6197 0 23.6219 15.1045 20.6238 0 26.3515 12.4291 20.4113 0 26.1497 15.0388 17.7841 0 28.6205 12.4757 17.6316 0 28.659 15.3228 20.1857 0 31.3342 12.2396 20.6001 0 31.1318 15.1333 17.2176 0 34.0841 12.4747 17.1936 0 34.2375 14.9794 19.7779 0 36.8441 12.3659 20.7298 0 36.6159 15.1887 17.3663 0 1.20798 17.8801 17.3479 0 1.25715 19.9479 20.5286 0 3.77603 17.5784 20.261 0 3.91588 20.0825 17.3356 0 6.56136 17.7619 17.3918 0 6.25862 20.153 20.1173 0 8.93559 17.9455 20.3914 0 9.55467 20.3088 17.6135 0 12.1273 17.5506 18.2594 0 12.2833 20.3504 20.8995 0 14.6552 17.8583 20.5446 0 15.1856 20.6034 17.8719 0 17.7122 17.5675 17.6535 0 18.083 20.6542 20.4085 0 20.4973 18.0233 20.3975 0 20.5081 20.5189 17.3903 0 23.1517 17.3774 17.55 0 23.2919 20.5133 20.1175 0 25.734 18.0989 20.5765 0 25.5529 20.6287 17.4065 0 28.3471 18.3531 17.6371 0 28.7142 20.7152 20.3952 0 31.4058 17.6802 20.3198 0 31.3194 20.8311 17.5589 0 33.7715 17.9503 17.6323 0 34.0762 20.6756 20.4866 0 36.3324 17.8516 20.0329 0 36.7232 20.5207 17.2576 
0 0.894499 22.9546 17.4307 0 1.29969 25.5951 19.9196 0 4.0945 22.8462 19.679 0 4.19442 26.038 16.7964 0 6.83369 23.3148 17.003 0 6.61859 25.8548 20.2871 0 9.37787 22.8788 20.3285 0 10.0735 26.3494 17.7829 0 12.4056 22.9535 17.9702 0 12.1884 26.0662 20.4726 0 15.1887 22.9619 20.9739 0 15.2724 26.503 17.4978 0 18.0429 23.4402 17.7233 0 17.2104 26.0504 20.3228 0 20.2461 23.3161 20.4374 0 20.1883 26.1558 17.9465 0 23.2811 23.2556 17.8177 0 23.0976 26.1808 20.1823 0 25.9173 23.2027 20.7451 0 25.9795 26.021 17.5287 0 29.0478 23.4054 17.3172 0 28.474 25.9029 20.2069 0 31.523 23.2805 20.1988 0 31.536 25.6201 17.4743 0 34.3326 23.3866 17.6541 0 34.1214 25.5654 20.8865 0 36.8658 22.5167 20.6695 0 36.7319 26.0481 17.456 0 1.14334 28.4578 17.1996 0 0.879462 30.4855 20.6588 0 3.73971 28.2061 20.5743 0 4.08982 30.6019 17.8447 0 7.39078 29.0325 17.4614 0 7.09629 31.6534 20.049 0 9.38631 28.5291 20.701 0 10.2958 32.0898 17.9938 0 12.5716 28.9065 17.7441 0 12.3942 31.1849 20.7988 0 14.8924 28.8205 20.4107 0 15.2335 31.7808 17.8209 0 17.7515 28.9686 17.9615 0 17.7325 31.3369 20.7272 0 20.2025 28.7248 20.3639 0 20.3747 31.8354 17.9866 0 23.2801 29.1104 17.7919 0 23.3096 32.0547 20.6625 0 26.0571 28.8693 20.2882 0 25.7615 31.4906 17.9555 0 29.0065 29.017 17.8905 0 28.6023 31.7361 20.3284 0 31.5811 28.2719 20.3641 0 31.0311 31.8865 17.7664 0 34.0697 28.3377 17.2793 0 34.1939 30.7209 20.7095 0 36.8177 28.2665 19.9179 0 36.6988 31.4581 17.5734 0 1.20354 33.7992 17.8907 0 0.864086 37.3617 19.9074 0 4.09989 33.3283 20.7408 0 3.92005 36.5411 18.0919 0 6.7936 34.0277 17.6098 0 6.80916 35.8012 20.586 0 10.0794 34.041 20.7559 0 10.0445 36.7203 17.9248 0 12.8885 34.6903 17.6762 0 12.5609 37.1092 20.5031 0 15.123 34.0555 20.4854 0 15.6567 37.0761 17.5373 0 17.7975 34.3327 17.7965 0 17.579 36.8825 20.4809 0 19.9921 34.4063 20.5889 0 20.4867 36.811 17.6311 0 23.2412 34.1645 17.5913 0 22.8547 37.0035 20.4692 0 26.087 34.2484 20.6966 0 25.8428 37.1187 17.9521 0 28.355 34.5053 17.9963 0 28.7833 37.7447 20.5846 0 31.1489 34.5313 20.6954 0 31.1426 37.0383 17.7823 0 34.0216 34.4424 17.9659 0 34.8554 37.3707 20.1869 0 36.9388 33.5718 20.1178 0 36.876 36.9995 17.3582 0 1.35522 1.47933 23.6463 0 1.6646 3.97076 26.5366 0 4.21685 1.12694 25.7301 0 4.20859 4.28087 23.2305 0 6.49871 1.13273 22.5164 0 6.88028 4.19365 25.771 0 9.15622 1.43526 25.4017 0 9.29037 3.86854 22.962 0 12.2486 1.61084 23.1352 0 11.9105 4.37913 26.0165 0 14.8646 1.05763 26.061 0 14.8171 4.08973 23.4796 0 17.6374 0.813751 23.6664 0 17.6266 3.90267 26.376 0 20.3532 0.925758 26.4986 0 20.2581 3.65031 24.158 
0 23.0392 0.815554 23.5339 0 23.4233 3.89 26.6118 0 25.6929 1.06898 26.3923 0 25.4984 3.99306 23.6502 0 28.6475 1.86625 23.8808 0 28.782 4.26919 26.4838 0 31.4937 1.44844 26.2407 0 31.3687 4.23418 23.9648 0 34.4743 2.05183 23.9786 0 34.1956 4.41564 26.469 0 37.0357 2.17677 26.482 0 36.8976 4.52426 23.5191 0 1.4273 7.33805 23.3041 0 1.51165 9.6451 25.8206 0 4.06777 6.6755 25.932 0 4.60341 9.44799 23.6955 0 7.20755 7.08794 23.629 0 6.94268 9.76311 26.3989 0 9.73441 7.28358 26.2897 0 9.64447 9.60716 23.4576 0 11.6688 6.34544 22.9035 0 12.5553 9.77188 26.4256 0 14.466 7.00443 25.6018 0 15.6437 9.72531 23.31 0 18.0632 6.68767 23.605 0 17.8076 9.88726 26.2385 0 20.1974 6.20868 26.7617 0 20.1698 10.3547 23.0917 0 22.6251 6.54776 23.812 0 22.8768 9.01687 26.3086 0 26.0785 6.70977 25.9046 0 25.8458 9.71896 23.2423 0 29.0835 7.19252 23.7242 0 29.0335 9.57336 26.1234 0 31.5226 6.90415 26.6551 0 31.5165 10.5853 23.4171 0 34.1133 7.21506 23.0628 0 34.1443 9.34778 26.1844 0 36.9949 6.74214 25.8729 0 36.9304 9.8334 23.5067 0 1.34928 12.1632 23.3892 0 1.14951 15.7013 26.3647 0 4.17729 12.2176 26.1235 0 3.62871 14.7888 23.2613 0 6.79451 12.7026 23.1306 0 6.73649 14.6858 26.5234 0 9.67757 11.8827 26.3753 0 9.65891 14.5837 23.6458 0 12.6855 12.1814 23.5669 0 12.1186 14.7681 26.0784 0 15.2028 12.3866 26.5354 0 14.7967 15.0439 23.3744 0 17.448 12.6078 23.6921 0 17.9545 15.0761 26.1967 0 20.714 12.5756 25.8766 0 20.6186 15.3274 22.9925 0 23.1961 12.423 23.3072 0 23.6432 14.7398 25.9973 0 25.5625 11.8106 25.9379 0 25.7314 15.2495 23.242 0 28.4549 12.5269 23.2865 0 28.8824 14.8963 26.1689 0 31.9053 12.5731 26.3375 0 31.743 15.1853 23.2621 0 34.3809 12.6732 23.3622 0 33.9212 15.5569 26.1236 0 36.8904 12.6481 26.322 0 36.8407 14.9999 23.5608 0 0.79791 17.4891 23.0482 0 1.8554 20.34 26.4114 0 3.96605 17.4212 26.0049 0 3.83062 20.2619 23.3281 0 6.65037 17.1708 23.4542 0 6.72155 20.3189 25.7051 0 9.25328 17.3617 26.2883 0 9.31866 20.2203 23.0293 0 12.1001 17.6551 23.3408 0 12.1078 20.3538 25.7951 0 14.7633 17.3589 25.9859 0 15.0066 20.3653 23.7606 0 17.9939 17.9425 23.5978 0 18.242 20.803 26.0027 0 20.5768 17.8676 25.8001 0 20.7721 20.6523 23.0685 0 23.0325 18.0171 23.2473 0 23.5308 20.5348 25.9366 0 26.0318 17.7688 26.1204 0 25.9714 20.7431 23.3008 0 28.5898 17.5627 22.872 0 28.496 20.4655 25.9464 0 31.2696 18.3511 26.2273 0 31.0859 20.0479 23.1714 0 34.2333 18.3479 23.0442 0 33.8609 20.5406 25.8199 0 37.0287 18.0224 26.3458 0 37.088 20.8091 23.5874 0 1.5954 23.2937 22.9902 0 0.771156 25.6844 25.9113 0 4.29619 23.3879 26.1562 0 4.11059 26.0429 23.7112 
0 6.02086 22.9578 23.049 0 6.7929 25.8365 26.1562 0 8.93722 23.1898 25.6149 0 9.15634 25.5636 23.0499 0 12.1054 23.2547 23.4353 0 12.0839 26.2723 25.7122 0 15.4836 23.2348 25.9968 0 15.0453 26.1166 23.306 0 17.9301 23.4343 23.6195 0 18.2078 25.9018 26.3597 0 20.9216 23.3741 25.7929 0 20.9411 26.0007 23.4538 0 23.3149 23.5957 23.2034 0 23.6756 26.1963 25.8842 0 26.6456 23.9082 25.3455 0 25.7245 26.2723 22.7551 0 29.0001 23.0568 22.8958 0 28.8618 26.4459 25.6841 0 31.2103 23.4123 25.8436 0 31.2752 26.077 23.0718 0 33.9823 23.2948 23.5199 0 33.966 25.9629 25.8193 0 36.5451 23.361 26.1843 0 37.3674 25.3954 22.8504 0 0.777712 28.2019 23.2861 0 1.25122 31.2608 26.777 0 3.0835 28.2723 26.2035 0 3.77338 31.3451 23.5104 0 6.86639 28.492 23.1791 0 6.928 30.9217 26.0087 0 9.50913 28.6259 26.0673 0 9.33069 31.539 23.05 0 12.0511 28.5145 23.1741 0 12.3588 31.5885 25.9524 0 15.0741 28.5536 26.3123 0 15.1933 31.9023 23.5915 0 17.4327 28.8572 23.356 0 17.7922 31.6939 25.6044 0 20.7113 28.855 25.9978 0 20.7331 31.4094 23.0209 0 22.8346 28.8215 22.7377 0 23.4678 31.5423 25.7355 0 25.8662 28.9635 25.3247 0 25.6277 31.6174 23.0876 0 28.9289 28.7639 22.7151 0 28.9017 31.4173 25.3994 0 31.9171 28.7613 25.3294 0 31.3792 31.7097 22.6784 0 34.5657 28.4116 23.1954 0 34.0206 32.074 25.8096 0 36.8964 28.4605 26.069 0 37.3481 31.2408 23.8787 0 0.819657 34.4325 22.8804 0 0.750146 37.1886 25.9263 0 3.74772 33.9085 25.8484 0 3.81502 36.9163 23.1311 0 6.85478 34.0114 23.7839 0 6.84555 36.7915 25.945 0 9.77881 33.8607 26.0341 0 9.0495 37.0539 23.241 0 12.5049 34.2976 23.2701 0 11.7667 36.9408 25.5462 0 15.1058 34.5489 26.1097 0 14.7171 37.0626 23.2226 0 17.8454 34.5276 23.1636 0 17.7197 36.8118 26.3903 0 20.5806 34.0765 25.9804 0 20.5414 37.2068 23.6299 0 23.2227 34.9852 23.5887 0 23.2119 36.9979 26.3919 0 26.2153 34.4943 25.9203 0 26.0748 37.318 23.6602 0 28.6274 34.3328 23.2072 0 28.7188 37.1451 26.3758 0 31.6561 34.5239 25.6743 0 31.933 37.162 22.7035 0 34.3188 33.7303 22.7484 0 34.1557 37.0652 25.7806 0 36.9921 34.3411 26.0713 0 36.9076 37.6828 23.221 0 1.32092 1.08622 28.7333 0 1.73306 3.69529 31.3102 0 4.36004 1.19246 31.4431 0 4.62681 3.50195 28.7642 0 7.16356 1.08985 28.1376 0 6.69553 3.71631 31.6699 0 9.12999 0.613869 31.3937 0 9.19996 3.69785 28.6157 0 11.8303 1.43516 28.1072 0 12.6841 3.75114 31.2005 0 15.0156 1.27996 31.5107 0 15.0125 3.66682 28.6368 0 17.7774 1.06534 28.6854 0 17.4263 3.86324 31.7571 0 20.5007 1.14047 31.6574 0 20.6447 3.83597 28.9863 0 23.1841 0.866849 28.8956 0 23.7696 3.85248 31.2745 0 26.1575 1.27391 31.8061 0 26.139 3.85936 28.8494 
0 28.8755 1.38795 28.8144 0 28.9652 4.08081 32.0039 0 31.57 1.04865 31.9309 0 31.5927 4.13292 29.0447 0 34.2508 1.16492 28.5104 0 34.3717 3.92878 31.9689 0 37.2949 1.39888 31.3598 0 37.0785 4.38099 29.3018 0 1.7575 6.63857 28.4814 0 1.22454 9.9051 31.373 0 4.15432 6.46392 31.3072 0 3.78064 9.65118 28.9828 0 6.56062 6.76296 28.7139 0 6.44721 9.04502 31.5599 0 9.34854 6.51325 31.6442 0 9.24797 9.25874 29.3 0 11.7065 6.57303 29.0182 0 12.2662 9.63148 31.8973 0 14.8725 6.88551 31.7474 0 15.178 9.52231 29.072 0 17.3349 6.34997 28.8412 0 17.6397 9.59171 31.6537 0 20.2188 6.95046 31.3746 0 20.182 9.31732 28.9459 0 23.2602 6.72576 29.1332 0 23.3589 9.66366 31.7698 0 26.2098 6.66908 31.7334 0 26.5201 9.23191 29.2403 0 29.0268 6.96788 28.9882 0 28.9204 9.81659 31.7255 0 32.002 7.03769 31.4034 0 31.8187 10.0067 29.0374 0 34.5516 6.99446 28.8594 0 34.527 9.53568 31.5153 0 37.603 6.97661 31.4395 0 37.234 9.91459 28.6611 0 0.967547 13.0543 28.7085 0 1.74855 14.9496 31.811 0 3.89067 12.3311 31.8666 0 4.13075 14.7326 28.8068 0 6.68822 12.2047 29.4737 0 7.03011 15.06 31.5173 0 9.49201 11.8269 31.9433 0 9.54594 14.8407 28.6619 0 12.4106 12.2931 29.3211 0 12.1655 15.0085 31.6642 0 14.9175 12.2078 31.4062 0 14.5996 15.2536 28.7269 0 18.3521 12.3968 28.8252 0 17.2777 15.6198 31.1771 0 20.7624 12.2887 31.3372 0 20.6292 15.2385 28.6365 0 23.6216 12.7846 28.9815 0 22.9061 15.4833 31.6691 0 26.3671 12.6331 31.163 0 26.1764 15.2387 28.5956 0 29.1244 12.2183 28.903 0 28.4794 15.6837 31.1548 0 31.906 12.1326 31.994 0 31.7739 15.0708 29.3144 0 34.4044 12.8516 28.8849 0 34.3249 15.3764 31.6305 0 36.9357 12.5912 31.5549 0 36.9309 15.5675 28.9802 0 1.02815 17.827 29.2064 0 0.908608 20.4209 31.6504 0 4.6181 17.3261 31.3542 0 3.98516 20.896 29.3272 0 6.56404 18.1197 28.5276 0 6.85567 20.4995 31.397 0 9.64668 17.6145 31.5027 0 9.39458 20.2915 28.6409 0 12.2377 17.9911 28.5648 0 12.3063 20.7426 31.2686 0 14.8408 18.0747 31.3848 0 14.7364 20.6483 28.5164 0 18.0638 17.7527 28.2813 0 17.7904 20.9569 31.3076 0 20.1432 17.7233 31.2334 0 21.0261 21.1219 28.763 0 23.5576 18.0898 28.6309 0 23.888 20.5921 31.5061 0 25.7957 17.8694 31.5126 0 26.1128 20.7575 28.9883 0 28.8201 18.1683 28.7241 0 28.5429 20.1119 31.7629 0 31.5196 17.9168 31.7707 0 31.3342 20.8679 28.9062 0 33.6302 18.2338 28.676 0 33.9549 20.5624 31.5049 0 36.836 18.2922 31.6994 0 36.6535 20.7535 28.6515 0 0.979324 23.1601 28.7123 0 1.37769 25.2869 31.5407 0 4.06908 23.1986 32.44 0 4.1297 24.9908 29.1352 0 6.90102 22.7421 28.564 0 6.5888 25.793 31.5195 0 9.0732 23.2947 31.3321 0 9.37881 25.5154 28.5433 
0 12.2429 23.1565 27.9407 0 12.1279 25.9078 30.9374 0 14.7868 23.2535 31.2851 0 15.0657 25.7608 28.6333 0 18.7263 23.7072 28.8599 0 18.0566 26.2667 31.3567 0 21.2579 23.1218 31.7243 0 21.2442 26.2278 28.5327 0 24.1174 23.602 28.4407 0 23.6659 25.9036 31.4281 0 26.5577 23.4687 31.3498 0 25.9745 26.4609 28.2537 0 28.7033 23.7539 28.2618 0 29.0542 26.0371 31.3689 0 30.857 23.0096 32.0301 0 31.4172 26.399 28.7886 0 34.0556 23.9044 28.9907 0 34.3499 25.4938 31.8094 0 36.7026 23.1108 31.5654 0 36.7403 25.7916 29.0261 0 1.07604 27.8519 29.205 0 1.64121 31.1078 30.8093 0 4.04903 28.4914 31.4088 0 4.36633 31.4767 28.3701 0 6.40634 28.129 28.5276 0 6.66892 31.1046 31.607 0 9.31514 28.4982 31.3656 0 9.75543 31.2468 28.6945 0 12.3259 28.5626 28.722 0 12.3006 31.6091 31.5297 0 15.2273 28.8671 31.121 0 14.8567 31.5256 28.4022 0 18.2056 28.8582 28.8394 0 17.8998 31.634 31.5897 0 21.367 28.5994 31.6111 0 21.114 31.3369 28.6553 0 23.4081 28.8815 28.3589 0 23.7598 31.1462 31.5147 0 26.5417 28.4017 30.9628 0 26.2702 31.4274 28.1146 0 29.3736 29.1752 28.0982 0 29.0904 31.2789 30.8611 0 31.5711 28.8519 31.3465 0 31.752 31.9088 28.5766 0 34.0646 28.9525 28.5526 0 34.2474 31.1863 31.2498 0 36.7626 28.5246 31.2465 0 36.9362 31.32 28.8197 0 1.39031 34.0178 28.6209 0 1.42905 36.8358 31.1308 0 4.30037 33.6926 31.0442 0 4.24509 36.9279 28.6032 0 7.10044 33.7255 28.777 0 6.88565 36.3796 31.1744 0 9.31781 33.9561 31.7462 0 9.4538 36.7215 28.7041 0 12.1072 34.2296 28.9881 0 12.1212 37.125 31.1507 0 15.4535 33.7432 31.5552 0 15.1939 36.8615 28.9515 0 18.0146 33.5049 28.6158 0 17.9345 36.3325 31.5704 0 20.6533 33.8008 31.4174 0 20.447 36.5606 28.9397 0 23.7927 34.1436 28.4665 0 23.3153 36.6156 31.6603 0 26.5552 33.9637 31.2544 0 25.9594 37.193 29.1847 0 28.8884 34.2225 28.6386 0 28.7296 36.6917 31.6234 0 31.5324 34.223 31.3513 0 31.3786 36.7072 29.1106 0 34.5335 34.3843 28.3743 0 34.432 37.1962 31.763 0 36.7094 33.7121 31.3354 0 37.1058 36.9094 28.9201 0 1.03899 0.918629 34.4061 0 1.30229 3.94338 36.6685 0 3.79808 0.923315 36.9366 0 4.16684 3.73066 34.7096 0 6.92516 1.09916 34.6439 0 6.81954 3.70202 37.0138 0 9.47228 1.09491 36.9186 0 10.2745 3.72703 34.0184 0 12.7704 0.952577 34.1403 0 12.108 3.2964 37.1014 0 14.9018 0.46438 37.1294 0 15.2863 3.79815 34.9025 0 17.6685 0.868232 34.5376 0 18.141 4.12402 36.6747 0 20.7608 0.711746 36.8258 0 20.4718 3.35926 34.1126 0 23.8988 0.867584 34.2605 0 23.2626 3.73343 37.0618 0 25.8222 0.922002 37.0934 0 26.3007 3.73932 34.214 0 28.5601 1.19726 34.6807 0 28.3737 4.13753 37.1128 0 32.0304 1.00478 36.9476 0 31.2731 3.85188 34.1896 
0 34.237 1.11135 34.3484 0 34.8921 4.03181 36.9388 0 37.1334 0.963186 37.0189 0 37.4415 3.69843 33.954 0 1.40696 6.82406 34.022 0 1.67268 9.27047 37.153 0 3.86391 6.6276 37.0017 0 4.02757 9.34279 34.1341 0 6.99335 6.48534 34.2235 0 6.71603 9.27542 37.1604 0 9.64505 6.02213 37.0641 0 9.47188 9.27113 35.0102 0 12.2314 6.71582 33.9232 0 12.5552 9.50229 37.3932 0 15.1969 6.46023 37.6163 0 15.0057 9.86023 34.5617 0 17.2588 6.8609 34.4501 0 17.2666 9.27884 37.0794 0 20.5893 6.58449 36.6182 0 20.0515 10.2063 34.2003 0 23.21 6.60091 33.6028 0 22.4369 9.91522 36.6182 0 25.6199 6.79228 36.3402 0 26.5387 9.90072 34.0287 0 29.0373 6.81954 34.2495 0 28.7856 9.70362 36.7402 0 32.215 6.43297 36.8266 0 31.8152 9.13147 34.3579 0 34.9448 6.63382 34.3777 0 34.363 9.56852 37.0841 0 37.4237 6.71258 36.7917 0 37.3593 9.55614 34.493 0 1.41768 12.3435 34.3748 0 1.51355 15.2734 37.2493 0 4.27365 11.7937 36.7757 0 4.15438 15.3255 34.6597 0 6.83183 12.342 34.2593 0 6.89495 14.2064 37.0743 0 9.62445 12.1459 37.1016 0 9.3719 14.6993 34.1413 0 12.2882 12.3147 34.3146 0 12.2965 15.7201 36.9359 0 15.005 12.5935 37.2323 0 15.117 15.1839 34.1934 0 17.6435 12.5243 33.672 0 17.4506 15.3364 37.1868 0 19.9648 12.9502 36.949 0 20.0698 15.4514 34.532 0 22.9201 12.7245 34.0251 0 23.2393 15.2142 36.7387 0 25.7436 12.229 36.5218 0 25.6913 15.0337 33.9597 0 28.6925 12.5297 34.4573 0 29.0936 14.9345 37.5543 0 31.6476 12.4703 36.8783 0 31.4011 14.9938 34.0723 0 34.8928 12.6556 34.3762 0 34.1864 15.0081 36.6633 0 37.098 11.8236 37.1956 0 37.4545 15.4702 34.2403 0 1.29171 18.207 34.316 0 1.18157 20.7212 37.2829 0 4.49571 17.8709 37.6529 0 4.04421 20.4141 34.6835 0 6.97503 17.7423 34.7507 0 6.96576 20.5309 36.851 0 9.82715 17.9754 36.8892 0 9.64731 20.4964 33.7544 0 12.3575 18.0192 34.3418 0 11.8579 20.948 36.3872 0 14.6252 18.2516 37.1632 0 14.9693 20.4001 34.2241 0 17.559 17.8575 34.6396 0 17.7395 20.7014 37.0854 0 20.6804 18.0126 37.1077 0 19.8638 20.61 34.2633 0 22.9049 18.3441 34.2617 0 22.8699 20.7063 37.0918 0 25.9613 17.5229 37.2056 0 25.7823 20.6579 34.4933 0 28.5832 17.6893 34.3996 0 28.9857 20.0191 37.5349 0 31.5912 17.3307 37.002 0 31.4549 20.4879 34.7443 0 34.3679 18.1037 34.4655 0 33.9871 20.3899 37.2094 0 36.9714 17.9988 37.3271 0 36.7553 20.8169 34.4614 0 1.26182 22.8952 34.3101 0 1.64623 25.6404 37.1947 0 4.29663 23.2049 37.3182 0 4.19427 26.2574 34.4322 0 7.1258 23.4226 34.6141 0 7.19594 26.3365 36.9287 0 9.64318 23.6005 36.97 0 9.73268 25.9454 33.8241 0 12.092 23.5091 33.7801 0 12.7545 26.2855 36.4879 0 14.3225 23.322 37.0554 0 15.1567 25.6128 33.8212 
0 18.0899 23.4845 34.0125 0 17.5803 26.0368 36.9002 0 20.0613 23.3846 36.9108 0 21.0154 26.0406 34.2069 0 23.9485 23.5614 34.4491 0 23.5124 26.2449 36.9151 0 25.5808 23.2949 37.3076 0 26.698 26.3297 34.3102 0 28.3565 23.0319 34.5357 0 29.0834 26.0914 37.1762 0 31.2944 23.0273 37.3308 0 31.3929 25.5204 34.6557 0 33.9899 23.1371 34.9005 0 34.4075 26.1378 37.6589 0 37.1582 23.6259 37.0277 0 37.3433 25.8267 33.913 0 1.41593 28.3664 34.0347 0 1.19704 30.9386 36.5727 0 4.20125 28.6395 36.8628 0 4.16839 31.1992 34.1693 0 7.15658 28.7752 34.3044 0 7.02891 31.4842 37.1275 0 9.77588 28.5218 36.4819 0 9.51626 31.3379 34.2785 0 12.4073 28.2616 33.4984 0 12.3078 31.4266 37.0756 0 14.8965 29.062 37.1514 0 14.8275 31.4971 34.0737 0 17.4104 28.6686 34.1291 0 17.8851 31.1747 37.085 0 20.3835 28.4804 36.9581 0 20.5313 31.2055 34.6719 0 23.997 28.6224 34.1458 0 23.5404 31.4623 36.863 0 26.4791 29.0593 37.2514 0 26.918 31.2866 33.4624 0 29.3824 28.737 33.9282 0 29.3845 31.1392 36.9329 0 32.0051 28.5592 37.5455 0 31.4708 31.7403 33.9241 0 34.1496 28.4198 34.5145 0 33.9118 31.2329 37.0538 0 37.3689 27.7557 36.6486 0 36.8471 30.7272 33.9741 0 1.37145 33.8808 33.3135 0 1.26414 36.5877 37.324 0 3.87925 33.8222 36.9349 0 3.81896 36.1043 33.7607 0 6.79315 33.9323 34.5111 0 6.56281 36.7112 36.792 0 9.52294 33.9611 36.8854 0 9.31474 36.6598 34.0817 0 12.2093 34.3846 33.8501 0 12.0201 36.5429 36.8786 0 15.2866 33.9807 36.9288 0 15.3749 36.7732 33.9754 0 17.7862 33.7246 34.4637 0 17.972 36.4787 37.0088 0 20.4382 33.7685 36.9846 0 20.4828 36.301 34.5823 0 23.751 34.0151 34.3237 0 23.5329 36.7538 36.9526 0 26.2173 33.6701 37.2382 0 26.0367 36.6859 33.9322 0 29.0327 34.015 34.6306 0 29.0181 36.9158 37.0294 0 31.7028 33.9167 36.8775 0 31.6878 36.9638 34.6148 0 34.3639 33.8304 34.4367 0 34.4739 36.2373 37.3638 0 37.3304 33.9798 36.7852 0 37.4683 36.6639 34.3281 
0.709189 0.696144 -2.30993 -0.341008 -2.50867 3.51904 -2.46699 -0.320903 0.427063 -0.327398 0.0518353 0.0662289 0.605745 1.39106 1.25521 1.03712 -0.293591 -2.01729 -0.582976 2.07286 2.26044 -0.44347 2.66023 0.711393 1.0866 -0.800488 0.358326 -0.69703 -0.139056 -0.847705 -0.618685 1.05619 -0.285468 1.29279 0.203219 -1.2715 -2.60606 -1.008 -2.17058 -0.368185 -0.687535 1.12984 0.788054 1.09234 -1.93911 0.700663 -0.619661 0.580719 1.39795 0.706197 0.826042 -0.614991 0.562907 0.635964 -1.33927 2.88667 -0.428716 2.59985 -1.25199 -0.883572 -0.220758 -0.117056 -1.83095 -0.297745 0.574247 -1.59419 1.86215 0.690609 0.665388 1.19676 -0.394009 0.975117 -0.821392 -0.84509 -0.066165 0.469748 -0.48488 -1.63487 1.95431 -0.741122 -0.735929 2.36919 -1.4605 -0.236929 -0.755816 -0.081613 0.0379398 -2.87036 2.75803 1.37263 -0.598676 -0.121449 0.847696 0.64113 2.11708 -0.91752 -0.538694 0.279108 -1.08079 0.236691 1.33874 1.16274 -0.264219 0.0792703 2.78842 -1.06072 0.992413 -0.105002 -1.01207 1.2229 -0.165566 2.58792 -0.733617 -0.313955 0.0627198 -0.93443 -1.0627 1.33573 1.06254 0.505991 0.46698 1.66709 0.581841 -0.93333 1.03712 0.0254487 0.0755213 -2.06618 1.19146 1.43306 -0.221708 -0.627085 -1.44152 -0.450048 -1.91557 1.12704 -0.160841 -0.978477 2.45735 -0.848337 -0.126764 -0.460179 1.11164 -0.199508 -0.552883 0.58089 -2.08016 -0.428271 -0.684384 1.71391 0.0675693 1.75862 2.67406 0.477522 -0.252253 -1.49565 -2.58166 -0.969781 -0.0967216 -0.202977 2.41118 -0.327374 0.0872404 1.09494 1.72671 0.35129 -0.0806451 -0.916947 -0.0689776 -3.71878 -0.379876 -1.37101 -1.58969 -0.221568 -0.469314 -0.0353434 1.27469 0.534716 -1.43235 2.11551 -1.72882 0.729136 -0.0422661 -0.122131 -1.03537 1.72762 0.871607 2.10636 0.214288 0.589082 -0.248454 -0.671 -0.0684037 -1.15989 0.243466 -0.555244 2.20173 1.15249 0.848432 -0.0670892 -0.578717 2.22491 -1.03435 -0.458674 -0.178152 0.601701 2.05926 -1.4851 0.872224 0.264682 -0.0700429 -0.0218092 -1.53537 -1.92112 0.65846 -1.9367 0.381318 -0.365156 -1.74722 -1.05784 -0.360386 -1.92409 -0.246527 1.40782 -1.28028 2.42995 1.34705 1.50771 -2.32981 -1.09411 -0.482444 0.114312 1.34953 1.35444 1.81925 -1.31505 0.402809 -0.151207 0.13845 -1.01673 0.60303 1.14602 3.39819 -3.32659 -0.950788 -0.79062 0.245611 1.26357 -0.404163 1.06701 0.565524 -0.154974 -0.900889 -0.976376 0.490704 0.553381 -1.02332 1.03526 1.58169 0.0111497 -1.66992 1.06627 -1.26548 0.011673 0.147048 -0.867249 -0.251628 1.72645 1.44727 -0.204969 -1.84312 1.07437 0.697448 1.32262 0.882317 -1.68412 0.592098 1.36149 -0.796943 -2.37988 1.16145 -0.390571 -3.41496 0.0422973 2.50751 -0.0333857 -1.09081 -0.631016 -0.247786 -1.04368 2.44671 0.775736 -1.22001 -1.36517 -0.749514 -0.167649 0.725449 -0.218032 -0.977111 3.11857 
1.53177 -0.851315 4.19779 -2.14194 1.19895 -0.647105 0.402476 1.64787 1.78066 -1.00491 -0.445652 -0.558183 1.6643 0.681274 1.39327 1.87972 0.263732 0.653145 2.21438 0.309363 -0.304838 1.26395 -0.868203 -2.44926 1.88389 1.25565 0.0926188 -0.557851 -0.459053 0.6026 0.0820453 -2.06729 2.39424 0.700261 0.244398 0.208577 -2.1811 0.178856 1.91046 -0.170293 1.1766 0.679083 -1.38257 -0.475071 0.377216 0.215505 -1.20732 0.338987 1.05646 -0.298288 -0.148966 0.573991 0.190637 1.18107 -1.41055 0.457693 2.82291 0.337527 -0.852085 -1.24414 0.328221 0.639365 -0.0910264 1.72717 1.07766 -1.78274 1.16187 2.06471 -2.34343 2.89541 -0.641092 0.271643 -0.635137 0.956499 -2.24619 2.25594 -0.00304954 0.596348 0.273107 0.892436 0.376764 -1.76938 1.69888 -1.21147 -2.2094 -1.2344 0.1177 0.801537 -1.07241 -0.0549943 -0.810423 0.144896 1.35015 1.55973 -0.807669 -1.36597 -0.8579 -1.51761 -2.47236 2.14204 -1.0528 1.6249 -0.225593 1.23437 -3.54578 -0.0506618 1.27787 -3.54121 2.11827 -1.79007 1.42914 -0.689746 -0.966944 -0.713219 -0.956852 -0.00652547 -0.482902 -0.0191158 -1.21706 -0.653575 1.90089 -2.43723 -1.33329 0.317431 -1.007 -0.417083 0.964022 0.988902 0.923711 -0.623976 -1.71659 1.07801 -0.46914 0.792509 -1.48206 -1.01562 -0.613334 1.05192 1.69983 -0.264078 -0.29289 -1.19375 -0.539382 0.228263 0.78507 2.31337 1.7195 0.85967 0.300879 -1.42244 3.20244 -0.603959 -0.548625 0.529813 0.749027 0.473819 1.29708 -0.155255 -0.471732 0.427555 -0.176594 1.69963 1.91723 0.385249 2.67856 1.4145 0.742925 -1.41956 -1.24864 0.092373 -1.28588 2.01783 -2.07297 -2.49849 2.13236 -0.969885 0.970051 0.66031 2.23446 0.76265 -1.45116 1.02677 -2.10712 0.0259839 -0.702506 -1.28415 1.05784 0.756186 2.79732 -3.01619 -0.05233 -1.29566 1.20624 -0.0172534 0.72135 -0.944828 -0.0208161 -1.41379 0.189083 -0.800183 -0.417145 -0.198137 -1.1727 -1.84217 -1.03189 2.42691 0.0896022 -0.512656 -0.490049 -2.0762 1.13025 1.17057 -0.799044 0.5655 1.41646 0.554155 -1.68212 -1.0913 -1.32169 -0.768192 -1.06417 0.427888 -1.8203 0.00745294 -0.766201 0.823005 -0.133715 2.40123 1.27956 0.00923191 -1.76098 -1.84718 -0.124544 -0.262761 -0.323505 -1.18339 0.852733 -3.43704 -1.73624 -0.9796 0.465552 0.942797 -0.971226 -1.46469 -0.834825 -0.665369 -2.52293 -1.79923 -2.69067 0.127682 -1.10614 -2.07576 -1.23211 0.0901045 0.036961 -0.0910092 -1.13334 -1.51688 -2.56889 0.0268174 -0.0258859 -0.187816 3.8371 -2.07385 0.131932 -0.10609 2.21271 -1.61477 0.453406 1.90633 -0.944625 -1.84033 0.0285179 0.525137 2.83317 -1.35153 -0.713132 -1.48939 -1.06653 -1.83616 0.569688 -0.441938 -1.01957 1.14149 2.282 0.229197 1.99307 0.927669 -2.23944 2.05135 0.910264 0.845581 1.86491 2.67784 -1.90279 -1.63509 1.35467 -0.417354 1.1913 -1.03997 
0.213146 -2.07468 -1.13597 -1.2231 -1.40747 -2.10685 2.71634 -2.44847 2.74315 -0.357082 0.718672 0.499286 0.729396 1.64273 -2.1748 0.938686 1.78854 -1.20158 -0.197958 0.898997 0.149183 -1.33439 1.00588 -0.1312 -0.287917 0.119528 -0.845316 1.20981 -1.55202 -1.31671 -1.50427 1.5854 1.41563 -2.17507 0.519852 0.247423 0.0463328 0.895137 0.1503 -0.757829 -0.207913 -0.190571 0.264808 0.422159 0.548991 1.23876 -2.6456 2.49859 -0.785462 0.809225 1.62232 1.20215 0.757099 -0.93601 -0.540298 1.36857 -0.275064 0.205554 0.196855 -0.849443 -0.646046 -2.71004 -1.25616 -1.32436 -0.419161 -0.647337 1.85054 1.12865 1.22013 -0.107994 -2.44624 0.355897 0.8792 -1.69094 -2.28306 -0.0139497 -0.614136 1.39101 1.19755 0.773846 3.80651 0.61365 0.875899 -0.643624 1.44516 0.69384 -0.91655 -0.897812 0.470731 -0.749688 -0.008742 -2.27815 0.833565 -0.39975 0.940671 -1.53512 2.22192 0.71432 0.199408 -0.5594 -2.46519 0.800976 -0.287117 2.32457 -0.207445 -1.54923 -0.735445 -0.950375 -1.61223 1.66213 0.838283 -1.08582 -1.5288 -1.22231 1.15607 0.59138 0.85327 1.02056 -2.62151 -0.912123 -0.224084 0.663561 -0.374597 0.037864 -1.48108 0.171518 -0.268544 1.15244 0.503247 1.11555 0.388754 -0.891526 0.857551 0.438446 -1.27704 -1.41204 1.95515 1.32447 -0.490616 1.19971 -0.120752 1.99008 0.494005 1.29993 -0.736935 -1.53414 0.613999 -3.91552 1.08149 -2.58025 -1.07656 -0.425417 -0.136647 0.783189 -0.0884042 -0.843954 0.712825 0.112796 -0.43067 -1.1077 -2.26584 -1.48226 -0.339147 -1.72846 -0.751146 -1.44889 1.83842 -1.87088 0.760285 -2.39445 -0.0995732 -1.89857 1.1694 2.12228 1.91195 -0.41999 -0.327683 0.244288 1.74986 -1.35629 -0.0225705 -0.882657 0.267261 0.874158 0.670625 0.678798 -2.13674 -0.17806 0.279533 -0.295382 -0.204945 1.14961 1.41675 -2.284 2.09942 -0.308374 0.466836 0.75167 -0.471851 -1.70105 -0.318006 0.316036 -0.888156 0.489878 0.317588 0.122918 -0.0074938 -2.90852 0.639666 0.524164 1.8916 0.287681 -1.53138 -1.08417 2.82699 0.110541 2.5701 -1.26335 -1.44342 -0.996947 -2.74328 2.32584 -2.83702 -1.63501 -1.65254 -2.61017 1.53556 -0.345203 -0.536727 -1.74231 -0.275381 -1.10736 -0.757322 -3.81612 -0.425481 -0.621559 -0.655474 2.36985 -2.12233 -1.06626 -1.0009 0.595132 -0.210738 1.19695 -0.190494 -0.201795 -0.150736 -2.27808 0.853819 -1.9479 -2.19181 -0.109896 -1.28709 -3.08476 -0.99707 0.752314 1.04709 1.57619 -0.423167 0.518482 -2.51025 -1.44173 0.254726 -0.0110345 -1.93234 1.92787 -2.3313 0.560418 0.562587 -1.63807 -1.65489 -1.59477 1.65046 -1.43492 -0.381872 -0.32512 0.216469 0.437111 1.00868 -1.08956 0.0926216 -0.205044 -0.594745 -2.60125 0.752646 -1.89705 0.529025 -1.61834 -0.540261 0.275143 -1.45669 1.97129 0.0427487 -2.50217 1.35743 -1.20442 -0.899218 0.499368 -0.564807 0.412428 
0.985317 -1.66196 -0.00461561 0.866657 -0.117316 0.310609 -0.60769 -1.09712 0.808574 -1.07234 -0.897308 -0.969633 -0.653466 -2.62218 -0.810111 1.9537 0.601986 -0.125188 2.23893 -0.408546 0.861701 -0.845765 -0.180313 -0.766606 0.958609 2.00085 -1.52035 0.39481 -1.40534 -0.426316 1.14953 1.43383 1.40495 -0.612639 2.2913 -0.693871 0.733252 0.6208 0.292354 1.4641 1.85594 -1.28009 1.19795 -0.182754 -0.739519 2.40932 2.96148 0.974214 2.22499 -1.33634 -3.89767 -1.21177 -0.25822 -0.470867 -0.865124 -1.4288 0.628563 -1.02888 -0.0317297 -0.623958 0.206093 -1.46415 -2.53601 -0.696681 -0.953252 -0.182525 -1.08209 -0.144038 0.750664 0.361265 -1.22099 0.110518 -1.58802 -2.67491 -0.913897 0.979167 -1.34643 0.670074 -1.12532 -0.700077 0.0489297 -0.491599 -0.0863977 -1.01086 1.36788 -0.521658 0.478949 -0.925541 -1.2903 0.859144 0.314118 -0.924783 0.890349 1.45939 1.67998 -2.77181 1.45815 0.953981 -1.42549 -0.673878 -3.76892 1.05619 1.19141 0.0110815 0.669715 2.09895 1.23368 2.93918 -1.14099 1.08538 0.626778 -0.248577 -1.24815 1.39905 0.878062 1.05735 -0.0340065 1.12991 0.513638 1.45539 -1.05231 -2.14708 0.154738 0.491467 -1.40821 -2.74786 0.0682113 -0.173881 1.30435 0.00656392 0.426634 1.27116 -1.30603 1.18846 0.355941 -2.43686 0.0976583 0.184108 -1.25352 -0.343887 1.51898 1.44669 0.557232 -2.54884 0.779179 0.0638077 0.929016 0.191075 -1.04557 0.506058 1.60556 -0.575017 1.81382 0.036213 0.951817 -3.42753 -3.11213 0.194471 1.18875 -0.175184 3.48288 -2.3862 -1.83067 -1.29624 0.372398 0.739038 -1.1337 0.030971 1.89472 1.19764 -3.2684 0.680537 -1.14041 -2.05167 2.37679 0.0764763 0.138355 0.908129 0.185851 -0.236315 0.707858 0.454569 1.27269 -0.781212 -1.7309 -0.0804602 1.21228 -0.760344 3.33714 -1.22139 -0.927934 -0.775284 1.60746 -1.70123 0.817333 -0.290716 -0.0117215 -1.55165 1.97193 0.285066 0.130838 1.27842 -0.334554 -0.737686 0.712051 -0.961385 -0.651032 0.00669159 1.18812 -0.945988 1.09941 0.412482 0.934799 -1.16888 0.332424 0.295879 0.805453 -2.47032 0.554937 -0.0952721 0.0362736 -0.5184 0.190604 -0.793154 -0.289409 -1.5258 -1.05741 -1.68274 -0.776822 0.122854 -0.266956 -2.47884 0.409249 0.868807 0.329786 1.86551 2.38445 3.22335 -1.44167 2.59855 -0.29164 1.48786 0.608163 0.125151 -0.759079 -2.11075 -0.0755826 -0.071412 1.9627 1.49964 1.40993 -0.93661 -0.637665 -1.83656 1.15584 0.892816 0.713504 -0.0485116 -1.61293 -1.93548 -0.975708 -1.05779 2.0851 1.56925 -0.941247 -0.267818 0.683882 1.38955 0.838776 -1.0076 -3.31804 -1.54046 -0.452594 1.04996 -1.49842 0.688793 1.37042 4.50493 -2.2468 -0.640016 -1.06229 -0.404407 0.62291 2.00676 -0.813731 2.58865 -1.14268 -0.066541 -0.456171 1.07255 0.711526 0.743496 -1.93246 0.579691 0.439076 1.26924 -0.448916 0.587378 1.77778 -2.56331 
1.75789 1.32888 3.49177 2.23645 0.15055 0.445619 1.42978 -2.06977 0.123951 -0.637701 -0.322871 -0.635177 0.983294 0.38197 -0.15805 -1.37829 3.95668 -1.87031 0.652902 -0.188726 1.29529 1.36475 1.24443 1.05002 0.510226 -0.286333 1.3958 -1.67023 0.697843 0.270049 1.01483 -1.39093 -0.159324 -1.60767 0.291212 1.67231 1.4239 0.0572377 -0.0760296 1.3817 0.473249 0.39002 0.605718 -2.57277 1.87292 3.57648 0.705179 -1.12677 -0.0424177 -2.73592 0.024973 1.46481 4.32542 0.0881152 2.00493 -1.46332 0.06917 1.86826 0.52874 0.183483 0.0742087 1.31498 0.0314709 0.346257 -0.123497 0.669087 -2.53078 -0.887592 -0.838193 -1.74989 -1.07784 1.03238 -1.06553 0.504379 1.89718 0.401186 0.770685 0.616558 1.5217 0.882927 2.01462 0.703007 0.231271 -0.172152 0.102414 0.899895 0.708752 0.305839 2.04771 -0.56103 -1.70265 -0.853091 3.17402 0.0289027 1.25625 0.869919 -0.626986 0.985679 -1.84702 1.2038 0.996526 0.32001 -0.667609 0.649806 0.88124 -0.0392784 0.31923 1.3575 0.928689 0.728705 -1.04399 -2.48099 1.60184 -0.916046 -2.09893 -0.397447 -0.687885 0.8896 0.683007 1.20879 -0.680285 0.18556 -1.8046 -0.803065 0.663505 -0.795622 -3.39506 2.08759 1.36059 -1.38667 1.10459 -1.28444 0.69565 -0.624033 -1.14009 -0.953558 1.38623 -2.60311 0.552613 -1.41837 -1.67009 -0.365686 -0.55635 -0.0898196 0.97917 -3.59298 1.19525 -0.420568 -1.47622 -1.03039 2.39508 0.223749 -0.972831 0.98409 -1.48504 -1.58697 -1.3207 -0.89692 -1.26551 -0.0777653 0.42185 -0.9681 -0.535074 -0.137576 -0.784749 3.9964 -2.18972 0.624432 -1.90571 1.2898 0.553227 -1.24963 -2.33939 -1.0658 0.377599 0.016622 -0.375672 0.58643 -0.0048601 -1.81992 -0.272466 -0.430789 -0.629027 0.0282261 -0.364595 -0.593342 -0.889959 -2.34777 -1.42494 0.406039 -1.70263 -1.34769 -1.87698 1.55787 0.796255 0.552472 0.9143 -0.908969 1.92569 0.270824 3.89174 -2.2706 -1.77105 -2.71438 -1.78631 -1.01529 -0.342495 -3.63292 0.462559 -1.15001 -1.62055 3.11511 2.46375 0.645336 -1.15565 1.27645 1.97578 1.47003 -2.4173 -0.607713 0.412909 0.686155 -0.0914589 -0.734609 0.867638 -0.14269 1.34534 0.048083 0.777523 0.398742 -0.693425 0.246415 0.89287 0.431072 -0.463642 0.177895 1.00458 0.430064 2.34437 0.899215 1.94053 0.2277 2.01437 -0.187503 -0.00888386 -3.45022 0.516192 -0.85592 0.0266456 1.16345 -0.201841 0.19592 -2.05047 0.891604 0.954417 -1.03239 0.0210401 1.44684 -1.92774 -0.795657 1.52731 -2.288 1.50295 -1.17217 1.7674 -0.481649 1.18472 -1.12247 0.608073 1.76771 1.25636 -0.696963 0.934291 -0.540644 3.58705 -1.19456 -0.419673 -0.870893 -2.4424 -0.342678 0.638976 -1.04113 -0.755063 -1.06853 -1.18961 1.50939 0.182208 0.21088 -0.79021 -1.75096 1.79668 0.753523 -0.514364 -1.14609 -4.08262 -0.757974 -0.76275 -0.192521 0.782396 -0.235155 
-1.90396 1.61359 1.67538 -1.38422 1.94257 -1.56498 -1.26378 1.0042 -1.22292 -0.886632 0.835255 0.234385 0.429491 -1.27174 1.4482 1.03937 0.764045 -0.0586757 0.02925 -1.17929 1.59423 -1.28186 1.09912 1.67409 -1.04643 1.51311 -1.5155 -1.12734 -0.812183 -0.591486 -0.930735 -0.0957792 0.879514 -0.102736 0.602843 0.537151 -0.827552 -0.674538 -1.90289 2.30553 -2.92226 -0.597693 0.159541 -1.31408 1.45291 0.159951 0.503643 -0.774228 -0.301931 -2.14768 0.0772159 -0.193133 2.00885 -1.89267 2.15076 1.93513 -1.02399 -2.55977 -0.447628 -0.103579 -1.05047 -0.451977 -0.990485 -1.46511 -0.113652 -0.315645 2.05903 -1.00867 1.00527 -1.20228 0.483761 1.5122 0.670114 0.13732 0.699397 -1.82845 -0.534814 -0.616992 0.389713 -1.00431 2.00731 0.981693 0.494712 -0.471566 0.198325 0.485845 -0.844682 -0.975477 1.3109 -1.73211 0.629392 -0.638848 1.51719 1.09482 -0.327413 -1.56159 -1.95422 0.338577 0.0360091 2.10825 -0.320686 1.19585 -0.103479 -0.547627 0.309224 -0.0225032 1.68187 -0.499005 1.92484 -0.511049 -1.27629 0.277288 0.973706 -2.79056 0.0555876 -1.8875 1.03487 -1.4109 -0.772422 0.952099 -1.98558 0.803613 -1.26992 -3.19614 -1.83439 -0.454863 0.351604 0.703488 1.29819 -1.05252 -1.26423 -0.560697 -0.676713 0.960655 1.01277 0.883652 -1.93183 3.79599 1.03625 2.0999 2.2137 0.489528 2.90042 2.18959 0.277143 -1.06144 -1.01144 0.156244 1.0948 0.54844 0.191614 -0.0615245 2.09026 -1.71821 0.845344 1.37569 -0.319646 -0.931925 0.91057 0.174425 4.20865 -0.0851875 -0.948035 0.537498 0.494687 -2.65605 0.136678 0.987606 0.21426 -1.83408 0.199946 2.98975 0.994051 -2.51934 0.743041 -1.29783 -0.323916 0.863719 -1.3019 -0.0394616 -1.29694 2.42544 -0.526689 1.96433 0.411829 0.426619 0.543978 -0.862755 0.788122 0.159189 -0.0203032 -0.882847 1.49361 1.17767 1.55019 0.375701 -0.57029 -0.584717 0.7566 1.71729 2.54713 -0.71019 -0.115868 0.0739681 -1.61868 -0.744711 2.17843 -0.260662 0.770783 1.55264 0.307387 -1.30911 1.41367 1.78614 0.0847979 1.38791 0.493663 -1.365 -1.86804 1.04647 -1.58192 2.72603 -2.36099 -1.14126 1.02491 -2.35318 -1.13812 1.30528 0.366407 3.09977 1.80004 0.277287 0.408686 -0.39636 0.0841062 -0.894616 0.474383 0.682677 0.981684 -3.56138 -0.799129 1.79037 1.4263 0.161737 0.72637 0.681465 1.4183 0.726765 -1.60763 -0.573874 -0.677074 -0.552084 -3.06427 -1.08151 -0.725289 0.461734 -1.15431 1.86743 -2.5919 -1.2046 -0.313106 -2.27663 -0.24266 0.793505 -0.159725 -0.0058739 -1.12976 0.691044 1.04911 2.39772 -2.21234 0.0409782 -1.35355 -0.348398 0.0117198 1.41614 -1.76271 -0.177063 -1.94693 -1.61704 -2.67724 2.25445 0.964526 -0.00611896 -0.0068062 0.467702 1.23507 -0.756574 1.59373 0.755967 0.451459 3.61007 -0.478552 0.818788 -0.469996 1.03918 1.20241 1.89769 2.19903 -1.21191 
-0.0583303 3.08402 -0.516403 -1.55707 0.1218 -0.505216 -0.475303 -0.962677 -1.81713 -0.720881 0.236489 0.193578 0.660732 0.15159 -0.0623212 0.880497 1.49197 -0.463235 0.0101486 0.339293 -0.0645567 -0.953203 0.677625 3.10918 0.728618 -1.79746 1.38903 0.581771 0.243115 -0.132503 0.509263 -0.520639 -0.502703 -1.57245 1.55278 -1.51981 -1.06139 -0.629474 -2.23423 1.46072 0.740193 -0.0838549 0.550966 3.60234 -0.0767639 0.885295 -1.07463 0.37198 1.26537 1.08679 2.00334 0.241395 0.24575 -1.09648 1.20321 1.17697 1.59598 0.480188 -1.34526 0.653004 4.00858 1.55175 0.499829 1.41055 0.823177 -0.000253728 -0.89355 -3.09321 0.334086 2.80237 -1.07552 -0.735736 -0.758447 -0.102012 0.0770842 -0.889953 0.230151 -0.895926 -0.740613 -1.2104 0.23514 -1.42103 -1.4956 -0.475936 -0.835936 -2.74041 2.2991 -0.285694 0.122038 1.41377 -0.502051 0.250025 1.17926 -1.61612 -3.14963 1.45032 -0.301524 -1.13491 1.32151 -2.38529 3.22065 0.580225 1.85637 0.238054 1.75653 -0.0395478 0.0571623 -2.69072 -0.941435 -1.16855 -0.339644 -1.10101 -0.498305 2.1848 0.946086 0.134654 1.20206 0.591524 0.128087 0.863234 0.160397 0.973827 1.63469 -0.203342 0.330108 -0.498963 -0.757779 -1.1517 -0.745047 1.12264 -0.681344 -0.941527 1.66204 -0.255139 0.38328 -0.724412 0.625368 -2.07812 -1.55989 0.327336 -0.731702 0.745663 1.4958 -1.17571 3.57652 0.668126 2.23471 -0.437885 -0.352137 -1.29274 0.0664099 1.17222 0.20661 1.42547 1.00408 2.3672 1.12582 -1.30636 -0.893887 -2.19137 -0.241201 0.905058 0.139083 -0.985124 -1.09747 -1.33489 -2.69676 1.56968 -0.185153 0.586 2.25131 0.62459 -0.984939 0.738249 -2.34061 -0.788114 1.22945 -0.177569 3.53943 -1.50114 -0.682649 1.70721 1.6187 -0.73179 1.61309 1.26085 -0.532224 -0.596213 -0.0433063 -0.845507 -1.02927 -0.187392 1.16541 -2.06399 -1.39241 -0.801038 -0.831882 0.445745 0.197896 0.951049 -1.06034 -0.545649 0.0823726 0.502524 -0.691706 -1.21621 0.244103 -0.0426817 -1.78356 0.164002 -0.236751 0.84985 0.0537639 -2.6306 1.96651 0.478626 -0.0127896 -0.192517 0.546743 -2.19128 -0.746665 -1.41916 0.453715 -1.38018 -0.667206 -0.692165 3.16978 0.215499 -1.90216 -1.2685 -0.948058 -0.787112 0.2473 0.770586 0.900966 0.989372 -1.04931 2.85638 -0.999204 0.733124 1.12887 -0.284615 -0.530521 1.29236 -1.6925 -0.70762 0.523776 -0.085045 0.840827 0.100166 -1.10524 -1.59284 -0.277592 -1.49682 -0.478575 2.19752 0.0242058 -2.058 -0.804635 -0.899376 -1.43565 0.48312 -0.545294 -1.12275 1.28659 0.0810013 1.45532 0.111236 1.7971 -1.9336 0.624822 0.843315 -0.72456 -1.25221 2.22816 -1.59158 -2.12863 1.7496 -0.341392 0.337942 -1.0887 0.919383 0.904948 -3.07302 -1.1601 0.276066 -0.015046 -0.611195 -1.20764 -1.22967 2.6713 1.38765 0.289138 0.595714 -0.547717 0.49195 -0.630065 -0.916903 -0.567404 -0.27126 
0.845199 0.304171 -2.12093 -1.99172 -0.402743 -2.06775 2.15408 -1.34268 0.62343 2.17665 1.51641 2.11098 1.61232 2.65974 1.21519 3.22977 1.7317 -1.85861 -2.51412 0.370144 -1.33356 1.07645 0.165818 -1.89184 1.1084 -0.0627298 -0.115985 -1.08247 0.324632 -1.57524 0.52755 1.3895 1.30242 -0.390222 1.69195 0.809507 -0.546162 -1.00794 -0.760098 0.631345 -0.0671345 -0.0998742 -0.405804 0.105136 -1.87012 1.723 1.75046 0.630998 -0.518391 -0.50669 1.23405 -0.0187959 -0.206681 -0.764706 1.33771 2.37076 2.15651 0.997843 -1.11658 1.9189 1.38907 -0.601912 -0.596081 0.366658 3.35419 -0.530302 2.52222 1.24958 -1.95111 -2.99167 -0.91973 -1.496 2.7361 -0.565413 -0.748344 -1.34683 0.743947 -0.690667 -2.22946 2.03846 -0.919667 0.848238 -1.67128 0.335402 -2.47749 0.905089 -1.92735 0.41056 -0.532904 -1.00808 0.4468 -2.56051 2.52919 -1.59879 -0.777283 1.64576 -2.05054 -2.16656 1.22129 -3.02332 1.9893 0.0782411 -0.883946 0.606696 1.55534 0.00643364 -1.80186 1.73605 -0.509634 -0.0988719 0.414296 -1.4239 0.827368 0.0642219 0.568404 0.218573 -0.910879 -1.58256 -2.35876 -1.54774 -0.999576 1.20423 2.73836 -0.1979 1.3701 2.22649 -1.82052 -1.09421 1.3503 0.416958 -1.95051 1.81644 2.94168 -0.949388 -0.219476 -1.93355 2.14049 2.63365 0.444622 1.72926 1.40601 -0.197322 1.19069 0.333759 1.0477 1.35087 -0.691371 0.779607 -0.0384666 2.25132 2.27228 -1.25997 -1.03427 -1.01258 0.994577 -1.1706 1.11536 0.497271 2.06123 0.044432 2.5675 -1.49356 3.16132 0.787718 0.759244 0.959814 -1.16379 0.762899 -0.427683 -1.06917 -1.54682 0.108036 0.0127898 0.234525 -0.223558 -1.29398 -1.09674 1.28026 1.17424 0.805437 -1.71313 1.15117 2.05892 -0.111893 -0.99458 0.827238 -2.49923 -1.39262 -0.652944 -0.688976 -1.465 1.03503 -0.593473 -0.10539 0.816909 -2.79306 -1.15565 -1.32156 0.490702 0.859396 3.60184 -1.2685 1.57932 0.802024 -2.74749 -0.759252 0.873321 0.143919 -0.827647 -0.71241 -0.142696 -1.74791 1.26238 1.06405 -0.426602 -1.94927 0.911793 -0.515481 2.17389 0.608973 0.182779 -0.0460857 0.930997 1.10613 -0.0846593 0.364902 -0.98644 -0.613816 0.404441 -0.267058 1.54815 -1.38696 0.0275506 -2.25965 -1.54597 -0.367658 2.97264 -2.37814 1.43415 -1.01132 -1.13317 0.743003 -0.20272 -0.14286 -0.73945 0.548352 -2.29554 0.48197 0.234935 2.6399 -1.40704 0.249682 -1.56171 -0.786512 0.144997 0.2299 0.457108 -0.1377 0.439623 0.00100056 -2.10147 0.611647 1.28661 -1.2686 1.08231 -0.189612 -0.31488 1.57844 -0.609697 -0.171082 0.231001 0.842476 0.980044 -1.10626 -0.212136 -1.46993 -0.307107 1.16601 1.14533 1.34817 0.106889 1.61083 -0.508885 -0.492536 0.179794 2.31115 1.57961 -0.0118792 -0.672298 1.66547 -0.297768 -1.13165 2.11421 -1.65984 -1.17131 -0.284906 -2.3154 0.504334 1.36251 -0.716544 
0.263887 1.41488 -1.15779 -0.254719 0.225233 3.03712 1.82123 -0.443696 -1.70358 -0.943877 3.13352 -1.01811 -0.512731 -2.10411 1.03558 -2.00554 -0.30878 1.11587 -1.16039 0.605249 0.485597 0.592716 1.49852 -0.992784 0.298397 -1.4861 0.643975 -1.16275 -1.1627 -0.527219 2.46623 0.378009 -0.672603 2.08806 0.546592 -0.801021 0.2188 -0.222882 -0.399 1.07419 0.0784365 1.47008 -0.125987 -1.39724 -0.170929 -0.441362 -0.510197 -1.47372 1.96358 -0.116047 0.90697 -0.520727 -0.798086 -0.804388 3.54425 1.74258 2.0471 -0.9402 0.213404 -0.147773 -0.00729817 2.34993 3.739 0.462618 2.27662 -0.443539 0.501362 2.49146 1.3487 -1.77956 0.227557 -0.273047 0.374171 1.47755 -0.857134 -0.23929 0.6988 1.03527 -1.28507 2.45352 0.370475 0.570719 -1.34832 2.03588 0.922798 -0.0859923 -1.15106 -0.161721 2.97207 2.62289 -1.06768 -2.26296 -1.39007 0.620061 0.418798 2.00305 -0.782952 -1.24319 -0.884121 -1.0337 -1.48637 2.38211 -1.84196 2.347 0.642126 3.27753 -0.222799 1.37611 0.528598 0.258713 1.31753 -1.80461 0.379634 0.800908 0.0235148 0.356061 1.32213 0.0513855 -1.90541 -1.05132 0.842396 -0.394391 0.691133 -3.16657 -1.08415 -0.242657 0.769728 1.00359 1.36188 -0.999418 -0.421179 -0.526168 -1.50912 0.703474 0.407138 2.20146 -1.38434 2.80777 0.531397 0.962237 -0.402729 -0.445259 -2.72111 -1.7621 -0.527961 3.05334 1.62643 0.227918 -0.0497714 0.0139771 -2.05024 0.624258 -0.110435 0.554036 0.258404 0.356092 -0.927211 -2.23883 -0.011775 1.21244 -0.797572 -0.423752 -1.56145 1.18898 0.855754 0.0974443 -2.10639 0.74565 -2.57866 1.44973 0.226333 -1.39159 -0.949241 2.57288 0.337031 -1.24008 0.501647 -1.34984 3.03663 1.24537 -2.06671 -2.10132 1.6453 -1.35909 -0.158896 -0.391922 -1.14391 -2.49358 1.48849 -1.62479 -0.451965 -1.24662 0.99957 -1.46834 1.22878 1.9934 -0.362171 -0.768488 -1.04793 -0.456671 -0.464274 -1.58467 -1.17102 -0.89796 1.16388 -0.721679 0.323935 -0.264675 0.918359 0.277357 -1.63043 -1.47311 1.78948 0.856734 2.05098 0.786269 -0.130702 0.26651 -0.828582 0.660529 -0.134375 1.15215 1.56264 -0.359205 -1.11628 -1.84146 0.527908 1.03871 -0.853735 0.581234 1.00236 0.257423 1.46639 -0.265489 0.388083 1.43994 -0.0940504 0.304117 1.12962 -1.37282 1.28234 -2.30339 2.88895 -0.0450888 1.83277 1.78109 -1.39177 0.563442 -0.272858 1.99514 0.516114 -1.52938 0.562503 -0.626947 -0.20851 -0.0132263 -0.153517 0.837891 -0.218315 -2.79614 -0.520648 -1.51686 1.34518 0.681203 -2.9089 -1.03101 1.13347 1.65902 -1.39521 0.566872 -2.36159 0.285318 1.18534 -0.0561938 -0.671766 0.170615 0.438375 0.0780921 1.05017 -0.0279821 1.09921 -0.873392 1.53317 0.851729 0.0962315 1.67028 0.136111 -1.16902 -0.91866 -0.97068 1.69932 -0.816382 1.73091 0.642478 0.714633 0.536207 1.99738 2.1592 -0.697157 -0.0279629 
2.07794 0.628363 -0.115333 2.02712 0.489994 -1.39232 0.519596 1.55579 -2.76359 -0.968203 -0.50438 1.77448 -0.579963 -1.0541 -0.847606 1.45423 -2.39327 1.82346 0.0808312 -0.325877 -0.297357 0.553993 -1.27494 -1.07429 0.358869 0.595185 0.368374 -0.329414 -0.660089 0.155318 2.15719 -0.802459 0.779897 -0.0242497 -2.08096 -0.165953 -0.534952 -1.4976 -0.354358 -0.348185 0.0688164 -1.8936 2.19046 -2.39454 1.10676 0.739294 1.8685 -1.47918 -0.839634 -1.27509 -3.34039 -0.746455 -0.477179 1.79793 0.898271 0.950093 0.326102 0.508024 2.53558 0.312134 0.57152 -1.13044 -0.488372 -3.57005 0.0370134 0.47315 -0.11735 -0.459582 0.399361 2.10989 -2.2554 0.660779 -0.412538 -0.656231 -0.415333 -2.93909 0.251609 -0.87407 -1.28077 -0.0885102 -0.910007 1.97602 -0.231349 0.107418 -0.133623 1.0654 -0.579638 -0.94596 -0.8413 2.13436 1.01928 -0.547049 1.05577 0.625011 1.34545 -0.55535 1.50712 -0.188318 2.1352 -0.0743509 2.09678 -0.753818 -1.34083 -0.10401 2.16384 -0.815085 1.56545 -2.54951 -3.55439 4.75851 -1.07688 -1.23241 0.596101 -1.08108 0.977953 2.66588 1.12182 -0.71801 -0.0780863 -0.478456 1.95951 2.32732 -2.85178 0.583869 -2.43659 1.25747 3.33959 1.29794 0.0611066 -0.429519 0.748092 0.311888 1.63677 0.569737 1.87311 -0.98696 -2.09366 -0.82625 0.137253 -0.24114 0.634649 -0.549303 -1.07229 0.55755 -1.57781 -0.675526 -1.13478 -1.22843 0.565718 -1.94586 -1.90919 0.460825 -2.23849 -2.35463 0.894146 -2.79259 -0.307091 -2.8928 -1.31522 -1.72961 0.332619 -2.09264 0.846997 2.70665 -0.589161 0.665609 -2.21801 1.47358 -0.909271 0.191852 -5.55216 0.640364 -0.556769 -0.350036 1.16764 -4.95767 0.448177 -2.14017 1.31695 -0.0289188 1.1084 -1.8095 2.27003 1.10385 0.217097 -0.416341 -3.8234 2.50311 -0.605917 0.40645 -0.32901 -0.339593 1.01783 -0.15744 -0.721187 0.109085 0.444622 -0.0469896 0.895566 0.276293 -0.848136 1.10134 -0.823991 -1.00582 2.28133 -1.90965 -1.20895 0.18988 0.882434 0.985349 1.11725 -2.01843 1.36976 1.71176 -0.892268 -0.500902 0.620946 -0.987967 -0.0992189 2.8301 -1.02167 0.0794101 -0.167743 1.48468 1.60004 0.607159 0.926017 0.280412 1.28474 1.4398 1.32676 -0.187405 -1.64591 -0.823233 -0.523814 0.0299706 0.310314 0.0450483 1.07497 0.726711 -0.408932 -0.878354 0.823784 1.26632 -0.382199 -1.59936 1.15524 0.724087 -0.0378635 1.04312 1.0588 0.415402 0.92508 1.68552 0.457055 -0.698041 -1.43602 -0.309254 1.3739 1.64862 1.33508 1.62513 -0.171874 -0.00679559 0.209828 1.1773 0.631743 1.06775 0.0180715 0.551126 0.333039 -0.545874 -0.609634 1.29224 0.286237 0.857717 -0.0564309 -0.18034 -1.24596 0.466029 -0.485485 -0.902977 1.54093 -0.486172 -0.179486 1.35197 -1.51822 -1.86949 -1.38685 1.08489 0.868477 -0.117834 0.306221 -0.460907 -0.191418 -1.23396 0.897517 1.41532 1.3095 -2.04926 
0.954432 0.593767 -0.690609 0.815392 -1.91003 1.5762 -0.351476 -2.71771 -1.37672 -1.08045 -0.938552 1.55698 0.124952 -0.156956 0.107919 2.20945 1.8521 -1.38131 3.04468 1.52812 -1.48742 0.347914 0.763304 0.179473 2.53297 -0.224253 -0.606353 0.0494897 2.05061 -0.743049 -0.234529 -2.22956 0.102579 1.41009 1.33385 -0.0675883 1.38016 2.93263 -0.936342 0.884801 0.463727 -3.25951 -0.255837 -0.218343 -0.42114 0.697028 -0.300482 -1.0832 -0.111938 -0.309165 0.0344345 1.62518 -1.14477 -0.671685 -0.416805 -0.473102 1.26283 -1.26766 -0.334319 0.0232872 2.46372 -2.6714 -0.277801 0.924169 -1.69632 1.73451 -0.119727 0.794557 -0.934218 1.49057 1.09993 -1.75549 0.89541 -1.34581 -0.798174 2.98206 0.755184 0.978566 -0.185973 -0.258093 0.434454 0.936969 -0.0987711 1.19758 0.535538 -1.41772 -0.258655 -1.53651 -0.663455 -1.06376 0.764884 -0.228688 -1.26774 -0.482767 -1.43223 -0.310969 0.710042 0.765163 0.910797 -1.24503 1.22552 -0.647895 1.50175 0.278247 1.93727 -0.493747 -1.08614 -0.19627 -0.566945 1.38098 0.1646 -1.3826 0.598291 -1.08394 -0.239759 -0.411702 0.518343 0.826189 1.16303 -0.532339 -0.613385 1.07619 -2.40658 -0.0808521 -1.56871 0.422053 1.19054 1.17766 -1.67139 -1.47978 -0.765384 -1.73001 -2.01284 1.3881 0.455683 1.25491 1.01589 0.157552 -0.904307 0.159407 0.564791 0.357765 -2.32389 -3.54817 -0.486377 -0.181982 2.49183 0.887188 0.836375 0.366863 0.747313 -2.88243 0.454527 -1.18875 -0.0813456 -1.34873 0.750763 2.74879 -0.594787 1.39605 0.81988 -1.75458 1.45794 -1.20526 -1.98266 0.41802 1.51304 -1.14577 -0.707907 0.103139 -1.09561 -0.459986 -1.11443 0.0719154 -2.0426 -0.809174 1.0616 0.151148 -0.540815 -0.663053 -0.890617 0.133312 0.625455 0.292381 0.711705 1.68764 -0.0609437 1.28712 1.9176 0.64615 -2.69071 1.94036 0.733885 0.368277 0.520587 2.39487 0.844401 -1.81471 2.41772 1.05202 3.05144 0.0348621 -1.61268 -1.40857 1.27004 0.387669 -1.62737 -0.447505 -0.993562 0.320589 -0.649417 0.11743 0.152341 0.796139 -0.583095 1.48899 -1.24403 -0.798582 1.1823 0.478445 0.221759 1.35351 -1.39527 -1.31867 0.0980706 1.40071 1.95103 -0.262653 0.447529 -0.452621 0.0557819 -2.66177 -0.700323 -2.71302 -2.59616 -1.29031 0.0292159 0.373616 0.703639 0.31634 0.230898 0.0838752 -1.80287 0.760183 1.58261 0.965683 0.691918 -0.703853 1.64365 0.673655 -1.91383 -1.94963 -0.508028 -0.615254 0.538862 -1.30875 -1.77863 0.08939 -0.426243 2.63896 -0.646023 -1.17125 -0.0152229 -0.00010884 1.21289 0.498919 1.61809 -0.158439 1.2959 -0.113303 1.31884 -0.478101 0.902269 -0.566677 -0.0446451 -1.07343 -0.814731 0.778524 -0.40621 1.46175 -0.265501 0.248058 -2.11372 1.01353 -2.52069 2.79364 3.95511 -0.328349 -0.0927208 -0.201763 0.738752 -0.0543176 -1.46064 1.40957 -2.181 0.906219 -0.303963 0.841395 0.204013 0.278518 
0.998452 -0.614228 -0.885017 -2.55179 0.0459383 -1.11909 0.841703 1.22884 1.25083 -1.45106 -0.215632 -1.63132 -0.905567 -0.67651 -0.146865 0.451746 -1.55304 -1.49901 0.0369664 -2.92254 0.415314 1.48629 -0.0717788 1.10204 0.0676576 0.197598 0.118707 0.184279 -1.1778 -1.67287 -0.0557648 0.843596 0.976013 1.07232 1.23557 -1.48986 -2.17319 -0.872532 0.323755 1.20418 0.789224 0.382378 1.05249 -0.762056 -1.22921 0.988598 -0.61601 -0.222519 2.4069 -0.148149 0.532219 -0.220834 0.279634 -0.120019 1.19993 -3.22804 -0.0128692 -0.90325 -0.122754 -0.488441 -1.30211 2.64094 -2.70797 -1.42437 -0.884288 -0.44301 2.70155 -0.420536 1.13594 -0.314814 0.0526624 -0.859861 1.31194 0.319001 2.42186 -0.498583 -0.688924 1.54937 1.04989 -1.74007 -0.803042 -4.04818 -0.668595 -0.844918 0.182051 1.86065 -0.368281 -0.669225 1.27677 -0.3408 0.717136 -1.61272 -2.14313 1.04606 0.235175 -1.27112 -1.51999 0.173058 -2.04973 -0.723886 -0.712426 -1.7296 -2.27084 -0.177186 1.12981 0.52745 0.804602 -0.0692715 0.279389 -1.44182 1.23036 1.29926 -0.280481 1.58476 -1.82539 -1.98486 -0.09707 -0.517435 2.35254 0.00649838 -0.102603 0.6846 0.309095 2.99185 1.78768 0.228646 1.89325 1.33257 -1.6903 -0.546115 -3.08419 0.0368927 0.255699 -1.47315 -2.68501 0.460584 -0.0730724 -0.580238 0.416051 0.737906 0.989695 -0.38529 -0.722106 -0.13864 -1.42869 0.96131 0.588132 -0.775971 -0.58014 1.29821 -0.576726 0.723633 -2.47892 -1.58933 -1.19638 -2.33513 -1.79358 -1.71561 0.593939 -0.384718 -0.726048 1.50306 -0.0145674 -0.134078 -2.89319 0.717822 0.135937 1.08976 -1.19371 0.37165 -1.35683 -1.04948 -0.973922 -0.0310655 1.49914 -1.34716 0.731786 0.806007 0.356473 -0.672259 -0.516582 -2.08385 -0.558073 1.11611 -0.00432411 -0.823659 -0.640715 0.977548 3.54072 -0.665156 1.11783 -0.482146 -0.296374 -1.12034 1.08592 0.641948 0.0667004 1.5956 0.857929 2.79579 -1.18931 2.19696 0.888127 0.289782 0.506484 -0.891926 2.25865 -0.640846 -1.03401 0.559393 -1.31217 0.555798 1.21859 0.835178 -2.01577 -2.38136 -0.637724 0.475225 -1.99583 -0.885812 -2.04836 1.0222 0.974276 1.87225 -0.0093702 0.181669 -0.336608 -0.0900519 -1.0957 -0.917695 1.15377 0.0687047 -0.143025 0.751712 -0.703441 1.13051 -1.10349 -1.3407 0.930646 -0.219281 0.217362 -1.60215 -0.301444 0.536293 0.531543 0.179661 1.20341 0.547184 2.12404 -1.45794 -0.366895 0.102705 -3.42106 -1.33761 -1.70577 -0.538027 -0.828436 -1.95075 0.0862691 -0.62147 1.56977 -0.907906 2.74127 0.865418 0.664417 -1.15148 0.766037 -0.517371 -3.40824 -1.05594 2.89976 0.88949 -1.9757 0.70091 -1.66594 -0.0805079 -0.446974 0.952758 -0.680742 -1.97728 -1.05801 1.11845 1.65769 -0.419158 1.34845 -0.432658 1.03927 0.183808 1.05527 -1.10744 -2.70833 -0.384028 1.37202 0.890665 2.17688 0.667685 -2.40486 0.308221 0.0779438 -2.56077 
-0.33221 2.61817 1.55081 -1.12267 -1.57494 0.881569 1.39393 2.15755 -2.02155 -0.720647 -0.621096 -0.614184 0.494401 -0.364031 0.338436 2.06257 0.242562 0.0777674 2.68154 -1.75654 -0.367774 -0.54355 -0.441747 -1.32719 2.49429 -0.61975 -0.405871 -1.18939 0.851002 -1.45706 0.514258 2.66962 0.00374304 -0.718525 0.620948 -0.599971 -0.625594 0.878231 1.15984 3.32749 -1.03511 -3.04766 -0.269052 -2.46091 -0.796597 1.26641 0.707967 -1.04199 -0.782417 1.25307 0.801379 1.18245 -0.33738 0.689297 -1.69211 0.380582 2.62462 -1.03482 -0.471286 0.335342 0.128937 1.414 -1.38265 -0.783991 0.867845 0.256196 0.830104 2.10123 0.0848907 -0.813075 -0.679511 -0.70734 -0.12007 -1.9449 1.38758 -1.06725 2.18273 1.28605 -1.83252 1.50997 -0.318737 -0.425513 -0.277877 -1.18947 -2.36264 1.25474 0.606183 -1.77834 0.194746 0.750482 0.229095 1.73653 -0.728143 -0.133508 -1.80886 -0.240116 -1.18392 -0.732191 1.61031 -0.424968 1.65068 0.183539 2.79676 -1.17747 -0.253558 0.963008 0.0722908 0.531475 1.27935 0.0732252 -0.237922 1.233 -0.850703 0.777477 2.2823 -0.836901 -0.175035 1.99843 -0.27272 1.69222 2.51334 -1.21361 -1.00965 -1.65507 0.630447 -1.04302 0.797348 -0.424776 -2.56321 -0.239015 0.184159 -0.791641 -0.84788 -0.181071 1.11835 -0.92108 1.0022 -0.0778068 -1.06287 -1.97069 -0.417561 -1.05439 -1.2389 -0.0893747 3.25555 -1.07142 -0.0188257 -1.19373 -0.985178 -0.336204 -0.790821 -0.663062 1.56067 0.774806 -0.309252 1.95815 1.68301 0.174459 -0.351513 1.72037 -0.54608 -0.575759 0.942816 -0.713705 0.271921 -1.93967 -0.19079 0.209472 -0.294705 1.74111 1.15178 0.496928 -2.03378 2.66949 -3.47301 -0.474165 0.0594484 1.06586 0.712935 0.364662 -3.4217 -1.04868 0.968804 -0.154957 0.863916 -1.00224 -0.483441 1.31647 -1.27764 -1.56408 1.17285 -0.834599 -0.360745 1.48702 -0.703681 -0.901271 0.047114 1.09583 -1.83958 -0.697944 0.658219 -1.03671 0.386963 1.30925 -0.289728 0.243076 -0.810407 1.28484 0.506259 3.71397 -0.173616 -2.27927 -1.08088 -2.14081 0.290935 -4.04809 1.10752 -1.10152 -2.53208 -0.932627 2.07696 0.936139 -0.0239064 -0.956239 0.707662 -0.740994 0.755416 -0.866701 -0.0412785 -0.847479 1.96602 -3.17354 3.54424 0.740932 -0.798493 -0.568756 1.81314 -1.20378 0.253862 0.419138 -2.58219 1.27636 -1.30698 -2.1039 -0.815308 -0.0657023 -1.49933 -3.12204 -0.473564 0.902831 4.06352 0.327035 -0.643396 -2.91745 0.492036 -3.17102 -0.735918 1.87286 2.70784 1.81453 0.945657 0.239792 1.03578 -0.036383 -0.137721 -0.137024 1.36951 1.62101 -2.21873 -0.0694416 -0.772287 -1.70435 1.22814 1.72218 -0.385964 -0.971271 2.06866 -3.6261 2.67072 1.89989 -0.162178 0.291036 -0.0983874 -1.11858 3.23528 1.53852 -1.38 -0.625435 -0.390975 0.330546 2.63782 0.822403 -1.10601 1.51634 2.42249 2.34476 0.48061 -1.08606 0.531553 -1.25861 
-1.86918 -0.00238266 0.233885 0.889493 -0.0339355 -0.0645044 -0.280704 0.59388 1.23257 0.851745 -0.726709 0.561431 0.706272 -1.5778 -1.58368 -0.0571487 0.195784 0.926212 -1.41562 3.28394 -0.260117 2.15578 1.36735 -0.884858 -0.0303074 0.937089 -1.06302 1.48961 2.13387 1.65851 -0.265038 1.75991 -1.04363 -0.444447 -1.06966 0.219425 -0.382824 0.311453 0.672436 -2.12558 0.258775 -0.540014 1.44415 -0.759775 0.386947 1.58045 -1.95964 -1.87177 -0.606873 0.756751 -0.907515 0.479094 3.73435 -1.37604 -0.221773 2.40766 1.57627 -0.694054 0.740526 -1.63442 2.06349 0.15124 1.7495 0.128127 0.4275 -2.53483 -0.283274 -1.61113 0.147616 1.49394 -0.17194 0.76882 2.38065 -0.603128 0.894373 1.44628 0.546099 1.51742 1.40515 -1.61901 1.89033 -0.636322 1.04464 -2.36563 -1.71842 0.820419 -0.593117 -1.16054 -0.262636 -0.0799093 -0.25754 -2.14233 1.70372 0.924924 -2.35072 -0.392818 -0.224298 -1.39043 -0.835933 -0.509887 0.354236 1.84695 1.47935 -0.905229 -1.34902 -1.24643 -0.520918 1.83986 3.00413 -0.548175 -0.809012 -2.09035 1.39746 0.0986604 0.95719 -0.963367 -1.51158 -1.69444 -0.91384 -1.62275 -1.84799 -0.0920931 0.0443225 -0.788624 1.19009 -0.56893 1.19212 0.982234 -0.603574 -0.418572 -1.35274 -1.84884 -0.459716 0.79095 -1.75985 0.153344 2.09653 -0.38322 -0.132169 0.969297 0.277714 -1.0977 -2.14806 0.246017 0.721844 -0.49937 2.32499 -0.395686 1.3753 -1.30782 -0.768116 0.788949 -0.590052 0.102119 -1.12068 1.95318 -0.239078 0.580637 -0.606254 -0.0384423 -0.272521 -1.01951 -0.793226 -1.21481 0.0664572 3.39887 1.20023 1.21073 1.05537 -1.91157 -0.0924937 -0.971479 -0.112713 -0.371408 0.400368 -1.15929 -1.24535 -2.7649 0.364397 -1.64051 -1.4168 2.19582 1.81556 0.170341 1.40942 -2.831 2.15297 -0.64023 -0.385765 0.0714292 0.756822 0.714193 2.38511 0.0536922 -1.2383 0.631667 4.09048 1.72728 -0.452906 -0.830698 1.7961 0.717056 -0.305982 0.463332 -1.19217 -1.26619 1.61818 -1.29184 -0.455733 -0.22017 -2.25248 0.523144 0.56817 -0.64537 0.163084 0.947604 