500 20.004
27.025 27.025 27.025 
13.5125 13.5125 13.5125 
1 1 1 1 1 1 1 1 1 1 1 1 1 1 1 1 1 1 1 1 1 1 1 1 1 1 1 1 1 1 1 1 1 1 1 1 1 1 1 1 1 1 1 1 1 1 1 1 1 1 1 1 1 1 1 1 1 1 1 1 1 1 1 1 1 1 1 1 1 1 1 1 1 1 1 1 1 1 1 1 1 1 1 1 1 1 1 1 1 1 1 1 1 1 1 1 1 1 1 1 
1 1 1 1 1 1 1 1 1 1 1 1 1 1 1 1 1 1 1 1 1 1 1 1 1 1 1 1 1 1 1 1 1 1 1 1 1 1 1 1 1 1 1 1 1 1 1 1 1 1 1 1 1 1 1 1 1 1 1 1 1 1 1 1 1 1 1 1 1 1 1 1 1 1 1 1 1 1 1 1 1 1 1 1 1 1 1 1 1 1 1 1 1 1 1 1 1 1 1 1 
1 1 1 1 1 1 1 1 1 1 1 1 1 1 1 1 1 1 1 1 1 1 1 1 1 1 1 1 1 1 1 1 1 1 1 1 1 1 1 1 1 1 1 1 1 1 1 1 1 1 1 1 1 1 1 1 1 1 1 1 1 1 1 1 1 1 1 1 1 1 1 1 1 1 1 1 1 1 1 1 1 1 1 1 1 1 1 1 1 1 1 1 1 1 1 1 1 1 1 1 
1 1 1 1 1 1 1 1 1 1 1 1 1 1 1 1 1 1 1 1 1 1 1 1 1 1 1 1 1 1 1 1 1 1 1 1 1 1 1 1 1 1 1 1 1 1 1 1 1 1 1 1 1 1 1 1 1 1 1 1 1 1 1 1 1 1 1 1 1 1 1 1 1 1 1 1 1 1 1 1 1 1 1 1 1 1 1 1 1 1 1 1 1 1 1 1 1 1 1 1 
1 1 1 1 1 1 1 1 1 1 1 1 1 1 1 1 1 1 1 1 1 1 1 1 1 1 1 1 1 1 1 1 1 1 1 1 1 1 1 1 1 1 1 1 1 1 1 1 1 1 1 1 1 1 1 1 1 1 1 1 1 1 1 1 1 1 1 1 1 1 1 1 1 1 1 1 1 1 1 1 1 1 1 1 1 1 1 1 1 1 1 1 1 1 1 1 1 1 1 1 

0 8.0994 4.7022 2.66171 0 23.7651 10.0003 23.7408 0 2.59519 9.86685 0.188151 0 6.14212 7.20027 4.06505 0 0.621086 25.9598 5.08167 0 2.5426 23.5764 8.34922 0 2.64736 6.25292 5.43349 0 7.94376 2.11799 8.08022 0 3.53546 2.71594 14.2853 0 5.56861 26.3168 23.1071 0 22.7605 5.82076 17.5553 0 4.8529 5.71555 7.75361 0 25.3834 1.7936 21.3554 0 23.9008 3.77581 23.4382 0 5.08703 7.10825 14.3253 0 0.982987 3.21966 19.5164 0 19.3218 23.7718 26.7158 0 4.22526 9.08028 6.48552 0 3.12125 4.88828 17.0319 0 25.4924 6.99976 23.243 0 1.02909 7.74296 3.06285 0 2.44411 6.80351 23.344 0 26.9587 8.46371 25.9031 0 6.05859 7.11678 22.055 0 4.63239 3.96972 1.23072 0 26.4099 20.7471 8.05312 0 2.26753 6.45318 0.0843965 0 0.668112 13.443 4.26511 0 21.8016 7.01679 14.0732 0 2.42956 8.70377 16.7657 0 26.5555 0.0168246 13.3822 0 25.9797 14.3386 12.8174 0 25.5798 1.78275 17.4935 0 25.0993 6.14203 14.2258 0 4.05127 26.5061 19.8717 0 2.99153 5.38994 12.0942 0 2.09354 6.82439 20.062 0 7.59613 16.9485 23.5341 0 9.78722 14.1313 23.2874 0 8.02305 20.006 26.5368 0 25.8846 13.5185 7.3657 0 24.3432 10.4046 4.44821 0 3.18864 10.1152 3.49008 0 7.83063 14.8367 25.9755 0 0.434453 7.8407 9.48301 0 17.8591 15.2625 12.586 0 5.18808 13.7574 9.93686 0 26.3802 20.8818 11.8258 0 0.935468 11.4629 14.3718 0 20.3421 13.6842 16.5046 0 0.814638 7.65608 12.9077 0 3.12387 15.6964 7.58035 0 24.1781 12.5775 15.1552 0 26.8625 6.40883 17.5806 0 6.91637 11.9801 23.6627 0 2.15972 14.3868 13.4644 0 0.139908 10.4789 23.2147 0 21.5581 13.0052 25.1109 0 8.11433 18.109 2.52655 0 2.62752 13.5608 20.1204 0 2.00886 18.8916 7.71849 0 6.45141 24.7247 7.83252 0 2.82109 11.9729 24.3873 0 4.36428 15.2326 25.0635 0 1.88991 18.317 4.12267 0 1.2048 22.5199 14.4468 0 8.94711 18.9703 9.83017 0 7.40252 21.8602 10.1153 0 20.6851 13.714 9.73989 0 1.35106 21.3792 20.9323 0 26.7628 17.7409 10.1857 0 6.8525 23.0909 20.203 0 7.30069 26.538 20.1265 0 19.4314 21.0217 21.9536 0 4.88575 18.0985 1.58782 0 4.8205 1.84416 17.3772 0 5.30092 9.34932 24.8302 0 25.5237 12.6196 25.6428 0 3.01062 16.3898 21.4426 0 2.86897 24.3174 22.2982 0 20.6247 17.6607 24.4279 0 0.511039 26.307 23.9173 0 5.3791 0.254451 5.9093 0 3.3192 23.8428 1.7957 0 5.61528 23.9177 13.1908 0 2.33304 26.9167 7.77157 0 12.9585 22.2286 10.7563 0 8.37536 26.5237 10.1775 0 4.51166 25.9745 10.4515 0 8.14472 0.975906 16.9824 0 7.00578 4.58596 17.7735 0 7.94438 4.62819 13.6503 0 0.103327 19.3079 23.064 0 0.443586 3.78082 23.8871 0 22.1864 0.0888582 25.1737 0 8.99793 3.23536 20.7685 0 4.4005 4.48919 20.3388 0 24.8478 25.6531 3.09793 0 6.9396 10.5646 20.6498 0 12.8011 3.29822 24.7475 
0 3.74114 26.6175 26.4196 0 9.29453 25.888 2.10696 0 11.9416 23.7969 4.56378 0 11.0486 3.04792 6.73094 0 11.4107 26.5241 9.12372 0 5.39587 3.60678 4.65654 0 15.4729 2.16917 6.63594 0 6.59319 0.858347 3.08389 0 5.86111 3.39102 11.1363 0 3.88015 10.9525 9.61084 0 12.2698 7.28585 22.739 0 10.0018 4.24287 10.6256 0 17.2126 25.1703 16.8287 0 13.0714 10.4897 0.486683 0 11.5477 1.65245 19.0628 0 5.51409 7.75248 18.7291 0 6.54191 2.3164 26.4988 0 6.16374 8.67707 1.06543 0 13.2736 26.5133 1.91181 0 12.907 10.4632 23.8928 0 6.80911 11.9393 7.11047 0 9.47692 12.7804 5.73326 0 9.78626 8.69805 2.02759 0 10.3415 15.5539 4.20421 0 9.98477 2.1893 3.25463 0 11.5862 7.41451 6.38602 0 8.94348 26.7311 5.98318 0 12.23 10.4109 4.16101 0 6.56366 9.43758 9.12738 0 23.5829 8.801 8.03583 0 4.33426 11.1903 13.6681 0 14.2618 5.12244 8.21725 0 25.7991 9.06897 15.6689 0 9.34223 5.2643 23.4995 0 1.55472 1.66334 10.7826 0 6.69245 10.4293 16.9115 0 6.3655 6.23532 25.3727 0 12.5292 17.042 20.4429 0 9.01491 8.9696 5.61235 0 8.93496 7.98784 25.2795 0 9.62276 12.0796 2.44695 0 1.01755 10.6381 6.30816 0 10.5267 15.0968 8.909 0 14.8822 20.2155 1.87372 0 6.63951 10.6484 3.83024 0 3.6192 12.5789 6.02965 0 13.0683 16.6429 7.12449 0 4.91338 21.0943 7.1317 0 6.6352 6.70131 11.2891 0 3.65068 21.3767 10.1924 0 3.65924 8.41974 11.1048 0 15.4963 16.6711 9.41356 0 5.93767 14.8112 21.6469 0 4.5748 21.2704 18.0977 0 3.10716 12.0919 16.5616 0 0.90168 14.5831 9.79185 0 7.1784 19.7213 15.8948 0 7.09265 13.9748 3.35373 0 5.63312 21.0436 3.55807 0 5.32062 17.3214 18.8713 0 4.16203 18.8594 24.2508 0 1.97241 17.5459 0.193908 0 7.20945 24.2874 4.21691 0 10.3949 20.7639 24.8196 0 3.87599 13.2584 2.17922 0 16.3605 22.3946 11.6309 0 12.0917 19.8045 8.5365 0 10.1725 22.1488 20.0299 0 7.61723 15.8356 11.0877 0 10.5272 19.8166 15.4176 0 9.13826 16.9437 13.7714 0 6.6869 19.1261 12.5527 0 5.26091 15.8715 14.0942 0 13.3185 17.0885 14.662 0 7.24676 12.4946 14.3123 0 9.59214 1.59511 23.4564 0 8.55102 19.9992 22.2528 0 7.81674 16.1306 16.923 0 9.58416 19.0884 18.6995 0 10.5795 16.0755 0.869471 0 2.06223 21.1089 2.71854 0 7.97979 5.9449 6.48895 0 12.8658 20.4922 4.92187 0 13.1446 18.9898 26.5676 0 1.34972 20.389 25.8758 0 4.36563 2.37965 8.40469 0 1.99386 4.88404 8.78798 0 9.4189 25.5463 15.1462 0 6.87081 0.45517 12.9492 0 8.89385 6.95519 19.2686 0 11.8521 0.476646 16.0411 0 13.2449 26.1398 11.6411 0 2.61956 1.2016 22.2819 0 6.26805 2.29886 22.04 0 5.41779 19.568 20.9641 0 9.06969 13.3997 19.9073 0 5.91218 22.6936 23.9389 0 6.95162 26.0506 0.147618 0 16.4882 19.8249 26.033 0 10.8274 0.87262 26.7476 
0 11.7578 24.9614 24.9098 0 19.6921 1.65866 2.87522 0 18.1467 23.5944 8.16318 0 17.0477 26.1316 1.13194 0 10.2339 24.24 12.2098 0 17.0944 0.405276 9.45974 0 22.5645 25.7416 12.2962 0 11.3553 5.22242 4.09208 0 10.4595 1.67168 12.7417 0 11.1906 10.1638 10.6384 0 14.2111 20.5524 13.9656 0 14.6015 1.80857 13.2596 0 13.8999 3.49487 16.5366 0 8.18604 7.59857 16.2073 0 11.4473 7.61942 16.1922 0 12.6364 4.77171 12.876 0 13.1261 21.0664 18.2797 0 11.596 5.32223 18.8517 0 19.3086 4.90066 2.46096 0 14.6169 0.776571 22.4803 0 9.67353 3.915 26.6498 0 14.5213 17.3492 3.8016 0 16.3376 2.19468 3.24765 0 15.2632 16.6862 0.5892 0 11.3317 11.0447 7.66156 0 14.1952 9.85676 9.51537 0 13.6765 2.02509 9.7492 0 13.2091 7.91318 2.69561 0 12.4082 6.86336 10.4598 0 7.40677 10.0097 12.4957 0 13.9344 8.66813 12.9067 0 22.0765 4.0783 9.15029 0 12.6094 3.55646 1.43286 0 17.6846 14.0018 18.838 0 16.4934 7.98139 19.3498 0 9.98491 7.03777 12.9499 0 13.2544 14.3542 22.3006 0 17.5227 11.3816 25.6594 0 12.3698 0.252419 5.23459 0 9.71908 10.1782 19.0434 0 7.21487 18.4494 6.90429 0 15.0568 21.3091 7.72881 0 14.7518 5.05296 4.41926 0 22.2532 15.4426 0.349753 0 4.82068 15.7984 4.61604 0 10.3489 18.3138 5.72785 0 7.77477 15.2067 7.10439 0 9.89127 23.3225 7.20563 0 4.9787 17.4802 9.1102 0 2.89225 18.3897 11.7676 0 10.407 13.5308 12.3668 0 13.3821 13.3688 8.86418 0 9.15338 7.42238 9.20233 0 5.78629 13.469 18.0925 0 13.3597 13.912 4.03268 0 13.0797 9.1821 20.0849 0 9.22271 11.2884 26.0163 0 11.4217 19.1457 2.55407 0 16.585 14.8963 2.91119 0 14.2975 16.5588 24.4607 0 8.56036 22.8484 1.56024 0 21.3584 17.752 6.50166 0 19.6161 16.8799 10.6201 0 22.6583 15.0212 7.55135 0 14.9189 11.5808 6.6463 0 8.33926 22.0059 13.6683 0 19.1937 11.679 13.3555 0 20.2351 15.4222 3.91157 0 17.9983 26.9519 13.1344 0 11.603 22.8807 15.1235 0 9.83421 13.7804 15.9098 0 16.1662 22.1431 4.83687 0 15.3775 24.4921 14.05 0 14.2173 14.6209 18.9843 0 9.64764 9.80038 22.87 0 11.0041 19.7721 12.3709 0 17.1993 18.2084 23.5023 0 11.248 17.3445 24.0749 0 18.6307 24.2202 3.54106 0 16.2701 22.3811 22.0727 0 14.0892 24.7091 6.99873 0 12.0298 22.734 1.35796 0 15.8553 14.718 6.38731 0 15.1437 23.1861 0.948161 0 15.5948 25.7756 4.11036 0 8.92536 21.2578 4.91902 0 17.5222 22.3733 15.1648 0 19.8932 6.56685 10.781 0 10.5851 24.8773 18.7591 0 11.0367 3.9829 15.5558 0 16.4243 22.5233 18.6667 0 21.0889 24.9553 8.80716 0 12.4342 22.3597 22.1684 0 13.9069 25.5702 19.7754 0 11.3291 26.4993 21.7781 0 19.9232 3.96118 13.1209 0 9.04317 16.7579 20.836 0 8.62573 24.3825 23.0944 0 17.3581 25.0026 20.7621 0 14.7828 1.42353 26.4694 
0 23.6853 1.79168 3.3173 0 18.3986 26.7754 6.39834 0 22.5798 23.2603 4.75532 0 15.8556 25.2675 24.8079 0 21.3226 18.4338 3.08658 0 17.5549 4.26544 8.2548 0 20.2918 1.07022 9.30687 0 22.0129 1.77305 6.64204 0 23.3584 26.5574 15.7422 0 16.6793 4.95166 14.6076 0 24.1674 25.9652 22.5449 0 22.9498 23.2266 17.1571 0 16.9606 3.12281 11.3527 0 21.69 14.4999 21.5865 0 0.329851 25.3058 20.4763 0 17.6502 1.77835 16.0472 0 19.7635 25.1688 23.4698 0 17.76 1.42021 22.1601 0 20.2722 2.98852 24.1303 0 15.4985 2.10331 19.2997 0 17.1464 3.92511 24.9347 0 17.8483 10.157 2.13474 0 20.8744 7.50421 3.95452 0 23.667 15.2073 24.0516 0 16.3263 5.70295 0.999892 0 17.5862 7.12771 3.97177 0 14.9677 8.28681 6.52475 0 21.4444 25.8891 5.48343 0 15.439 6.11552 11.3282 0 8.32294 12.0896 10.085 0 22.4195 2.4705 18.6838 0 20.7348 10.124 10.3913 0 14.5773 7.00737 16.3297 0 13.4301 10.8058 17.1529 0 20.729 11.5062 18.9099 0 16.4953 4.71396 18.1382 0 16.2541 12.2627 22.4488 0 19.764 13.2728 0.77447 0 15.959 8.57741 26.7431 0 14.9754 13.3242 26.2061 0 17.8005 9.94498 5.43063 0 16.6978 13.4485 9.59299 0 19.0003 15.6657 7.31085 0 18.5531 13.1109 5.11889 0 17.4054 8.15589 8.75415 0 13.7443 11.9898 11.8938 0 15.5547 11.3499 14.4087 0 21.8802 11.4348 6.56179 0 17.1389 10.5452 11.4106 0 11.8822 16.838 11.2834 0 23.4079 2.452 11.5581 0 18.317 8.41237 13.59 0 9.94099 10.154 14.5087 0 12.8596 13.1281 14.7118 0 19.5577 4.77469 16.3934 0 19.0552 17.9243 20.4507 0 15.514 7.83488 23.077 0 18.0943 14.933 24.1549 0 15.3001 11.7203 2.90722 0 18.3514 17.1559 0.543262 0 26.298 15.8868 1.63632 0 24.3418 18.3286 7.69394 0 16.8301 18.7882 5.26015 0 22.9623 19.0623 11.8476 0 21.9245 17.2632 17.6816 0 19.1749 24.0814 11.6329 0 23.577 13.927 18.4138 0 19.6526 20.8047 5.31215 0 18.2789 16.8475 16.8759 0 11.8919 13.8609 25.7958 0 15.7704 18.7431 20.445 0 16.6726 17.9126 13.5779 0 12.2893 12.1508 20.0896 0 15.5628 18.9773 17.008 0 14.885 19.6302 11.0941 0 20.7721 19.9156 15.0605 0 14.7799 14.9877 12.342 0 23.4905 19.9177 24.1095 0 23.1193 12.6962 1.38707 0 18.8992 20.6425 1.89684 0 25.0003 21.4908 26.291 0 13.9912 22.0746 25.039 0 24.5184 20.1645 4.86541 0 21.9698 22.4216 1.4438 0 23.5909 22.8019 10.4326 0 26.0567 4.91856 11.3718 0 22.1316 21.1137 7.76428 0 23.9506 26.5843 8.16106 0 11.4308 16.6385 17.451 0 18.8592 20.3256 11.949 0 18.5903 20.2127 17.671 0 21.9413 22.5902 13.1537 0 13.6766 19.6302 22.735 0 20.353 24.7513 15.2401 0 22.4334 20.5483 18.7673 0 20.805 26.1754 18.7195 0 13.0174 6.65657 26.5706 0 22.6403 19.186 0.193911 0 26.2842 19.4152 2.07975 0 19.0277 1.0151 26.7562 
0 26.211 2.72082 1.68621 0 26.148 1.70003 5.40038 0 4.03777 4.34205 24.3415 0 21.5736 3.21072 0.445647 0 2.459 23.586 25.1583 0 19.4769 4.2886 5.45168 0 0.552499 11.318 9.8529 0 1.97173 2.26628 26.4441 0 25.0447 20.4524 20.5587 0 24.2412 25.9944 19.323 0 26.7282 25.224 16.2601 0 26.6848 3.1827 14.2421 0 23.6124 3.09562 15.2287 0 19.6221 7.59937 20.3058 0 25.285 5.48852 26.5523 0 21.0661 0.964978 21.768 0 14.5835 4.63296 21.4919 0 22.9901 8.4045 20.8195 0 24.0667 8.8444 1.09125 0 21.8752 6.49111 23.5059 0 18.4418 4.97432 22.1378 0 20.3196 7.86702 7.2923 0 1.70806 4.29465 2.97599 0 20.6776 10.0283 26.5377 0 21.716 6.76904 0.368092 0 25.464 7.51721 5.53796 0 25.7623 24.1229 7.68309 0 22.9634 5.28363 6.33802 0 25.3553 2.41277 8.6062 0 25.0976 23.6306 13.8997 0 20.8044 8.37673 16.9282 0 2.04728 2.75306 5.91386 0 18.9472 2.78702 19.2639 0 18.0204 10.7752 20.1251 0 3.39758 10.1827 20.3902 0 22.145 10.3453 14.1422 0 21.4261 5.08748 20.5489 0 20.5048 11.0678 3.20599 0 5.99895 12.0115 0.105279 0 20.3985 11.2575 22.4982 0 26.9913 16.4501 6.79693 0 0.637541 22.6147 5.22708 0 18.4532 7.14348 25.7978 0 1.33378 13.3816 0.0817431 0 26.1274 5.44455 8.06927 0 18.8054 11.5588 7.92019 0 23.8662 12.1622 9.49662 0 23.5208 16.1507 10.5097 0 23.5202 6.70538 10.9797 0 21.8893 13.8414 13.0138 0 15.6785 14.4003 15.7593 0 25.3524 10.4775 12.3387 0 25.146 18.3989 17.874 0 17.9737 10.0685 16.6285 0 26.3868 8.71451 20.5372 0 0.161639 11.6168 18.8793 0 25.017 12.8203 21.3251 0 25.8064 17.8955 26.0546 0 23.8184 10.3724 18.1236 0 18.6796 8.36605 23.1641 0 23.0041 13.749 4.43379 0 26.1267 25.8639 10.3948 0 1.38733 23.6988 11.2995 0 26.13 22.7778 23.1075 0 18.0019 19.5945 8.34543 0 20.545 16.9137 13.7799 0 24.7036 16.4395 15.2416 0 2.88523 26.2067 13.3696 0 1.49603 18.6559 15.1968 0 22.1435 17.848 21.3454 0 8.10798 22.9274 16.9865 0 5.33099 25.6292 15.8562 0 16.3229 15.6428 21.3355 0 19.8318 22.9638 19.0107 0 0.782946 15.6451 23.995 0 3.45076 15.3645 16.5785 0 26.8122 14.8123 17.2474 0 26.5411 23.0769 1.91472 0 24.446 6.3026 2.85061 0 22.4838 22.8885 21.3175 0 26.6701 11.1182 1.89567 0 25.2839 1.68328 25.8926 0 24.137 16.784 4.36233 0 24.6387 25.1376 26.5551 0 4.10911 24.1465 4.86696 0 3.42665 1.30288 2.71229 0 4.63615 21.1948 26.7141 0 0.425157 26.6678 0.721624 0 24.4823 20.7107 14.852 0 25.2361 16.2785 20.9921 0 4.19737 21.1915 13.773 0 2.28502 24.0442 18.148 0 21.0835 1.12411 14.412 0 20.2174 20.5872 25.8024 0 26.1511 21.8187 17.7902 0 1.63546 17.7217 18.4757 0 24.997 5.08886 20.3825 0 22.0377 26.2683 1.55562 0 22.7776 23.4816 24.5708 0 1.57704 1.10475 16.7646 

2.27181 -2.15133 -3.26697 -1.85515 -2.52041 2.02372 -1.57315 0.0286333 -0.563492 -1.38312 -1.62607 1.02399 -2.22454 3.47904 -0.570407 1.10995 0.0948414 -3.16325 2.74571 -3.13002 -2.76988 -1.37042 1.06199 0.835569 0.0630993 3.55151 1.47482 -3.45069 0.122893 2.87255 -1.83478 -1.72419 -3.37114 4.1317 1.25901 -1.88723 -1.53386 0.483103 -4.33501 0.372517 -0.87774 -2.0802 -1.06273 1.44087 2.3354 1.14291 5.59813 2.3447 -0.655573 -0.540733 -0.508976 1.74773 1.48213 -2.16542 -2.77619 -1.83756 1.04011 -0.528338 1.57163 -1.97501 1.42734 1.69955 -2.51538 -0.334324 -0.106512 5.20005 0.539229 3.69132 -3.00201 -1.25289 1.35557 2.92003 -2.55391 -3.24793 1.76617 1.43409 -0.457793 4.65124 0.406423 1.97731 1.12207 3.19493 -0.694943 -0.658753 -0.66417 -3.26417 1.82494 -0.10488 -1.10162 -0.211493 3.20842 -2.22123 -2.7807 -1.46015 4.81636 3.17643 -1.36115 -2.81589 1.44326 -1.46514 4.35969 -4.22545 2.91786 -1.17046 -2.48997 -1.17491 -0.0429103 2.6773 0.215972 0.248191 -0.411049 0.264277 -1.99487 -1.66303 -2.28148 -1.55279 2.69794 -2.70395 1.67397 4.26427 -1.548 2.80629 5.39427 -4.34934 -1.56278 1.34918 0.666769 -2.34425 -2.03052 -1.12462 2.29052 -2.88777 -1.50693 2.45041 -0.564888 -0.954956 1.04659 -3.82293 -0.840025 -2.52796 2.52506 -0.227093 5.3285 -0.11989 2.65214 -2.67025 -0.287922 2.40514 0.621425 2.30309 2.97888 3.53035 1.04488 3.34321 1.7662 -0.249938 -0.867882 1.90327 -5.11393 5.04078 -3.34831 0.211199 4.19752 2.24647 4.17377 -1.62588 -2.86026 4.11461 -0.842958 2.12833 -2.51343 -1.74973 6.31039 -0.884164 2.90517 2.42034 -1.12075 -4.65608 0.209768 2.72856 -2.31155 0.0351898 0.896763 -5.16281 0.207541 3.13771 -0.162664 -0.397531 1.89873 -2.65987 -1.56128 -0.856686 -4.90416 -4.3015 -0.685032 4.28858 -1.84898 0.470274 1.20966 2.59292 -1.43657 1.37366 0.492654 -1.07555 -4.37482 -1.48047 2.54675 0.00272531 3.6244 0.414038 0.570977 3.82496 -5.92902 0.242358 0.66218 -2.1254 4.16463 2.15581 4.18393 1.63223 2.95895 3.51226 1.73856 1.23806 1.86812 0.519899 4.24869 -3.08745 -6.08951 2.93527 -1.12959 -1.48091 -3.54195 -3.55049 -0.160376 2.02274 0.945536 -1.52996 -1.18898 0.963711 -2.72185 3.22512 4.32271 -3.31909 0.377864 -0.999684 0.902546 3.02517 -2.60087 0.475064 0.326099 -3.44261 -1.38821 2.42711 -1.59349 -2.03581 -0.831821 1.23528 1.87892 -3.93923 -1.2878 -0.449188 -0.1129 1.78294 1.94887 1.53951 2.33683 -3.58288 -1.64556 -0.748068 -5.35975 1.04589 3.79715 -2.96593 -1.59709 4.86379 2.29792 0.0296247 -0.770186 -1.30241 -4.26332 -1.45325 1.23184 0.338198 -3.61545 7.34632 2.55425 1.79524 3.51122 -3.33315 0.848912 -2.7668 -1.70492 -2.3183 0.711923 -0.422005 1.18211 2.78534 -1.33668 1.4786 
3.79382 -3.59817 1.26269 -0.707093 3.06861 2.14984 1.30054 0.00019327 -2.05365 -1.47705 -0.062464 1.78603 2.17416 -4.03662 2.09565 -2.83114 -0.707398 3.35405 0.440112 -0.393764 2.27024 -1.51612 3.12957 -1.80864 -6.78695 -3.11339 3.56998 0.95989 -4.01301 1.14628 1.58102 0.423151 0.597803 -0.309389 -4.00305 -1.99664 0.0455934 1.13186 -1.22769 1.5081 -1.96432 -3.56802 -0.0620435 -0.762835 -1.03786 2.55385 -3.68904 0.722076 -2.80416 1.14103 -0.136118 -1.97344 -0.818288 2.24455 1.85601 0.192875 -1.5026 -1.46347 -1.41953 1.50036 -1.78789 1.81339 -0.951428 -2.07462 -1.19558 -0.857853 -0.0989433 -4.17585 0.268416 3.48332 4.59273 2.12404 -0.655689 5.08019 3.73604 -0.223101 -3.58284 -1.4832 -4.46118 3.12588 -1.15474 1.67542 0.0340305 -3.64913 1.81138 -4.02796 1.28057 -2.42246 -0.24741 -0.106013 -1.64243 -0.395666 -3.06141 0.919885 2.70431 2.88357 -1.47285 2.21227 -5.38632 -1.02622 1.16004 -2.81929 4.13191 -3.97322 -1.21363 -1.65241 0.713149 2.05653 1.16323 -1.70159 -4.17829 -4.94994 3.10309 -2.75041 -1.18039 -1.71452 3.35775 -0.209541 1.33325 1.40469 -0.318008 0.932216 0.732815 -1.47702 -0.930095 -1.59035 -0.115831 -1.88331 -0.730705 1.49895 3.59343 -5.21616 1.80997 -0.449924 2.23395 -1.05693 -3.7107 0.159348 3.65798 1.60606 -1.66807 -0.492762 4.11208 -0.772381 2.52905 2.25421 0.28145 4.2751 2.22737 -1.25363 -2.29652 -0.659831 -1.77845 -1.53313 0.110077 -1.29454 0.3569 2.02515 0.00210852 -1.9318 1.57819 0.997569 0.142065 0.751679 -3.1117 -0.776847 1.35014 0.436477 -0.404614 -5.01259 0.890757 -1.37087 1.04672 0.937958 1.04324 -1.75364 0.755372 2.82503 -2.8573 2.51684 2.8889 0.136089 2.80443 -4.98734 5.56024 1.99073 2.61341 2.46732 0.567953 0.786491 0.74811 2.14368 -0.697281 2.15174 -5.33119 -0.736825 1.74321 0.478928 -2.66988 -0.0454198 -2.87109 -1.86896 4.88098 0.819781 -5.03905 -1.77081 -4.01866 -1.45976 3.17518 0.439573 -1.80099 -0.271119 -0.559446 -1.44775 -3.22096 -4.94984 0.865191 0.323288 -2.13127 3.2533 1.08955 2.18932 2.32879 -1.93994 1.76737 4.76504 3.24894 1.47905 3.00511 -4.43728 -1.11866 -0.0313059 0.974804 -1.59186 -2.99904 -0.593923 -2.17837 1.66315 0.80325 -0.666581 0.430734 -0.361738 -4.20829 -5.8972 1.75019 -2.74738 -1.05297 -4.51009 2.89283 -1.54219 -0.716193 -0.941246 1.96804 -5.15364 3.5013 -2.00459 -5.71666 -0.656316 -3.01777 0.684795 -0.500428 3.93639 2.38718 0.0134714 -0.793365 2.014 5.26184 -1.80756 -2.32362 0.133851 -0.564 -2.09961 3.10814 0.467471 1.69687 3.33014 -1.8283 2.93437 2.14779 2.79607 -2.739 1.68959 0.866669 1.46262 1.52995 -2.38871 3.68709 -1.195 1.37864 1.20645 -0.817312 -3.18217 2.80269 5.01761 6.26934 -1.93566 -0.927222 -1.97602 0.77183 3.80625 
0.850632 2.16632 0.194299 3.16578 -1.39102 3.10562 -0.321571 -0.265199 -2.5822 1.22338 -1.98532 -2.10632 -0.170056 -0.324902 2.51526 2.51168 1.90782 0.41212 -1.03202 -1.43878 -2.10402 -2.88058 2.2658 -3.04468 2.36058 3.09265 2.82631 -4.00964 2.57743 -1.88592 2.26876 -0.705136 -1.38691 -1.72799 -2.9762 2.16268 -1.62317 1.59086 -0.396363 0.699517 -2.83331 -4.51442 -3.41588 1.82528 -1.29843 2.02317 1.04036 -0.906235 -0.815604 -0.384736 0.84613 -0.517706 0.447973 0.968728 -2.33066 -0.706093 -1.46717 -2.03683 1.26572 -3.77572 -0.506159 1.81247 1.4815 1.80419 -1.07552 2.48893 1.17877 0.135839 -1.76977 -1.43319 0.759433 2.14936 1.03452 -0.938478 -0.786779 -0.826281 1.59161 1.05324 -0.477954 4.01802 0.422661 1.76825 2.51948 -4.64174 -2.607 -2.05554 -0.724394 -0.326449 -1.9466 3.54682 4.78197 1.75806 -1.54852 -1.60337 -2.35073 3.25116 0.9646 1.59541 -3.60178 5.12845 4.16518 1.86088 -1.15238 0.16716 3.07572 -2.52678 1.63274 -0.139186 -0.932848 5.86712 0.0967718 0.191046 1.11656 3.54237 3.1466 -1.1482 -0.0217075 -1.24937 1.53456 1.86905 -6.46786 2.71802 -0.119572 2.14572 -3.23203 0.272569 2.47398 -2.42514 2.34597 2.04884 1.28605 -0.572797 -0.77979 -2.15289 3.92249 -4.06895 -4.03537 2.97969 -0.81173 -3.70577 -0.532817 3.89638 -0.7279 4.01615 -0.526422 -2.30552 2.73479 0.97473 1.6971 5.70356 1.94809 -0.159546 -2.54895 -4.42862 -2.4046 -0.0658359 2.10121 0.348332 2.45731 2.01607 2.28738 -0.229784 1.05106 1.26216 3.24324 1.98528 -4.6216 -2.95652 4.56123 -2.21491 1.21678 -1.55635 1.59353 -1.92138 0.218955 1.76636 3.21206 -1.9628 -0.958595 0.303566 -2.2738 1.41225 -2.19563 0.968106 1.62008 -0.477505 -0.0255003 -0.0515548 4.76002 -3.37924 -0.465531 3.90961 2.99775 -4.55306 -3.08296 1.87547 0.916082 -0.52561 -3.05219 -0.55614 1.68953 -3.47179 -6.86759 -0.557226 -2.29602 4.55969 5.93176 0.750619 1.17697 0.969368 2.3643 3.62577 -1.92954 -3.10443 -0.629212 0.856945 0.779538 -0.260337 1.25376 0.231044 1.34797 1.17711 -1.74223 -3.93633 2.46487 0.479475 1.12096 1.83164 0.0852757 -2.00175 -3.88235 0.236639 -5.05714 -1.18022 3.99086 -1.38877 1.01457 4.50055 3.64789 3.08505 1.23398 -4.98765 -1.78744 -3.44412 2.53608 0.387394 3.39136 -3.28027 2.48784 -1.06138 3.64818 -0.750126 -1.43153 -1.42162 -2.97437 -5.46216 0.954503 -2.72045 -0.772052 -0.917929 4.77191 4.90346 -0.246781 3.60054 1.2465 -2.08353 -0.493945 -3.07187 -0.10264 -1.23401 -1.16623 -0.925698 -1.07437 0.125365 0.127763 -2.58716 -0.403614 1.54637 -0.179694 4.68181 0.22511 3.3775 0.815693 2.19518 2.54762 -0.577723 -2.17845 -2.92846 -2.52016 1.90849 4.04836 2.30377 -0.110815 0.0146925 -3.82338 0.119748 -0.664325 -1.15006 -0.267532 -1.63545 
1.56363 0.463446 -3.32355 1.75109 -3.42475 0.463438 1.83168 -1.79346 3.98712 4.77923 -0.513795 1.17187 -3.98125 -0.509303 -2.32176 -0.563319 0.00477484 -2.07722 0.945716 -4.65391 -2.56368 0.235454 1.90851 2.61604 -1.31948 -2.23735 1.3447 1.57898 0.129406 1.51345 4.44119 1.7443 0.871236 1.12497 3.77976 -2.83123 0.181201 2.16552 -0.162108 3.26073 3.09123 -1.46101 0.546348 2.09781 1.47892 -0.363621 1.10592 -2.65868 0.593022 0.702941 -2.89507 4.22047 -1.6695 -0.427232 -7.03013 -0.021824 1.01091 -1.26753 0.48727 -2.27865 1.1175 2.39653 0.434565 2.90992 -1.74578 2.45041 -3.00286 5.54306 2.55459 2.46185 2.10171 -2.4058 -2.40075 3.27715 -3.95689 -2.64323 0.546412 2.4309 -2.10041 -1.01183 -3.47011 1.67859 -0.744445 -4.76735 5.79955 2.85951 4.82767 0.193011 1.16035 0.234503 5.02138 -3.03136 -0.361403 -0.732814 0.829806 2.14795 -1.27071 -0.441593 -2.11991 0.994398 1.69849 1.87971 2.4067 -3.32427 -2.85339 -0.190884 -3.67459 -2.83872 2.36401 0.667239 -1.53803 -1.06596 0.927494 -0.828768 3.46092 3.84113 -0.977151 1.62061 -5.18246 -3.61951 -1.78066 2.66397 2.44793 2.46321 4.62074 1.78409 2.34319 5.16288 -3.51847 -2.15919 -3.37975 -0.42707 4.79538 -0.78469 1.84554 4.34591 2.67504 -1.47163 1.60126 2.34377 -1.47415 1.60907 -2.42481 0.710164 0.580956 -2.67902 1.31464 3.37532 0.131242 -0.070069 1.87601 1.13126 -0.647503 -1.95649 2.66642 1.41923 -3.7932 -1.90036 0.719499 -2.372 -1.7857 -3.88521 -0.493678 0.564272 1.88581 0.202903 -0.736345 3.6824 -0.988425 -2.30637 -4.26073 1.78856 -6.19277 3.47123 2.17062 -0.898987 0.353497 2.64983 -0.378307 -0.00789104 1.26431 -4.56857 -1.41342 1.75149 0.624876 0.173073 0.929418 -0.82056 -1.942 -3.51576 3.03958 -0.417676 -0.667032 -1.2506 3.06565 3.20675 -0.143568 -0.315357 -0.223427 -2.6512 1.15977 -0.389748 1.94417 2.12519 2.56706 -4.1766 1.33719 2.12484 0.833515 3.01636 0.669765 -0.298704 1.52725 2.19522 -1.71376 -1.40083 0.449967 -1.38546 2.11436 -0.755113 -1.55382 -5.51037 0.243217 -3.94089 -1.25922 -2.73654 -0.112808 -1.27818 1.64052 -0.707136 -1.03194 5.91421 2.91106 -1.33469 -1.09316 -2.13985 -1.00105 2.00224 0.318426 -1.69022 1.28748 -2.01376 2.47687 4.82856 -5.22176 -2.6265 3.94046 -3.88944 -2.68491 0.494342 3.28645 -1.83602 0.327047 2.47755 2.25962 1.67295 -0.60585 0.874471 -1.11317 0.635064 6.39152 2.27991 0.897517 1.66295 1.03753 -0.62491 -0.483096 2.86199 0.222416 2.20837 -3.06691 -2.30056 1.09124 -0.777522 0.205532 -2.57904 -1.19203 -0.084022 -0.833195 -1.19948 -3.26843 -0.606104 -1.99557 0.734162 4.54359 3.29036 -1.62031 -0.746531 -3.50996 -3.65642 1.36556 0.243676 -2.86093 0.848007 -3.47567 -1.73782 -2.95953 -2.68008 2.49101 2.10804 
-1.78388 2.30799 -4.69489 -0.186715 -1.32152 0.841247 2.52739 0.723254 -0.276123 0.0271736 -2.78678 1.49235 0.93785 -4.00605 -0.687434 -4.4404 -4.13497 2.95361 -1.70668 2.67784 0.804985 4.45846 3.33222 -2.40355 1.03054 -2.43006 1.5911 -5.33152 -2.89519 -0.240327 0.316582 2.10326 -4.46577 0.50922 -0.357354 3.10257 -0.486116 0.625468 1.66447 -1.71123 0.391422 -0.225522 0.889432 -1.17835 1.07822 -2.04112 2.02161 -1.71729 -0.463673 -4.98634 1.08317 -2.32533 -3.05906 -1.78029 -1.02083 2.10355 4.76597 -7.81191 0.947098 -2.14721 1.49576 -0.0467882 2.38687 1.80645 -3.96177 -1.06588 -3.18277 1.29085 0.397799 2.50901 -0.897608 1.35394 4.01026 0.926023 -3.12078 0.502349 -1.36812 4.81453e-05 -5.09852 1.71077 2.85958 -1.27254 3.93968 2.06496 3.21871 2.33131 -2.61032 1.02885 0.62432 -0.94334 -1.9304 -1.75826 -3.42508 -0.256891 -2.17741 0.701016 -3.86549 -3.78782 -1.2216 -0.790852 -0.688435 -2.20623 -1.14978 -2.15269 -1.46028 6.19881 0.575836 -6.0254 -1.03631 2.13454 -2.99696 -0.800222 -1.41665 -0.334759 0.944381 5.18762 -1.26167 0.470079 1.85202 -0.73098 -3.59244 -0.407905 1.10235 0.810886 -2.36334 -0.557233 1.83016 0.621464 1.49506 2.92962 0.706146 -0.601928 2.5778 -4.36217 6.77696 -1.0428 -0.776217 -4.39547 4.03119 3.86763 -2.76522 -1.6645 -2.53183 2.89588 3.97281 0.795852 -0.76987 2.00672 0.00690168 1.53313 1.48642 -1.48458 -0.919027 -1.67367 3.18276 1.45671 -2.60671 0.191557 1.78424 0.647845 1.26534 1.92696 4.68109 2.50351 1.69606 -1.73572 -0.406691 -2.5236 -3.10849 3.83199 1.72463 0.959122 0.866102 -1.34944 1.35978 1.765 -1.86326 -1.85213 1.2102 1.2888 1.4628 0.112124 -5.70967 -2.67074 -2.82977 -4.36266 3.28309 -1.23735 -2.05425 -1.78112 -0.108148 2.33488 3.41739 0.677358 -1.11384 -2.78642 -0.420688 3.47798 -2.54411 4.9137 -5.10601 1.90251 -0.949191 -0.484651 -3.23003 -2.75996 -5.04734 -1.73609 -1.51861 1.78741 2.64058 5.30098 -1.84945 2.61041 -2.48199 -1.16066 -3.4832 -0.314312 -0.886542 1.22994 4.13126 -2.59829 0.433971 -2.33184 1.46965 0.72698 1.59242 0.816952 -2.13757 -1.70669 1.3094 -4.71205 -2.08206 -4.28851 0.0902351 0.828943 0.36012 -0.140212 -0.961668 -2.0176 -2.49899 4.08211 -0.317747 -2.32918 2.00923 3.66162 -2.46106 -1.04687 -0.697975 -0.529917 -1.58806 0.89056 -1.55936 0.169024 0.201666 2.77758 -2.75341 -2.42869 0.560614 -5.83312 -3.37304 -1.55301 -1.8782 0.112774 0.0403028 -2.52956 2.29673 -0.364015 -3.33713 -4.09246 -0.336596 0.930868 0.449378 2.87846 2.36089 -1.75977 -0.332333 1.81166 -3.4157 -4.98695 0.157721 0.89376 1.37622 2.65675 -1.92088 -0.362623 -5.44766 -1.47148 -1.30532 -1.2147 2.62763 4.196 2.18876 -0.68208 -3.89303 0.839308 1.73012 -1.52032 0.03255 0.279826 
