500 1.00001
28.1122 28.1122 28.1122 
14 14 14 
1 1 1 1 1 1 1 1 1 1 1 1 1 1 1 1 1 1 1 1 1 1 1 1 1 1 1 1 1 1 1 1 1 1 1 1 1 1 1 1 1 1 1 1 1 1 1 1 1 1 1 1 1 1 1 1 1 1 1 1 1 1 1 1 1 1 1 1 1 1 1 1 1 1 1 1 1 1 1 1 1 1 1 1 1 1 1 1 1 1 1 1 1 1 1 1 1 1 1 1 
1 1 1 1 1 1 1 1 1 1 1 1 1 1 1 1 1 1 1 1 1 1 1 1 1 1 1 1 1 1 1 1 1 1 1 1 1 1 1 1 1 1 1 1 1 1 1 1 1 1 1 1 1 1 1 1 1 1 1 1 1 1 1 1 1 1 1 1 1 1 1 1 1 1 1 1 1 1 1 1 1 1 1 1 1 1 1 1 1 1 1 1 1 1 1 1 1 1 1 1 
1 1 1 1 1 1 1 1 1 1 1 1 1 1 1 1 1 1 1 1 1 1 1 1 1 1 1 1 1 1 1 1 1 1 1 1 1 1 1 1 1 1 1 1 1 1 1 1 1 1 1 1 1 1 1 1 1 1 1 1 1 1 1 1 1 1 1 1 1 1 1 1 1 1 1 1 1 1 1 1 1 1 1 1 1 1 1 1 1 1 1 1 1 1 1 1 1 1 1 1 
1 1 1 1 1 1 1 1 1 1 1 1 1 1 1 1 1 1 1 1 1 1 1 1 1 1 1 1 1 1 1 1 1 1 1 1 1 1 1 1 1 1 1 1 1 1 1 1 1 1 1 1 1 1 1 1 1 1 1 1 1 1 1 1 1 1 1 1 1 1 1 1 1 1 1 1 1 1 1 1 1 1 1 1 1 1 1 1 1 1 1 1 1 1 1 1 1 1 1 1 
1 1 1 1 1 1 1 1 1 1 1 1 1 1 1 1 1 1 1 1 1 1 1 1 1 1 1 1 1 1 1 1 1 1 1 1 1 1 1 1 1 1 1 1 1 1 1 1 1 1 1 1 1 1 1 1 1 1 1 1 1 1 1 1 1 1 1 1 1 1 1 1 1 1 1 1 1 1 1 1 1 1 1 1 1 1 1 1 1 1 1 1 1 1 1 1 1 1 1 1 

0 1.50704 0.812844 1.33273 0 1.92905 3.55637 3.5479 0 4.55917 0.990542 4.07232 0 3.83989 3.75816 0.589001 0 7.06623 1.47964 1.78192 0 6.71823 4.53413 4.49782 0 9.61206 1.79053 4.11927 0 9.88981 5.12046 1.7606 0 13.2202 1.50186 1.25045 0 12.9867 4.52292 3.44491 0 15.5181 1.98422 4.56269 0 15.748 4.72898 1.43903 0 18.9203 1.64575 1.81939 0 18.1468 4.78889 4.0963 0 20.6904 1.29136 5.05866 0 20.8563 4.2907 1.55201 0 25.0135 1.81528 1.15806 0 23.6859 4.32167 4.1233 0 27.2984 0.704991 4.27826 0 26.1744 4.97449 1.52892 0 1.42337 6.78201 1.36976 0 1.30736 9.35367 3.96668 0 3.71033 6.81942 3.9978 0 3.15971 10.3524 0.88015 0 6.2985 7.03167 1.34694 0 6.95251 11.263 4.74624 0 8.47545 8.3752 3.92977 0 9.61272 9.88376 0.861533 0 12.2289 7.58769 1.15571 0 11.9288 9.94418 4.32418 0 14.6358 7.58567 4.05412 0 15.5445 9.85945 0.99088 0 18.4925 7.63951 1.35597 0 17.8085 9.73921 4.31559 0 21.0094 7.07659 4.36543 0 21.1229 10.0571 1.33811 0 23.7055 7.4133 1.67927 0 23.9443 9.84713 4.39506 0 26.2629 7.08278 4.51207 0 26.7376 9.77728 1.55818 0 1.26205 13.1309 0.783928 0 1.04667 15.9337 3.90141 0 3.61136 13.2762 3.56549 0 4.57449 15.0878 0.481142 0 6.58356 12.1932 0.891256 0 6.75008 14.8728 3.11835 0 9.75012 12.9358 4.61055 0 9.68577 15.043 0.559119 0 12.4123 12.215 1.62822 0 12.7994 15.1822 3.95941 0 15.6718 12.5149 4.41515 0 15.1327 14.7251 1.0273 0 18.3063 12.4326 1.63407 0 18.5999 15.2512 4.2349 0 20.8902 12.7387 4.88733 0 21.3337 15.5114 2.0277 0 23.7661 12.7636 1.98909 0 23.9351 15.4581 4.73851 0 26.7472 12.4093 4.3286 0 26.2511 15.5184 1.14193 0 1.12499 18.5033 1.20626 0 1.3033 21.1993 4.04136 0 4.67116 17.9691 3.37218 0 3.97695 20.5199 1.00648 0 7.02249 18.2104 0.767189 0 7.78464 20.5043 3.80386 0 9.54577 17.3925 3.64503 0 9.82267 20.8126 0.63039 0 13.0995 17.8254 1.17315 0 12.8594 20.7016 4.38945 0 15.4555 18.0411 4.58522 0 15.1605 21.109 1.38977 0 17.3467 17.4611 1.84554 0 18.0182 20.369 3.93282 0 20.4846 18.1824 4.46931 0 20.7613 20.6663 1.25946 0 23.8188 18.5104 1.89463 0 24.0001 21.831 4.31616 0 27.0103 18.5445 4.24692 0 26.8387 21.4636 1.44398 0 1.20732 24.3541 0.890951 0 1.99508 26.0768 3.98637 0 4.70495 23.0299 3.79098 0 4.37598 26.1673 1.34298 0 7.56939 23.7724 1.50582 0 7.61274 26.5918 4.26946 0 9.79169 23.4291 4.24922 0 10.3661 26.7406 1.75768 0 12.5397 23.605 1.83873 0 12.9544 27.0639 4.23932 0 15.1915 23.4942 4.35678 0 16.0285 26.9544 2.38507 0 18.3465 23.4805 1.63247 0 19.4405 26.535 3.26141 0 20.7931 23.2259 3.71897 0 21.9773 28.0449 0.846966 0 22.8272 23.5307 0.750222 0 23.4803 25.6334 3.99165 0 27.0893 23.8702 4.15782 0 25.892 26.3017 1.41337 
0 1.64915 0.594082 7.41714 0 1.17872 3.21685 10.0538 0 4.16265 0.57038 10.0047 0 3.71608 3.26344 6.63951 0 6.61161 1.18329 6.96802 0 6.48207 3.8812 9.93191 0 9.39646 1.17659 10.1648 0 9.19817 3.63549 7.18244 0 12.4001 1.26165 6.79237 0 12.8529 3.6168 9.56104 0 15.6845 0.577929 9.62123 0 15.7327 4.14365 7.04294 0 18.0476 1.39657 7.14937 0 18.7154 4.20383 9.79018 0 20.8985 1.22558 9.53766 0 21.1064 4.09841 7.13307 0 23.7646 1.065 6.42877 0 24.2668 3.7665 9.50764 0 26.6023 0.683028 9.75612 0 26.7967 3.4716 6.53879 0 1.13637 6.12709 6.47841 0 0.824671 10.0516 10.4959 0 3.17183 7.12546 9.48999 0 4.42426 10.2158 7.02908 0 6.41872 7.03865 7.72602 0 6.43984 10.1162 10.0196 0 9.65567 6.98052 9.73963 0 9.47429 10.0887 7.2457 0 12.3054 6.3162 7.28453 0 12.3412 9.04311 9.62382 0 15.5533 6.72553 9.75883 0 14.3301 9.89856 7.0368 0 18.2158 7.20427 6.56125 0 18.3941 9.44333 9.85869 0 21.5018 7.05083 10.0908 0 21.0484 9.81678 7.1136 0 23.6834 6.63457 6.99919 0 24.1107 9.90245 9.93879 0 26.4443 6.95238 9.31756 0 26.106 9.68026 7.07046 0 1.10642 12.0284 6.96209 0 1.37732 15.9051 9.88043 0 3.56303 12.6416 9.59023 0 3.66247 14.989 6.45891 0 6.84279 13.1687 7.91562 0 6.62093 15.7919 11.0443 0 9.62685 12.3842 10.384 0 9.51454 15.4201 8.29361 0 12.1506 12.4403 7.55211 0 12.436 14.9689 10.3855 0 14.8989 12.0567 9.69523 0 15.0689 15.1804 6.7897 0 17.8202 11.8523 7.5047 0 18.0418 14.821 9.30863 0 21.3554 12.0358 9.70235 0 20.7902 15.2407 7.26331 0 24.0553 12.3009 6.96337 0 24.1042 15.4679 9.29565 0 27.0668 12.8602 9.93618 0 27.0512 15.1522 6.6326 0 1.65433 17.7255 6.72082 0 0.726135 21.5329 10.9675 0 3.80176 18.5241 10.5148 0 3.7645 21.3256 6.89695 0 6.83006 17.7757 6.18169 0 6.55994 21.1986 9.63103 0 9.27112 18.4989 10.0581 0 9.33623 20.457 7.31681 0 12.0147 18.1002 7.20966 0 13.1165 20.8301 9.75053 0 14.9538 17.6005 9.77504 0 15.8641 20.792 6.95882 0 18.0007 18.0252 7.61209 0 18.6297 20.8996 10.0496 0 21.1464 18.6337 9.34839 0 21.1564 21.4125 6.89612 0 24.6287 19.0506 7.2719 0 24.3649 21.1873 10.6698 0 26.7271 18.6444 10.7179 0 27.8377 20.577 7.39565 0 1.55808 23.7301 7.24685 0 1.04456 26.6153 10.6756 0 3.67245 23.8249 10.0336 0 3.96755 26.1598 7.01144 0 7.25439 23.5075 6.6804 0 7.2851 26.1124 9.00649 0 9.93519 23.7343 9.6137 0 10.3775 26.1165 6.57973 0 12.6285 23.3881 6.98896 0 13.1264 26.3713 9.3312 0 15.4947 23.7087 9.57477 0 16.5562 26.521 6.35988 0 18.389 23.2702 6.9663 0 18.6687 26.3058 9.51869 0 21.3004 23.2501 9.82292 0 21.1621 25.3122 6.73372 0 24.6372 23.0576 7.48874 0 23.4159 26.5484 9.94814 0 26.2779 24.3974 10.7517 0 26.5316 26.165 6.84341 
0 1.32861 0.877898 13.2068 0 0.806656 4.65515 15.1791 0 4.12369 2.40468 15.1878 0 3.52744 4.58989 12.1896 0 7.0215 1.55227 12.6545 0 7.6358 4.72193 15.4689 0 10.2361 1.74888 15.3853 0 9.6418 4.0604 12.5289 0 12.5341 0.821488 11.9401 0 13.1734 3.83088 14.8935 0 16.092 1.64659 15.2319 0 15.7283 3.31688 11.7387 0 18.1799 1.1115 12.2308 0 18.6153 4.16673 14.2004 0 21.0362 1.40955 15.1937 0 21.4809 3.74835 12.2683 0 23.9155 1.05273 12.53 0 23.4329 4.60058 15.1371 0 26.0996 1.82546 15.5218 0 26.8271 4.09997 12.553 0 0.713392 7.2079 12.5067 0 0.893714 9.63083 15.9411 0 4.17872 7.28252 15.5464 0 3.91545 9.4703 12.4006 0 6.74347 6.82043 12.2219 0 6.94935 9.80805 15.5426 0 10.1954 6.84781 15.0245 0 9.06328 9.18709 12.4545 0 12.6867 6.0782 12.3371 0 12.2578 9.46676 14.7505 0 15.6811 6.44938 15.0178 0 14.975 9.73635 12.2037 0 19.0467 7.4601 12.5371 0 18.0276 10.126 15.4294 0 20.551 7.37803 15.956 0 21.2426 9.98419 12.919 0 24.1568 7.64989 12.3209 0 23.6481 10.3396 15.6854 0 26.0478 7.10212 15.1308 0 26.4726 10.167 13.3906 0 1.19559 12.7702 13.3817 0 1.32563 15.7302 16.097 0 4.15443 12.5511 15.4621 0 3.6023 15.2056 13.1782 0 6.45506 12.3041 12.8159 0 6.65606 15.6548 15.0907 0 9.74732 12.5586 14.7493 0 9.87329 15.5552 12.7956 0 12.6574 12.2298 12.6164 0 12.7043 15.3621 15.2472 0 15.1907 12.5525 15.0191 0 15.339 15.2447 12.5143 0 18.3904 12.1688 12.2291 0 18.1024 15.0998 14.9286 0 20.9487 13.0197 15.4982 0 21.326 14.8924 11.8521 0 24.3879 12.8772 12.6478 0 24.1798 15.1535 15.6211 0 26.67 12.3112 16.1505 0 26.8011 15.8401 13.0944 0 1.94936 18.7345 13.8731 0 1.6905 21.427 16.2182 0 4.92431 18.4922 15.8417 0 4.12413 21.4267 12.6591 0 7.02462 19.1383 12.3865 0 7.84008 21.7448 15.6944 0 9.64825 18.5138 14.9122 0 9.68739 21.5005 12.433 0 12.2093 18.6165 12.2787 0 12.7686 20.9891 15.3747 0 15.2076 17.8185 15.5448 0 15.6518 20.7093 12.5608 0 18.3371 17.7965 12.7286 0 18.6587 20.8763 15.2684 0 21.4048 18.1823 15.4173 0 21.3164 20.6111 12.7018 0 23.6593 17.084 12.4943 0 23.8347 21.4553 15.7722 0 26.8341 18.5443 15.9435 0 26.9056 21.4639 14.0244 0 0.783491 24.3736 13.4607 0 1.66946 26.183 16.0046 0 4.58804 23.9585 15.2068 0 4.4007 26.7805 13.1835 0 7.26924 24.2456 12.3341 0 7.48521 26.246 15.7486 0 10.5511 23.9464 15.4068 0 9.87487 26.6078 12.8252 0 13.0803 23.2395 12.3554 0 12.7012 26.9006 15.038 0 15.1211 24.3738 15.646 0 15.4781 25.961 12.2014 0 18.2838 23.4347 12.239 0 18.0345 26.7574 15.2713 0 20.8199 24.3497 16.1147 0 21.0829 26.65 12.7107 0 23.7405 24.2195 13.4849 0 23.1998 26.6031 16.1267 0 26.3778 24.4592 16.184 0 26.036 26.765 13.8496 
0 0.900775 1.87419 17.8853 0 1.68839 4.52494 20.777 0 3.91185 1.70039 20.8375 0 4.53311 4.04968 18.1311 0 6.69438 1.28096 18.35 0 7.12072 3.84113 20.9235 0 9.75563 1.19299 21.6329 0 9.97126 3.44107 18.7234 0 12.7545 1.82161 17.9759 0 12.583 4.18163 21.6727 0 15.1751 2.11689 20.6562 0 16.1193 4.43144 17.6144 0 18.7315 1.2208 17.9027 0 18.201 4.24751 21.3154 0 20.9681 1.64453 21.3938 0 20.5468 4.2973 17.2741 0 22.8578 1.39551 18.4653 0 23.5681 4.46334 20.6562 0 26.5976 2.11493 20.7656 0 26.3768 4.95391 17.9843 0 1.47324 6.99705 18.1184 0 1.37846 10.0005 21.4918 0 4.88297 6.84989 21.2666 0 4.3652 9.2828 18.6115 0 7.07072 6.70567 18.695 0 7.50592 9.73424 20.6039 0 10.1684 7.08766 20.6192 0 10.0807 9.58482 17.5973 0 12.6927 7.04609 17.5386 0 12.3445 9.75604 20.382 0 15.3134 6.85731 20.7038 0 14.6278 10.0143 17.8876 0 17.8582 7.29009 17.9761 0 17.3603 10.162 20.548 0 20.6933 6.92059 20.1711 0 20.2118 9.94946 18.4275 0 23.4981 7.4116 17.8151 0 23.7878 10.1017 21.2071 0 27.1137 6.64114 20.9403 0 26.5299 9.96784 18.794 0 1.98758 12.4396 18.6163 0 1.87874 15.6943 21.221 0 4.83561 12.0294 21.2664 0 4.55738 15.708 18.5361 0 6.48411 12.6207 18.0605 0 7.0154 15.4276 21.5604 0 9.80171 12.8259 20.5463 0 9.0374 14.9443 17.9702 0 12.0469 12.6296 17.8346 0 12.4327 15.1333 20.9283 0 15.2787 12.7666 20.7762 0 15.4639 15.1908 17.8626 0 18.4521 12.916 17.9126 0 17.9317 15.9234 20.5284 0 20.4326 12.9198 20.8907 0 21.4072 15.5485 17.9933 0 23.8314 13.0597 18.8257 0 23.9304 15.8227 20.8589 0 26.911 12.9003 20.9529 0 26.9484 15.8915 18.5964 0 1.3864 18.4161 18.1788 0 1.37427 21.1659 20.7859 0 5.54835 18.7717 20.5025 0 5.22135 21.0868 18.2126 0 7.81134 18.387 18.096 0 8.3194 20.8243 21.7631 0 9.57816 17.6696 21.5618 0 10.2854 20.9005 18.0698 0 11.6397 17.712 18.4065 0 12.0328 20.9838 21.1591 0 14.8032 18.1203 19.9782 0 16.3314 21.0342 17.7787 0 18.1191 17.9996 17.2857 0 18.4204 20.1508 21.0135 0 21.1325 18.034 20.617 0 21.0954 20.9429 17.8298 0 24.4097 18.4263 18.2089 0 24.3787 20.702 20.6859 0 27.1373 18.2717 20.9561 0 26.6896 21.1764 18.3496 0 1.20319 23.9857 18.6397 0 0.502745 26.9332 20.5855 0 4.80628 23.6313 20.1504 0 4.35703 26.5124 18.3055 0 8.25428 23.4081 19.0646 0 6.75398 26.7191 21.0631 0 9.82151 24.6325 21.9124 0 9.91624 27.2517 18.1015 0 11.8945 24.3799 18.7922 0 13.4234 26.9102 21.7116 0 14.9392 23.6236 20.7356 0 14.9452 27.3764 18.1002 0 18.9856 23.6294 19.0492 0 17.4163 26.5327 20.7455 0 21.1744 22.5113 21.4787 0 21.0393 26.5183 19.4229 0 23.5582 23.8001 18.8465 0 23.8273 27.3288 21.3547 0 26.183 24.4241 20.9388 0 26.2844 27.2219 17.8087 
0 0.939569 2.13021 23.7827 0 0.506102 4.22195 26.7316 0 4.00112 0.795681 26.7823 0 3.77252 4.43149 24.1298 0 5.99179 1.38369 24.0512 0 6.72924 4.5095 26.9106 0 9.96119 2.29765 27.696 0 9.06611 3.94688 23.9835 0 13.3935 1.43343 24.44 0 12.5624 4.69056 27.4537 0 16.434 1.53231 27.3901 0 15.9295 4.71246 23.7492 0 17.5494 1.23231 23.6406 0 18.6876 4.41448 26.1898 0 20.8437 1.37385 26.0971 0 20.7515 4.41628 23.5127 0 23.9619 1.39926 24.3731 0 23.3924 4.77652 26.0764 0 27.1889 0.723429 26.5354 0 26.1949 4.28443 23.8362 0 0.96953 6.68098 24.1623 0 0.78441 9.43657 26.7183 0 3.90708 6.83087 26.7969 0 3.96165 9.40713 23.639 0 7.5186 7.03415 23.4478 0 6.50961 9.31336 26.7962 0 9.47328 7.02907 26.7974 0 10.3114 9.43303 23.6663 0 13.2901 7.24857 23.331 0 12.4195 9.62323 26.3007 0 15.3264 6.89227 26.911 0 15.1307 10.3074 23.6776 0 18.1641 7.54234 23.3687 0 18.2822 10.0684 26.5376 0 21.1583 7.70686 26.6507 0 20.5221 10.1032 23.2639 0 23.5375 7.19989 23.2469 0 23.4346 10.4663 25.4719 0 25.6143 7.45658 26.7859 0 26.6769 9.81297 23.8354 0 0.983519 12.5924 24.2065 0 0.485786 15.681 26.2257 0 4.02737 12.3111 26.1656 0 3.77672 15.5449 24.3974 0 8.00033 12.3455 23.5604 0 7.38689 15.5554 26.1543 0 10.1075 12.4969 26.1713 0 10.126 15.32 23.525 0 12.3502 12.4989 23.3554 0 12.8047 15.307 26.0182 0 15.2706 12.2216 26.6998 0 15.1208 15.0324 23.1505 0 17.8917 12.5546 23.6531 0 17.5982 15.1346 26.1835 0 21.2404 13.4919 27.2686 0 20.9984 15.9937 23.7503 0 23.6328 13.3949 23.4383 0 23.6226 16.3932 26.8443 0 26.1165 13.1331 26.2791 0 26.296 16.0103 23.4297 0 1.49921 18.4737 23.5228 0 1.78542 21.3068 26.3924 0 4.43661 18.2521 26.5331 0 4.29709 21.233 23.1556 0 6.89323 18.4066 24.0602 0 7.0311 20.8877 26.4634 0 10.1216 17.9065 26.3355 0 10.4074 21.1201 24.5356 0 12.8245 17.8921 23.1079 0 13.1016 20.3965 26.4678 0 15.7666 18.1838 26.5489 0 15.3735 20.3191 23.7329 0 18.0493 17.7727 23.4786 0 18.1216 20.8833 27.1713 0 20.0579 17.5738 26.6763 0 20.4511 20.3019 24.0124 0 23.7151 18.5965 23.7237 0 23.3631 20.2565 26.9936 0 26.8118 18.75 26.4144 0 27.4403 21.2028 23.6047 0 1.39583 23.8536 23.4526 0 1.41292 26.2985 26.4511 0 4.30121 24.453 26.1733 0 3.357 27.1081 23.46 0 7.23746 23.926 24.3675 0 7.14013 26.6904 27.4593 0 10.1087 23.9219 26.5675 0 10.6645 27.7091 25.0768 0 12.7935 24.0693 24.1936 0 13.3872 26.4743 26.9771 0 15.7457 23.4044 26.0099 0 15.8944 26.3775 24.2464 0 18.0874 22.7147 23.5078 0 19.1188 26.4985 27.4962 0 20.3345 23.5485 26.1336 0 19.9309 26.4109 23.623 0 23.9599 22.9334 23.9056 0 24.045 26.189 26.1844 0 26.5915 23.4814 26.107 0 26.9281 26.5236 23.3852 

-0.682753 0.867178 2.3036 -0.561112 2.14692 -0.142772 -2.87315 -2.19272 -0.602298 0.0305548 2.34399 -1.26385 0.177967 -0.9973 1.63842 -3.44676 3.9037 1.79327 -0.0617029 0.379665 2.96388 -0.430815 0.84604 -2.08522 0.706229 -0.0239293 -2.63859 1.63804 -0.635811 2.14624 1.92482 0.826244 0.643583 0.61584 1.70352 0.233887 0.237902 -1.62768 1.05387 -1.79998 -2.13333 1.26986 -3.38323 -0.69469 0.547993 -0.542968 1.24345 -1.73933 -0.430517 -1.69891 -1.72596 1.02046 -0.967298 -0.54389 -1.59548 1.82286 0.593492 1.54918 1.63688 -2.41255 0.84805 -1.69252 1.7282 1.22501 0.0655288 2.49624 -0.667548 -1.1995 -0.776476 -1.8201 1.37643 -1.30154 0.87011 2.2914 -1.51463 -0.637386 0.49292 0.0578029 1.34536 -1.59498 1.23974 2.48698 0.892138 0.78524 -0.727138 -0.968623 1.40919 0.270085 -1.98884 0.419474 -2.52326 -0.348019 0.481832 0.19147 -0.879071 -1.52275 -0.312982 -2.89472 1.12707 -1.67923 2.73625 2.11124 -1.1953 1.34213 0.620904 1.43959 1.2 -0.0757634 1.09245 1.31614 -1.1915 1.65884 1.90001 -1.48372 0.323466 -1.0871 0.815134 1.02993 -0.272657 -0.704302 -0.464094 -1.69158 1.88277 0.470184 0.607582 -1.41004 0.65684 1.35563 -0.42625 -0.682983 -0.67247 2.51913 0.371658 0.788781 1.75939 0.634198 0.671405 1.05918 1.45214 2.3898 0.123294 0.000544355 -2.32646 -0.0137303 0.882799 -1.07004 -1.1567 -1.91208 -1.23614 -0.504369 1.58948 -1.01891 2.80072 -0.831408 -1.5667 -0.850825 -1.48699 0.782691 -1.70246 -1.81507 1.23966 2.06174 0.815735 0.747267 0.943086 0.042954 0.444728 -1.43987 -1.87082 -2.0313 0.710784 -0.337336 -0.0896609 -4.0613 0.603924 -0.101883 0.60427 0.62473 1.8399 -1.15294 0.803006 -0.0863546 -3.3613 1.19825 -0.717692 0.346189 -0.283011 0.731535 -1.82127 0.154997 -1.04393 -2.24354 1.52297 -1.64832 -1.27289 0.23772 -0.364845 2.58163 0.973899 0.725244 2.90632 0.928346 -0.739364 -0.317921 0.290151 -1.60722 -0.138824 0.517723 0.679405 0.690064 -0.493215 -1.84965 1.35637 0.691745 -1.5081 -0.790587 -1.75989 -0.0953429 1.75614 0.332947 1.05765 1.90084 1.43065 -2.71659 -1.18007 1.31837 -3.49283 2.19629 -2.55049 1.33561 2.2232 0.371951 -0.435106 1.3156 1.69945 1.08029 -0.238329 1.6876 -0.860541 -0.701094 1.48326 0.365337 -0.950609 -0.422674 2.01882 -1.84176 -1.11582 -0.107277 0.904197 0.288793 -0.371576 0.691323 0.704201 -1.31516 -0.555021 3.13468 1.62348 0.718415 -1.75932 2.77811 -0.00490959 -0.383321 -1.28736 2.7724 0.448069 -0.925352 0.624615 -1.98652 -0.645016 -3.24841 -0.467611 -0.194505 1.15066 -0.280504 0.232855 1.08188 -0.526319 -1.34775 1.08321 -0.441301 -0.376222 -0.564958 2.57335 1.98213 -2.44292 1.64463 1.48392 -1.36922 -3.02158 -1.64457 -0.00332671 0.13888 -2.52546 2.21828 1.20727 2.22795 0.421848 0.376733 2.1984 0.486733 
0.0713912 -3.09867 -0.954265 1.24222 -2.09919 -1.91841 0.214884 -1.96604 3.975 -1.89494 0.0704272 0.895289 -0.189479 0.150266 -0.399695 -0.590611 0.456441 -1.40283 0.873599 0.51274 -0.646328 0.372214 0.807098 -1.10451 0.488577 -3.55477 -0.372284 -1.07452 -2.56118 -2.48566 -0.987302 -0.0275127 0.800197 -0.478306 2.09886 -0.387801 -0.325704 2.98356 -1.4256 0.460822 0.26829 -0.996062 -1.563 -1.61952 0.558602 2.34176 -0.31245 -0.855936 1.49867 1.37055 0.0808918 0.877439 0.794323 -1.55165 -3.04332 0.110793 1.6446 -0.624452 -1.75822 -1.84593 -1.75781 1.05112 0.265547 0.770219 -0.617538 -0.402195 2.3359 0.664612 -0.987475 -1.5426 1.04588 -1.19942 -0.392999 -3.74188 -0.118137 -0.232158 -1.21706 0.0152798 -0.233343 -1.64649 1.74057 0.872523 -0.0311145 1.61615 -0.03446 -0.36427 2.88452 2.75277 1.59344 -1.46743 -0.876952 0.879917 0.999126 -0.166477 -0.705471 -0.882891 1.33767 0.934973 0.132341 -0.653265 1.92377 -0.810107 -1.65102 -2.51561 2.03054 1.0981 0.381909 -1.47122 -2.22148 -0.229835 -0.575972 -0.480877 -0.791624 0.430961 -0.421516 -3.79841 -2.35979 0.883887 0.396303 0.236242 -1.77056 2.69691 0.349062 2.52217 1.18849 -0.790987 1.579 1.25809 0.933078 0.628912 -2.83989 0.731993 -0.00402561 -1.20586 -0.874523 -0.0863016 0.358114 -1.80582 2.78698 2.47099 1.4901 -0.668812 -1.60993 0.535534 0.212552 -0.746452 1.07367 1.86938 -1.15 -1.93431 -1.70626 0.0772581 -3.4354 -1.75879 0.892284 1.14898 -0.380897 -1.07912 1.88599 -1.29487 0.691195 2.83356 0.202833 1.15791 1.82487 -1.84762 1.39006 -0.371908 0.681891 0.300074 -0.091301 -1.26622 1.07229 -0.288267 2.79544 1.35396 0.860551 -0.513021 1.98904 1.18199 -2.51003 1.4893 -1.05885 2.26485 -0.227133 1.32358 -0.304094 1.93568 3.27872 -0.678962 0.17324 1.74261 -2.46819 1.01668 -1.22741 -0.232051 2.08254 -1.94282 -0.34315 0.0979525 2.36107 -0.137297 2.16303 0.114773 1.79591 -2.5582 2.09283 -0.130484 -1.77932 -0.0979645 0.226135 0.345536 1.0136 0.249451 0.436746 0.33366 -0.125903 2.06685 -2.29988 -1.89516 1.85481 0.448975 0.853151 0.749309 -0.359242 -2.49069 -1.21838 -0.817508 1.14997 1.33837 -0.165434 1.45089 0.47565 -0.278564 1.10697 -0.678051 -0.397273 1.12061 -2.42896 -1.64497 -1.2169 -0.0633804 4.61864 2.91245 -0.157246 0.948254 0.925208 0.397401 0.0944824 1.4784 -0.668892 0.494293 0.478469 1.474 -1.21983 2.15989 3.03439 -0.21081 -0.208526 0.921197 -1.26897 -0.356802 2.18544 -1.01261 -1.43603 1.16582 -1.44508 1.26498 -2.23969 -2.49287 -1.35622 0.0938674 1.74186 0.758891 -0.0722883 0.0244017 0.90635 -1.24642 -0.549953 0.100763 2.20233 0.655395 0.643887 2.55528 0.826233 0.103504 1.73344 3.00617 1.96549 -1.71679 1.73833 -1.60624 -0.653444 -0.376805 2.04956 0.471953 -0.808144 -0.299262 1.37037 0.360308 
0.694103 2.43716 -0.60612 -0.285141 -1.13236 -0.48544 1.93805 1.18065 0.0595862 -0.755865 3.9602 0.198317 -1.34444 -0.443334 -0.73466 0.882642 -0.685606 -1.83275 -1.19522 -0.734169 -1.9347 0.142209 1.01837 0.533593 1.91255 -2.70756 -1.63988 -1.13464 -0.865251 -0.108975 -0.207429 0.381279 2.39431 -1.31167 0.0889354 -2.12594 0.0156915 3.39817 -1.68633 -0.208741 2.48146 -2.34854 -1.01113 -1.95955 0.316184 -0.652546 2.22648 -0.0210164 -1.1518 2.14423 -0.860419 -0.823603 -1.65116 -0.0678639 2.28629 -1.34001 -0.596916 1.70925 0.749315 2.68249 1.58005 -0.327489 -1.86931 -2.06886 0.257463 0.39218 2.24791 -2.57164 -0.74981 -0.89093 -1.44834 2.40544 1.6702 -1.55019 0.419764 2.21719 -0.75229 1.26238 1.1015 0.707716 -0.443877 0.524228 -1.57631 3.44658 -1.20437 0.566984 -1.34908 0.411358 -1.14165 -1.73839 -0.188564 -1.62877 -1.08293 -1.96418 0.369623 -1.46491 -2.28285 -0.670172 -3.90846 -1.17084 -2.17022 -0.0166742 2.52629 0.807169 1.48446 0.277666 1.25992 0.176082 -1.95973 -1.78395 -0.00422083 1.59793 1.21077 -0.175385 -1.78502 2.82721 -0.211883 1.41968 -1.70849 0.258983 -1.64608 -0.581163 -3.9091 0.61239 -0.685301 -1.66317 0.516639 -0.818685 -1.51282 0.784365 2.1485 -0.0883229 0.872546 0.385626 0.0830772 1.76291 0.916816 -2.78826 -1.06776 -0.52625 0.519733 0.788532 0.153373 1.78794 0.445646 -1.07895 1.39909 -1.66753 1.6391 1.86918 2.46877 0.656007 -2.53665 0.402185 -0.415342 0.129826 1.20547 -1.69656 0.227489 -1.59224 -2.07004 -1.13072 -0.308679 1.64316 -0.796733 -0.0807195 0.152488 3.93101 -1.11333 -1.22185 0.931387 1.0204 -0.385213 1.02047 -1.27016 2.0301 -1.05931 0.173701 -0.372601 -0.404709 -0.890579 0.380463 0.395454 -1.17581 0.176798 0.802766 -0.389985 -1.56102 0.527765 2.36076 -0.807317 -1.3537 0.762587 -1.76509 0.525018 -1.44344 -1.37981 -0.303948 0.531781 0.912757 0.079229 0.767724 -0.772319 -1.00705 1.79069 -2.28745 0.0951326 -0.360356 3.1608 0.99241 1.44037 -1.20595 -2.09751 -1.86369 0.0805297 -0.430007 -0.95891 -0.190891 -1.04873 1.50619 0.784811 -0.312947 0.562286 1.33715 -0.0456951 -1.48506 4.14512 -0.447873 0.903739 1.36729 0.640702 0.446674 -1.83837 -2.01789 -0.794923 0.119261 2.98929 -1.84271 -2.61558 -0.41083 -0.767781 -2.06605 0.797186 0.203365 0.428327 2.20089 -0.790927 1.81577 1.39106 -0.286209 0.71663 -0.728443 -2.61353 0.727216 0.534131 0.739739 1.98521 -1.97337 -2.10504 -2.78781 1.24112 -0.66649 -1.09437 -1.60097 1.36497 -1.8163 -0.492007 -1.80573 0.578486 -3.1953 -2.77761 -1.69002 -1.56548 -0.456992 -2.23769 0.0597277 -2.10454 -0.797091 2.25859 0.506317 0.730427 -0.107354 0.827737 0.232575 1.55018 -4.02093 0.0529427 -1.93978 -0.623857 0.0167628 3.09975 1.55884 0.296381 0.269161 -2.27729 0.124422 0.0129071 1.86902 -1.66893 -0.71434 
1.41945 -0.0254925 2.42254 -2.04642 -1.45197 0.330297 -0.882644 1.65118 -1.25772 0.585535 0.742063 1.13331 -0.492098 0.985302 -0.47941 -0.0215244 0.979651 -1.13558 -2.40268 -0.918122 0.722592 0.490668 -1.35757 -1.49863 -1.29558 -2.13759 0.00691337 3.76222 1.10932 1.85586 -0.568229 1.17966 -0.337869 -0.107572 -1.17639 -1.83905 0.512506 -1.99563 -0.275624 -1.03784 -0.464805 2.41691 -0.302577 0.950436 -1.42096 2.47742 1.64659 1.28906 -0.708263 2.13299 1.27757 1.02583 -2.70246 -1.48636 -1.3273 -0.888028 0.522198 -1.19458 2.31312 0.0815932 -0.037058 -0.258809 -0.169957 -1.36814 1.46183 -0.290617 1.32914 0.0021203 2.06158 -0.0173729 0.202951 -0.183637 -2.5402 -0.174958 -2.56897 -1.49309 -0.89493 1.16737 1.98268 1.03827 2.52829 0.546074 -1.32722 -0.00956296 -0.684617 -2.11549 -1.06156 -0.620219 -1.52778 0.654178 -1.10859 -0.703386 -1.52789 0.101787 3.62905 -1.99558 1.69346 0.536437 -0.0771148 0.278895 2.4042 0.28386 -2.05051 2.1441 1.56454 -1.71242 1.24311 -2.88106 -0.510678 1.73511 -0.280853 1.80175 0.407184 3.01621 -2.83514 -0.149393 -0.65998 0.279555 -0.123773 0.735064 -0.594627 -0.429992 -1.536 -1.0355 0.028751 0.888107 0.969767 -2.99344 -0.415913 1.33073 1.47403 1.34144 0.769592 1.09911 -0.587278 1.09681 -0.188409 -1.76707 0.555958 -1.05195 0.742886 -2.91306 2.13158 0.564534 -2.85868 -0.025536 0.172855 0.18441 1.54485 2.24294 -1.59692 0.187934 -0.0804656 -0.0271333 0.74483 -0.913038 -0.349005 0.566819 -0.741038 1.87959 -0.137329 -0.973741 1.42152 1.94122 -1.28759 -0.558013 0.805033 -0.292558 -0.0670309 0.480609 -0.197905 -0.379796 -1.68249 -1.58432 0.868989 1.32082 2.86677 0.456603 1.26357 -1.80768 1.57619 1.63883 0.990058 1.08081 0.766459 0.765865 -0.153532 -1.69357 -1.5572 2.59585 -1.73912 1.04438 0.927927 -1.29153 2.11995 -1.90042 3.81007 -0.400612 -2.54189 -0.425565 -0.54437 -0.134944 -1.40484 -2.78844 5.30026 0.178287 0.465432 0.469819 -0.680256 1.86146 0.482794 2.11932 0.405623 -0.173715 -2.86885 -0.256122 0.72015 -0.221954 0.261707 -0.577245 0.557623 1.57285 -1.07784 -0.910367 0.898036 1.95003 -1.20936 2.09244 0.198165 -0.399494 -1.3231 0.474156 -0.664298 0.328095 0.448435 2.46825 -1.27379 -1.39093 -0.968765 -0.650307 -0.924887 1.3864 1.83051 -0.5134 -1.26752 -0.20211 -0.288086 -0.341513 0.139272 1.13108 -0.5447 0.998874 0.0916575 -2.63832 -1.00499 0.789133 2.75449 -1.53863 -0.0731616 -1.0372 -0.705445 -0.568804 1.23688 1.48469 0.210628 -0.0773665 0.990046 2.21888 -0.610453 -0.878025 -0.132764 -1.26566 -0.972274 -0.349495 0.79134 -1.3002 -0.517955 -0.29386 -1.57302 0.996043 0.816872 -0.870407 -1.01786 0.34814 -1.34153 -1.82362 -0.395516 1.05611 -2.78253 -2.30223 0.189213 3.07296 -2.58183 -0.314734 -1.00729 -0.124011 1.4593 0.89902 -1.25252 -0.462692 
-0.490888 -0.304689 1.40437 -0.481162 -2.48463 0.499282 -1.05471 -2.32571 -0.649202 0.160135 -0.96613 0.712735 1.92555 0.753092 1.84596 -3.0813 1.54894 0.986296 -1.83153 1.40574 1.27972 -2.46547 0.775441 0.638443 0.657829 1.34021 -2.87835 1.05559 -0.0911569 -0.476314 0.010368 -0.913518 -0.774191 -1.22615 1.47537 -0.344477 -0.0463204 -1.84919 -0.47818 -0.955661 -1.70249 -1.58787 -0.189277 1.53291 -0.452464 0.265629 2.42141 3.43996 1.82873 -3.68064 2.36603 -1.28932 0.84673 2.42406 -0.832705 -1.85292 0.891466 1.1553 -0.690233 -2.60035 3.13904 1.63017 -3.39142 2.26655 1.2324 1.59473 2.2376 1.56049 1.30351 -2.42175 -1.13929 -1.81383 0.476986 -2.8692 -1.74991 -1.67625 -1.32355 -1.45813 -0.12 2.87227 2.64351 1.88553 -1.22835 -2.52219 -0.256594 0.536586 -0.86544 1.57829 -2.27848 -2.51634 0.0403059 2.2965 -1.33911 0.996795 0.0363691 1.71542 3.31264 1.29499 -0.766727 0.50849 1.23183 2.87718 -0.899587 0.65845 -0.808775 -1.25823 0.75709 0.0917454 -0.185581 -0.163256 -2.36141 1.70543 0.328796 0.846165 2.31676 1.88262 -1.37693 -1.65719 -1.94878 2.2623 0.864527 -0.412674 1.01767 -2.24626 -0.00544895 -1.54164 -0.0867922 -0.156716 1.19592 0.848281 3.42383 2.15086 -0.31974 -0.609519 0.630772 1.08319 0.0359174 1.72985 -2.02229 -0.598174 -1.00547 -0.318806 0.145461 -0.457147 -4.22497 -0.991581 -0.152362 -2.365 -1.25203 3.09176 -0.598303 0.754252 1.07209 0.0546044 0.303472 -1.57801 2.04325 1.57804 0.24421 2.76954 -1.01787 0.0235333 0.354624 -3.0326 1.70414 -1.77728 -1.20796 -0.113132 -1.74019 1.99598 -2.10491 -3.54285 -2.46785 -1.83628 1.1298 0.217526 0.0467918 2.05553 -1.11175 0.0610231 0.577043 -1.53516 -0.475765 0.500452 0.240837 -0.628434 -0.936832 1.01895 1.29105 1.20284 1.595 1.26664 0.48526 -1.67922 -2.64213 0.318179 0.795414 -0.0279595 -1.57332 1.14247 1.86192 0.0978421 0.690701 0.614947 -3.47169 0.0728234 -2.60238 -1.18202 0.934162 -0.654767 0.78286 -3.08655 0.407777 0.257135 -1.71342 1.86168 -0.853174 0.138912 -0.746973 1.57855 0.153112 1.16061 1.99267 -1.24464 -1.37684 1.11613 -2.07542 -1.8584 -1.3373 1.52425 -5.00992 1.38437 0.470347 -0.873631 -0.932105 0.653749 -2.8904 -2.58184 0.85008 1.70129 2.3775 1.04405 -3.71398 3.05476 -0.92178 2.46185 2.1832 -0.449105 1.94996 0.286103 0.210102 0.348071 1.40362 -0.44512 -1.80253 -0.933952 -0.186281 1.73309 -0.13069 0.60849 2.44854 -2.83519 3.28541 0.553823 0.782715 -1.05293 1.19101 -0.448565 -0.517721 -1.57547 1.70942 -0.636905 1.77845 1.44834 -0.946983 -1.16556 -1.86218 1.22621 -2.18754 -2.12866 -1.33018 0.649396 0.778774 -1.40185 -0.43611 1.42372 0.783989 1.53258 -0.431647 -0.567805 -0.641551 1.08556 0.997402 2.31571 -2.11943 -0.9655 -0.518872 0.671694 -0.744866 -0.361881 
