1372 1.00001
38.5518 38.5518 38.5518 
19.1345 19.1345 19.1345 
1 1 1 1 1 1 1 1 1 1 1 1 1 1 1 1 1 1 1 1 1 1 1 1 1 1 1 1 1 1 1 1 1 1 1 1 1 1 1 1 1 1 1 1 1 1 1 1 1 1 1 1 1 1 1 1 1 1 1 1 1 1 1 1 1 1 1 1 1 1 1 1 1 1 1 1 1 1 1 1 1 1 1 1 1 1 1 1 1 1 1 1 1 1 1 1 1 1 1 1 
1 1 1 1 1 1 1 1 1 1 1 1 1 1 1 1 1 1 1 1 1 1 1 1 1 1 1 1 1 1 1 1 1 1 1 1 1 1 1 1 1 1 1 1 1 1 1 1 1 1 1 1 1 1 1 1 1 1 1 1 1 1 1 1 1 1 1 1 1 1 1 1 1 1 1 1 1 1 1 1 1 1 1 1 1 1 1 1 1 1 1 1 1 1 1 1 1 1 1 1 
1 1 1 1 1 1 1 1 1 1 1 1 1 1 1 1 1 1 1 1 1 1 1 1 1 1 1 1 1 1 1 1 1 1 1 1 1 1 1 1 1 1 1 1 1 1 1 1 1 1 1 1 1 1 1 1 1 1 1 1 1 1 1 1 1 1 1 1 1 1 1 1 1 1 1 1 1 1 1 1 1 1 1 1 1 1 1 1 1 1 1 1 1 1 1 1 1 1 1 1 
1 1 1 1 1 1 1 1 1 1 1 1 1 1 1 1 1 1 1 1 1 1 1 1 1 1 1 1 1 1 1 1 1 1 1 1 1 1 1 1 1 1 1 1 1 1 1 1 1 1 1 1 1 1 1 1 1 1 1 1 1 1 1 1 1 1 1 1 1 1 1 1 1 1 1 1 1 1 1 1 1 1 1 1 1 1 1 1 1 1 1 1 1 1 1 1 1 1 1 1 
1 1 1 1 1 1 1 1 1 1 1 1 1 1 1 1 1 1 1 1 1 1 1 1 1 1 1 1 1 1 1 1 1 1 1 1 1 1 1 1 1 1 1 1 1 1 1 1 1 1 1 1 1 1 1 1 1 1 1 1 1 1 1 1 1 1 1 1 1 1 1 1 1 1 1 1 1 1 1 1 1 1 1 1 1 1 1 1 1 1 1 1 1 1 1 1 1 1 1 1 
1 1 1 1 1 1 1 1 1 1 1 1 1 1 1 1 1 1 1 1 1 1 1 1 1 1 1 1 1 1 1 1 1 1 1 1 1 1 1 1 1 1 1 1 1 1 1 1 1 1 1 1 1 1 1 1 1 1 1 1 1 1 1 1 1 1 1 1 1 1 1 1 1 1 1 1 1 1 1 1 1 1 1 1 1 1 1 1 1 1 1 1 1 1 1 1 1 1 1 1 
1 1 1 1 1 1 1 1 1 1 1 1 1 1 1 1 1 1 1 1 1 1 1 1 1 1 1 1 1 1 1 1 1 1 1 1 1 1 1 1 1 1 1 1 1 1 1 1 1 1 1 1 1 1 1 1 1 1 1 1 1 1 1 1 1 1 1 1 1 1 1 1 1 1 1 1 1 1 1 1 1 1 1 1 1 1 1 1 1 1 1 1 1 1 1 1 1 1 1 1 
1 1 1 1 1 1 1 1 1 1 1 1 1 1 1 1 1 1 1 1 1 1 1 1 1 1 1 1 1 1 1 1 1 1 1 1 1 1 1 1 1 1 1 1 1 1 1 1 1 1 1 1 1 1 1 1 1 1 1 1 1 1 1 1 1 1 1 1 1 1 1 1 1 1 1 1 1 1 1 1 1 1 1 1 1 1 1 1 1 1 1 1 1 1 1 1 1 1 1 1 
1 1 1 1 1 1 1 1 1 1 1 1 1 1 1 1 1 1 1 1 1 1 1 1 1 1 1 1 1 1 1 1 1 1 1 1 1 1 1 1 1 1 1 1 1 1 1 1 1 1 1 1 1 1 1 1 1 1 1 1 1 1 1 1 1 1 1 1 1 1 1 1 1 1 1 1 1 1 1 1 1 1 1 1 1 1 1 1 1 1 1 1 1 1 1 1 1 1 1 1 
1 1 1 1 1 1 1 1 1 1 1 1 1 1 1 1 1 1 1 1 1 1 1 1 1 1 1 1 1 1 1 1 1 1 1 1 1 1 1 1 1 1 1 1 1 1 1 1 1 1 1 1 1 1 1 1 1 1 1 1 1 1 1 1 1 1 1 1 1 1 1 1 1 1 1 1 1 1 1 1 1 1 1 1 1 1 1 1 1 1 1 1 1 1 1 1 1 1 1 1 
1 1 1 1 1 1 1 1 1 1 1 1 1 1 1 1 1 1 1 1 1 1 1 1 1 1 1 1 1 1 1 1 1 1 1 1 1 1 1 1 1 1 1 1 1 1 1 1 1 1 1 1 1 1 1 1 1 1 1 1 1 1 1 1 1 1 1 1 1 1 1 1 1 1 1 1 1 1 1 1 1 1 1 1 1 1 1 1 1 1 1 1 1 1 1 1 1 1 1 1 
1 1 1 1 1 1 1 1 1 1 1 1 1 1 1 1 1 1 1 1 1 1 1 1 1 1 1 1 1 1 1 1 1 1 1 1 1 1 1 1 1 1 1 1 1 1 1 1 1 1 1 1 1 1 1 1 1 1 1 1 1 1 1 1 1 1 1 1 1 1 1 1 1 1 1 1 1 1 1 1 1 1 1 1 1 1 1 1 1 1 1 1 1 1 1 1 1 1 1 1 
1 1 1 1 1 1 1 1 1 1 1 1 1 1 1 1 1 1 1 1 1 1 1 1 1 1 1 1 1 1 1 1 1 1 1 1 1 1 1 1 1 1 1 1 1 1 1 1 1 1 1 1 1 1 1 1 1 1 1 1 1 1 1 1 1 1 1 1 1 1 1 1 1 1 1 1 1 1 1 1 1 1 1 1 1 1 1 1 1 1 1 1 1 1 1 1 1 1 1 1 
1 1 1 1 1 1 1 1 1 1 1 1 1 1 1 1 1 1 1 1 1 1 1 1 1 1 1 1 1 1 1 1 1 1 1 1 1 1 1 1 1 1 1 1 1 1 1 1 1 1 1 1 1 1 1 1 1 1 1 1 1 1 1 1 1 1 1 1 1 1 1 1 
0 0.38947 1.55229 1.34713 0 1.30992 3.73685 4.1007 0 4.38751 1.26642 3.94785 0 3.91226 4.01071 1.03428 0 6.92426 0.941862 1.41213 0 6.72409 3.75244 3.71454 0 9.48512 0.799194 3.8654 0 9.84909 3.58954 1.2254 0 12.0517 0.679629 1.39446 0 12.2887 3.81592 4.02285 0 15.0684 1.02401 4.42421 0 15.0258 3.44618 1.30848 0 17.5904 0.540725 1.01013 0 17.8623 3.1864 3.83835 0 20.4072 0.710747 3.58362 0 20.2938 3.21753 1.05547 0 22.8945 1.13973 1.05696 0 23.1984 3.91133 3.61404 0 25.6659 1.43598 3.40306 0 25.9297 3.96866 0.898061 0 28.8754 1.70016 1.45084 0 27.707 4.42386 4.15889 0 31.4089 1.71308 3.96696 0 31.7611 3.96282 0.838193 0 34.6318 1.18632 0.920297 0 33.8133 4.19552 4.22663 0 37.2938 1.25131 4.41308 0 36.7797 4.40304 2.13462 0 0.921928 6.42586 1.09264 0 1.68082 9.48475 4.366 0 3.75066 6.28697 3.98913 0 4.41789 9.29249 1.77262 0 6.91757 6.18983 1.46019 0 6.97986 9.13323 4.13227 0 9.6146 6.01115 4.22651 0 9.6107 9.17934 1.36536 0 12.5907 6.31285 1.5173 0 12.1669 9.38855 3.62649 0 15.8293 6.68609 4.10717 0 15.2531 9.81222 1.47447 0 18.0314 6.31604 1.53001 0 18.1485 9.79842 3.87044 0 20.3181 6.21523 4.20819 0 19.8627 9.28714 0.864854 0 22.9486 6.95338 0.703111 0 22.2703 9.69239 3.75724 0 25.1306 7.40808 3.47686 0 25.3161 9.53576 0.677617 0 28.3057 7.05468 0.923248 0 28.3306 9.48403 3.72182 0 31.1798 6.99307 4.24263 0 31.6057 8.66779 0.973716 0 34.6688 6.8976 0.650472 0 34.3375 8.86076 3.84924 0 37.8395 7.07711 4.13843 0 37.3692 9.56835 1.66068 0 1.41767 12.642 1.23605 0 1.76391 15.3057 4.19719 0 3.98906 12.2873 3.55262 0 4.39213 15.0109 1.16702 0 7.05348 11.6402 1.32887 0 7.00759 14.8765 3.7872 0 9.58666 11.9627 3.97839 0 9.36724 14.9231 1.31272 0 11.7582 12.1532 1.35696 0 12.3307 14.9343 4.39568 0 14.5932 12.2589 3.76417 0 15.045 15.3694 1.74482 0 17.3906 12.6314 1.28599 0 17.5084 15.3794 3.72709 0 20.1112 12.8713 3.70382 0 20.1932 15.7597 1.37964 0 22.822 12.1673 0.990628 0 23.0628 15.2878 3.56035 0 25.3829 11.898 3.28892 0 25.8357 14.3943 0.930486 0 29.5233 11.7722 1.1804 0 28.597 14.2756 4.22462 0 31.4216 11.9815 4.56298 0 31.8738 14.7057 1.68878 0 34.1119 11.8336 1.8753 0 34.0425 14.9195 4.45946 0 37.3185 12.4225 4.39598 0 36.9583 14.4917 0.717655 0 2.10296 17.7837 1.68995 0 1.55426 20.2282 4.46331 0 4.55281 17.6238 4.25284 0 4.34903 20.7823 1.50923 0 7.31006 17.9221 1.2602 0 7.07969 20.6347 4.04942 0 9.76585 17.8556 4.20745 0 9.72422 20.63 1.03209 0 11.9909 17.9833 1.25742 0 11.5823 20.9229 4.11365 0 14.3232 18.4405 3.88144 0 14.1825 21.1508 1.02536 0 17.4125 18.3217 1.33255 0 17.168 21.2589 3.78406 0 20.4008 17.6654 4.40011 0 20.5461 20.6881 1.5889 
0 23.2308 17.6346 1.06855 0 23.4801 20.1845 4.06494 0 25.7929 17.3657 3.99334 0 25.6658 20.3311 0.791115 0 28.6253 17.0664 1.65588 0 28.3374 20.4173 3.22538 0 31.0464 17.4756 4.18187 0 31.4892 20.1723 1.73495 0 34.1992 17.6336 1.8003 0 34.6126 20.7046 4.09589 0 36.9793 18.1011 4.36993 0 37.2265 20.5547 1.23753 0 1.66792 23.2709 1.80402 0 1.60342 26.3344 3.65807 0 4.3251 23.4122 4.29964 0 4.76841 26.1306 1.34694 0 7.54465 23.931 1.22813 0 6.74011 25.9472 4.32866 0 9.55588 23.6208 3.92289 0 9.44359 26.5052 1.22171 0 11.7104 23.5933 1.00469 0 12.2239 26.3667 3.52841 0 14.5071 23.6487 4.38193 0 14.7885 26.0655 0.890119 0 17.5527 23.6117 1.27544 0 17.5816 25.569 4.47629 0 20.5006 23.4098 4.04842 0 20.8439 25.7593 1.35923 0 23.4045 22.9677 1.50273 0 23.7599 25.7344 3.92433 0 26.2502 23.6117 3.9475 0 26.5359 26.6676 1.20621 0 28.3741 23.0903 0.975898 0 29.0277 26.7073 4.13353 0 30.7022 23.0955 3.72573 0 31.2636 25.935 1.37094 0 33.9554 23.2452 1.21174 0 34.3854 26.1189 3.58534 0 37.2749 23.1148 3.69737 0 37.1668 25.971 1.48339 0 1.54454 28.3148 0.915734 0 0.782966 31.7089 4.09625 0 4.08197 29.0353 3.98387 0 3.88053 32.1136 1.57084 0 6.81361 29.0622 0.868934 0 6.24135 32.0375 4.07927 0 8.74697 29.2608 3.80849 0 9.58544 31.3221 1.22616 0 12.1617 29.0741 1.23628 0 12.0984 31.6361 3.96081 0 15.1457 28.5362 3.65766 0 14.7288 31.3049 1.4351 0 17.9848 28.3317 1.38414 0 17.9177 31.2192 3.71729 0 20.738 28.6903 4.24745 0 20.6671 31.1988 1.26332 0 23.3926 28.4415 1.62516 0 23.12 31.2122 4.14523 0 25.9678 28.6682 4.43998 0 25.7936 31.2914 1.26646 0 29.2849 28.9138 1.66791 0 29.0953 31.1591 4.43501 0 32.0151 28.7618 4.07925 0 31.6201 31.2868 1.69281 0 34.5687 28.9043 1.58692 0 35.1946 31.5414 4.1473 0 37.3212 28.5797 4.08709 0 37.3972 31.021 0.937764 0 0.901628 33.7909 1.25704 0 1.71168 37.7029 3.77461 0 3.77801 34.4619 4.57736 0 4.21835 36.2589 1.29251 0 6.81046 34.2241 1.13528 0 6.93858 37.0338 3.86439 0 9.34345 34.2042 4.00001 0 9.55101 36.8037 1.04285 0 12.1359 34.3209 1.00611 0 12.3361 36.4074 4.06153 0 15.3198 33.9423 3.9702 0 14.9795 36.645 1.36866 0 17.4814 34.2029 1.0645 0 17.7878 36.4786 3.83073 0 20.3736 33.8941 4.1061 0 20.4408 36.5133 1.2105 0 23.1973 33.7961 1.23809 0 23.1352 36.6931 3.47633 0 26.1352 34.4585 4.67586 0 26.1465 36.8957 0.748408 0 28.9146 34.1267 1.70703 0 28.6102 37.1647 3.41505 0 31.5755 33.8789 4.39454 0 32.0216 36.8198 1.15483 0 34.6307 33.9339 1.78098 0 34.0971 37.4523 4.25505 0 36.7207 34.8603 4.57479 0 36.8709 36.8294 1.28873 0 1.55378 1.18767 7.04031 0 1.03911 4.11712 9.96197 0 4.2182 2.12193 9.41003 0 4.1011 3.96413 6.26386 
0 6.98149 1.44295 6.64594 0 7.75426 3.74876 9.66448 0 9.52217 0.631087 9.19697 0 10.1261 3.59896 6.94391 0 12.2163 0.933546 6.73893 0 12.2122 3.65864 9.94065 0 14.9216 0.923209 9.30667 0 15.3503 4.38326 6.48791 0 18.1283 0.711627 6.59963 0 18.0026 3.53955 9.13081 0 20.8947 0.938709 9.48026 0 20.6961 3.56542 6.50298 0 23.2645 0.771537 5.98679 0 23.0322 4.08833 9.93369 0 25.7658 1.59341 9.35226 0 25.1226 3.93709 6.69115 0 28.0379 1.47488 6.71745 0 27.9239 4.29354 9.83844 0 31.0019 1.16452 9.36555 0 30.9814 4.51951 6.92905 0 33.5368 1.14125 6.59687 0 33.9279 4.13821 9.88155 0 36.4979 1.74068 9.69622 0 37.3852 3.91104 6.88422 0 1.49541 6.91622 6.93903 0 2.2692 9.72955 9.23348 0 4.67691 6.15217 9.71355 0 4.67458 9.05243 6.86083 0 6.80198 5.99748 6.70136 0 7.14042 9.51028 9.47275 0 9.91872 6.87559 9.78288 0 9.77284 9.47657 6.54142 0 12.0874 6.65406 6.95241 0 12.3544 9.37874 9.30518 0 15.0147 6.1631 9.79983 0 14.9558 8.82902 6.58956 0 18.1958 6.4189 7.13558 0 17.8197 9.16038 9.6427 0 20.2782 6.86325 9.96687 0 19.9978 9.4977 7.02736 0 22.602 7.23143 6.64209 0 22.7476 10.0536 9.38345 0 25.427 7.46889 8.90527 0 25.247 9.71933 6.0687 0 28.3407 7.01193 6.81785 0 28.8337 9.21913 9.58619 0 31.2387 6.84795 9.65309 0 31.5064 9.44522 6.80125 0 34.5929 6.60201 6.91871 0 34.5323 9.68863 9.41987 0 37.4603 6.76165 9.6105 0 37.4768 9.54802 6.75567 0 1.72997 12.5653 6.75039 0 1.60289 14.7356 9.49549 0 4.5003 12.2202 9.62867 0 4.57612 14.7459 6.52355 0 7.42492 12.2247 6.91445 0 6.96888 14.5335 9.54964 0 9.84215 12.1774 9.43576 0 9.65263 15.1313 6.71086 0 12.5817 12.044 6.69447 0 12.4715 14.8689 8.89869 0 14.963 12.1071 9.1582 0 15.2689 15.563 6.52187 0 17.2435 12.1658 6.37777 0 17.6616 15.1971 8.9823 0 19.6682 12.3816 9.60842 0 20.1922 14.7061 6.90776 0 22.7583 12.1628 6.42205 0 22.9008 14.5089 9.50906 0 26.1008 11.9608 9.59948 0 25.591 14.9942 6.90802 0 28.5693 11.4741 6.81028 0 28.4225 14.9103 9.27009 0 31.3084 12.2258 9.08016 0 31.0941 15.0637 6.78199 0 34.6756 12.0638 6.34454 0 34.179 14.0515 9.00631 0 37.6511 12.1228 8.98426 0 36.9963 15.0014 7.06038 0 1.82513 17.5361 6.94171 0 0.95349 20.4423 9.51661 0 4.43129 17.4353 9.36822 0 4.00555 20.2647 6.79236 0 6.88907 18.0844 6.87711 0 6.18022 20.6504 9.79388 0 9.49483 17.1975 9.47092 0 9.53417 20.1275 6.92249 0 12.0419 17.8108 6.75618 0 12.0765 20.8113 9.7374 0 14.9137 17.8463 9.05844 0 14.3846 20.6566 6.43795 0 17.2138 18.2916 6.15047 0 17.4363 21.0865 9.566 0 20.5693 17.582 9.2669 0 20.6234 20.9862 6.41748 0 23.403 17.7303 6.89095 0 23.1379 20.4147 9.54043 0 25.982 17.7931 9.36229 0 25.6233 20.3817 6.57219 
0 28.1725 17.2907 6.51072 0 28.4734 20.7564 8.94941 0 31.1867 17.9434 9.15626 0 31.1016 20.2904 6.29596 0 34.4398 17.73 6.98319 0 34.1691 20.5081 9.02695 0 37.1564 17.8875 9.19102 0 37.1624 20.5445 6.71357 0 1.12205 23.5024 6.36058 0 1.18584 26.4532 9.1771 0 3.6603 23.2798 9.28603 0 3.66144 25.8661 6.64238 0 7.31794 22.8488 6.83967 0 6.47663 25.8398 9.55038 0 9.02414 23.0179 10.1587 0 9.44522 26.504 7.0078 0 11.7532 23.5826 7.14434 0 12.1206 26.7655 9.43264 0 14.6401 23.9667 9.64459 0 14.8082 26.661 6.78981 0 17.6247 22.9987 6.67568 0 17.4202 25.97 9.23293 0 20.2115 23.5842 9.46294 0 20.3197 26.0125 6.70858 0 23.2772 23.3565 6.75855 0 23.1359 25.7654 9.50456 0 25.8686 23.1041 9.48488 0 26.2256 26.1606 7.28261 0 28.3897 23.4931 6.92155 0 28.9851 26.0094 9.63912 0 31.807 23.185 9.02208 0 31.3819 26.0858 6.61319 0 33.7734 23.6023 5.83622 0 34.5282 25.851 8.74253 0 36.9193 23.2483 9.32549 0 37.0532 25.8389 6.39372 0 1.61991 28.8004 6.69182 0 1.25727 31.6616 9.43432 0 4.01934 28.9844 9.4717 0 3.89759 31.4607 6.56734 0 6.45085 28.6761 6.54724 0 6.51939 31.9676 9.53444 0 8.89098 29.137 9.3836 0 9.33424 31.5835 6.20172 0 12.0926 28.6591 6.40052 0 12.0165 31.2994 9.06755 0 14.9475 28.9883 9.05073 0 14.8945 31.699 6.63971 0 18.0034 28.7143 6.85608 0 17.9785 31.3299 9.72791 0 21.1472 28.7725 9.48325 0 20.6614 31.1732 6.82373 0 23.3915 28.594 6.83768 0 23.6321 31.7221 9.73079 0 25.6753 28.7663 10.1113 0 25.6791 31.4469 6.95946 0 28.9051 29.1986 7.37567 0 28.2354 31.4263 9.93164 0 31.7106 28.8203 10.0916 0 31.7397 31.38 7.54864 0 34.6081 29.14 6.39068 0 34.3429 31.7132 9.8937 0 36.9036 28.9281 8.78416 0 36.7671 32.2065 7.31064 0 1.26897 34.7071 7.16291 0 1.3524 37.7121 9.83012 0 3.49956 35.0232 10.0118 0 4.412 37.4421 6.7404 0 6.7848 34.2655 7.03807 0 6.49913 37.0794 9.61717 0 9.5201 34.5895 9.06306 0 9.60287 36.9921 6.41283 0 12.2219 34.0559 6.83662 0 12.5268 36.9662 9.1457 0 15.2137 33.8758 9.18825 0 14.983 36.8983 6.55475 0 18.0926 34.0876 6.82816 0 17.8097 36.5745 9.35048 0 20.9814 34.0388 9.34053 0 20.8876 36.949 6.61043 0 23.2577 34.4329 6.70634 0 23.5795 36.7631 9.76506 0 26.2053 34.1938 9.04306 0 25.7128 36.9934 7.05755 0 28.9761 33.9534 6.91825 0 28.7824 37.0042 9.72554 0 31.1222 34.4146 9.55307 0 31.2332 36.895 6.02737 0 33.8869 34.3605 7.1075 0 33.9291 37.755 9.45917 0 37.2493 34.4859 9.87752 0 37.3053 37.1154 7.74615 0 0.67255 1.72444 12.5535 0 0.994426 4.47422 15.3805 0 3.37925 1.54499 15.7233 0 4.02446 3.92118 12.5361 0 7.03005 1.10707 12.1614 0 6.86982 4.0095 15.0151 0 10.4262 0.691688 15.1415 0 9.82859 3.65114 12.7995 
0 12.9183 0.893758 12.366 0 12.7783 3.94999 14.5887 0 15.5127 0.924135 14.8284 0 15.8585 3.76306 12.1153 0 17.8116 0.765018 11.7105 0 17.7388 3.66129 15.1338 0 20.4122 1.20186 15.2781 0 20.3067 3.9903 12.5872 0 22.9965 0.777667 12.218 0 23.0088 3.62287 14.9314 0 25.849 1.16516 14.9844 0 25.618 4.32058 12.3468 0 28.5143 1.52483 12.4898 0 28.8395 4.48194 15.3389 0 31.2146 1.64823 15.3118 0 30.9595 3.98513 11.9123 0 33.8124 1.83766 12.6689 0 34.3288 4.3754 15.3112 0 36.7696 1.4725 15.0524 0 36.5771 4.70625 12.647 0 1.14598 7.07289 12.344 0 0.850352 9.36927 15.2343 0 3.63086 7.00571 14.9384 0 4.09441 9.67536 12.3098 0 6.54205 6.55919 12.5137 0 6.23843 10.48 14.9842 0 10.22 6.6479 15.4524 0 8.94742 9.44054 12.4992 0 12.2766 6.53482 12.4284 0 12.5783 9.26536 15.4963 0 15.1224 6.77566 15.3773 0 15.1955 9.12597 12.1803 0 17.6754 6.63982 13.0715 0 17.9073 9.60283 15.3294 0 20.6227 6.65816 15.4248 0 20.0609 9.66063 12.0947 0 22.8401 6.76989 12.3366 0 22.8119 9.90043 15.182 0 25.6165 6.53665 15.1566 0 25.5669 9.03777 12.0666 0 28.6887 6.97849 12.5104 0 28.7354 9.46906 15.0734 0 31.4676 6.76351 15.3027 0 31.4612 9.90539 12.2629 0 34.1852 7.26141 12.5133 0 34.0642 9.64032 15.1542 0 36.3387 7.08134 15.5196 0 37.2797 9.37047 12.0083 0 1.43921 12.2176 11.917 0 0.892919 14.7274 14.4408 0 3.22228 12.1537 15.0474 0 4.10012 14.7464 12.1133 0 6.88913 12.4154 12.1224 0 6.97661 15.0561 14.8502 0 9.24957 12.007 15.14 0 10.1985 15.1421 12.2023 0 12.2978 11.9579 12.2493 0 12.9174 15.035 14.8265 0 15.1079 12.2637 14.8107 0 15.1427 15.049 11.7934 0 17.4622 12.4521 12.5959 0 17.6951 15.5988 14.7955 0 20.4654 12.391 15.1379 0 20.1997 15.5679 12.0947 0 23.11 11.9676 12.3449 0 23.2597 14.841 14.6256 0 25.9067 12.7037 14.9332 0 26.2153 15.1531 11.9434 0 28.6217 12.0451 12.1264 0 28.6526 15.4725 14.3411 0 30.9662 12.4453 15.0091 0 31.7137 14.7451 11.571 0 34.2903 12.2802 12.2233 0 34.0055 15.1529 14.8482 0 36.7571 12.0048 14.4988 0 36.9521 14.938 11.8578 0 0.852583 17.5094 11.7355 0 1.01173 20.3702 14.5599 0 4.03802 17.127 14.9279 0 3.60903 20.2875 11.8426 0 6.71891 17.4668 12.1781 0 6.25427 19.9256 14.4368 0 9.83313 17.3336 15.0968 0 9.26113 20.1519 12.4851 0 12.4373 18.0659 12.0893 0 12.203 20.8696 15.3702 0 15.1196 18.3058 15.3018 0 14.6784 21.413 11.8579 0 17.4399 18.3902 11.851 0 17.7628 20.6348 14.9703 0 20.1447 18.0884 15.0875 0 20.0448 21.1575 12.2768 0 23.0848 18.0791 12.6649 0 22.9777 20.9605 14.6444 0 26.058 17.826 14.6249 0 26.0534 20.5645 11.8283 0 28.9001 18.1459 11.6898 0 28.6128 20.5344 14.9338 0 31.3574 18.1781 14.5146 0 31.2848 20.5594 11.6269 
0 34.1679 17.5258 11.4022 0 34.1702 20.5028 14.408 0 37.0877 17.6727 14.9118 0 36.572 20.3345 11.7691 0 1.05622 22.9347 12.0681 0 0.537264 25.8281 14.1067 0 3.69781 22.806 14.6831 0 3.87941 26.0758 12.2972 0 7.00431 23.4309 12.9693 0 7.04669 26.6861 14.5753 0 9.75598 23.5631 14.7209 0 9.40772 26.4726 11.7009 0 12.1535 23.8599 12.1656 0 11.8552 26.6537 14.621 0 14.9798 23.6067 14.8268 0 14.9984 26.724 11.9411 0 17.4646 23.5548 12.1949 0 17.8575 26.2193 14.7775 0 20.6784 23.6795 15.1024 0 20.5303 26.2768 12.2277 0 22.8531 23.4978 11.9746 0 23.4835 26.1358 14.8391 0 26.7834 23.472 14.2805 0 25.8194 25.7031 11.7614 0 28.921 22.8704 11.5985 0 28.7659 26.3647 15.2005 0 31.2769 23.2048 14.6692 0 31.211 25.7891 12.5539 0 34.0631 23.4731 11.7521 0 34.0013 25.7277 14.6888 0 36.7081 23.2156 14.6669 0 36.6076 26.0267 11.7325 0 1.44999 28.6454 11.8208 0 0.620673 31.8112 14.964 0 3.65948 29.0065 14.587 0 3.48194 31.4155 11.9801 0 6.48085 29.0729 12.1808 0 6.6673 31.5439 14.5756 0 9.81923 29.8045 14.8656 0 9.25859 31.9723 11.8496 0 12.4438 29.4117 12.1047 0 12.7391 31.846 15.0493 0 15.0003 29.1197 14.6623 0 15.0766 31.6776 11.9317 0 18.0764 28.682 12.1399 0 17.9502 31.3559 14.728 0 20.7 29.0449 14.9213 0 20.8147 31.5488 12.3908 0 23.307 28.7989 12.4896 0 23.0073 31.6318 15.268 0 25.9372 28.8556 15.3499 0 25.8853 31.4798 12.5489 0 28.3327 28.6157 12.5933 0 28.5917 31.342 15.0602 0 31.3923 28.5599 15.0949 0 31.35 31.5691 12.1195 0 34.2863 29.0075 12.2348 0 33.9642 31.8937 14.9747 0 37.0636 28.8146 14.9737 0 37.0011 31.7377 12.1269 0 1.41615 34.526 12.7078 0 1.13705 37.2388 15.0745 0 4.00521 34.4102 15.4603 0 3.85589 37.793 12.9719 0 6.01794 34.3996 12.7205 0 7.14009 36.7016 14.7219 0 9.8449 34.6519 14.4894 0 9.07381 36.7292 11.7935 0 12.1292 33.9082 11.4026 0 12.6975 36.6634 14.493 0 15.6008 33.8742 15.0904 0 15.2386 36.2676 11.7783 0 18.165 34.0137 12.0964 0 17.9384 36.9942 14.5908 0 20.3746 34.0996 14.9907 0 20.6112 36.671 11.9789 0 23.488 34.1501 12.3084 0 23.4497 36.8361 14.9864 0 25.8244 33.7474 15.1766 0 26.1289 36.5809 12.2701 0 28.999 34.2784 12.6874 0 29.0263 37.2102 14.8873 0 31.7238 34.553 15.1724 0 31.7406 37.4699 12.2684 0 34.1238 34.5705 11.7578 0 33.6035 37.8964 15.409 0 36.6042 34.3873 15.2605 0 36.6069 37.54 12.221 0 0.698086 1.38484 17.7814 0 1.41108 4.53495 20.7794 0 3.81998 1.3876 19.6316 0 3.76189 4.88772 17.7717 0 6.82493 0.78254 17.2423 0 7.00497 3.8902 19.9475 0 9.93499 1.33557 20.5696 0 9.86497 3.44148 17.3793 0 13.0386 1.4506 17.8512 0 12.1049 4.00931 20.2633 0 15.2453 1.28948 21.2453 0 15.0635 4.47198 18.4299 
0 17.3657 1.49993 18.3087 0 17.5342 3.95933 20.9952 0 20.5659 1.2423 20.8607 0 20.3639 3.59723 17.9862 0 23.3107 1.31051 17.9436 0 23.125 3.8196 21.0916 0 25.6798 1.2766 20.8494 0 25.7347 4.05791 18.0253 0 28.3781 1.43111 17.8789 0 28.2905 4.91856 21.4085 0 31.2641 1.43494 20.5278 0 30.9902 4.54668 18.258 0 34.1149 2.02478 17.6951 0 33.5836 4.12331 20.9877 0 36.8484 1.79754 20.8998 0 36.8123 4.48805 18.3477 0 1.07476 6.92222 18.2022 0 1.0676 10.2 20.5044 0 3.90302 7.48019 20.7757 0 3.56948 9.89483 17.7603 0 6.654 7.51732 17.292 0 7.05898 9.81848 20.9002 0 9.27119 6.72709 20.2268 0 9.79038 9.76659 18.2059 0 12.5638 7.31296 18.4061 0 12.9095 9.64278 21.0272 0 15.5218 6.89388 20.9066 0 15.4668 10.0895 17.499 0 17.9537 6.97343 18.193 0 17.9644 9.97174 20.2561 0 20.8225 6.62506 20.4138 0 20.6387 9.16335 17.6362 0 23.3482 6.66112 17.8699 0 23.2409 9.83618 20.7062 0 25.1804 6.80108 20.8876 0 25.9078 9.71333 17.4533 0 28.4623 6.78566 18.2224 0 28.9212 9.60483 20.8527 0 31.4596 6.89074 20.7572 0 31.0881 9.39468 17.7863 0 33.9945 7.24466 18.1358 0 33.9861 9.86309 20.5975 0 37.4247 7.10278 21.0477 0 36.8585 9.85638 18.1779 0 0.978254 12.5363 17.4875 0 0.807865 14.8701 20.726 0 3.69997 12.5519 20.2425 0 3.58049 14.9861 17.3339 0 7.08228 12.6417 18.1595 0 6.72598 15.0834 20.4811 0 9.77113 11.8468 20.9534 0 9.80245 14.8295 17.8208 0 12.9762 12.3887 17.8495 0 12.2415 14.8913 20.7084 0 15.1068 12.7003 20.6467 0 14.8844 15.3602 17.9782 0 17.8282 13.0268 18.2132 0 17.5523 15.2853 20.7603 0 20.5697 12.2639 19.9267 0 20.6979 15.3118 17.1321 0 23.3325 12.3126 17.6118 0 23.6712 15.1514 20.6355 0 26.3598 12.4075 20.4111 0 26.1553 15.0703 17.7593 0 28.6423 12.5056 17.5885 0 28.6534 15.3289 20.1661 0 31.3861 12.2151 20.5505 0 31.1934 15.1205 17.2193 0 34.1153 12.4707 17.1183 0 34.2554 14.9738 19.7033 0 36.8939 12.361 20.7279 0 36.6535 15.171 17.3477 0 1.13933 17.9097 17.3218 0 1.27354 19.932 20.4857 0 3.77148 17.5245 20.2338 0 3.89614 20.0418 17.373 0 6.61319 17.7502 17.3925 0 6.25227 20.138 20.1362 0 8.93285 17.8888 20.453 0 9.55222 20.3571 17.5803 0 12.1254 17.5892 18.2406 0 12.3095 20.2802 20.9633 0 14.6525 17.8944 20.5668 0 15.1716 20.5646 17.9379 0 17.7457 17.5429 17.6727 0 18.1237 20.6425 20.3849 0 20.434 18.0082 20.3964 0 20.5424 20.5722 17.3632 0 23.1071 17.3601 17.4919 0 23.2812 20.5059 20.0895 0 25.7687 18.1361 20.6211 0 25.4936 20.5717 17.4241 0 28.3415 18.3787 17.5887 0 28.7499 20.723 20.3573 0 31.424 17.631 20.3172 0 31.3261 20.8651 17.5502 0 33.7521 17.9424 17.6762 0 34.0985 20.6844 20.4643 0 36.339 17.8628 20.0092 0 36.7323 20.5075 17.2179 
0 0.796265 23.0226 17.3953 0 1.3191 25.6203 19.8989 0 4.03032 22.8015 19.5776 0 4.19639 26.0209 16.6899 0 6.74482 23.3682 16.9361 0 6.47928 25.9299 20.2513 0 9.35807 22.8578 20.4233 0 10.0693 26.2784 17.8022 0 12.369 22.8714 18.0315 0 12.179 26.0584 20.4806 0 15.1857 22.932 21.0078 0 15.2546 26.5479 17.4793 0 18.0497 23.5018 17.6652 0 17.2134 26.0264 20.3615 0 20.2317 23.2948 20.3929 0 20.1903 26.1827 17.9563 0 23.2807 23.3096 17.8317 0 23.0665 26.2286 20.17 0 25.9323 23.1675 20.7646 0 26.053 25.9747 17.5379 0 29.0913 23.4348 17.2784 0 28.4191 25.9023 20.2187 0 31.594 23.3002 20.2246 0 31.5356 25.6127 17.4822 0 34.3477 23.3863 17.6115 0 34.1603 25.4922 20.8948 0 36.8975 22.4613 20.6842 0 36.7555 26.0365 17.4458 0 1.17076 28.4287 17.1639 0 0.776604 30.3577 20.6996 0 3.67798 28.2385 20.5584 0 4.17433 30.5803 17.8077 0 7.48282 29.0854 17.4466 0 7.1606 31.7202 19.9832 0 9.37031 28.5557 20.6758 0 10.3595 32.1376 17.9468 0 12.5524 28.9639 17.7528 0 12.3934 31.1811 20.8295 0 14.8625 28.8399 20.3719 0 15.2749 31.8275 17.7782 0 17.7107 29.0033 17.9667 0 17.7081 31.3224 20.7437 0 20.1594 28.7354 20.3835 0 20.3894 31.8514 18.0124 0 23.2609 29.146 17.7817 0 23.3305 32.1773 20.6952 0 26.0116 28.9192 20.2879 0 25.7258 31.5236 17.9542 0 29.0757 29.053 17.9187 0 28.5788 31.7919 20.3585 0 31.6643 28.1919 20.3994 0 30.972 31.9403 17.7148 0 34.0945 28.3366 17.194 0 34.1652 30.6921 20.7007 0 36.8331 28.2465 19.9001 0 36.7171 31.5038 17.5923 0 1.14668 33.8219 17.8675 0 0.792421 37.4226 19.8772 0 4.00276 33.358 20.7807 0 3.87283 36.6129 18.14 0 6.81357 34.0584 17.572 0 6.84352 35.6684 20.5698 0 10.1899 34.0353 20.7228 0 10.0424 36.7936 17.9611 0 12.8891 34.811 17.6619 0 12.5646 37.1443 20.5131 0 15.1002 34.0869 20.5134 0 15.6826 37.147 17.5494 0 17.8052 34.4009 17.7572 0 17.5334 36.8826 20.518 0 19.9496 34.4421 20.5984 0 20.511 36.863 17.611 0 23.2419 34.1954 17.6303 0 22.856 37.0137 20.4751 0 26.1268 34.3155 20.7544 0 25.8682 37.1558 17.9764 0 28.3457 34.5613 18.016 0 28.7768 37.7991 20.5676 0 31.1483 34.617 20.6289 0 31.1589 37.0858 17.7269 0 34.0695 34.4751 17.9989 0 34.9474 37.4495 20.1726 0 37.0119 33.5325 20.1689 0 36.8474 37.0609 17.2743 0 1.31218 1.41053 23.6884 0 1.67088 3.94927 26.5613 0 4.17547 1.08204 25.7467 0 4.21932 4.27254 23.226 0 6.47185 1.07477 22.569 0 6.89001 4.13494 25.8241 0 9.10477 1.37047 25.3311 0 9.22995 3.85086 22.9582 0 12.2075 1.56336 23.1589 0 11.8447 4.39985 26.0305 0 14.8423 1.00692 26.0809 0 14.7912 4.07622 23.5077 0 17.6598 0.786407 23.6831 0 17.612 3.89584 26.421 0 20.3297 0.84262 26.5703 0 20.2687 3.57 24.228 
0 22.9891 0.754749 23.5561 0 23.4273 3.88883 26.6457 0 25.6872 1.02774 26.4062 0 25.459 3.98405 23.6339 0 28.6483 1.87918 23.9643 0 28.8147 4.29178 26.5557 0 31.5086 1.38468 26.2415 0 31.3973 4.22455 24.021 0 34.5506 2.08345 24.049 0 34.2556 4.40041 26.502 0 37.1118 2.17448 26.5244 0 37.0208 4.48854 23.5101 0 1.46282 7.33022 23.2833 0 1.46072 9.60652 25.8286 0 4.08101 6.61353 25.9462 0 4.63656 9.4148 23.7583 0 7.19825 7.00701 23.6018 0 6.90555 9.77166 26.4756 0 9.71318 7.28392 26.3111 0 9.63435 9.55118 23.4704 0 11.5934 6.31785 22.9182 0 12.5448 9.76669 26.4533 0 14.4443 6.99567 25.6457 0 15.6842 9.75653 23.3284 0 18.0546 6.63064 23.6825 0 17.8479 9.85942 26.2582 0 20.1562 6.16674 26.8763 0 20.1337 10.4248 23.1063 0 22.4815 6.51917 23.8087 0 22.9046 8.93381 26.364 0 26.1589 6.75228 25.9049 0 25.8894 9.64238 23.2219 0 29.1474 7.21138 23.8044 0 29.1023 9.59645 26.1774 0 31.5724 6.89988 26.714 0 31.5656 10.617 23.4127 0 34.1501 7.22883 23.049 0 34.1845 9.28124 26.2311 0 37.0621 6.74042 25.8545 0 36.9458 9.84249 23.5023 0 1.34374 12.1291 23.4272 0 1.12104 15.7381 26.4128 0 4.11255 12.2495 26.1532 0 3.53357 14.7922 23.2651 0 6.77566 12.7398 23.1421 0 6.73033 14.6359 26.5671 0 9.67177 11.8452 26.3881 0 9.64691 14.5847 23.7151 0 12.7007 12.167 23.7196 0 12.1141 14.6813 26.1536 0 15.2092 12.3822 26.5849 0 14.754 14.9971 23.4137 0 17.4525 12.6476 23.7969 0 17.973 15.1093 26.2659 0 20.778 12.6383 25.8448 0 20.6139 15.3262 22.9764 0 23.2164 12.369 23.2806 0 23.695 14.7462 26.0364 0 25.5553 11.7564 25.9547 0 25.7402 15.1921 23.2766 0 28.4744 12.5367 23.2529 0 28.9227 14.8261 26.1855 0 31.9804 12.5411 26.3611 0 31.7801 15.2253 23.2468 0 34.421 12.6736 23.3466 0 33.9468 15.5902 26.147 0 36.9517 12.6456 26.3317 0 36.8411 14.9779 23.6221 0 0.687133 17.5255 23.0279 0 1.83811 20.2406 26.4436 0 3.9711 17.3814 26.1475 0 3.81158 20.1912 23.3209 0 6.58694 17.0899 23.4605 0 6.67791 20.3383 25.6072 0 9.15848 17.3663 26.306 0 9.29518 20.1494 23.0494 0 12.0716 17.6237 23.3563 0 12.0839 20.3961 25.758 0 14.7136 17.2995 26.004 0 15.0263 20.3676 23.8356 0 18.0182 17.9304 23.6339 0 18.2479 20.8102 26.0069 0 20.5645 17.861 25.7934 0 20.8321 20.6511 23.0207 0 23.0154 17.9951 23.2561 0 23.5345 20.5345 25.917 0 26.0526 17.7705 26.1211 0 26.0146 20.7581 23.3575 0 28.601 17.5346 22.8993 0 28.5183 20.4782 25.9929 0 31.2051 18.4091 26.2507 0 31.064 20.0399 23.1724 0 34.321 18.4091 23.0503 0 33.8981 20.5441 25.7829 0 37.0902 18.0445 26.337 0 37.2024 20.8688 23.6447 0 1.59706 23.304 22.9627 0 0.703446 25.6627 25.9132 0 4.2392 23.3721 26.2225 0 4.09295 26.0609 23.796 
0 5.83611 22.9973 22.9644 0 6.76534 25.8279 26.2145 0 8.90689 23.19 25.5711 0 9.1543 25.5863 23.0246 0 12.1199 23.2613 23.4751 0 12.0406 26.3014 25.7196 0 15.4909 23.2808 26.0198 0 15.0189 26.1393 23.3315 0 17.9271 23.4484 23.6265 0 18.1898 25.9605 26.4129 0 20.927 23.3808 25.8326 0 21.0176 26.0074 23.4769 0 23.2851 23.5868 23.2103 0 23.7217 26.2524 25.8565 0 26.7303 23.9945 25.3271 0 25.7369 26.2835 22.7212 0 29.0318 23.0403 22.8459 0 28.9088 26.5179 25.6532 0 31.1902 23.4201 25.8316 0 31.3054 26.0396 23.0678 0 34.0546 23.2692 23.577 0 33.9427 26.0134 25.8297 0 36.5262 23.4151 26.2363 0 37.3906 25.3511 22.8741 0 0.680233 28.1759 23.3729 0 1.20161 31.2372 26.8488 0 3.0075 28.2296 26.2777 0 3.72489 31.3539 23.5333 0 6.83804 28.447 23.2162 0 6.83136 30.8937 25.9729 0 9.4352 28.6394 26.1543 0 9.29848 31.5132 23.0291 0 12.0349 28.5466 23.212 0 12.3704 31.5254 25.9193 0 15.0811 28.6118 26.3508 0 15.1622 31.9593 23.5672 0 17.3669 28.9155 23.36 0 17.7607 31.7019 25.5538 0 20.7258 28.95 26.0142 0 20.7306 31.4641 23.0172 0 22.8004 28.8726 22.7123 0 23.4909 31.559 25.742 0 25.9579 28.9654 25.2912 0 25.6354 31.6959 23.1243 0 28.8898 28.7979 22.6617 0 28.9401 31.4448 25.3608 0 32.012 28.8267 25.2731 0 31.3639 31.7726 22.6075 0 34.6499 28.3813 23.1625 0 34.0813 32.1424 25.7484 0 36.9003 28.4739 26.1505 0 37.3759 31.2291 23.9799 0 0.784323 34.5415 22.9297 0 0.68813 37.2072 25.9753 0 3.71249 33.9334 25.8727 0 3.79805 36.9155 23.0842 0 6.86802 34.0361 23.802 0 6.82043 36.8119 25.9371 0 9.78393 33.8355 26.0385 0 9.02958 37.0243 23.1952 0 12.518 34.3146 23.2935 0 11.7894 36.9746 25.5604 0 15.0971 34.5711 26.1441 0 14.6879 37.1043 23.2322 0 17.8678 34.5347 23.189 0 17.684 36.8257 26.4236 0 20.5954 34.0937 25.9888 0 20.5098 37.2053 23.6345 0 23.2444 35.0605 23.6118 0 23.1947 37.0455 26.3996 0 26.2279 34.5434 25.9426 0 26.1322 37.3781 23.6842 0 28.6664 34.4084 23.2564 0 28.7389 37.2281 26.4036 0 31.7324 34.576 25.6561 0 31.9428 37.2028 22.6827 0 34.3093 33.7578 22.6677 0 34.1897 37.1707 25.7854 0 37.0183 34.3654 26.067 0 36.8826 37.6972 23.2015 0 1.29079 1.05757 28.7915 0 1.72555 3.65751 31.3173 0 4.3737 1.15125 31.4794 0 4.61479 3.47098 28.821 0 7.20738 1.0813 28.1191 0 6.68622 3.68861 31.6771 0 9.09415 0.557702 31.3907 0 9.20214 3.6706 28.6675 0 11.7738 1.42985 28.0782 0 12.7273 3.69388 31.2386 0 15.0163 1.23161 31.5412 0 14.9447 3.6447 28.6182 0 17.7475 1.04046 28.7259 0 17.4118 3.84669 31.7811 0 20.562 1.07286 31.7039 0 20.6739 3.73882 29.0195 0 23.1674 0.79729 28.9559 0 23.7643 3.75024 31.3096 0 26.1527 1.23742 31.8341 0 26.125 3.84151 28.8808 
0 28.8909 1.40407 28.8169 0 28.9996 4.06956 32.0651 0 31.5257 1.02528 32.0058 0 31.6565 4.1027 29.0931 0 34.2956 1.19177 28.5011 0 34.406 3.89111 32.0631 0 37.3802 1.39948 31.3494 0 37.1414 4.39321 29.343 0 1.79486 6.59486 28.464 0 1.1941 9.9306 31.3879 0 4.13258 6.39963 31.3149 0 3.74997 9.68588 28.9928 0 6.55943 6.74933 28.7365 0 6.37802 9.03107 31.5895 0 9.31088 6.50006 31.6962 0 9.21459 9.25077 29.3863 0 11.6919 6.58733 29.1048 0 12.2533 9.59841 31.907 0 14.8888 6.89918 31.7983 0 15.1933 9.49899 29.0816 0 17.2269 6.25117 28.8246 0 17.6172 9.56383 31.7526 0 20.2075 6.89306 31.4426 0 20.1391 9.23201 28.9771 0 23.2487 6.64592 29.1797 0 23.3996 9.64258 31.8515 0 26.2192 6.66484 31.7274 0 26.5496 9.26516 29.3157 0 29.0925 7.04371 29.011 0 28.9945 9.81806 31.7916 0 32.074 6.99029 31.4479 0 31.8462 10.025 29.0114 0 34.5851 6.95139 28.9153 0 34.5788 9.51814 31.4998 0 37.6826 6.98599 31.4491 0 37.2852 9.90518 28.6634 0 0.91792 13.084 28.7224 0 1.72702 14.9289 31.8361 0 3.84686 12.2969 31.9148 0 4.13875 14.6959 28.8583 0 6.70964 12.2068 29.5928 0 7.0327 15.0646 31.5565 0 9.48109 11.7714 32.0602 0 9.50395 14.7964 28.6339 0 12.4106 12.2597 29.3418 0 12.1176 14.8868 31.7203 0 14.9417 12.237 31.3922 0 14.5042 15.3103 28.7827 0 18.4848 12.3261 28.7716 0 17.2668 15.6752 31.1807 0 20.7571 12.2145 31.348 0 20.6684 15.1973 28.6168 0 23.6488 12.7732 28.9555 0 22.9256 15.495 31.6373 0 26.3297 12.6316 31.1766 0 26.2136 15.2253 28.5995 0 29.1655 12.2658 29.0481 0 28.4456 15.7205 31.2057 0 31.9964 12.0752 32.0128 0 31.8137 15.0335 29.3699 0 34.4678 12.8772 28.9083 0 34.3711 15.373 31.6669 0 36.9846 12.5972 31.5971 0 36.9182 15.5852 29.0154 0 0.967836 17.8051 29.3025 0 0.866723 20.483 31.7218 0 4.60869 17.2642 31.3881 0 3.97114 20.8015 29.3386 0 6.54906 18.1801 28.5547 0 6.82963 20.53 31.3851 0 9.66953 17.5611 31.4938 0 9.37256 20.2962 28.6396 0 12.1296 17.9922 28.57 0 12.2428 20.7373 31.2566 0 14.8785 18.195 31.3768 0 14.6836 20.6301 28.4481 0 18.0438 17.8089 28.3341 0 17.7781 20.993 31.2996 0 20.0872 17.6737 31.2444 0 21.024 21.1401 28.7409 0 23.561 18.1248 28.5986 0 23.8904 20.6478 31.5116 0 25.7504 17.9142 31.5152 0 26.1243 20.7721 29.0449 0 28.8092 18.1886 28.7517 0 28.5946 20.0704 31.7829 0 31.6275 17.9326 31.7718 0 31.3064 20.8683 28.8923 0 33.6327 18.2333 28.7172 0 33.9265 20.5838 31.4982 0 36.8472 18.3571 31.7172 0 36.6184 20.7747 28.6665 0 0.949273 23.1574 28.6553 0 1.34273 25.1674 31.5742 0 3.98615 23.1255 32.5472 0 4.1469 25.0011 29.2406 0 6.86227 22.7468 28.5631 0 6.56693 25.8044 31.5524 0 9.01507 23.2885 31.3597 0 9.35577 25.5035 28.563 
0 12.2129 23.1553 27.8921 0 12.0942 25.8699 30.9227 0 14.7957 23.2229 31.2425 0 15.1061 25.7931 28.6733 0 18.7357 23.7306 28.936 0 18.1051 26.3162 31.3744 0 21.355 23.2241 31.7033 0 21.2884 26.2957 28.5308 0 24.1544 23.6289 28.4855 0 23.791 25.9332 31.4501 0 26.6024 23.4851 31.4002 0 25.9928 26.4768 28.2445 0 28.7166 23.8152 28.2778 0 29.0776 26.0218 31.3851 0 30.8538 23.0379 32.1182 0 31.404 26.4794 28.8251 0 34.0866 23.9633 29.0204 0 34.3788 25.5655 31.8163 0 36.6268 23.1004 31.592 0 36.76 25.7722 29.0464 0 1.05521 27.8147 29.237 0 1.58196 31.0945 30.7761 0 4.09019 28.5336 31.4235 0 4.36871 31.5224 28.4093 0 6.45642 28.1487 28.5095 0 6.66075 31.1424 31.6793 0 9.25824 28.4861 31.3479 0 9.78582 31.2524 28.6864 0 12.3249 28.5571 28.7437 0 12.3072 31.6855 31.6003 0 15.2299 28.862 31.186 0 14.8184 31.536 28.4104 0 18.1857 28.9292 28.8367 0 17.923 31.611 31.6493 0 21.4298 28.5768 31.6239 0 21.1507 31.3365 28.6336 0 23.4478 28.8639 28.3291 0 23.8535 31.1391 31.4627 0 26.6079 28.4124 30.936 0 26.2746 31.4496 28.0863 0 29.4477 29.2382 28.0222 0 29.1459 31.3575 30.8424 0 31.6314 28.8825 31.3667 0 31.7594 31.9811 28.574 0 34.026 28.9892 28.5091 0 34.3011 31.1894 31.2416 0 36.7736 28.5678 31.2383 0 36.9773 31.3499 28.8195 0 1.35726 34.0138 28.6709 0 1.41129 36.8636 31.1323 0 4.30204 33.6921 31.0681 0 4.22748 36.9638 28.5848 0 7.07155 33.6818 28.7839 0 6.9421 36.3431 31.2082 0 9.31134 33.943 31.7819 0 9.43604 36.7362 28.6895 0 12.0678 34.2761 29.0349 0 12.1126 37.1853 31.1472 0 15.485 33.7259 31.5365 0 15.1801 36.9147 28.9598 0 18.0384 33.4566 28.6162 0 17.8975 36.3825 31.5492 0 20.6608 33.7842 31.4608 0 20.4283 36.5678 28.9715 0 23.8234 34.1727 28.4834 0 23.3394 36.628 31.7156 0 26.5935 33.9346 31.2669 0 26.0053 37.2428 29.2388 0 28.9291 34.2677 28.6184 0 28.7364 36.6784 31.6884 0 31.5699 34.2126 31.3589 0 31.3767 36.7518 29.1733 0 34.6239 34.4213 28.3845 0 34.4742 37.2274 31.7653 0 36.733 33.7459 31.3739 0 37.116 36.9314 28.9612 0 0.970183 0.877614 34.453 0 1.28273 3.87584 36.6973 0 3.71487 0.865298 36.9973 0 4.11653 3.66342 34.7474 0 6.94284 1.11555 34.6261 0 6.76307 3.66742 37.0794 0 9.47211 1.05628 36.9618 0 10.2815 3.64464 34.0255 0 12.7458 0.89159 34.1996 0 12.0941 3.22911 37.1169 0 14.935 0.40312 37.196 0 15.2991 3.7979 34.9741 0 17.6558 0.792825 34.5489 0 18.1499 4.13429 36.6715 0 20.7539 0.655121 36.8413 0 20.4554 3.2548 34.1525 0 23.8853 0.812088 34.2386 0 23.2274 3.69896 37.0591 0 25.8201 0.862101 37.1495 0 26.3342 3.70643 34.2076 0 28.5926 1.17971 34.8198 0 28.3227 4.21254 37.108 0 32.0429 0.845984 37.0855 0 31.3929 3.71066 34.333 
0 34.2923 1.06223 34.4168 0 34.9745 3.95221 36.9837 0 37.2153 0.87805 37.0165 0 37.4947 3.67403 33.9513 0 1.35685 6.78796 34.0059 0 1.62609 9.18854 37.1665 0 3.83533 6.54486 36.9815 0 3.9489 9.28855 34.1711 0 6.98249 6.44565 34.2504 0 6.7104 9.23589 37.1829 0 9.61385 5.91802 37.0575 0 9.51323 9.20954 35.0938 0 12.2156 6.69621 33.8869 0 12.57 9.48799 37.4448 0 15.2575 6.4941 37.6514 0 14.9135 9.82013 34.6279 0 17.2369 6.87361 34.4729 0 17.2553 9.32528 37.0669 0 20.6135 6.58251 36.6164 0 20.0098 10.2181 34.2545 0 23.2504 6.59318 33.5507 0 22.3582 9.92253 36.6723 0 25.6 6.78923 36.344 0 26.5884 9.89334 34.0402 0 29.0529 6.79717 34.2641 0 28.84 9.67116 36.7934 0 32.3512 6.39582 36.8237 0 31.8604 9.09529 34.3892 0 34.9872 6.5925 34.4385 0 34.4531 9.53697 37.0515 0 37.5008 6.65455 36.787 0 37.4112 9.54853 34.4829 0 1.3659 12.3364 34.4211 0 1.47673 15.3656 37.2303 0 4.2347 11.6785 36.8182 0 4.12329 15.3689 34.7021 0 6.79797 12.2933 34.2953 0 6.83504 14.151 37.1107 0 9.60301 12.0908 37.1168 0 9.35813 14.6568 34.194 0 12.3344 12.29 34.3952 0 12.3715 15.7541 36.9851 0 14.98 12.6468 37.267 0 15.0979 15.112 34.2126 0 17.6451 12.5523 33.6558 0 17.4238 15.3398 37.2944 0 19.9422 12.9922 36.984 0 20.0075 15.4925 34.5411 0 22.8709 12.7543 34.0504 0 23.2081 15.2173 36.6931 0 25.6692 12.2504 36.4887 0 25.6653 15.0821 33.9871 0 28.6721 12.563 34.4609 0 28.9924 14.7898 37.6815 0 31.656 12.5205 36.8574 0 31.4328 14.9453 34.0363 0 34.9237 12.7117 34.3758 0 34.1831 15.0198 36.6528 0 37.1468 11.7536 37.2007 0 37.5299 15.5029 34.2954 0 1.33291 18.3058 34.3921 0 1.14045 20.703 37.3051 0 4.50208 17.8862 37.6845 0 4.09027 20.3345 34.8052 0 6.94878 17.7318 34.8391 0 7.04027 20.5866 36.9245 0 9.83891 17.9133 36.8989 0 9.60572 20.4705 33.7295 0 12.3669 18.0046 34.3527 0 11.8739 20.877 36.3696 0 14.6202 18.3377 37.1776 0 14.9901 20.4934 34.2463 0 17.4953 17.8663 34.7624 0 17.8151 20.724 37.1293 0 20.6413 18.0441 37.1688 0 19.8051 20.5831 34.2852 0 22.9391 18.3858 34.2992 0 22.8193 20.7615 37.11 0 25.977 17.4348 37.3403 0 25.8482 20.5875 34.4697 0 28.6433 17.6275 34.5354 0 28.9499 19.9704 37.5998 0 31.6637 17.3224 37.0545 0 31.4505 20.5367 34.762 0 34.3884 18.1516 34.4842 0 33.9758 20.3875 37.2694 0 37.0201 18.02 37.3868 0 36.792 20.8646 34.5262 0 1.18175 22.9111 34.4027 0 1.68804 25.6349 37.2612 0 4.25535 23.1926 37.3805 0 4.13656 26.2706 34.4438 0 7.10344 23.4912 34.6415 0 7.24828 26.3326 36.9826 0 9.68508 23.5675 36.926 0 9.69551 25.9911 33.8415 0 12.1158 23.4747 33.7795 0 12.8164 26.3172 36.4784 0 14.1566 23.3826 37.092 0 15.1679 25.5254 33.7815 
0 18.1697 23.5367 34.006 0 17.517 26.0071 36.9204 0 20.0423 23.4455 36.9819 0 21.0879 26.1329 34.2339 0 23.984 23.5304 34.4801 0 23.5084 26.2705 36.9604 0 25.5596 23.3156 37.362 0 26.7351 26.3538 34.4217 0 28.3641 23.03 34.611 0 29.1803 26.1056 37.25 0 31.3049 22.9894 37.3384 0 31.4625 25.5335 34.7715 0 34.0439 23.158 34.9605 0 34.4022 26.2109 37.6982 0 37.2154 23.704 37.0992 0 37.3887 25.8198 33.8767 0 1.37063 28.3659 33.9854 0 1.20084 30.9316 36.5118 0 4.20253 28.6375 36.8956 0 4.14331 31.1954 34.191 0 7.13275 28.7668 34.3271 0 7.02607 31.5531 37.1429 0 9.76422 28.528 36.5449 0 9.47172 31.3451 34.3411 0 12.3752 28.2272 33.4578 0 12.315 31.4451 37.0997 0 14.9151 29.0954 37.2321 0 14.7938 31.6199 34.0983 0 17.3423 28.6816 34.2316 0 17.8607 31.1599 37.1237 0 20.4442 28.5398 36.9882 0 20.5484 31.281 34.7268 0 24.0047 28.6078 34.2113 0 23.5917 31.4637 36.8465 0 26.3978 29.023 37.3155 0 27.017 31.288 33.4558 0 29.4099 28.6076 33.901 0 29.3424 31.0961 36.8608 0 32.0167 28.5948 37.6086 0 31.5663 31.7169 33.9671 0 34.2029 28.4528 34.6034 0 33.9422 31.245 37.1284 0 37.4506 27.6947 36.6414 0 36.8967 30.718 33.9899 0 1.34965 33.8922 33.2529 0 1.25018 36.5641 37.3746 0 3.83464 33.7954 36.9436 0 3.7744 36.0751 33.8128 0 6.76269 33.9362 34.5759 0 6.50014 36.7225 36.8362 0 9.50011 33.9792 36.8972 0 9.29607 36.6814 34.1098 0 12.1989 34.4356 33.8591 0 12.0046 36.5839 36.8617 0 15.2809 34.0065 36.9558 0 15.3894 36.7983 34.0005 0 17.768 33.7334 34.4909 0 18.0025 36.4731 37.0635 0 20.4356 33.7514 37.0718 0 20.5417 36.2434 34.642 0 23.7438 34.0001 34.3014 0 23.5751 36.8058 37.0207 0 26.2381 33.6452 37.2491 0 26.0238 36.6848 33.9588 0 29.1207 34.0886 34.581 0 29.1015 36.932 37.146 0 31.7027 33.9085 36.9005 0 31.7391 37.0262 34.6779 0 34.4361 33.8422 34.4861 0 34.5316 36.2338 37.413 0 37.3929 33.9172 36.7894 0 37.5522 36.6779 34.36 
0.82546 0.741551 -2.36245 -0.392088 -2.675 3.60963 -2.52699 -0.325654 0.346031 -0.317892 0.0743746 -0.0136774 0.50214 1.50095 1.18497 1.07398 -0.387346 -1.75064 -0.67964 2.18089 2.50332 -0.438827 2.77714 0.922088 1.36741 -0.820159 0.2459 -0.525568 -0.316991 -0.948228 -0.638807 1.1087 -0.308964 1.44459 0.28373 -1.37375 -2.58098 -1.04866 -2.21103 -0.302018 -0.511918 1.33493 0.813328 1.41252 -1.97728 0.352268 -0.655898 0.484532 1.3044 0.709186 0.773455 -0.632129 0.420794 0.359907 -1.81162 2.95314 -0.361731 2.64995 -1.38768 -0.793296 -0.325591 0.0949606 -1.65097 -0.472499 0.599166 -1.77132 2.12963 0.690143 0.714735 1.28436 -0.497461 1.12564 -0.810608 -0.847711 0.0337944 0.406012 -0.733123 -1.24002 1.81877 -0.861646 -0.347482 2.59326 -1.55759 -0.0974455 -0.94408 -0.144041 0.158744 -3.05239 2.95066 1.40413 -0.631303 -0.0987898 0.571553 0.634965 2.08855 -0.781753 -0.531076 0.655806 -1.45328 0.318179 1.40074 1.21967 -0.381125 0.079216 2.74226 -1.2481 0.755973 -0.048096 -0.888387 1.30823 -0.389933 2.93329 -0.928696 -0.36992 0.0149122 -0.746109 -1.15388 1.76241 0.9955 0.173117 0.420138 1.42877 0.261614 -1.0821 1.03595 -0.122343 0.132432 -2.21694 1.34258 1.30537 -0.333705 -0.683332 -1.68591 -0.422808 -2.28994 0.983245 -0.084576 -0.903482 2.66615 -0.99783 -0.0622681 -0.404375 1.08476 -0.604821 -0.568056 0.703452 -2.03585 -0.516769 -0.745664 1.82122 -0.273826 1.66687 2.97204 0.475409 -0.478539 -1.76356 -2.3388 -0.986691 -0.153807 -0.376297 2.45332 -0.533231 0.177796 1.16048 1.88869 0.236572 0.241416 -0.649115 -0.272026 -3.51631 -0.18148 -1.67823 -2.0187 -0.424067 -0.389571 -0.101965 1.36388 0.539242 -1.95986 2.38405 -1.94276 0.578532 0.020857 -0.100799 -1.16326 1.79501 0.551286 2.26492 0.58284 0.527305 -0.232362 -0.807459 -0.103925 -1.25086 0.0765124 -0.904488 2.3779 1.0059 0.937559 -0.00417005 -0.602647 1.85234 -1.21945 -0.822031 -0.347495 0.519979 2.25506 -0.96609 1.01139 0.524168 -0.135018 -0.116812 -1.59556 -2.0061 0.625646 -1.95665 -0.057052 -0.464187 -1.91435 -1.15526 -0.544729 -1.81868 -0.132731 1.53038 -1.07873 2.28478 1.24751 1.81123 -1.87975 -1.23208 -0.321006 0.0846388 1.32373 1.54749 1.91722 -1.25172 0.456696 -0.649646 0.214608 -1.2867 0.549869 0.848534 3.69559 -2.98275 -1.06137 -0.874825 0.748622 1.47575 -0.701992 0.679788 0.875477 -0.0530262 -1.02562 -1.03925 0.814228 0.286776 -0.983073 1.07413 1.76479 0.235849 -1.65052 1.13093 -1.22456 -0.0232769 -0.0203457 -0.880485 -0.341795 1.86468 1.55857 -0.219593 -2.01638 0.820696 0.862651 1.03288 0.920247 -1.91071 0.826244 1.24527 -0.639918 -2.76748 1.96764 -0.385754 -3.43008 0.0491977 2.37828 -0.0681597 -1.12751 -0.240405 -0.301528 -1.43768 2.74668 0.358931 -1.39045 -1.4828 -0.615906 -0.274308 0.756657 -0.189447 -0.953547 3.49071 
1.68269 -1.10599 4.56033 -2.31344 0.98213 -0.847683 0.29313 1.97309 1.39121 -1.17302 -0.381689 -0.458794 1.9418 0.684595 1.20714 1.55385 -0.205527 0.775398 2.26506 0.674887 -0.370625 1.38999 -1.02605 -2.48218 1.97786 1.44811 0.426418 -0.350149 -0.865365 0.516582 -0.0243163 -1.82079 2.66665 0.691599 0.405758 -0.0382744 -2.05952 0.245465 1.87332 -0.10389 1.36982 0.58567 -1.53454 -0.722555 0.357672 0.0934237 -1.30452 -0.0655143 1.09127 -0.650449 -0.27209 0.963101 0.382216 1.43402 -0.987585 -0.0751915 3.19618 0.296101 -0.443296 -1.41522 0.38357 0.900608 0.546232 1.83802 1.18632 -1.9536 1.27678 2.85909 -2.45635 2.79097 -0.757153 0.234783 -0.427 1.15544 -2.96166 2.24694 -0.207284 0.368725 0.411819 1.19329 0.296035 -1.88296 1.77844 -1.19889 -2.29355 -1.45954 0.255334 0.81418 -0.950186 0.183553 -0.585141 0.133179 1.41022 1.81685 -1.1588 -1.15116 -0.988242 -1.5213 -2.9758 2.09479 -1.07549 1.52206 -0.152499 1.44994 -3.44329 -0.373948 1.72319 -3.58187 2.59657 -2.06402 1.46337 -0.559894 -1.10292 -0.685651 -0.726758 0.0931262 -0.336864 -0.408098 -1.21941 -0.859961 1.93802 -2.43076 -1.35101 0.350646 -0.976103 -0.451668 1.01127 0.756871 0.491983 -0.28267 -1.65739 1.12032 -0.540202 0.633717 -1.56877 -1.00052 -0.457728 1.3641 1.82113 -0.42625 -0.466895 -1.37728 -0.348262 0.174176 0.864895 2.06214 1.61595 1.11803 0.338789 -1.62778 3.29309 -0.68039 -0.355336 0.741164 1.14584 0.52263 1.51094 -0.269986 -0.693102 0.254655 -0.130395 1.91026 1.90514 0.302718 2.69307 1.47038 0.651227 -1.55743 -1.30556 0.287385 -1.42887 2.18242 -2.39907 -2.60413 2.29436 -1.09945 1.09844 0.614877 2.26126 0.55632 -1.83897 0.753689 -2.15887 -0.166278 -0.88148 -1.49752 1.33262 0.709379 2.8315 -3.03848 0.353355 -1.36141 1.31955 0.402987 0.871717 -0.643713 0.141859 -1.60416 0.0875061 -0.82353 -0.393006 0.0412524 -1.11763 -2.08028 -1.40791 2.46559 0.0109464 -0.685179 -0.236997 -2.51128 1.25675 1.18374 -0.876692 0.573386 1.18006 0.669929 -1.64345 -1.2158 -1.31268 -0.814185 -1.1647 0.471556 -1.89194 -0.165224 -0.83265 0.72797 -0.0105006 2.28837 1.40003 -0.053376 -1.90234 -1.86382 -0.0627314 -0.281121 -0.459773 -1.22679 0.942791 -3.95542 -1.71811 -1.04291 0.738883 0.539578 -0.817687 -1.47456 -0.865264 -0.444635 -2.9 -1.65334 -2.9305 0.198225 -1.27061 -2.22996 -1.01966 -0.0786177 -0.18577 -0.0842541 -1.23611 -1.56449 -2.0979 -0.017652 -0.478091 -0.168334 3.91323 -1.99731 -0.0984325 -0.411343 2.31026 -1.62771 1.29053 1.71884 -0.816678 -1.97285 0.0751317 0.545483 2.67744 -1.19133 -0.880986 -1.56202 -1.21401 -1.64136 0.658184 -0.783969 -0.828374 1.3655 2.50167 0.307527 1.96432 0.827569 -2.05185 2.04049 1.15338 0.814138 1.78048 2.70013 -2.14696 -1.58582 1.23919 -0.444363 1.04842 -1.1647 
0.329173 -2.12172 -1.28764 -1.18696 -1.54089 -1.86034 2.92286 -2.72265 2.88993 -0.520848 0.938129 0.37504 0.871816 1.44753 -2.4259 0.94186 1.63032 -1.24353 -0.167895 0.971417 -0.0500833 -1.32421 0.775802 0.188758 -0.236155 0.141888 -0.909425 1.27393 -1.639 -1.62207 -1.28814 1.57136 1.40572 -2.26347 0.583504 0.32981 -0.452866 0.739476 0.21381 -0.805146 -0.0751406 -0.13495 -0.0361299 0.346782 0.690066 1.09813 -2.71067 2.68553 -0.896563 0.851914 1.39417 1.14782 0.975804 -1.24432 -0.0805917 1.2618 -0.433928 0.0493434 0.363305 -0.635913 -0.654609 -2.87615 -1.15745 -1.47609 -0.136487 -0.859774 1.93701 1.21765 1.30514 -0.0120341 -2.41797 0.4294 0.843896 -1.89955 -2.49525 -0.0926725 -0.517708 1.29392 1.20244 0.78914 3.51805 0.72014 0.87612 -0.657973 1.33029 0.323207 -0.894594 -0.940173 0.537135 -0.627947 -0.264931 -2.30901 1.17778 -0.354096 0.796282 -1.62227 2.27602 0.836324 0.00608088 -0.201461 -2.44872 0.758573 -0.537941 2.21651 -0.229305 -1.62739 -0.717365 -0.771428 -1.5513 1.73552 0.76978 -1.65977 -1.54073 -1.7709 1.15537 0.682394 0.890903 1.1424 -2.64246 -1.08066 -0.135306 0.754676 -0.0695678 0.289313 -1.58361 -0.205354 -0.616529 0.962059 0.479908 1.19366 0.788139 -0.788109 0.959652 0.53118 -1.39584 -1.69434 2.1447 1.50574 -0.338203 1.04194 -0.115332 2.00361 0.0068411 1.52153 -0.654767 -1.46608 1.11993 -4.11172 1.09265 -2.7275 -1.38512 -0.238152 -0.198361 0.903983 -0.222631 -0.857303 0.780595 0.124821 -0.517161 -1.08353 -2.30683 -1.6389 -0.614574 -1.85571 -0.906775 -1.44928 2.10086 -1.77096 1.19833 -2.37704 0.200234 -1.93284 1.39149 2.13198 1.93943 -0.478579 -0.533498 0.237764 1.63381 -1.26804 -0.140835 -1.15708 0.173767 0.878554 0.750937 0.714474 -1.98402 -0.173943 0.443215 -0.495838 -0.205662 1.27224 1.48349 -2.27866 2.03767 -0.887638 0.462193 0.651356 -0.334308 -1.91595 0.0532792 0.877354 -0.965059 0.444235 0.298971 0.322833 -0.106609 -2.91784 0.643235 0.442532 1.71903 0.139587 -1.60374 -1.17243 2.43735 0.181224 2.56414 -1.17878 -1.75502 -1.47654 -2.95791 3.02734 -3.32253 -1.77188 -1.66401 -2.49878 1.45517 -0.383114 -0.928588 -2.14169 -0.0995253 -0.350722 -0.559808 -3.8528 -0.373959 -0.689306 -0.526311 2.03944 -2.22632 -1.17235 -1.34081 0.733516 -0.105595 1.03636 0.133485 -0.584168 0.0543787 -2.52357 0.854454 -1.5468 -2.32631 -0.0310848 -1.11822 -2.72765 -1.13028 0.664899 1.15557 1.6697 -0.582507 0.302758 -2.65557 -1.66483 0.347168 0.327922 -1.96321 1.73926 -2.56152 0.187079 0.782951 -1.91582 -1.62406 -1.73762 1.70119 -1.55291 -0.773447 0.141413 0.331455 0.55658 0.770004 -0.938628 0.0198844 -0.2017 -0.869176 -2.76648 0.661558 -1.88616 0.501821 -1.45879 -0.577163 0.394478 -1.85526 2.02993 -0.0846947 -2.4288 1.46314 -1.27658 -0.767526 0.537492 -0.495494 0.783808 
1.39773 -1.32655 -0.170749 0.777734 -0.436454 0.514827 -0.83629 -1.26286 0.911221 -0.899501 -0.978536 -0.97951 -0.281657 -2.75831 -0.786649 1.89409 0.825817 -0.144356 2.01498 -0.351947 0.755412 -0.675892 0.114712 -0.943119 1.21429 2.01808 -1.70662 0.315414 -1.76603 -0.26451 1.06773 1.54174 1.55476 -0.790743 2.2711 -0.685969 0.944582 0.663764 0.251141 1.5922 1.79171 -1.35037 1.12327 -0.260142 -0.951381 2.67318 3.1874 1.07678 2.13104 -1.3111 -3.71948 -1.44834 -0.229865 -0.333921 -1.30427 -1.57129 0.524161 -1.17891 0.0337562 -0.552395 0.267971 -1.41598 -2.30264 -0.120809 -0.818445 -0.326931 -1.25254 -0.142635 0.839304 0.35189 -1.36975 0.045978 -1.54258 -2.68475 -1.10893 0.876159 -1.2183 0.592653 -1.30776 -0.933175 0.0707932 -0.761983 0.27545 -0.901226 1.76393 -0.416615 0.166931 -0.883663 -1.34586 1.00402 0.36752 -0.962251 0.93393 1.22699 1.96163 -2.81802 1.71005 0.758367 -1.6546 -0.998614 -3.76142 1.23919 1.12249 -0.287316 0.582049 2.17809 1.28705 2.82407 -1.21435 1.19199 0.353937 -0.205382 -1.02177 1.22836 0.765495 1.24795 0.0563021 1.13855 0.686888 1.82493 -1.2224 -2.25549 0.453051 0.498182 -1.7452 -2.97375 0.0769663 0.0176852 1.47775 -0.120056 0.548238 1.55945 -1.55744 1.48764 0.422779 -2.87452 -0.235261 0.142629 -1.11366 -0.20416 1.45456 1.51889 0.304583 -3.00439 0.548198 0.0915682 0.838774 0.13903 -1.01448 0.6142 1.74145 -0.495877 1.89909 -0.0403246 0.869614 -3.58115 -3.23785 -0.00896897 1.0351 -0.371451 3.44168 -2.21536 -1.60093 -1.39692 0.0305357 0.916718 -1.13426 -0.0574162 2.01055 1.19442 -3.5419 0.844294 -1.10273 -2.15498 2.32851 -0.149913 -0.0476639 0.702079 0.166844 -0.281171 0.31546 0.0672219 1.42415 -0.631173 -1.5356 0.0489922 1.74584 -0.664811 3.40046 -1.37171 -0.855314 -1.18651 2.02374 -1.93441 0.799521 -0.187682 0.143597 -1.50914 1.95889 0.321435 0.548486 1.21135 -0.221728 -0.89739 0.417614 -1.04234 -1.03172 -0.114586 1.00219 -1.19145 1.27315 0.0926084 0.832043 -1.01394 0.24751 0.0835165 0.750644 -2.62473 0.706014 8.65469e-05 -0.0223625 -0.397972 0.265777 -0.632424 -0.425537 -1.52299 -1.29994 -1.61396 -0.548813 0.178794 -0.279158 -2.56703 0.23806 0.775785 0.0371056 1.98495 2.59493 3.69931 -1.34844 2.70829 -0.344595 1.5224 0.533656 -0.0388873 -1.05616 -2.00698 0.00327618 -0.223815 1.85117 1.32543 2.0218 -0.397061 -0.813026 -1.79934 1.35619 0.933251 0.563143 0.0684933 -1.54385 -1.8835 -0.667486 -1.25728 2.11567 1.20052 -0.837442 -0.0622715 0.897862 1.02669 1.07022 -1.00208 -3.36201 -1.34018 0.106966 0.672102 -1.20891 0.772864 2.03982 4.61995 -2.63983 -0.803672 -0.900909 -0.212281 0.963171 2.32665 -0.675384 2.54098 -1.13707 0.193084 -0.47177 1.91416 0.727042 0.89285 -2.11818 0.421601 0.481196 1.13144 -0.394373 0.455199 1.8502 -2.1565 
1.68114 1.63561 3.45858 2.42658 -0.220895 0.623929 1.64903 -1.96714 0.155068 -0.856699 -0.466472 -0.817961 1.00375 0.482338 -0.405847 -1.74404 3.72064 -1.91929 0.60676 -0.491222 1.19644 1.10543 1.22402 1.41353 0.505528 -0.215825 1.57399 -1.46661 0.87902 0.347164 0.938141 -1.39451 -0.231577 -1.78913 0.189029 1.83239 1.38259 0.00578967 -0.0371319 1.27157 0.551595 0.388764 0.267082 -2.22746 1.97983 3.77123 0.692914 -1.23401 0.0620354 -2.63923 -0.111065 1.34304 4.60913 0.0298493 1.96933 -1.4776 0.254342 1.92156 0.278122 0.335605 0.487925 1.1756 0.362558 0.257498 -0.418352 0.792899 -2.56952 -0.884426 -0.985715 -1.71456 -1.28492 1.25821 -1.11569 0.434482 1.99714 0.761392 0.988415 0.961282 1.72166 1.02308 2.14693 0.615959 -0.134634 -0.30605 0.23792 1.28629 0.466181 0.080544 2.13331 -0.490598 -1.767 -0.982234 3.28043 -0.173246 1.07484 1.07854 -0.28174 0.98228 -1.88686 1.37489 1.17783 0.0731515 -0.711671 0.2546 0.700349 0.381812 0.56209 2.10637 0.756794 0.60177 -0.902185 -2.25502 1.52637 -1.08321 -2.14443 -0.350391 -0.797032 0.818531 0.925439 1.28571 -0.720258 0.218671 -1.8428 -0.932055 0.73746 -1.03524 -3.26969 2.42137 1.33926 -1.57827 0.919861 -1.20098 0.621864 -0.467813 -1.2952 -1.20364 1.81483 -2.3548 0.997489 -1.50838 -1.74745 -0.425403 -0.481073 -0.284784 1.10961 -3.74036 1.32887 -0.574596 -1.54719 -1.02794 2.12152 0.0386672 -1.07867 1.0997 -1.50471 -1.48918 -1.33621 -0.624152 -1.30061 0.0110217 0.44433 -1.00214 -0.848428 -0.16753 -0.881758 4.19857 -2.111 0.648972 -2.02433 1.33256 0.548994 -1.47512 -2.17851 -1.1383 1.08726 -0.0654124 -0.665635 0.39651 0.112912 -1.98354 -0.571003 -0.875233 -0.157372 -0.132591 -0.314195 -0.458959 -1.00295 -2.48887 -1.32301 0.393658 -1.83334 -1.44835 -2.19636 1.66507 0.902959 0.945595 0.860775 -0.983917 1.87253 0.25006 4.22591 -2.41748 -1.7338 -3.34741 -1.6296 -0.90923 -0.457313 -3.55874 0.606947 -0.885515 -1.68489 2.9733 2.27612 0.742953 -1.45159 1.08447 1.90493 1.69628 -2.41663 -0.4466 0.459905 0.940216 -0.103595 -0.86021 1.03452 -0.322928 1.49956 -0.121694 0.79445 0.357696 -0.473806 0.363387 0.978039 0.211348 -0.227751 0.336067 0.977851 0.256735 2.31756 1.21988 1.85733 -0.0613654 1.93186 -0.477939 0.312834 -3.38005 0.4231 -0.798068 0.107089 1.47048 -0.364391 0.146411 -2.00299 0.858029 0.956147 -0.893382 0.161131 1.63826 -2.01373 -0.882905 1.63751 -2.27916 1.42087 -0.812634 1.8146 -0.419633 1.45747 -1.11597 0.844878 1.99641 1.52732 -0.348049 0.859188 -0.291261 3.77624 -1.17165 -0.833008 -1.08907 -2.66546 -0.286857 0.911496 -0.998694 -0.399897 -1.18996 -1.06556 1.42527 0.0923563 0.354726 -1.041 -2.12031 1.80421 0.743454 -0.32267 -1.41286 -4.34353 -0.702785 -0.81363 0.324633 0.790473 -0.272087 
-1.9964 1.42174 1.5143 -1.44973 1.99371 -1.58171 -1.3201 1.20331 -1.31112 -0.953249 0.954573 0.161889 0.341201 -1.31864 1.42765 1.41792 0.88348 0.030399 0.161801 -1.3705 1.63938 -1.43283 1.29427 1.79942 -1.06645 1.42929 -1.20717 -1.18784 -0.636332 -0.613406 -1.54594 -0.123401 1.28503 0.020465 0.706417 0.453339 -0.532046 -0.466284 -2.34755 2.73461 -3.27372 -0.649641 0.128235 -1.24757 1.39613 0.159995 0.449634 -0.802029 -0.270074 -2.09087 0.0745417 -0.245605 2.108 -1.95632 2.03236 2.17648 -0.872197 -2.50428 -0.567771 -0.150424 -1.09291 -0.610391 -0.975289 -1.61716 -0.274644 -0.330424 2.03413 -0.735213 1.10337 -1.11855 0.553999 1.69339 0.647189 0.24699 0.322089 -1.91482 -0.504557 -0.664096 0.501741 -1.23651 1.94273 0.774951 0.682527 -0.592166 -0.074752 0.253199 -0.941312 -1.0249 1.22233 -1.98014 0.617664 -0.602942 1.64625 0.82179 -0.161085 -1.88313 -1.80493 0.336626 0.027071 2.20373 -0.392958 1.0971 -0.292107 -0.446949 0.342709 0.482702 1.89585 -0.560843 2.02602 -0.798783 -1.3769 -0.0185361 1.06655 -2.97892 0.386258 -1.33458 0.53863 -1.53799 -0.654875 1.09281 -2.23658 0.676587 -1.36723 -3.24353 -1.79747 -0.584469 0.637213 0.849158 1.32476 -1.02437 -1.18409 -0.424099 -0.66824 1.1075 0.82056 0.980363 -1.92554 3.83277 1.03042 2.04711 2.52494 0.588066 3.17526 2.37918 0.23741 -1.02778 -1.11011 0.0814677 0.840349 0.571985 0.121494 0.104272 2.30154 -2.0528 0.968506 1.3581 -0.25089 -1.12732 0.944124 0.111387 4.01509 -0.0252327 -0.735615 0.58925 0.343412 -2.68943 0.291166 1.2867 0.448618 -1.93139 0.622811 3.15596 0.900577 -2.61139 0.867507 -1.49736 -0.348657 0.988465 -1.18055 0.0364143 -1.2187 2.45065 -0.412055 2.11829 0.41138 0.636053 0.580856 -1.06381 0.906309 0.186392 -0.162776 -0.927151 1.07306 1.19269 1.31372 0.438915 -0.427006 -0.810673 0.705117 1.01934 2.95228 -0.595749 0.166316 0.109204 -1.59848 -0.595294 2.37072 -0.164975 0.785622 1.58628 0.2611 -0.940821 1.18982 1.88269 0.137431 1.54982 0.521329 -1.65204 -1.79418 1.27965 -1.83832 2.7343 -2.37125 -0.969764 1.12983 -2.29135 -1.17853 1.11115 0.262892 3.45315 2.19985 0.247665 0.551447 -0.527102 0.316065 -0.783002 0.406065 0.890044 1.0417 -3.51068 -0.929551 1.87325 1.49177 0.242465 0.931665 0.696079 1.45085 0.847004 -1.67897 -0.552276 -0.592531 -0.554977 -3.06907 -1.23832 -0.890572 0.760725 -1.52361 1.86716 -2.74773 -1.40028 -0.396106 -2.43999 -0.253452 0.872511 -0.756288 0.362327 -1.05746 0.702913 1.15974 2.64359 -2.55716 0.161107 -1.40324 0.264709 0.0946259 1.62161 -2.04756 -0.100792 -1.95881 -1.75556 -2.58765 2.35797 0.713308 -0.194823 -0.506036 0.45105 1.14369 -1.13961 1.56576 0.627407 0.397368 3.64828 -0.718935 0.533869 -0.663899 1.3408 1.22599 2.12504 2.31802 -1.07538 
0.119753 3.29842 -0.56906 -1.79831 0.203163 -0.589779 -0.847082 -1.09488 -1.89588 -0.699755 0.192635 0.365435 0.631428 0.0137991 0.0726296 0.661827 1.78358 -0.707761 -0.0909561 0.375162 -0.031677 -0.916752 0.578426 3.30875 0.729194 -1.84709 1.34768 0.465191 0.292383 -0.0521057 0.787614 -0.407515 -0.435146 -1.47146 1.8171 -1.55989 -1.12163 -0.936645 -2.32086 1.22267 0.63235 0.0329735 0.569629 3.70663 -0.258421 0.722721 -1.14566 0.468357 1.43765 1.14349 1.98516 -0.283088 0.322143 -1.55645 1.45038 1.24966 1.8296 0.386865 -1.12798 0.929886 3.99819 1.61378 0.442146 1.55749 0.924481 -0.121291 -0.94586 -3.22071 0.369638 2.94827 -1.03027 -0.658753 -0.96046 -0.0378366 -0.0530556 -0.781011 0.354047 -1.12721 -0.828429 -1.10964 0.276547 -1.52041 -1.69923 -0.224747 -0.680232 -2.73417 2.27666 -0.231737 0.225476 1.47901 -0.310186 0.0928683 1.24463 -2.04168 -3.0748 1.62141 -0.384921 -1.05093 1.18348 -2.5124 3.04676 0.412209 1.81921 0.141733 2.12298 0.140999 -0.0557439 -2.79306 -1.17461 -0.87925 -0.128745 -1.29494 -0.815181 2.2391 1.14877 0.129567 1.48175 0.681505 0.164385 0.920657 0.139963 0.911561 1.58024 -0.150639 0.120243 -0.428794 -0.797955 -1.16355 -0.533813 1.27129 -0.768984 -0.800372 1.5176 -0.431433 0.513349 -0.856339 0.522869 -2.50058 -1.49151 0.349207 -1.02732 0.80424 1.54948 -1.02749 3.83346 0.471949 1.92438 -0.87123 -0.391941 -1.21398 0.152449 1.46736 0.303475 1.5 1.05549 2.36558 1.06103 -1.09058 -0.792713 -2.48515 -0.133902 0.935442 0.482162 -1.34271 -1.04334 -1.68185 -3.52792 1.55261 0.0868391 0.906731 2.62225 0.768397 -0.908697 0.812516 -2.54117 -0.735231 1.05956 -0.686582 3.27087 -1.88038 -0.860166 1.92578 1.67094 -0.944867 1.66528 1.35654 -0.625935 -0.793782 0.164303 -0.954433 -1.20219 -0.562273 1.31183 -2.08158 -1.58136 -0.767571 -0.952841 0.398511 0.289649 1.10542 -0.989495 -0.602284 0.0952453 0.840892 -0.746219 -1.0321 0.145155 -0.150634 -2.07575 0.171103 0.0699846 0.57178 -0.0820474 -2.59006 1.90853 0.36917 -0.300194 -0.214345 0.591415 -2.23589 -0.5961 -1.81932 0.556071 -1.57728 -0.554832 -0.592421 3.1862 0.00907476 -1.79402 -1.54751 -1.15035 -0.660574 0.387168 1.35813 0.949212 1.04609 -1.25279 2.89771 -1.05485 0.792496 1.48464 -0.053189 -0.720931 1.06348 -1.43586 -0.506199 0.913079 -0.369139 0.967895 0.152274 -0.891755 -1.25322 -0.147231 -1.65318 -0.64454 2.07847 -0.00703316 -2.30287 -0.711709 -1.09089 -1.51461 0.465827 -0.507376 -0.98131 1.62238 0.385808 1.44567 -0.0966424 1.61561 -1.8893 0.589695 1.08532 -0.587701 -1.40231 2.2934 -1.81651 -2.11955 1.76058 -0.234171 0.314357 -1.09815 0.856284 0.971884 -3.11249 -1.02358 0.227544 0.174436 -0.410107 -1.30367 -1.47646 2.5495 1.06213 0.55958 0.240271 -0.32279 0.493999 -0.643636 -0.886913 -0.715645 -0.474784 
0.663771 0.551512 -2.17437 -1.88073 -0.510823 -2.28074 2.13765 -1.3718 0.650389 2.13244 1.57503 1.97138 1.70371 2.68184 1.3141 3.3699 1.69768 -1.73215 -2.63455 0.471421 -1.4099 1.08133 -0.031867 -2.23165 1.09575 -0.329004 -0.351196 -0.846543 0.18722 -1.36456 0.461925 1.4138 1.20927 -0.032327 1.32641 1.2497 -0.178662 -0.981919 -1.04232 0.379411 -0.00268682 -0.48315 -0.466753 0.323343 -1.86543 1.71511 1.73534 0.716342 -0.499063 -0.619235 1.34538 0.0697768 -0.18936 -0.627714 1.44399 2.4147 2.10097 0.984022 -1.13661 2.03981 1.20283 -0.747843 -0.285938 0.362176 3.68855 -0.606971 2.66202 0.921694 -2.30338 -2.91551 -0.829301 -1.38836 2.72743 -0.731427 -0.72449 -1.21238 0.710992 -0.851156 -2.19581 2.1238 -1.02837 0.970427 -1.85493 0.15833 -2.28184 1.00738 -2.02302 0.159343 -0.413145 -0.801162 0.52218 -2.70283 2.59814 -1.5735 -0.990099 1.61518 -2.04603 -2.38256 1.53323 -3.0762 2.21392 0.104957 -1.1502 0.755232 1.70575 -0.0859227 -1.9588 1.56795 -1.08824 -0.108848 0.14737 -1.2222 0.765931 -0.0542552 0.709263 0.385405 -0.737001 -1.63822 -2.79141 -1.56874 -0.927066 1.37577 3.00174 -0.339017 1.46416 2.19219 -2.1287 -1.12782 1.21655 0.394662 -2.36496 2.14171 2.85018 -1.05455 -0.342589 -1.60468 2.43003 2.88953 0.494314 1.40932 1.71026 -0.266636 1.49654 0.244287 1.18764 1.13413 -0.530805 0.534463 0.0324675 2.56393 2.42804 -1.4949 -1.47203 -0.731052 1.38838 -1.44313 1.26602 0.74928 1.91845 0.0710671 2.65194 -1.47059 2.98933 0.840635 0.750336 0.897778 -1.12096 1.17466 -0.451884 -0.98016 -1.7385 -0.140442 -0.270411 0.311373 -0.139008 -1.48193 -1.06902 1.3629 1.45153 1.09484 -1.49778 1.27366 1.77565 0.0892817 -1.16379 1.16512 -2.51474 -1.51703 -0.706851 -0.600215 -1.51118 1.26821 -0.525342 0.0977179 0.764885 -2.74382 -1.2445 -1.19495 0.404315 0.974224 3.83799 -1.53548 1.82707 0.629962 -2.52105 -0.692926 0.980661 -0.0538365 -0.685505 -0.763842 0.0955293 -2.06779 1.26769 1.1501 -0.261994 -2.02934 0.777643 -0.401134 2.4263 0.731739 0.0927296 -0.100756 0.829371 1.21014 -0.182575 0.353858 -1.05394 -0.626729 0.433795 -0.218481 1.53518 -1.44431 -0.267658 -2.33468 -1.69208 -0.0133542 3.34736 -2.60487 1.46618 -0.873693 -1.10268 0.6782 -0.056537 0.0587714 -0.383906 0.479167 -2.45265 0.236564 0.256359 2.52178 -1.24623 0.211324 -1.83959 -0.985771 0.145694 0.296423 0.187491 -0.526544 0.497273 -0.0841188 -2.23123 0.648673 1.40863 -1.29199 1.21301 -0.217748 -0.192138 1.83495 -0.552558 -0.266052 0.223385 0.859886 0.941724 -1.04341 0.169098 -1.53409 -0.268302 1.13263 1.53503 1.44799 0.341301 1.73037 -0.545509 -0.637772 0.0675854 2.61422 1.6626 -0.0281395 -0.621289 1.71719 0.0396647 -1.28183 2.13064 -1.88183 -1.1949 -0.486707 -2.53156 0.81167 1.51196 -0.999254 
0.189164 1.63589 -1.29775 -0.400833 0.484979 3.03985 2.06007 -0.4584 -1.9668 -0.787408 3.26023 -1.04252 -0.601508 -2.1002 1.17533 -2.26525 -0.347659 1.32487 -0.931268 0.728834 0.686489 0.948262 1.55645 -1.00792 0.228853 -1.65604 0.490946 -1.14638 -1.08755 -0.340897 2.85314 0.428688 -0.701139 2.27636 0.100393 -1.04182 0.307612 -0.452014 -0.499754 1.03481 -0.0100453 1.8392 -0.0802338 -1.56713 -0.27752 -0.515851 -0.381098 -1.77978 2.14864 -0.559623 1.02065 -0.713482 -0.632692 -0.480078 3.82855 1.70752 2.48044 -0.958804 -0.017654 -0.0118682 -0.382344 2.76358 4.32113 0.405535 2.29906 -0.277282 0.542069 2.59681 1.50302 -1.74172 0.311941 -0.127589 0.30631 1.50514 -0.765961 -0.144601 0.4815 0.892423 -1.53955 2.55398 0.71558 0.177366 -1.33399 2.1329 0.660966 -0.021054 -1.36566 -0.0263215 2.86902 2.76758 -1.06869 -2.37299 -1.41755 0.961069 0.616179 2.34199 -0.571139 -0.883424 -0.720749 -0.961095 -1.50191 2.43479 -2.0364 2.41194 0.574105 3.50647 -0.0449998 1.11596 0.513048 0.157279 1.22136 -1.70905 0.411002 0.907137 0.159505 0.79383 1.52554 -0.0528485 -2.02933 -0.925103 0.815076 -0.248023 0.825483 -3.47624 -1.0895 -0.0425782 0.770393 1.08786 1.40532 -1.07558 -0.272401 -0.362263 -1.86773 0.814503 0.575864 2.23998 -1.48768 2.69851 0.71518 0.922772 -0.549434 -0.530716 -2.67376 -1.97789 -0.493639 3.10217 1.68734 0.355064 -0.22432 0.198867 -2.28471 0.612084 0.250327 0.416379 0.326478 0.436735 -0.582902 -2.32731 0.041349 1.17961 -0.661528 -0.509408 -1.86068 1.3664 0.972091 0.197934 -2.20157 0.65769 -2.61535 1.85285 -0.39756 -1.55456 -0.855155 2.63282 0.744037 -1.73564 0.808149 -1.36246 3.10726 1.24934 -2.13715 -2.07496 1.39567 -1.30902 -0.265766 -0.219368 -1.16116 -2.59081 1.39715 -1.8507 -0.375307 -1.32082 1.0788 -1.85974 1.12409 1.99324 -0.282598 -0.734794 -1.07132 -0.537531 -0.614526 -1.57976 -1.07965 -0.804704 0.991384 -0.206262 0.479106 -0.268163 0.826819 0.223475 -1.22996 -1.7454 2.20911 0.772662 1.9856 0.755252 -0.0583206 -0.0493104 -0.87109 0.738783 -0.259059 1.22178 1.58971 -0.440374 -1.22037 -1.9458 0.599861 1.55013 -0.961936 0.456781 1.19011 -0.218086 1.43509 -0.70492 0.586493 1.56254 0.0618444 0.627721 1.29251 -1.37711 1.17481 -2.48023 2.61503 -0.158553 2.04898 1.94693 -1.40759 0.513022 0.156249 2.03611 0.425446 -1.58935 0.565841 -0.897826 -0.243777 -0.120714 -0.0915692 0.765986 -0.285568 -3.0997 -0.593355 -1.30685 1.33197 1.04743 -2.89768 -0.935275 1.3895 1.52569 -1.10755 0.386055 -2.61759 0.0573941 0.64223 -0.249403 -0.496551 0.409578 0.575454 0.0183473 1.11969 0.226875 1.29845 -0.805735 1.65249 0.974811 -0.158984 1.77183 0.155198 -0.866231 -0.902949 -1.10314 1.80839 -0.791836 1.91737 0.57465 0.667539 0.718883 2.63081 1.94828 -0.667226 -0.182389 
1.87354 0.535268 -0.171229 2.0281 0.680513 -1.22449 0.6662 1.65413 -2.89679 -0.971199 -0.723048 1.76883 -0.583897 -0.993512 -0.990887 1.52281 -2.6878 2.15816 0.131895 -0.443656 -0.433511 0.379774 -1.38892 -1.09463 0.308359 0.710369 -0.0569027 -0.398489 -0.696494 0.103734 2.49874 -0.539058 0.883046 0.0117614 -1.89467 -0.262046 -0.69869 -2.23818 -0.293683 -0.426035 0.0937429 -2.15766 2.59693 -2.3298 0.728144 0.953058 1.82872 -1.55215 -0.828123 -1.60193 -3.34607 -0.99666 -0.393565 2.06757 1.01913 0.810887 0.33278 0.525484 2.56779 0.296716 0.633298 -1.09835 -0.238436 -3.87728 -0.420238 0.301725 -0.277837 -0.559945 0.628869 1.98536 -2.68992 0.58812 -0.213979 -0.334075 -0.265148 -3.09888 0.146387 -1.16618 -1.3607 -0.00505164 -0.76151 1.96056 -0.345442 -0.133701 -0.0721024 1.1589 -0.751708 -1.22321 -1.07581 2.13613 0.945355 -0.480784 1.31833 0.775904 1.52902 -0.932977 1.63867 -0.0638227 2.27604 -0.0460296 2.03044 -0.990582 -1.4871 -0.309915 2.40015 -0.752862 1.57248 -2.73673 -3.52002 4.80209 -1.33504 -1.22198 0.609802 -0.875902 0.574387 2.99883 1.14731 -0.904351 0.239686 -0.500677 2.00901 1.96676 -3.04241 0.66354 -2.71328 1.32719 3.48372 1.44372 -0.0454082 -0.41698 0.708361 0.293279 1.42267 0.571175 2.00317 -1.08764 -1.99565 -1.09706 0.0161427 0.0376658 0.47963 -0.583615 -1.09584 0.315924 -1.20698 -0.80986 -1.24077 -0.984873 0.343667 -2.17644 -1.94634 0.140427 -1.84496 -2.35672 1.10686 -2.85917 -0.191559 -2.86814 -1.17068 -1.76547 0.380275 -2.3643 0.598095 3.13149 -0.658109 0.724241 -2.25452 1.53116 -0.891905 -0.030184 -5.81834 0.914801 -0.486057 -0.442644 1.47899 -5.09571 0.598638 -2.563 1.14855 -0.274003 0.845256 -1.79644 2.417 1.42598 0.275035 -0.070525 -3.8838 2.72625 -0.612201 0.192277 -0.447819 -0.371114 1.13744 -0.0962978 -0.677218 -0.0781866 0.292519 -0.173516 0.911726 0.368094 -0.984286 1.09467 -1.07727 -0.991203 2.48231 -1.92129 -1.32802 -0.00984519 0.958985 1.08112 1.09441 -2.14677 1.45511 1.92267 -0.907169 -0.556707 0.847156 -0.776835 -0.309841 2.97153 -0.906115 0.00307845 -0.201448 1.76232 1.51443 0.556663 0.553203 0.185213 1.29738 1.71185 1.19618 -0.047143 -1.72309 -0.922342 -0.330712 0.0834137 0.223813 0.122297 0.726743 1.31512 -0.379403 -0.93837 0.807728 1.37732 -0.406766 -1.53362 1.16971 0.704128 0.206863 0.933659 1.10138 0.384893 1.11052 1.57823 0.624983 -0.70137 -1.38878 -0.449617 1.21412 1.60009 0.955501 1.69078 0.0704955 0.212043 0.274579 1.18787 0.593334 0.954681 0.0441751 0.717736 0.645488 -0.671982 -0.880123 1.03425 0.173432 0.891842 -0.29684 -0.270805 -1.03447 0.545358 -0.491598 -0.999447 1.69098 -0.650432 -0.377621 1.40103 -1.83755 -1.7931 -1.68623 1.14486 1.0549 -0.603939 0.636316 -0.216797 0.222555 -1.51367 0.798374 1.38265 1.26729 -1.98475 
1.02421 0.732012 -0.801029 1.69546 -1.99845 2.27844 -0.259465 -3.00597 -1.50553 -1.03901 -1.01826 1.55108 -0.194194 -0.0142609 -0.168328 2.36844 1.87878 -1.51534 2.99362 1.53621 -1.51523 0.410265 0.811181 0.161411 2.39635 -0.0134596 -0.34402 -0.130521 2.14527 -0.496821 -0.414164 -2.40378 0.231139 1.79613 1.62847 -0.244835 1.61069 2.98706 -1.1245 0.90949 0.766741 -3.46361 -0.35063 -0.260596 -0.185384 0.756165 -0.162149 -1.05328 -0.0638152 -0.113554 -0.412609 1.94479 -1.06235 -0.636151 -0.280507 -0.278918 0.94163 -1.23998 -0.384387 -0.0781237 2.37156 -2.45407 -0.124079 1.08444 -1.78345 2.01889 -0.254941 0.483304 -0.564899 1.52524 1.13569 -2.02489 1.01833 -1.49156 -0.800788 3.01305 1.06351 1.00269 -0.114544 -0.59512 0.411575 0.925754 0.149652 1.33927 0.724849 -1.2326 -0.279225 -1.63481 -0.644133 -0.884562 0.940494 -0.179646 -1.2205 -0.775322 -1.47275 -0.479763 0.885004 0.926223 1.07298 -1.23994 1.18559 -0.632553 1.31243 0.358131 1.6925 -0.388085 -1.206 -0.226486 -0.446076 1.56439 0.318739 -1.55941 0.482751 -1.25191 -0.13125 -0.408104 0.388594 0.689138 1.25165 -0.305508 -0.582665 0.960652 -2.40986 0.307059 -1.76479 0.712083 1.28683 0.975489 -1.72217 -1.55186 -0.730825 -1.84371 -2.08812 1.36647 0.317426 1.09654 0.926406 0.226246 -0.877585 0.362933 0.523705 0.238195 -2.5869 -3.60403 -0.510872 -0.238341 2.34937 0.797045 0.647219 0.60846 0.787483 -3.03105 0.660939 -1.21338 0.3895 -1.30193 1.3401 2.7394 -0.844953 1.65241 0.972251 -2.08061 1.25083 -1.29282 -1.96219 0.366347 1.46402 -1.28411 -0.347498 0.272148 -1.37121 -0.563134 -1.39492 0.489274 -1.80053 -1.0687 1.18953 0.251869 -0.544187 -0.585962 -0.989885 0.100985 0.745242 0.228312 0.761266 1.81358 -0.00911095 1.30934 1.93211 0.412892 -3.05393 2.00081 1.1369 0.506983 0.625469 2.62238 1.22926 -1.75903 2.00554 1.1595 3.2015 -0.16654 -2.21614 -1.57308 1.57121 0.643347 -1.74628 -0.543118 -1.30784 0.641475 -0.366084 -0.0856165 0.00845203 1.14487 -0.529339 1.48592 -1.64564 -0.723112 1.36432 0.101982 0.164173 1.15522 -1.04126 -1.08933 0.0101543 1.48869 1.81782 -0.250333 0.54586 -0.394484 -0.183682 -2.83009 -0.808029 -3.08526 -2.50575 -1.36899 0.145463 0.334913 0.640755 0.445127 0.00383852 0.210054 -1.90842 0.584175 1.8768 0.965973 0.657938 -0.498765 1.74862 0.772117 -1.96958 -2.20853 -0.776232 -0.633506 0.560663 -1.23228 -2.21055 0.155727 -0.453405 2.57541 -0.53144 -1.14954 0.18683 0.165309 1.51874 0.425038 1.96447 -0.1607 1.53846 -0.242892 1.20255 -0.413865 0.930729 -0.7212 0.00162121 -1.21637 -0.615783 0.744898 -0.455591 1.39985 -0.66234 0.447973 -1.75954 0.962537 -2.83611 2.76602 4.16032 -0.788899 -0.381698 -0.0260301 0.420266 0.0733627 -1.35584 1.50023 -2.04204 1.18434 -0.222969 0.820724 0.123661 0.19624 
1.11489 -0.402654 -0.794287 -2.73611 -0.0725791 -1.0134 0.946738 1.08061 1.04998 -1.36921 -0.0108219 -1.72197 -1.24092 -0.715438 -0.1608 0.60847 -1.57674 -1.53955 0.114059 -2.82685 0.131725 1.74356 -0.0820365 1.27984 0.32541 0.421902 0.234449 0.451211 -1.49065 -1.75024 -0.109293 0.916387 1.01138 1.27778 0.841041 -1.52018 -2.44271 -0.683656 0.548461 1.25927 0.641905 0.327145 1.20249 -0.759982 -1.12651 1.01936 -0.820744 -0.244995 2.03335 -0.351155 0.135445 -0.189519 0.535828 0.289261 0.971111 -3.60871 -0.0165371 -0.864478 -0.244966 -0.726997 -1.21249 2.95723 -2.63259 -1.71405 -0.972572 -0.359653 3.07684 -0.42324 1.22201 0.0945679 -0.348118 -0.769245 1.49717 0.416041 2.38955 -0.57524 -0.810674 1.90607 0.824784 -1.85058 -0.914147 -4.19577 -0.687384 -0.707149 0.249156 1.98481 -0.340567 -0.73985 1.11843 -0.358541 0.757967 -1.5482 -2.31798 0.958775 0.599867 -1.24528 -1.67312 0.325523 -2.14459 -0.901531 -0.968037 -1.82949 -2.58909 -0.0288679 0.945755 0.0691404 1.16179 -0.0494399 0.844572 -1.37222 1.2444 1.72656 -0.363102 1.62111 -1.87822 -1.94197 -0.10321 -0.63267 2.37209 -0.00382077 -0.121413 0.902986 0.520528 3.14847 1.64229 0.561865 2.44791 1.70375 -2.07949 -0.714584 -2.97208 -0.0131887 0.388569 -1.7299 -3.22679 0.145582 -0.00871752 -0.308053 0.679783 0.96677 1.03657 -0.657117 -0.893635 -0.258411 -1.44677 1.11279 0.510661 -0.60559 -0.666455 1.56031 -0.31908 0.855027 -2.54596 -1.72239 -1.12286 -2.41664 -1.86967 -1.72276 0.9085 -0.568895 -0.745243 1.35002 0.126397 -0.541237 -3.03947 0.841336 0.299289 0.769777 -1.09775 0.273624 -1.40499 -1.07224 -0.899774 -0.0272894 1.56265 -1.55313 0.433525 0.693237 0.393411 -0.650495 -0.4655 -2.52512 -0.581184 1.43819 0.21183 -0.910272 -0.526445 1.04708 3.66019 -0.65263 1.2045 -0.52007 -0.35846 -1.4342 1.36788 0.565514 0.0541081 1.57389 0.892196 2.81513 -1.14144 2.49846 0.695268 0.364333 0.519237 -0.987812 2.35142 -0.70377 -1.18709 0.625656 -1.29831 0.719829 1.12875 0.867165 -2.23524 -2.15198 -0.783873 0.543956 -2.04039 -0.929647 -2.15753 0.798741 1.17565 2.19626 0.222298 0.0684684 -0.324113 -0.0293028 -0.977466 -0.74722 1.0489 0.0195463 -0.27259 0.780521 -0.697683 1.19293 -1.22828 -1.42196 0.730519 -0.345011 -0.0634989 -1.6716 -0.570362 0.377375 0.529233 0.408358 1.56647 0.38546 2.45912 -1.62951 -0.614931 0.0655991 -3.79014 -1.36709 -1.57791 -0.586202 -0.788904 -2.08012 0.0594258 -0.610152 1.65029 -1.1231 2.8168 0.920792 0.710849 -1.13134 0.672131 -0.360789 -3.49611 -0.738158 3.14731 0.725155 -2.13543 0.884129 -1.58346 -0.0659271 -0.689224 0.916379 -1.00789 -2.23763 -1.0468 1.11398 1.9204 -0.40099 1.97072 -0.664379 1.07589 0.171401 1.24088 -0.827314 -2.5267 -0.418683 1.4644 0.887239 2.45859 0.566823 -2.51025 -0.254588 -0.00826812 -3.07929 
-0.421885 2.85146 2.16638 -1.06923 -1.54591 0.980052 1.39944 2.00171 -2.67619 -0.582165 -0.530858 -0.620738 0.519704 -0.521531 0.411255 2.07403 0.392685 -0.0622502 3.04224 -2.01243 -0.444001 -0.550556 -0.424734 -1.39584 2.56874 -0.715736 -0.139269 -1.24179 0.856186 -1.32791 0.633889 2.71379 -0.131938 -0.726858 0.433574 -0.597011 -0.769266 1.03592 1.27652 3.47044 -0.901999 -3.10753 0.0143139 -2.28453 -0.790842 1.06791 0.618388 -1.19295 -0.662502 1.38205 0.754547 1.00076 -0.396735 1.14906 -1.7266 0.572881 2.54126 -1.04879 -0.567931 0.460365 0.0689293 1.14929 -1.54509 -0.860084 1.05352 0.313874 0.821123 2.30559 0.12938 -0.748366 -0.976088 -0.765173 0.169491 -2.13239 1.50809 -1.06783 2.43861 1.2872 -1.8954 1.85454 -0.467778 -0.632983 -0.373436 -1.30263 -2.34392 1.23678 0.495478 -2.09138 0.425683 0.245807 0.29458 1.68566 -0.940984 -0.117289 -1.8829 -0.52594 -1.4393 -0.7201 1.77603 -0.601533 2.07251 0.124999 2.79873 -1.39336 -0.0307229 1.10609 0.0985697 0.589015 1.38033 -0.273236 -0.857049 1.04331 -0.529713 1.15312 2.42391 -1.07361 -0.32663 1.78337 -0.179267 2.01235 2.54275 -1.40469 -1.10406 -1.31897 0.270106 -1.06292 0.899239 -0.245252 -2.62409 -0.173137 0.243707 -0.927731 -0.873862 -0.237574 0.976377 -0.93755 1.26346 -0.0848534 -1.13197 -1.66278 -0.731701 -1.3157 -1.55619 0.148321 3.38383 -1.16023 0.237505 -1.42786 -0.892265 -0.422243 -0.870801 -0.523583 1.59747 0.673962 -0.20413 2.01245 1.65279 0.339389 -0.387634 1.88077 -0.512183 -0.290246 1.08912 -0.786004 0.16103 -2.05252 0.0113751 0.177298 -0.350167 1.65699 1.12614 0.640268 -1.98852 2.65753 -3.22433 -0.71325 -0.401528 1.1886 0.872105 0.312803 -3.2776 -0.90375 1.04369 -0.206052 0.871688 -0.952321 -0.26261 1.86718 -1.63727 -1.84088 0.859585 -0.711269 -0.213656 1.66539 -0.408896 -0.957859 0.0740829 1.00394 -1.81219 -0.998488 0.645205 -1.19521 0.361254 1.01238 -0.0216241 0.229445 -0.815767 1.55 0.249641 3.85141 -0.0235329 -1.84673 -1.37249 -2.75937 0.449599 -4.06256 1.25504 -1.05793 -2.15068 -0.707907 1.99928 0.819958 -0.0665329 -0.90517 0.585599 -0.799735 0.606317 -0.942293 -0.0531465 -0.895633 2.33833 -3.41001 3.62045 0.485304 -0.667494 -0.821579 1.70797 -1.57635 0.0817028 0.278908 -2.58793 1.11906 -1.53013 -2.22041 -0.961794 -0.0292143 -1.75356 -3.33788 -0.257121 0.855202 4.27093 0.126192 -0.887709 -2.97283 0.422865 -3.32882 -0.679238 1.9585 2.7073 1.7248 0.954316 0.358099 1.17746 0.0310214 -0.584488 -0.35139 1.78347 2.06073 -2.2467 0.170847 -0.756586 -1.90803 1.35867 1.7904 -0.604305 -1.05785 2.14969 -3.43619 2.68487 1.93449 -0.333364 0.126682 -0.420564 -1.34177 3.06771 1.71092 -2.15736 -0.70443 -0.594866 0.617633 2.89499 0.792391 -0.777011 1.34601 2.54692 2.13377 0.252174 -1.06247 0.7501 -1.18781 
-1.79507 0.273289 -0.0507495 0.745884 0.0921492 -0.120099 0.0300467 0.7208 1.40454 0.909203 -0.738751 0.524786 0.969577 -2.10372 -1.60538 -0.0541739 0.344261 1.17447 -1.50087 3.4633 -0.595041 1.78916 1.5214 -0.731528 0.329813 1.26291 -0.947354 1.53151 2.3667 1.7574 -0.467995 1.86071 -1.11484 -0.512864 -0.915339 0.276716 -0.118577 0.345325 0.639634 -2.23569 0.0354755 -0.407096 1.5154 -0.857245 0.304998 1.45445 -1.75538 -2.20454 -0.953188 0.796254 -1.25945 0.399055 3.87369 -1.26864 -0.31265 2.26589 1.51658 -0.652716 0.759823 -1.94307 2.41246 0.449113 1.34061 0.129956 0.562126 -2.70691 -0.296975 -1.64358 0.138285 1.75453 -0.170279 0.986977 2.48983 -0.565262 0.741371 1.42829 0.689689 1.26066 1.77144 -1.6481 2.10263 -0.678408 1.08083 -2.24968 -1.91201 0.815374 -0.420184 -1.37702 -0.312465 0.0491044 -0.236401 -2.23852 1.92386 1.13534 -2.76583 -1.08542 0.0735612 -1.51563 -0.425565 -0.814077 0.118487 1.78304 1.22117 -0.813492 -1.51135 -1.01288 -0.388124 1.54839 2.91727 -0.952024 -0.723585 -2.12504 1.47569 0.199598 0.937813 -0.251006 -1.71251 -2.04592 -1.3215 -1.92956 -2.0226 0.0825292 0.1372 -1.07764 0.626045 -0.110219 1.57512 1.13198 -0.859455 -0.383994 -1.26247 -1.90193 -0.651192 0.900295 -1.79142 0.172107 2.07923 -0.143655 -0.115124 0.860811 0.36328 -1.24437 -2.1881 0.2256 0.659482 -0.407745 2.37197 -0.40183 1.7155 -1.60267 -0.608059 0.905478 -0.629158 0.0992048 -1.04377 2.28591 -0.0476109 0.767383 -0.440577 0.144861 -0.230063 -1.16324 -0.840737 -1.15834 0.0703871 3.36586 0.980646 1.27521 0.947236 -1.79027 0.0109576 -0.951937 0.529459 -0.707716 0.51888 -1.09724 -0.417368 -2.99544 0.505951 -1.76998 -1.41224 2.38776 1.83892 0.035069 1.33544 -2.7564 2.36273 -0.620792 -0.463726 -0.138288 0.765543 0.759933 2.6896 -0.0939499 -1.90688 0.90852 4.37768 2.08589 -0.494935 -0.784483 2.16657 0.481612 -0.595611 0.529018 -0.956835 -1.1913 1.69963 -0.850235 -0.590251 -0.278754 -2.64998 0.44297 0.15381 -0.673744 -0.276559 1.08088 