1372 1.00001
38.5433 38.5433 38.5433 
19.1345 19.1345 19.1345 
1 1 1 1 1 1 1 1 1 1 1 1 1 1 1 1 1 1 1 1 1 1 1 1 1 1 1 1 1 1 1 1 1 1 1 1 1 1 1 1 1 1 1 1 1 1 1 1 1 1 1 1 1 1 1 1 1 1 1 1 1 1 1 1 1 1 1 1 1 1 1 1 1 1 1 1 1 1 1 1 1 1 1 1 1 1 1 1 1 1 1 1 1 1 1 1 1 1 1 1 
1 1 1 1 1 1 1 1 1 1 1 1 1 1 1 1 1 1 1 1 1 1 1 1 1 1 1 1 1 1 1 1 1 1 1 1 1 1 1 1 1 1 1 1 1 1 1 1 1 1 1 1 1 1 1 1 1 1 1 1 1 1 1 1 1 1 1 1 1 1 1 1 1 1 1 1 1 1 1 1 1 1 1 1 1 1 1 1 1 1 1 1 1 1 1 1 1 1 1 1 
1 1 1 1 1 1 1 1 1 1 1 1 1 1 1 1 1 1 1 1 1 1 1 1 1 1 1 1 1 1 1 1 1 1 1 1 1 1 1 1 1 1 1 1 1 1 1 1 1 1 1 1 1 1 1 1 1 1 1 1 1 1 1 1 1 1 1 1 1 1 1 1 1 1 1 1 1 1 1 1 1 1 1 1 1 1 1 1 1 1 1 1 1 1 1 1 1 1 1 1 
1 1 1 1 1 1 1 1 1 1 1 1 1 1 1 1 1 1 1 1 1 1 1 1 1 1 1 1 1 1 1 1 1 1 1 1 1 1 1 1 1 1 1 1 1 1 1 1 1 1 1 1 1 1 1 1 1 1 1 1 1 1 1 1 1 1 1 1 1 1 1 1 1 1 1 1 1 1 1 1 1 1 1 1 1 1 1 1 1 1 1 1 1 1 1 1 1 1 1 1 
1 1 1 1 1 1 1 1 1 1 1 1 1 1 1 1 1 1 1 1 1 1 1 1 1 1 1 1 1 1 1 1 1 1 1 1 1 1 1 1 1 1 1 1 1 1 1 1 1 1 1 1 1 1 1 1 1 1 1 1 1 1 1 1 1 1 1 1 1 1 1 1 1 1 1 1 1 1 1 1 1 1 1 1 1 1 1 1 1 1 1 1 1 1 1 1 1 1 1 1 
1 1 1 1 1 1 1 1 1 1 1 1 1 1 1 1 1 1 1 1 1 1 1 1 1 1 1 1 1 1 1 1 1 1 1 1 1 1 1 1 1 1 1 1 1 1 1 1 1 1 1 1 1 1 1 1 1 1 1 1 1 1 1 1 1 1 1 1 1 1 1 1 1 1 1 1 1 1 1 1 1 1 1 1 1 1 1 1 1 1 1 1 1 1 1 1 1 1 1 1 
1 1 1 1 1 1 1 1 1 1 1 1 1 1 1 1 1 1 1 1 1 1 1 1 1 1 1 1 1 1 1 1 1 1 1 1 1 1 1 1 1 1 1 1 1 1 1 1 1 1 1 1 1 1 1 1 1 1 1 1 1 1 1 1 1 1 1 1 1 1 1 1 1 1 1 1 1 1 1 1 1 1 1 1 1 1 1 1 1 1 1 1 1 1 1 1 1 1 1 1 
1 1 1 1 1 1 1 1 1 1 1 1 1 1 1 1 1 1 1 1 1 1 1 1 1 1 1 1 1 1 1 1 1 1 1 1 1 1 1 1 1 1 1 1 1 1 1 1 1 1 1 1 1 1 1 1 1 1 1 1 1 1 1 1 1 1 1 1 1 1 1 1 1 1 1 1 1 1 1 1 1 1 1 1 1 1 1 1 1 1 1 1 1 1 1 1 1 1 1 1 
1 1 1 1 1 1 1 1 1 1 1 1 1 1 1 1 1 1 1 1 1 1 1 1 1 1 1 1 1 1 1 1 1 1 1 1 1 1 1 1 1 1 1 1 1 1 1 1 1 1 1 1 1 1 1 1 1 1 1 1 1 1 1 1 1 1 1 1 1 1 1 1 1 1 1 1 1 1 1 1 1 1 1 1 1 1 1 1 1 1 1 1 1 1 1 1 1 1 1 1 
1 1 1 1 1 1 1 1 1 1 1 1 1 1 1 1 1 1 1 1 1 1 1 1 1 1 1 1 1 1 1 1 1 1 1 1 1 1 1 1 1 1 1 1 1 1 1 1 1 1 1 1 1 1 1 1 1 1 1 1 1 1 1 1 1 1 1 1 1 1 1 1 1 1 1 1 1 1 1 1 1 1 1 1 1 1 1 1 1 1 1 1 1 1 1 1 1 1 1 1 
1 1 1 1 1 1 1 1 1 1 1 1 1 1 1 1 1 1 1 1 1 1 1 1 1 1 1 1 1 1 1 1 1 1 1 1 1 1 1 1 1 1 1 1 1 1 1 1 1 1 1 1 1 1 1 1 1 1 1 1 1 1 1 1 1 1 1 1 1 1 1 1 1 1 1 1 1 1 1 1 1 1 1 1 1 1 1 1 1 1 1 1 1 1 1 1 1 1 1 1 
1 1 1 1 1 1 1 1 1 1 1 1 1 1 1 1 1 1 1 1 1 1 1 1 1 1 1 1 1 1 1 1 1 1 1 1 1 1 1 1 1 1 1 1 1 1 1 1 1 1 1 1 1 1 1 1 1 1 1 1 1 1 1 1 1 1 1 1 1 1 1 1 1 1 1 1 1 1 1 1 1 1 1 1 1 1 1 1 1 1 1 1 1 1 1 1 1 1 1 1 
1 1 1 1 1 1 1 1 1 1 1 1 1 1 1 1 1 1 1 1 1 1 1 1 1 1 1 1 1 1 1 1 1 1 1 1 1 1 1 1 1 1 1 1 1 1 1 1 1 1 1 1 1 1 1 1 1 1 1 1 1 1 1 1 1 1 1 1 1 1 1 1 1 1 1 1 1 1 1 1 1 1 1 1 1 1 1 1 1 1 1 1 1 1 1 1 1 1 1 1 
1 1 1 1 1 1 1 1 1 1 1 1 1 1 1 1 1 1 1 1 1 1 1 1 1 1 1 1 1 1 1 1 1 1 1 1 1 1 1 1 1 1 1 1 1 1 1 1 1 1 1 1 1 1 1 1 1 1 1 1 1 1 1 1 1 1 1 1 1 1 1 1 
0 0.408184 1.55222 1.35093 0 1.31861 3.74307 4.10233 0 4.38315 1.26785 3.95185 0 3.92196 4.01474 1.03911 0 6.92297 0.949081 1.41687 0 6.72262 3.75463 3.71902 0 9.4896 0.80593 3.86839 0 9.85156 3.59723 1.23299 0 12.0504 0.688051 1.39934 0 12.2889 3.82237 4.02715 0 15.068 1.0282 4.42378 0 15.023 3.45314 1.30931 0 17.5927 0.550669 1.01036 0 17.8596 3.19111 3.83981 0 20.4063 0.714291 3.58661 0 20.2977 3.22783 1.0622 0 22.8968 1.14306 1.06375 0 23.2054 3.91486 3.62428 0 25.6704 1.4461 3.41192 0 25.9307 3.9729 0.90808 0 28.8795 1.67705 1.44614 0 27.7186 4.42728 4.1587 0 31.404 1.70865 3.96944 0 31.7511 3.96612 0.848174 0 34.622 1.19382 0.925443 0 33.8093 4.19535 4.21958 0 37.2984 1.24899 4.4169 0 36.7841 4.40577 2.13155 0 0.931621 6.42469 1.09561 0 1.6794 9.48457 4.36797 0 3.75777 6.29421 3.99564 0 4.41439 9.29635 1.77104 0 6.91953 6.19577 1.46652 0 6.97949 9.14055 4.13191 0 9.61426 6.02013 4.23038 0 9.61575 9.1857 1.36086 0 12.5887 6.31979 1.52324 0 12.1653 9.39718 3.62842 0 15.8253 6.68883 4.10646 0 15.2521 9.8136 1.47657 0 18.0328 6.31925 1.52829 0 18.1471 9.79979 3.87667 0 20.3205 6.2243 4.20857 0 19.8684 9.29213 0.871304 0 22.9522 6.94988 0.716334 0 22.2789 9.69212 3.75866 0 25.1339 7.40273 3.48147 0 25.3148 9.53415 0.687831 0 28.311 7.05816 0.9249 0 28.326 9.48647 3.73001 0 31.1884 7.0052 4.24308 0 31.6009 8.68201 0.977006 0 34.6573 6.89039 0.662044 0 34.3436 8.87359 3.85272 0 37.8329 7.07644 4.13857 0 37.3613 9.56164 1.65351 0 1.42864 12.628 1.23754 0 1.76529 15.3091 4.19604 0 3.99719 12.2875 3.56218 0 4.39424 15.0164 1.16658 0 7.05477 11.6461 1.33008 0 7.00732 14.8795 3.79155 0 9.58611 11.9654 3.97996 0 9.37535 14.9227 1.32225 0 11.7694 12.158 1.35977 0 12.3452 14.9407 4.39948 0 14.5991 12.26 3.77224 0 15.0495 15.3702 1.73967 0 17.3953 12.6344 1.2878 0 17.5088 15.3727 3.73365 0 20.1142 12.8707 3.70652 0 20.1903 15.7569 1.38245 0 22.8274 12.172 0.988081 0 23.0637 15.2878 3.56403 0 25.3868 11.9067 3.29393 0 25.8425 14.3995 0.934173 0 29.502 11.7768 1.18084 0 28.5968 14.2845 4.23402 0 31.4214 11.9842 4.55607 0 31.8638 14.7061 1.68409 0 34.1185 11.8393 1.87675 0 34.0348 14.93 4.46583 0 37.3113 12.4204 4.39278 0 36.9704 14.4994 0.732636 0 2.10083 17.7866 1.68761 0 1.55837 20.2261 4.46498 0 4.54822 17.6235 4.24925 0 4.34906 20.7828 1.51339 0 7.30977 17.9217 1.26715 0 7.08003 20.6345 4.05186 0 9.77305 17.8578 4.20661 0 9.72821 20.6311 1.02685 0 11.9949 17.9805 1.26073 0 11.5903 20.9295 4.12092 0 14.3278 18.4347 3.88952 0 14.1923 21.1403 1.02858 0 17.4091 18.3238 1.32955 0 17.1834 21.2468 3.78648 0 20.3965 17.6668 4.39842 0 20.5404 20.6913 1.59023 
0 23.2308 17.6378 1.07459 0 23.4788 20.1872 4.07084 0 25.7937 17.3662 4.00723 0 25.6676 20.3364 0.797969 0 28.6162 17.0703 1.659 0 28.3377 20.4197 3.22886 0 31.0538 17.4767 4.17803 0 31.4884 20.1775 1.73512 0 34.1962 17.6282 1.79282 0 34.6006 20.7012 4.09933 0 36.9711 18.1006 4.37325 0 37.2223 20.5537 1.24428 0 1.67024 23.2708 1.80885 0 1.60176 26.3348 3.66253 0 4.32505 23.414 4.30577 0 4.76829 26.1261 1.35204 0 7.54414 23.9264 1.23116 0 6.74317 25.9409 4.33193 0 9.55498 23.6154 3.92468 0 9.44674 26.4998 1.22595 0 11.7275 23.5875 1.00882 0 12.2267 26.3545 3.53725 0 14.528 23.6369 4.37852 0 14.7883 26.0687 0.892979 0 17.5463 23.6061 1.28483 0 17.5814 25.569 4.48097 0 20.5004 23.4114 4.05351 0 20.8459 25.76 1.36105 0 23.4034 22.9734 1.5014 0 23.7563 25.7336 3.92567 0 26.2478 23.6061 3.95068 0 26.5264 26.6662 1.20556 0 28.3695 23.0966 0.986309 0 29.021 26.7016 4.14067 0 30.7087 23.0944 3.73308 0 31.2626 25.9334 1.37279 0 33.941 23.2509 1.22507 0 34.3828 26.1149 3.59361 0 37.2656 23.1146 3.70527 0 37.1631 25.9705 1.48614 0 1.54792 28.3119 0.916162 0 0.788206 31.7077 4.0994 0 4.0834 29.0307 3.99014 0 3.87816 32.1022 1.57028 0 6.81579 29.0593 0.881588 0 6.24489 32.0296 4.07915 0 8.75253 29.2595 3.81305 0 9.58734 31.3223 1.23104 0 12.1604 29.0689 1.24362 0 12.0985 31.6317 3.96902 0 15.1455 28.5354 3.66283 0 14.7315 31.3025 1.43988 0 17.9888 28.3339 1.38785 0 17.921 31.2209 3.72012 0 20.7387 28.6918 4.25194 0 20.6642 31.197 1.26906 0 23.3875 28.4357 1.62804 0 23.1167 31.2166 4.14729 0 25.9603 28.6624 4.43959 0 25.7942 31.2872 1.2737 0 29.2876 28.9013 1.66808 0 29.0961 31.1525 4.4385 0 32.0144 28.7598 4.08043 0 31.6131 31.2832 1.69527 0 34.5648 28.9012 1.59104 0 35.1818 31.5341 4.14724 0 37.3165 28.5815 4.08936 0 37.3969 31.0204 0.944368 0 0.909727 33.7926 1.26261 0 1.70633 37.694 3.79003 0 3.78839 34.4582 4.57253 0 4.22295 36.2678 1.29914 0 6.8098 34.2255 1.14121 0 6.94026 37.0346 3.87228 0 9.34562 34.2016 4.00174 0 9.55074 36.799 1.05004 0 12.136 34.3162 1.01529 0 12.3375 36.4072 4.06386 0 15.32 33.944 3.97215 0 14.9829 36.6431 1.37293 0 17.4825 34.2004 1.06938 0 17.7881 36.4811 3.8305 0 20.3771 33.8969 4.1163 0 20.439 36.5121 1.21474 0 23.203 33.7957 1.24031 0 23.1353 36.6925 3.48397 0 26.1327 34.4483 4.66612 0 26.1355 36.9003 0.751939 0 28.9066 34.1292 1.70029 0 28.6075 37.153 3.42606 0 31.5692 33.883 4.38952 0 32.0112 36.8219 1.16686 0 34.6192 33.9345 1.78256 0 34.0919 37.4466 4.26281 0 36.7123 34.8521 4.5736 0 36.8598 36.8294 1.29756 0 1.55712 1.19164 7.04241 0 1.04142 4.11963 9.96027 0 4.21653 2.11274 9.40757 0 4.10776 3.97045 6.27309 
0 6.9845 1.44343 6.65172 0 7.74472 3.7504 9.67265 0 9.52591 0.640628 9.19992 0 10.1232 3.60929 6.94798 0 12.2177 0.941296 6.74666 0 12.219 3.66345 9.93965 0 14.926 0.924795 9.3122 0 15.3494 4.383 6.48948 0 18.126 0.720269 6.60221 0 18.0043 3.54491 9.13685 0 20.8822 0.947878 9.48869 0 20.6959 3.57029 6.50679 0 23.2583 0.77314 5.99902 0 23.0323 4.09305 9.93272 0 25.7685 1.59351 9.35829 0 25.138 3.93587 6.69652 0 28.046 1.48158 6.71853 0 27.9319 4.29104 9.84302 0 31.0046 1.17123 9.37232 0 30.9858 4.51311 6.92778 0 33.5399 1.15174 6.59941 0 33.9222 4.13101 9.88473 0 36.4977 1.73895 9.69749 0 37.379 3.91251 6.88501 0 1.49192 6.91755 6.94502 0 2.26738 9.72572 9.24066 0 4.67603 6.15899 9.71217 0 4.67227 9.06455 6.86158 0 6.80412 6.01057 6.70273 0 7.14107 9.50706 9.47603 0 9.91846 6.87166 9.77688 0 9.77104 9.47536 6.54598 0 12.0932 6.65771 6.95329 0 12.3517 9.38464 9.31414 0 15.0183 6.17081 9.79735 0 14.9513 8.835 6.59199 0 18.1931 6.42049 7.13455 0 17.8204 9.15997 9.64512 0 20.2801 6.86773 9.96615 0 20.0047 9.49217 7.03012 0 22.6062 7.22436 6.6437 0 22.75 10.0541 9.39039 0 25.4395 7.47577 8.9133 0 25.2482 9.72192 6.07049 0 28.3396 7.00715 6.82037 0 28.8331 9.22072 9.58511 0 31.2385 6.84667 9.64996 0 31.5053 9.45424 6.80444 0 34.5877 6.60402 6.90794 0 34.5296 9.68403 9.42444 0 37.4484 6.76068 9.61006 0 37.4707 9.55106 6.7574 0 1.72781 12.5622 6.75293 0 1.59968 14.7348 9.50016 0 4.49993 12.2225 9.63007 0 4.57603 14.742 6.5261 0 7.42391 12.2314 6.91766 0 6.96755 14.5412 9.54932 0 9.83759 12.1839 9.4361 0 9.65301 15.1348 6.71889 0 12.5807 12.046 6.69758 0 12.4733 14.8742 8.90032 0 14.9648 12.1102 9.16631 0 15.2725 15.5574 6.53441 0 17.2445 12.1693 6.38476 0 17.6697 15.1991 8.99414 0 19.6654 12.3771 9.60592 0 20.1884 14.7109 6.90682 0 22.7598 12.1644 6.42684 0 22.8949 14.5141 9.51364 0 26.0946 11.9713 9.5972 0 25.5906 14.9954 6.91332 0 28.5663 11.483 6.81187 0 28.4152 14.9182 9.27707 0 31.306 12.2336 9.08908 0 31.079 15.0638 6.78562 0 34.6711 12.0705 6.3432 0 34.1711 14.0641 9.00924 0 37.6435 12.1192 8.99185 0 36.9972 15.0057 7.05762 0 1.83308 17.5324 6.94107 0 0.960743 20.4404 9.52181 0 4.42616 17.4386 9.37645 0 4.01057 20.2707 6.79659 0 6.88284 18.0743 6.88268 0 6.18946 20.6465 9.79506 0 9.49965 17.2038 9.4743 0 9.52635 20.1287 6.91723 0 12.0458 17.8134 6.75483 0 12.0837 20.8007 9.73119 0 14.9062 17.8468 9.06722 0 14.3917 20.664 6.437 0 17.215 18.2893 6.16127 0 17.4337 21.0797 9.56366 0 20.5745 17.5861 9.27217 0 20.6111 20.9839 6.42163 0 23.4016 17.7365 6.8942 0 23.1371 20.4172 9.53663 0 25.9818 17.7947 9.36101 0 25.63 20.3808 6.57057 
0 28.1876 17.2955 6.51853 0 28.4747 20.7548 8.95643 0 31.1902 17.9471 9.15612 0 31.0971 20.2923 6.2983 0 34.432 17.7258 6.98927 0 34.1653 20.5071 9.0324 0 37.153 17.8845 9.19777 0 37.1617 20.5447 6.71685 0 1.12784 23.4986 6.36362 0 1.18857 26.4475 9.18229 0 3.66586 23.2744 9.29014 0 3.66281 25.8671 6.6483 0 7.31276 22.8556 6.83938 0 6.47775 25.8444 9.55148 0 9.02898 23.0216 10.1495 0 9.45116 26.4973 7.01113 0 11.7633 23.572 7.13416 0 12.122 26.7568 9.43455 0 14.6454 23.965 9.64573 0 14.819 26.6607 6.79199 0 17.6263 22.9984 6.67985 0 17.4244 25.9655 9.23899 0 20.2156 23.5784 9.46658 0 20.3214 26.0112 6.71268 0 23.2752 23.3535 6.76711 0 23.1361 25.7664 9.5071 0 25.8732 23.1086 9.48614 0 26.2235 26.1569 7.27854 0 28.3904 23.4895 6.92223 0 28.9805 26.0106 9.64148 0 31.8042 23.1862 9.02416 0 31.3777 26.0817 6.61957 0 33.7726 23.5937 5.84555 0 34.5245 25.8448 8.75124 0 36.9204 23.2443 9.3305 0 37.0464 25.838 6.39483 0 1.62098 28.7982 6.70034 0 1.25818 31.6593 9.43669 0 4.02165 28.9821 9.47754 0 3.89654 31.463 6.57245 0 6.45899 28.6766 6.55033 0 6.52424 31.9622 9.53698 0 8.89435 29.1356 9.38462 0 9.33332 31.5825 6.20567 0 12.0936 28.6522 6.40105 0 12.0242 31.3024 9.07169 0 14.9485 28.9854 9.05756 0 14.8918 31.6955 6.65138 0 18.0052 28.7131 6.85874 0 17.976 31.3261 9.72843 0 21.1403 28.7684 9.48618 0 20.6626 31.1757 6.82993 0 23.3907 28.5935 6.84425 0 23.6332 31.7173 9.73161 0 25.6774 28.7641 10.1124 0 25.6797 31.4465 6.95578 0 28.9002 29.1881 7.37778 0 28.2336 31.4238 9.93519 0 31.704 28.8177 10.0896 0 31.7335 31.376 7.54438 0 34.6082 29.1391 6.3996 0 34.3366 31.709 9.89042 0 36.8962 28.9204 8.80144 0 36.7648 32.1909 7.30697 0 1.26924 34.6905 7.16252 0 1.35832 37.6999 9.82739 0 3.50734 35.0152 10.0029 0 4.41074 37.4313 6.74716 0 6.79421 34.2627 7.03941 0 6.50515 37.0814 9.61786 0 9.52475 34.5869 9.0677 0 9.60454 36.9882 6.41757 0 12.2284 34.0542 6.83741 0 12.5289 36.9633 9.15122 0 15.2125 33.8769 9.19689 0 14.9843 36.8939 6.5549 0 18.0891 34.0847 6.8307 0 17.8133 36.5744 9.35301 0 20.9766 34.0409 9.34566 0 20.8797 36.9488 6.60754 0 23.2585 34.4275 6.71301 0 23.5727 36.7666 9.75915 0 26.2072 34.1926 9.04646 0 25.7148 36.9833 7.04812 0 28.9703 33.9447 6.91407 0 28.7837 36.9994 9.72417 0 31.1256 34.4123 9.55271 0 31.2268 36.8881 6.04047 0 33.8855 34.356 7.1093 0 33.9273 37.7458 9.45878 0 37.2415 34.4775 9.87451 0 37.3018 37.1059 7.74284 0 0.671831 1.72871 12.5514 0 1.00108 4.47092 15.3754 0 3.38505 1.5443 15.7125 0 4.03234 3.92891 12.5365 0 7.02893 1.1172 12.1601 0 6.87038 4.00639 15.0205 0 10.421 0.697164 15.1484 0 9.83146 3.65733 12.7975 
0 12.9153 0.899522 12.3687 0 12.7806 3.95373 14.5863 0 15.5171 0.931937 14.8341 0 15.8532 3.76905 12.1178 0 17.8082 0.767986 11.7243 0 17.7482 3.6704 15.1314 0 20.4111 1.20686 15.2776 0 20.3047 3.99516 12.5853 0 22.9966 0.785858 12.219 0 23.0144 3.63077 14.9316 0 25.8543 1.16944 14.9843 0 25.6211 4.32141 12.3461 0 28.5183 1.52863 12.4911 0 28.8309 4.47714 15.3331 0 31.2097 1.64493 15.3099 0 30.9664 3.99067 11.9201 0 33.8101 1.8337 12.6698 0 34.3245 4.37387 15.3124 0 36.7678 1.47344 15.0544 0 36.5744 4.70262 12.6467 0 1.14964 7.07687 12.3434 0 0.855111 9.38071 15.2306 0 3.6315 7.01296 14.9435 0 4.09886 9.67885 12.3111 0 6.55115 6.56386 12.5201 0 6.24478 10.4715 14.9847 0 10.2133 6.6536 15.4559 0 8.95807 9.44519 12.4963 0 12.2766 6.54118 12.4293 0 12.5778 9.26733 15.4881 0 15.1255 6.78487 15.3746 0 15.1936 9.14413 12.1807 0 17.6756 6.65338 13.0651 0 17.9122 9.60418 15.335 0 20.6211 6.65645 15.4149 0 20.0568 9.66149 12.0952 0 22.847 6.77424 12.3315 0 22.8098 9.89849 15.1857 0 25.617 6.53982 15.158 0 25.5744 9.04753 12.0722 0 28.692 6.97779 12.5108 0 28.7319 9.47434 15.0725 0 31.4689 6.7611 15.3047 0 31.464 9.90698 12.2616 0 34.1813 7.2606 12.5103 0 34.0688 9.64122 15.1505 0 36.3408 7.08734 15.5216 0 37.2682 9.36882 12.0092 0 1.43593 12.2198 11.9229 0 0.900482 14.7327 14.4436 0 3.23376 12.1588 15.048 0 4.10155 14.7509 12.1147 0 6.89567 12.4133 12.1211 0 6.98026 15.0574 14.8479 0 9.2459 12.0097 15.1532 0 10.198 15.1347 12.1998 0 12.2946 11.9668 12.2521 0 12.9166 15.0277 14.8286 0 15.1124 12.2599 14.8073 0 15.1453 15.054 11.798 0 17.4667 12.4511 12.5953 0 17.6983 15.5996 14.8024 0 20.4636 12.395 15.1353 0 20.197 15.5718 12.1009 0 23.1214 11.9725 12.3472 0 23.2554 14.8471 14.6278 0 25.9022 12.7111 14.945 0 26.2113 15.1524 11.9502 0 28.6076 12.0396 12.1372 0 28.6517 15.4768 14.3462 0 30.9721 12.4456 15.0076 0 31.7106 14.7438 11.5872 0 34.2834 12.2835 12.2198 0 34.0072 15.1535 14.8541 0 36.7508 12.0098 14.5 0 36.9532 14.9381 11.8558 0 0.862949 17.5113 11.7394 0 1.01521 20.3713 14.5651 0 4.04483 17.1291 14.9254 0 3.61855 20.289 11.8465 0 6.72365 17.4672 12.1795 0 6.25634 19.936 14.4414 0 9.83634 17.3332 15.0945 0 9.26722 20.1589 12.4837 0 12.4328 18.0658 12.0983 0 12.2045 20.8697 15.375 0 15.1187 18.3019 15.297 0 14.6807 21.4047 11.8662 0 17.4386 18.3888 11.8511 0 17.7634 20.6293 14.9645 0 20.1505 18.087 15.0838 0 20.0483 21.1578 12.2739 0 23.0913 18.0798 12.6602 0 22.9737 20.9539 14.6483 0 26.0563 17.8224 14.6287 0 26.052 20.5616 11.8287 0 28.9022 18.1438 11.6916 0 28.6123 20.532 14.9317 0 31.3581 18.1714 14.518 0 31.2852 20.5581 11.6331 
0 34.1695 17.525 11.4183 0 34.1641 20.5014 14.4121 0 37.0868 17.6747 14.9126 0 36.5716 20.3348 11.774 0 1.06783 22.9331 12.0742 0 0.543907 25.8243 14.1175 0 3.70611 22.8126 14.6908 0 3.88372 26.0697 12.2943 0 7.00385 23.4304 12.9592 0 7.05409 26.6859 14.5794 0 9.7543 23.5574 14.7175 0 9.40877 26.4669 11.7025 0 12.1526 23.85 12.1824 0 11.8554 26.6543 14.6172 0 14.9852 23.6037 14.833 0 14.9976 26.7147 11.9436 0 17.464 23.5521 12.1949 0 17.8593 26.2191 14.7795 0 20.6741 23.6703 15.1048 0 20.5304 26.2745 12.2295 0 22.8554 23.4963 11.9779 0 23.4802 26.1316 14.8408 0 26.7688 23.4658 14.2877 0 25.8188 25.7002 11.7699 0 28.9187 22.8719 11.608 0 28.7629 26.3604 15.1957 0 31.2786 23.204 14.6693 0 31.2149 25.7903 12.5559 0 34.0653 23.4723 11.7539 0 34.0031 25.7324 14.6941 0 36.7045 23.2127 14.6678 0 36.6138 26.0251 11.7359 0 1.45116 28.6396 11.8239 0 0.627215 31.809 14.9669 0 3.66573 29.0013 14.5878 0 3.48121 31.411 11.9828 0 6.48713 29.077 12.1857 0 6.67195 31.5459 14.5871 0 9.81663 29.7867 14.8785 0 9.26424 31.9655 11.8515 0 12.4443 29.4087 12.106 0 12.7371 31.841 15.0543 0 15.0006 29.1145 14.6639 0 15.0777 31.6721 11.9351 0 18.0743 28.6801 12.1442 0 17.949 31.3548 14.7264 0 20.6983 29.0408 14.9217 0 20.8123 31.5419 12.386 0 23.3056 28.7954 12.4914 0 23.0059 31.6283 15.2629 0 25.9323 28.8555 15.3471 0 25.8848 31.4744 12.5487 0 28.3356 28.6196 12.5944 0 28.5911 31.3428 15.0603 0 31.387 28.5591 15.1041 0 31.3485 31.5631 12.1215 0 34.28 29.0018 12.2367 0 33.961 31.8878 14.9739 0 37.056 28.8158 14.9755 0 36.9934 31.7283 12.1263 0 1.41817 34.5172 12.7016 0 1.13784 37.238 15.0635 0 4.00423 34.4121 15.4495 0 3.86119 37.7811 12.9653 0 6.02821 34.3924 12.7132 0 7.14056 36.696 14.7228 0 9.84615 34.644 14.4909 0 9.07491 36.7248 11.802 0 12.1359 33.9065 11.4111 0 12.7029 36.661 14.5022 0 15.5975 33.8694 15.086 0 15.2391 36.269 11.7839 0 18.1599 34.0085 12.0942 0 17.9397 36.9869 14.5943 0 20.3707 34.0974 14.9917 0 20.6139 36.6672 11.9855 0 23.4834 34.1432 12.3046 0 23.4454 36.8309 14.9844 0 25.8261 33.7494 15.1727 0 26.1241 36.5758 12.2725 0 28.993 34.2761 12.6798 0 29.0191 37.2053 14.8898 0 31.7175 34.547 15.1721 0 31.7404 37.4617 12.2755 0 34.1231 34.5671 11.7574 0 33.6054 37.8887 15.4148 0 36.6043 34.3881 15.2565 0 36.608 37.5357 12.2233 0 0.713141 1.38729 17.782 0 1.41068 4.53574 20.7738 0 3.82684 1.38648 19.6313 0 3.76213 4.87741 17.767 0 6.84204 0.786345 17.2407 0 7.00535 3.89492 19.9506 0 9.9383 1.33701 20.5664 0 9.86139 3.45197 17.3908 0 13.0379 1.45069 17.8505 0 12.1107 4.01052 20.2708 0 15.2459 1.2869 21.2339 0 15.0651 4.46926 18.4254 
0 17.3641 1.49949 18.3006 0 17.5298 3.95931 20.9943 0 20.5691 1.25363 20.8564 0 20.3616 3.6036 17.9859 0 23.3065 1.31592 17.9431 0 23.1223 3.82322 21.0924 0 25.6761 1.27999 20.8482 0 25.738 4.06197 18.0275 0 28.3794 1.43535 17.8814 0 28.2919 4.91332 21.3988 0 31.2613 1.44017 20.5279 0 30.9951 4.54182 18.2567 0 34.1148 2.02532 17.6988 0 33.5904 4.12539 20.9846 0 36.8393 1.79684 20.8938 0 36.8117 4.4864 18.3373 0 1.07963 6.92256 18.1919 0 1.0671 10.2003 20.5034 0 3.90255 7.48125 20.7763 0 3.57705 9.8971 17.7585 0 6.65935 7.51251 17.2986 0 7.06195 9.81457 20.9003 0 9.27383 6.72522 20.2281 0 9.79032 9.75278 18.1998 0 12.5607 7.31098 18.3969 0 12.8989 9.63459 21.0313 0 15.516 6.89317 20.9044 0 15.4661 10.0928 17.5007 0 17.9573 6.96929 18.1917 0 17.9638 9.96762 20.2557 0 20.821 6.62514 20.4212 0 20.637 9.1644 17.6402 0 23.3427 6.65964 17.8706 0 23.2436 9.84223 20.7042 0 25.1889 6.81123 20.8839 0 25.905 9.72251 17.4533 0 28.4665 6.78623 18.2147 0 28.9167 9.60377 20.852 0 31.4563 6.89274 20.7511 0 31.0835 9.40046 17.782 0 33.9966 7.24715 18.1346 0 33.9856 9.86499 20.5945 0 37.4188 7.10142 21.039 0 36.8591 9.85643 18.1769 0 0.984044 12.5394 17.4861 0 0.816696 14.8679 20.7247 0 3.70896 12.5457 20.2439 0 3.593 14.9883 17.3387 0 7.08321 12.6426 18.1584 0 6.73397 15.0897 20.4843 0 9.76882 11.8464 20.9401 0 9.8023 14.832 17.8247 0 12.9777 12.3993 17.8418 0 12.236 14.8838 20.7182 0 15.1039 12.7047 20.6442 0 14.8887 15.3589 17.9762 0 17.8219 13.0258 18.2142 0 17.5549 15.2875 20.76 0 20.5569 12.2696 19.9294 0 20.7052 15.3118 17.138 0 23.328 12.3097 17.6131 0 23.6665 15.1453 20.634 0 26.3596 12.4097 20.4111 0 26.1549 15.0667 17.7625 0 28.6396 12.5018 17.5935 0 28.6546 15.3282 20.168 0 31.38 12.2173 20.5561 0 31.1862 15.1216 17.219 0 34.1119 12.4708 17.1268 0 34.2534 14.9745 19.7114 0 36.8885 12.3612 20.7284 0 36.6486 15.1736 17.3492 0 1.14711 17.9064 17.3249 0 1.27155 19.9335 20.4908 0 3.77185 17.5307 20.2365 0 3.89794 20.0466 17.3685 0 6.60633 17.7513 17.3917 0 6.25228 20.1394 20.1326 0 8.93213 17.8965 20.4455 0 9.55271 20.3515 17.5844 0 12.1252 17.5839 18.2436 0 12.3074 20.2878 20.9562 0 14.652 17.8907 20.5636 0 15.1731 20.5683 17.9301 0 17.7417 17.5449 17.6702 0 18.1197 20.6437 20.3875 0 20.4406 18.0104 20.3964 0 20.5384 20.5664 17.3662 0 23.1122 17.362 17.4986 0 23.2827 20.5072 20.0923 0 25.7645 18.1319 20.6157 0 25.5002 20.5785 17.4225 0 28.3418 18.3763 17.5941 0 28.746 20.722 20.3615 0 31.4224 17.6368 20.3176 0 31.3255 20.8612 17.5513 0 33.7541 17.9436 17.6716 0 34.0959 20.6834 20.4674 0 36.338 17.8617 20.0119 0 36.7311 20.5089 17.2222 
0 0.807159 23.0144 17.3993 0 1.3169 25.6169 19.9011 0 4.03816 22.8063 19.5879 0 4.19686 26.0226 16.7019 0 6.75574 23.3636 16.9407 0 6.49609 25.9221 20.2559 0 9.35965 22.8596 20.4125 0 10.0702 26.2867 17.8004 0 12.3735 22.88 18.0251 0 12.1797 26.0593 20.4796 0 15.1863 22.9355 21.0045 0 15.2573 26.5441 17.4821 0 18.0494 23.4945 17.6713 0 17.2121 26.0294 20.356 0 20.2328 23.2969 20.3983 0 20.1901 26.1801 17.9556 0 23.2813 23.3035 17.8298 0 23.0698 26.2232 20.1712 0 25.9304 23.1715 20.7629 0 26.045 25.9797 17.5372 0 29.0866 23.4315 17.2827 0 28.4251 25.9024 20.2183 0 31.5866 23.2981 20.2211 0 31.5353 25.6132 17.4806 0 34.3462 23.3865 17.6162 0 34.1556 25.5004 20.8942 0 36.8935 22.4674 20.6826 0 36.7531 26.038 17.4465 0 1.16734 28.4323 17.1677 0 0.788613 30.3717 20.6945 0 3.68429 28.2339 20.5614 0 4.16408 30.582 17.8122 0 7.47316 29.0797 17.4481 0 7.15278 31.713 19.9906 0 9.37155 28.5526 20.6791 0 10.3536 32.1324 17.9531 0 12.5551 28.9571 17.7519 0 12.3937 31.1817 20.8267 0 14.8655 28.8378 20.376 0 15.27 31.8227 17.783 0 17.7159 28.9999 17.9663 0 17.711 31.3242 20.742 0 20.1642 28.7343 20.3812 0 20.3877 31.8498 18.0096 0 23.2635 29.1419 17.7828 0 23.3281 32.164 20.6916 0 26.0167 28.914 20.2873 0 25.7299 31.5197 17.9546 0 29.0683 29.0497 17.9154 0 28.5817 31.7857 20.3549 0 31.6549 28.201 20.3952 0 30.9782 31.9344 17.7209 0 34.0916 28.3364 17.2041 0 34.1682 30.6951 20.7019 0 36.8317 28.2485 19.9022 0 36.715 31.4986 17.5898 0 1.15317 33.8193 17.8699 0 0.800284 37.4162 19.8802 0 4.01333 33.3545 20.7769 0 3.87828 36.6048 18.1351 0 6.81142 34.0551 17.5764 0 6.83996 35.6833 20.5719 0 10.1772 34.0352 20.7271 0 10.0425 36.785 17.9575 0 12.8887 34.7978 17.6637 0 12.5638 37.1408 20.5121 0 15.1026 34.0836 20.5103 0 15.68 37.1386 17.5477 0 17.8039 34.3931 17.7616 0 17.5387 36.8822 20.5137 0 19.9543 34.4383 20.5975 0 20.5079 36.8572 17.6134 0 23.2419 34.1919 17.6257 0 22.8557 37.0127 20.4746 0 26.1222 34.3078 20.7479 0 25.8654 37.1518 17.9735 0 28.3468 34.5552 18.0139 0 28.7776 37.7935 20.5696 0 31.148 34.6074 20.6371 0 31.1571 37.0805 17.7328 0 34.064 34.4711 17.9954 0 34.9375 37.4402 20.1745 0 37.0029 33.5367 20.1626 0 36.851 37.0539 17.2837 0 1.31691 1.41847 23.684 0 1.67024 3.95177 26.5595 0 4.18018 1.08681 25.7447 0 4.21803 4.27337 23.2267 0 6.47504 1.0813 22.5627 0 6.88889 4.14204 25.818 0 9.11077 1.37809 25.339 0 9.2366 3.85225 22.9583 0 12.2119 1.56903 23.1558 0 11.8521 4.39801 26.0291 0 14.8449 1.01254 26.0787 0 14.7942 4.07806 23.5043 0 17.6568 0.789111 23.6812 0 17.6137 3.8964 26.4164 0 20.3325 0.851656 26.5622 0 20.2669 3.57839 24.2207 
0 22.995 0.761191 23.5537 0 23.4273 3.88864 26.6425 0 25.6876 1.03219 26.4047 0 25.4628 3.98504 23.6357 0 28.6485 1.87768 23.9552 0 28.8112 4.2891 26.5476 0 31.5075 1.3916 26.242 0 31.3939 4.22563 24.0152 0 34.5419 2.08004 24.0417 0 34.2488 4.40191 26.498 0 37.1031 2.1749 26.5199 0 37.0068 4.49285 23.5108 0 1.45855 7.33188 23.2855 0 1.4668 9.61117 25.8276 0 4.07922 6.62077 25.9445 0 4.63294 9.41815 23.7511 0 7.19951 7.01596 23.6054 0 6.90957 9.77058 26.4664 0 9.71608 7.28445 26.3093 0 9.63519 9.55775 23.4691 0 11.6019 6.31994 22.9158 0 12.546 9.7679 26.4499 0 14.446 6.99705 25.6402 0 15.6799 9.75278 23.3263 0 18.0556 6.63696 23.6739 0 17.8439 9.86329 26.2563 0 20.1609 6.17121 26.863 0 20.1379 10.4171 23.1046 0 22.4981 6.52161 23.8096 0 22.901 8.94359 26.3585 0 26.1498 6.747 25.9044 0 25.8841 9.65164 23.2242 0 29.1402 7.20905 23.7955 0 29.0946 9.59343 26.1717 0 31.567 6.9003 26.7076 0 31.5601 10.6138 23.4135 0 34.1458 7.2275 23.0503 0 34.1798 9.28815 26.2258 0 37.0546 6.74029 25.8561 0 36.9444 9.84154 23.5029 0 1.34438 12.1326 23.4229 0 1.12394 15.7339 26.4078 0 4.12026 12.2458 26.1503 0 3.5444 14.7916 23.2643 0 6.77805 12.7358 23.1404 0 6.73099 14.6414 26.5625 0 9.67237 11.8493 26.3869 0 9.64871 14.5842 23.7073 0 12.6993 12.1694 23.7029 0 12.1146 14.6912 26.1452 0 15.2086 12.3828 26.5792 0 14.7594 15.0026 23.4095 0 17.4513 12.6427 23.7849 0 17.9713 15.1054 26.2577 0 20.7708 12.6309 25.8483 0 20.6145 15.3265 22.9784 0 23.214 12.3759 23.2851 0 23.6892 14.7452 26.0318 0 25.5546 11.7621 25.9519 0 25.7395 15.199 23.2727 0 28.4717 12.5353 23.2571 0 28.9183 14.8336 26.1839 0 31.9717 12.5445 26.3589 0 31.7761 15.2204 23.2487 0 34.4163 12.6738 23.3482 0 33.944 15.5866 26.1446 0 36.9448 12.6461 26.3308 0 36.8408 14.9798 23.6153 0 0.699843 17.5203 23.03 0 1.84052 20.2521 26.4403 0 3.96951 17.3857 26.1308 0 3.81372 20.1997 23.3221 0 6.594 17.0993 23.4598 0 6.6827 20.3362 25.6188 0 9.16938 17.3656 26.3041 0 9.29771 20.1577 23.0463 0 12.0749 17.6278 23.3546 0 12.0874 20.3911 25.7628 0 14.7188 17.3062 26.0019 0 15.0238 20.3676 23.8275 0 18.0158 17.9325 23.6308 0 18.2471 20.8098 26.0064 0 20.5657 17.862 25.7941 0 20.8254 20.6514 23.0261 0 23.0171 17.998 23.2548 0 23.5342 20.5344 25.9192 0 26.0501 17.77 26.1212 0 26.0096 20.7565 23.3508 0 28.5994 17.5373 22.8958 0 28.5154 20.4766 25.9878 0 31.2124 18.4032 26.2489 0 31.0658 20.0405 23.1724 0 34.3107 18.4029 23.0498 0 33.8938 20.5437 25.787 0 37.0832 18.042 26.3386 0 37.1896 20.8621 23.6383 0 1.59877 23.3026 22.9652 0 0.710078 25.6651 25.9131 0 4.24547 23.3746 26.2162 0 4.09562 26.0593 23.7868 
0 5.85547 22.9935 22.9739 0 6.76843 25.8289 26.2084 0 8.91016 23.1904 25.5756 0 9.15426 25.584 23.0274 0 12.1179 23.2605 23.4705 0 12.0456 26.2985 25.7187 0 15.4906 23.2751 26.0169 0 15.0221 26.1366 23.3286 0 17.9288 23.4473 23.6261 0 18.1923 25.9538 26.4072 0 20.9266 23.3794 25.8273 0 21.0089 26.0058 23.4748 0 23.2884 23.5887 23.2096 0 23.7167 26.2459 25.8598 0 26.7216 23.9849 25.3288 0 25.7348 26.2826 22.7246 0 29.0281 23.0409 22.8511 0 28.9039 26.5099 25.6568 0 31.1932 23.4192 25.8333 0 31.3013 26.0444 23.0678 0 34.0465 23.2726 23.5712 0 33.9453 26.0077 25.8288 0 36.5281 23.4087 26.2305 0 37.3891 25.3548 22.8711 0 0.689917 28.1779 23.3626 0 1.20702 31.2398 26.8423 0 3.01535 28.234 26.2692 0 3.72978 31.3527 23.5309 0 6.84145 28.4517 23.2119 0 6.84211 30.8961 25.977 0 9.4437 28.6377 26.1444 0 9.30172 31.5163 23.0316 0 12.0365 28.5426 23.2078 0 12.3691 31.5327 25.9235 0 15.0806 28.6054 26.3467 0 15.1654 31.9536 23.57 0 17.3735 28.9095 23.3601 0 17.7641 31.7014 25.5592 0 20.7247 28.9394 26.0126 0 20.7313 31.4579 23.0175 0 22.8043 28.8674 22.7146 0 23.4885 31.5571 25.7414 0 25.9472 28.9657 25.2951 0 25.6342 31.6873 23.1201 0 28.8948 28.7939 22.6678 0 28.9359 31.441 25.365 0 32.0019 28.8186 25.279 0 31.3654 31.7653 22.6153 0 34.6415 28.3852 23.1666 0 34.074 32.1352 25.7554 0 36.8994 28.4727 26.1406 0 37.3734 31.2305 23.9691 0 0.787679 34.5286 22.924 0 0.694671 37.2051 25.9696 0 3.71654 33.9303 25.8697 0 3.79966 36.9159 23.0897 0 6.86574 34.0334 23.8003 0 6.82362 36.8097 25.9382 0 9.78328 33.838 26.0375 0 9.03106 37.0281 23.2009 0 12.5176 34.3127 23.2914 0 11.7859 36.9711 25.5581 0 15.0982 34.5693 26.1402 0 14.6911 37.1 23.2311 0 17.8654 34.5341 23.1863 0 17.6881 36.8242 26.4199 0 20.5939 34.092 25.9881 0 20.5135 37.206 23.6341 0 23.2421 35.0523 23.6093 0 23.1966 37.0403 26.3991 0 26.2267 34.5378 25.94 0 26.1257 37.3713 23.6817 0 28.6618 34.3993 23.2507 0 28.7368 37.2185 26.4007 0 31.7238 34.5702 25.6581 0 31.9422 37.1982 22.6845 0 34.3102 33.7548 22.677 0 34.1855 37.1589 25.7845 0 37.0148 34.3634 26.0679 0 36.8855 37.6966 23.2036 0 1.29438 1.0603 28.785 0 1.72656 3.66158 31.3163 0 4.37212 1.15619 31.475 0 4.61682 3.47426 28.8144 0 7.20258 1.08255 28.121 0 6.68751 3.69099 31.6769 0 9.09761 0.563814 31.3914 0 9.20172 3.67331 28.6613 0 11.7802 1.43087 28.0815 0 12.7226 3.70072 31.2343 0 15.0159 1.23727 31.5381 0 14.9531 3.64658 28.6209 0 17.7508 1.043 28.7208 0 17.4132 3.84847 31.7789 0 20.5552 1.08042 31.6989 0 20.6706 3.74988 29.0158 0 23.1694 0.805206 28.949 0 23.7656 3.76125 31.3051 0 26.1528 1.24202 31.831 0 26.1272 3.84333 28.8768 
0 28.8895 1.4019 28.8167 0 28.9966 4.07056 32.0593 0 31.5311 1.02745 31.9976 0 31.6495 4.10594 29.0877 0 34.2904 1.18847 28.5015 0 34.4024 3.89543 32.0527 0 37.3711 1.39969 31.3503 0 37.1342 4.39176 29.3388 0 1.79117 6.59992 28.4657 0 1.19773 9.9278 31.3859 0 4.13508 6.40659 31.3138 0 3.75294 9.68155 28.9921 0 6.55927 6.75087 28.734 0 6.38564 9.03203 31.5868 0 9.31502 6.50117 31.6899 0 9.21812 9.25155 29.3768 0 11.6927 6.58497 29.0948 0 12.2549 9.60204 31.9061 0 14.8867 6.89773 31.793 0 15.1913 9.50185 29.0808 0 17.2396 6.26156 28.8263 0 17.6199 9.56676 31.7414 0 20.2086 6.89984 31.4343 0 20.1444 9.24137 28.9737 0 23.2502 6.65503 29.1746 0 23.3952 9.64433 31.8425 0 26.2178 6.66509 31.7285 0 26.5465 9.26074 29.3074 0 29.0856 7.03494 29.0084 0 28.9859 9.8185 31.7837 0 32.066 6.99618 31.4424 0 31.8435 10.0231 29.0146 0 34.5815 6.95649 28.9086 0 34.573 9.52016 31.5013 0 37.6743 6.98518 31.4482 0 37.2794 9.90634 28.6631 0 0.923095 13.0806 28.7209 0 1.7297 14.9317 31.8335 0 3.85139 12.3006 31.9096 0 4.13785 14.6998 28.8522 0 6.70692 12.2065 29.5793 0 7.032 15.064 31.5518 0 9.48215 11.7776 32.0471 0 9.50854 14.8012 28.6367 0 12.4108 12.264 29.3399 0 12.1228 14.9013 31.7146 0 14.9389 12.2331 31.3945 0 14.5146 15.3039 28.7759 0 18.4699 12.334 28.7784 0 17.268 15.6693 31.1801 0 20.7587 12.2226 31.3463 0 20.6637 15.2019 28.6188 0 23.6453 12.7762 28.9589 0 22.9228 15.4938 31.6417 0 26.335 12.632 31.1745 0 26.2093 15.2271 28.5991 0 29.1612 12.2603 29.0317 0 28.4493 15.7171 31.1996 0 31.9861 12.0815 32.0108 0 31.8095 15.0377 29.3635 0 34.4609 12.8746 28.9056 0 34.3659 15.3739 31.6627 0 36.9791 12.5968 31.5925 0 36.9202 15.5831 29.0116 0 0.973911 17.808 29.2918 0 0.871165 20.4765 31.7134 0 4.61022 17.271 31.3835 0 3.97286 20.815 29.3377 0 6.55007 18.1736 28.5504 0 6.83267 20.5266 31.3856 0 9.66662 17.567 31.4948 0 9.3747 20.2954 28.6397 0 12.1416 17.9918 28.5696 0 12.25 20.7382 31.2584 0 14.8734 18.1813 31.3777 0 14.6889 20.6327 28.455 0 18.0469 17.8015 28.3278 0 17.7797 20.9897 31.3004 0 20.093 17.6789 31.243 0 21.0244 21.1386 28.7433 0 23.5608 18.1208 28.6025 0 23.8909 20.6412 31.5114 0 25.7556 17.909 31.5152 0 26.123 20.7703 29.0384 0 28.8109 18.1865 28.7484 0 28.5879 20.0743 31.7811 0 31.6149 17.9314 31.7719 0 31.3097 20.8687 28.8941 0 33.632 18.2337 28.7124 0 33.9297 20.5808 31.499 0 36.8464 18.3497 31.7155 0 36.6221 20.7721 28.665 0 0.950288 23.1576 28.661 0 1.34725 25.1811 31.5703 0 3.99469 23.1339 32.5359 0 4.14595 24.9969 29.2299 0 6.86766 22.7454 28.5633 0 6.56881 25.8026 31.5492 0 9.02072 23.289 31.3566 0 9.35847 25.5046 28.5608 
0 12.2162 23.1553 27.8971 0 12.0982 25.8744 30.9244 0 14.7939 23.2265 31.2476 0 15.1012 25.7892 28.6683 0 18.7354 23.7285 28.9273 0 18.0992 26.3106 31.3725 0 21.344 23.2117 31.7059 0 21.2835 26.2879 28.5306 0 24.1507 23.6259 28.4802 0 23.7762 25.9299 31.4475 0 26.5979 23.4835 31.394 0 25.9907 26.475 28.2456 0 28.715 23.8086 28.2753 0 29.0756 26.0238 31.3841 0 30.8539 23.0337 32.1077 0 31.4056 26.4708 28.8211 0 34.0832 23.9574 29.0174 0 34.376 25.5564 31.8163 0 36.6366 23.101 31.5889 0 36.7578 25.7745 29.0445 0 1.05694 27.8183 29.2328 0 1.58925 31.096 30.7789 0 4.08551 28.529 31.4222 0 4.36849 31.5179 28.4043 0 6.45064 28.1467 28.5116 0 6.66118 31.1379 31.6723 0 9.26452 28.4878 31.3508 0 9.782 31.2517 28.687 0 12.3252 28.5578 28.7413 0 12.3065 31.6773 31.5925 0 15.2298 28.8626 31.1783 0 14.8222 31.5356 28.4098 0 18.1883 28.9212 28.8371 0 17.9203 31.6142 31.6424 0 21.4233 28.5792 31.6234 0 21.1476 31.3366 28.6361 0 23.4427 28.8654 28.3328 0 23.8431 31.1398 31.4691 0 26.6008 28.4108 30.939 0 26.2742 31.447 28.0891 0 29.4404 29.2316 28.0303 0 29.1405 31.3491 30.8428 0 31.6238 28.8792 31.365 0 31.7595 31.9731 28.574 0 34.0305 28.9861 28.5144 0 34.2957 31.1887 31.2427 0 36.7719 28.5623 31.2394 0 36.9724 31.3467 28.8196 0 1.36105 34.0148 28.6653 0 1.41307 36.8605 31.1326 0 4.30128 33.6918 31.0656 0 4.22906 36.9598 28.5869 0 7.07511 33.6868 28.7832 0 6.93577 36.3467 31.204 0 9.31143 33.945 31.7776 0 9.43824 36.7348 28.6917 0 12.0723 34.271 29.0296 0 12.1133 37.1787 31.1475 0 15.4818 33.7281 31.5391 0 15.1818 36.9089 28.9591 0 18.0358 33.4619 28.6162 0 17.9016 36.3763 31.5517 0 20.6598 33.7863 31.4561 0 20.4303 36.5672 28.968 0 23.8201 34.1698 28.4813 0 23.3369 36.6268 31.7095 0 26.5888 33.9386 31.2646 0 26 37.2377 29.2329 0 28.9248 34.2623 28.6208 0 28.7356 36.68 31.6813 0 31.5655 34.2138 31.3573 0 31.3771 36.7466 29.1666 0 34.6142 34.4174 28.3835 0 34.4693 37.2241 31.7653 0 36.7301 33.7418 31.3694 0 37.1152 36.9289 28.9565 0 0.977695 0.881876 34.448 0 1.28545 3.88366 36.6939 0 3.72458 0.871377 36.9896 0 4.12217 3.67118 34.7434 0 6.94102 1.11319 34.6287 0 6.76947 3.67131 37.072 0 9.47162 1.06081 36.9569 0 10.2809 3.65402 34.0248 0 12.7487 0.898293 34.1926 0 12.0956 3.23635 37.1154 0 14.9312 0.409497 37.1887 0 15.2976 3.79783 34.9665 0 17.6575 0.800913 34.5481 0 18.149 4.13281 36.6713 0 20.7551 0.661511 36.8396 0 20.4576 3.26651 34.148 0 23.8872 0.818074 34.2412 0 23.2314 3.7029 37.0603 0 25.82 0.868982 37.1433 0 26.3304 3.7102 34.2083 0 28.5883 1.181 34.8038 0 28.3274 4.20363 37.1093 0 32.0426 0.863613 37.0691 0 31.3774 3.7276 34.3151 
0 34.2857 1.06757 34.4091 0 34.9653 3.96114 36.9788 0 37.2061 0.88795 37.0175 0 37.4891 3.67655 33.9517 0 1.36264 6.79236 34.0076 0 1.63145 9.19751 37.1656 0 3.83862 6.55429 36.9842 0 3.95781 9.29433 34.1673 0 6.98388 6.44989 34.2471 0 6.71049 9.24035 37.1803 0 9.61746 5.92952 37.0583 0 9.50836 9.21656 35.0849 0 12.2173 6.69806 33.8908 0 12.5687 9.48949 37.4388 0 15.2506 6.48987 37.6481 0 14.9239 9.82521 34.6203 0 17.2388 6.87196 34.4705 0 17.256 9.31914 37.0691 0 20.6106 6.58299 36.617 0 20.0139 10.2167 34.2488 0 23.2456 6.59361 33.5565 0 22.3667 9.92205 36.6662 0 25.6022 6.78933 36.3432 0 26.5829 9.89412 34.0388 0 29.0515 6.79952 34.2626 0 28.8338 9.67518 36.7874 0 32.3365 6.39975 36.8236 0 31.8554 9.09856 34.3858 0 34.9826 6.59725 34.4321 0 34.4434 9.54024 37.0554 0 37.4927 6.6613 36.7875 0 37.4051 9.54922 34.4845 0 1.37136 12.3371 34.4156 0 1.48101 15.355 37.2329 0 4.23883 11.692 36.813 0 4.12663 15.3641 34.6976 0 6.80161 12.2996 34.2918 0 6.84199 14.1563 37.1063 0 9.60568 12.0971 37.1157 0 9.35981 14.6607 34.1878 0 12.3295 12.2922 34.3856 0 12.3618 15.7513 36.9793 0 14.9825 12.6401 37.2636 0 15.1004 15.12 34.2106 0 17.6447 12.5493 33.6576 0 17.4264 15.3389 37.2825 0 19.9447 12.9878 36.9799 0 20.015 15.4872 34.5408 0 22.877 12.7506 34.0475 0 23.212 15.2167 36.6984 0 25.6774 12.2478 36.4925 0 25.6684 15.0764 33.984 0 28.6746 12.5589 34.4609 0 29.0043 14.8064 37.6673 0 31.6555 12.5147 36.8595 0 31.4294 14.95 34.0407 0 34.9206 12.7056 34.3761 0 34.1835 15.0185 36.6542 0 37.1406 11.7617 37.2001 0 37.5217 15.4993 34.2893 0 1.32812 18.295 34.3833 0 1.14513 20.7052 37.3026 0 4.50178 17.8841 37.6818 0 4.08483 20.3435 34.7918 0 6.95107 17.7334 34.8291 0 7.03039 20.578 36.9158 0 9.83722 17.922 36.8985 0 9.61077 20.4734 33.7322 0 12.3661 18.0074 34.3519 0 11.8722 20.8859 36.3712 0 14.6201 18.3275 37.1762 0 14.9864 20.482 34.2439 0 17.503 17.8642 34.7489 0 17.8077 20.7205 37.125 0 20.6461 18.0407 37.1618 0 19.8111 20.5863 34.2826 0 22.9347 18.3813 34.295 0 22.8247 20.7552 37.1081 0 25.975 17.4451 37.3257 0 25.8402 20.5972 34.4734 0 28.6367 17.6352 34.5197 0 28.9543 19.9757 37.5927 0 31.6551 17.3226 37.0481 0 31.4518 20.5317 34.7606 0 34.3866 18.1459 34.4822 0 33.9768 20.388 37.2625 0 37.0149 18.0183 37.3802 0 36.7875 20.8594 34.519 0 1.19089 22.9086 34.3919 0 1.68333 25.6351 37.2538 0 4.26018 23.194 37.3738 0 4.14387 26.2698 34.4426 0 7.1071 23.4838 34.6393 0 7.24243 26.3335 36.9769 0 9.68061 23.5716 36.9326 0 9.70085 25.986 33.839 0 12.1119 23.4797 33.7796 0 12.8102 26.3139 36.4796 0 14.1748 23.3775 37.0888 0 15.1665 25.5352 33.7858 
0 18.1603 23.531 34.0069 0 17.5247 26.011 36.9184 0 20.0442 23.4383 36.9736 0 21.0802 26.1227 34.2309 0 23.9802 23.534 34.4769 0 23.5087 26.2679 36.9552 0 25.5616 23.3133 37.3556 0 26.732 26.3521 34.4087 0 28.363 23.03 34.602 0 29.1691 26.1036 37.2415 0 31.3038 22.9938 37.3376 0 31.454 25.5315 34.7584 0 34.0376 23.1564 34.9532 0 34.4036 26.2032 37.6943 0 37.2093 23.6953 37.0909 0 37.3841 25.8204 33.8804 0 1.37617 28.3661 33.9917 0 1.19969 30.9327 36.5186 0 4.2025 28.6384 36.8926 0 4.14585 31.196 34.1892 0 7.13621 28.7679 34.3249 0 7.0264 31.5453 37.1415 0 9.76593 28.5267 36.5377 0 9.47747 31.3446 34.3343 0 12.379 28.231 33.4623 0 12.3139 31.4427 37.0971 0 14.9128 29.092 37.2231 0 14.7972 31.606 34.0952 0 17.3494 28.6804 34.2198 0 17.8632 31.1614 37.1197 0 20.4368 28.5327 36.9849 0 20.5458 31.2733 34.7221 0 24.0044 28.6082 34.2036 0 23.5859 31.464 36.8485 0 26.4069 29.0271 37.3088 0 27.0071 31.2877 33.4558 0 29.4084 28.6241 33.9051 0 29.3474 31.1009 36.8679 0 32.0162 28.5898 37.6027 0 31.5553 31.7211 33.9622 0 34.1964 28.449 34.5934 0 33.9379 31.2427 37.1195 0 37.4412 27.701 36.6421 0 36.8909 30.7184 33.988 0 1.35202 33.8908 33.2587 0 1.25203 36.5667 37.3694 0 3.83982 33.7985 36.9421 0 3.77923 36.0782 33.8065 0 6.7663 33.9356 34.569 0 6.50705 36.7215 36.8311 0 9.50245 33.9771 36.8959 0 9.29777 36.6788 34.1064 0 12.1996 34.4297 33.8576 0 12.006 36.5792 36.8636 0 15.2814 34.0032 36.9525 0 15.3878 36.7956 33.9976 0 17.7701 33.732 34.4881 0 17.9994 36.4729 37.0578 0 20.4354 33.7529 37.061 0 20.5349 36.25 34.6357 0 23.7452 34.0023 34.3045 0 23.5699 36.8005 37.0125 0 26.2355 33.6478 37.2495 0 26.0255 36.6848 33.9558 0 29.1103 34.0798 34.5888 0 29.0922 36.9308 37.1315 0 31.7029 33.9091 36.8977 0 31.7339 37.0192 34.6708 0 34.4279 33.8403 34.4811 0 34.5247 36.2335 37.4079 0 37.3853 33.9249 36.7893 0 37.5433 36.6763 34.3569 
0.80799 0.736802 -2.35682 -0.387344 -2.65723 3.60064 -2.51987 -0.323724 0.356508 -0.317273 0.0719541 -0.00426946 0.515365 1.48949 1.19299 1.07036 -0.377168 -1.78368 -0.668796 2.17017 2.47842 -0.441181 2.76468 0.899111 1.33735 -0.818409 0.256506 -0.546195 -0.297319 -0.937039 -0.638519 1.1025 -0.306019 1.42761 0.277011 -1.36353 -2.58601 -1.04536 -2.21005 -0.309724 -0.531701 1.31123 0.810376 1.37701 -1.97331 0.389901 -0.648444 0.496342 1.32035 0.705827 0.781507 -0.629577 0.438787 0.394128 -1.77034 2.9505 -0.360163 2.64482 -1.37266 -0.800877 -0.320565 0.0676426 -1.6732 -0.4535 0.596011 -1.75457 2.10072 0.693321 0.710483 1.27336 -0.482354 1.10757 -0.810196 -0.847748 0.025714 0.416594 -0.704599 -1.29209 1.84447 -0.852255 -0.397191 2.56742 -1.55248 -0.109449 -0.921962 -0.138332 0.146554 -3.03043 2.93346 1.40236 -0.627765 -0.0939618 0.597601 0.636902 2.09285 -0.800912 -0.531633 0.61365 -1.4126 0.309371 1.39522 1.21282 -0.368485 0.0778266 2.74872 -1.23075 0.78187 -0.0555805 -0.902192 1.29858 -0.364748 2.89671 -0.907387 -0.362709 0.0216968 -0.76657 -1.1417 1.71686 1.00609 0.210876 0.427669 1.45794 0.304851 -1.06349 1.03593 -0.106325 0.126267 -2.20228 1.32122 1.32241 -0.322204 -0.678523 -1.66175 -0.427692 -2.2539 0.999273 -0.0901756 -0.91018 2.6473 -0.981706 -0.0617715 -0.410567 1.0892 -0.559484 -0.567055 0.690522 -2.04258 -0.508739 -0.739673 1.81105 -0.233366 1.67658 2.94437 0.478236 -0.453521 -1.73658 -2.36668 -0.979028 -0.15691 -0.355334 2.45424 -0.511032 0.168777 1.15476 1.87544 0.247815 0.207553 -0.679205 -0.244776 -3.54741 -0.205229 -1.64703 -1.97855 -0.403874 -0.397078 -0.0905084 1.35492 0.537476 -1.90723 2.35846 -1.91976 0.594338 0.0146329 -0.104415 -1.14884 1.78958 0.592132 2.24919 0.535477 0.53584 -0.233266 -0.793367 -0.104764 -1.24102 0.10432 -0.870805 2.35989 1.02981 0.929836 -0.0145174 -0.604103 1.89867 -1.19379 -0.781952 -0.325879 0.530682 2.23614 -1.03359 0.996403 0.50003 -0.125391 -0.107826 -1.59011 -1.99417 0.63159 -1.95922 -0.00658514 -0.452158 -1.89586 -1.14411 -0.522283 -1.83271 -0.147891 1.51789 -1.10588 2.31177 1.26366 1.77441 -1.93625 -1.2151 -0.338957 0.0917637 1.32581 1.53222 1.90736 -1.25868 0.451213 -0.589533 0.202234 -1.25577 0.556156 0.886081 3.66719 -3.0354 -1.04978 -0.869253 0.690831 1.45244 -0.671576 0.724201 0.840141 -0.0681586 -1.01431 -1.03217 0.777052 0.316942 -0.988557 1.07079 1.75064 0.215193 -1.64938 1.12424 -1.22998 -0.0185693 0.00306602 -0.880664 -0.325961 1.85199 1.54511 -0.215585 -1.9974 0.852792 0.840475 1.07385 0.913343 -1.88549 0.799201 1.26326 -0.655146 -2.73232 1.87398 -0.396407 -3.43994 0.0475171 2.39615 -0.0604696 -1.12658 -0.281419 -0.296995 -1.39605 2.71585 0.420414 -1.38146 -1.46512 -0.629378 -0.261406 0.756219 -0.194344 -0.957285 3.44763 
1.66907 -1.07934 4.52385 -2.2998 1.00769 -0.827146 0.30566 1.93695 1.44624 -1.15134 -0.393416 -0.469258 1.90854 0.691354 1.23678 1.59344 -0.153286 0.764113 2.26331 0.629854 -0.366181 1.37969 -1.00806 -2.48 1.96684 1.42828 0.388238 -0.376286 -0.812997 0.527518 -0.00969309 -1.85632 2.63451 0.693524 0.387609 -0.0109628 -2.0749 0.238802 1.87953 -0.111329 1.3452 0.600165 -1.52001 -0.699964 0.359133 0.105738 -1.29493 -0.016784 1.09229 -0.61408 -0.261619 0.920216 0.3597 1.4082 -1.03585 -0.017207 3.15401 0.304796 -0.490212 -1.394 0.376948 0.874062 0.481011 1.82906 1.17379 -1.93953 1.26773 2.7846 -2.44965 2.80451 -0.743363 0.241714 -0.450113 1.13732 -2.88506 2.24702 -0.181877 0.391249 0.395031 1.16018 0.304485 -1.87144 1.77069 -1.20427 -2.28627 -1.43628 0.242153 0.817145 -0.970099 0.161701 -0.615411 0.136006 1.40678 1.78875 -1.12317 -1.17301 -0.97059 -1.52151 -2.91933 2.10285 -1.08134 1.54157 -0.163805 1.42932 -3.4657 -0.347644 1.68042 -3.5756 2.54396 -2.04021 1.46435 -0.577729 -1.08826 -0.692767 -0.754178 0.0798436 -0.355769 -0.362976 -1.22194 -0.837978 1.93424 -2.42952 -1.35064 0.345313 -0.978044 -0.446099 1.0062 0.786931 0.545285 -0.311876 -1.66598 1.11675 -0.535954 0.65094 -1.56142 -1.00455 -0.475124 1.3275 1.81115 -0.410536 -0.44337 -1.3548 -0.367862 0.180162 0.857933 2.09428 1.62849 1.08981 0.334122 -1.60537 3.28403 -0.672598 -0.379307 0.715375 1.09899 0.515374 1.48749 -0.256621 -0.668272 0.272018 -0.137009 1.88794 1.90713 0.310467 2.69342 1.46679 0.662886 -1.54539 -1.29991 0.269375 -1.41607 2.16611 -2.36466 -2.59467 2.27797 -1.08684 1.08252 0.619937 2.25853 0.584538 -1.79181 0.779379 -2.16601 -0.14165 -0.861581 -1.47655 1.30316 0.716965 2.83468 -3.03923 0.311595 -1.35907 1.31407 0.355532 0.860536 -0.67953 0.122803 -1.59024 0.0990855 -0.823606 -0.396766 0.0161677 -1.12629 -2.05928 -1.36989 2.46598 0.0194497 -0.671764 -0.265261 -2.46451 1.23957 1.18537 -0.864753 0.569001 1.20757 0.656491 -1.64456 -1.20755 -1.31641 -0.809552 -1.15555 0.468109 -1.88434 -0.14226 -0.827536 0.737891 -0.0235425 2.30346 1.38803 -0.0477225 -1.8873 -1.86248 -0.0690947 -0.279493 -0.446126 -1.22716 0.937559 -3.90068 -1.71844 -1.03888 0.709278 0.586359 -0.838319 -1.47132 -0.861021 -0.465303 -2.85824 -1.67035 -2.90691 0.191292 -1.25446 -2.21456 -1.04842 -0.0586902 -0.16259 -0.0838889 -1.2266 -1.56445 -2.15891 -0.00980951 -0.428516 -0.161397 3.91079 -2.00039 -0.0782117 -0.387211 2.29572 -1.629 1.1959 1.73942 -0.825574 -1.96447 0.0696918 0.54858 2.70765 -1.22948 -0.865957 -1.55545 -1.1964 -1.66854 0.647214 -0.746017 -0.847738 1.34037 2.48072 0.303173 1.9699 0.842523 -2.06732 2.04833 1.13011 0.814447 1.79452 2.69781 -2.1247 -1.58904 1.25928 -0.443242 1.06174 -1.15381 
0.313376 -2.11853 -1.27281 -1.19353 -1.5287 -1.88688 2.90348 -2.69951 2.87277 -0.501899 0.908489 0.392303 0.856788 1.47528 -2.39858 0.936736 1.64831 -1.23209 -0.171033 0.966364 -0.024349 -1.32166 0.806482 0.150453 -0.246179 0.142616 -0.901714 1.26805 -1.63298 -1.58649 -1.317 1.57116 1.40324 -2.25064 0.578224 0.319406 -0.390538 0.761819 0.199593 -0.798128 -0.0926848 -0.141995 0.000926086 0.355703 0.671309 1.11386 -2.70838 2.66342 -0.889718 0.849234 1.4253 1.15619 0.95064 -1.21373 -0.140415 1.27314 -0.415225 0.066151 0.345901 -0.663986 -0.652966 -2.85735 -1.16682 -1.46008 -0.16668 -0.840446 1.92843 1.20526 1.29429 -0.0188898 -2.42235 0.422697 0.854768 -1.87539 -2.47276 -0.0850596 -0.52805 1.30779 1.20766 0.780857 3.56165 0.708535 0.870665 -0.659089 1.34767 0.363941 -0.894476 -0.936846 0.531769 -0.645456 -0.236939 -2.30754 1.13844 -0.35903 0.814588 -1.61514 2.27525 0.824623 0.0263288 -0.243443 -2.45275 0.762196 -0.511746 2.23261 -0.226039 -1.61935 -0.722538 -0.794984 -1.56072 1.72428 0.778484 -1.59837 -1.54169 -1.71244 1.15845 0.667599 0.885397 1.12883 -2.63986 -1.06065 -0.144641 0.744898 -0.10383 0.259319 -1.57325 -0.166198 -0.578241 0.987068 0.481635 1.18453 0.741026 -0.804769 0.950383 0.517286 -1.38223 -1.66753 2.12339 1.48583 -0.35682 1.06295 -0.117358 2.00303 0.0633367 1.50096 -0.666062 -1.47777 1.06463 -4.09295 1.09305 -2.71444 -1.34603 -0.261636 -0.183009 0.888938 -0.209023 -0.858601 0.772841 0.123142 -0.509433 -1.0892 -2.30324 -1.62346 -0.580956 -1.84185 -0.889901 -1.44961 2.07232 -1.78465 1.15018 -2.38677 0.161852 -1.93467 1.3695 2.1408 1.93718 -0.471097 -0.511291 0.244775 1.6469 -1.28673 -0.126772 -1.12547 0.187947 0.881762 0.740664 0.710455 -2.0054 -0.175198 0.421471 -0.472721 -0.207987 1.26011 1.47927 -2.28198 2.04642 -0.82397 0.467717 0.665868 -0.351774 -1.89165 0.0104332 0.815141 -0.957686 0.450051 0.299886 0.299089 -0.094924 -2.9191 0.644726 0.451454 1.74168 0.156571 -1.60033 -1.14868 2.49668 0.174106 2.56799 -1.18764 -1.72045 -1.42125 -2.93082 2.95709 -3.27081 -1.76431 -1.66456 -2.52797 1.47047 -0.385492 -0.883318 -2.09676 -0.119504 -0.438228 -0.580966 -3.85333 -0.382677 -0.674831 -0.542094 2.08141 -2.22356 -1.15735 -1.3033 0.720663 -0.112633 1.05315 0.0969043 -0.542557 0.0305299 -2.49661 0.858321 -1.59732 -2.31431 -0.0418068 -1.14224 -2.77249 -1.11861 0.675878 1.14501 1.66153 -0.563959 0.330255 -2.63862 -1.63615 0.334623 0.289678 -1.96033 1.76806 -2.53583 0.23448 0.759967 -1.88569 -1.6303 -1.71962 1.6949 -1.54545 -0.735088 0.0971234 0.315254 0.544833 0.799294 -0.958446 0.0301012 -0.200057 -0.835219 -2.74998 0.671411 -1.89072 0.509922 -1.47993 -0.573898 0.381507 -1.81104 2.02519 -0.0703503 -2.43947 1.45254 -1.27076 -0.784065 0.538367 -0.500684 0.743272 
1.34611 -1.38081 -0.156129 0.789779 -0.401648 0.490797 -0.805695 -1.24786 0.897517 -0.922032 -0.970723 -0.979179 -0.329523 -2.7461 -0.790143 1.90209 0.801483 -0.139947 2.04472 -0.353019 0.771247 -0.695559 0.0818172 -0.916715 1.1831 2.01901 -1.68722 0.324011 -1.72837 -0.281423 1.0773 1.53004 1.53792 -0.769174 2.27566 -0.687008 0.918113 0.659237 0.257053 1.57758 1.79936 -1.34457 1.12812 -0.254281 -0.920842 2.64329 3.16334 1.06334 2.14634 -1.31658 -3.74444 -1.42021 -0.231811 -0.353873 -1.2629 -1.56279 0.545271 -1.16598 0.0220789 -0.567898 0.262446 -1.43028 -2.33295 -0.180485 -0.831017 -0.311955 -1.2337 -0.14435 0.829926 0.351892 -1.35367 0.0538293 -1.55062 -2.68632 -1.08934 0.889185 -1.23449 0.603075 -1.29099 -0.909176 0.0699712 -0.729378 0.23354 -0.914178 1.72086 -0.425332 0.201741 -0.889851 -1.34059 0.989771 0.361758 -0.960525 0.931992 1.26051 1.92427 -2.81813 1.6757 0.789698 -1.62964 -0.961544 -3.76698 1.21831 1.13352 -0.254918 0.591879 2.1696 1.28231 2.83941 -1.20667 1.18407 0.3843 -0.209643 -1.04403 1.24592 0.779494 1.22558 0.0449145 1.14026 0.661751 1.77996 -1.20554 -2.24338 0.418732 0.49675 -1.70952 -2.9535 0.076371 -0.00471963 1.45698 -0.106586 0.535709 1.53118 -1.52862 1.45446 0.418215 -2.8278 -0.202255 0.142503 -1.12899 -0.211316 1.47421 1.51151 0.337106 -2.95836 0.574826 0.0884224 0.850947 0.144999 -1.01867 0.601267 1.72478 -0.505462 1.8917 -0.0310518 0.879757 -3.56442 -3.22689 0.0161337 1.05414 -0.350578 3.44965 -2.24119 -1.62655 -1.3893 0.0674717 0.897226 -1.13715 -0.0448642 1.99619 1.19729 -3.51006 0.828965 -1.11221 -2.14691 2.33604 -0.124964 -0.0270042 0.728703 0.168909 -0.273736 0.362205 0.111456 1.40959 -0.64834 -1.56284 0.0359554 1.68517 -0.678452 3.39885 -1.35924 -0.860622 -1.13557 1.98004 -1.91494 0.799612 -0.195692 0.128219 -1.5089 1.95845 0.32315 0.500381 1.22016 -0.233972 -0.879533 0.44987 -1.03494 -0.990007 -0.103274 1.02195 -1.16649 1.25735 0.129706 0.847509 -1.03337 0.256734 0.103674 0.757468 -2.60758 0.690663 -0.011271 -0.0200674 -0.412679 0.259983 -0.650908 -0.412577 -1.52514 -1.27332 -1.62245 -0.577612 0.172664 -0.277147 -2.55676 0.258995 0.78748 0.0752604 1.97317 2.57148 3.65312 -1.36261 2.70278 -0.341563 1.51905 0.544832 -0.0101835 -1.02626 -2.0208 -0.0065358 -0.208471 1.86678 1.34903 1.959 -0.454856 -0.786283 -1.80663 1.34639 0.928621 0.583355 0.0563015 -1.55304 -1.89352 -0.709547 -1.23425 2.11896 1.24113 -0.853651 -0.0861488 0.869377 1.07332 1.04105 -1.00001 -3.36314 -1.37291 0.0456826 0.71509 -1.23931 0.757375 1.96732 4.61229 -2.60167 -0.783635 -0.920524 -0.233658 0.928005 2.29306 -0.692008 2.54763 -1.14291 0.159464 -0.463822 1.81817 0.719514 0.870602 -2.09656 0.443464 0.474745 1.15483 -0.402199 0.474176 1.84084 -2.20084 
1.69584 1.60277 3.46657 2.40737 -0.179881 0.60855 1.62636 -1.97963 0.148604 -0.829443 -0.446879 -0.792748 1.00008 0.472238 -0.378938 -1.6988 3.75443 -1.91737 0.618083 -0.454288 1.20811 1.13375 1.22846 1.37853 0.506419 -0.223775 1.55542 -1.49584 0.85565 0.337798 0.945671 -1.39395 -0.221535 -1.77274 0.201407 1.8178 1.39124 0.0142729 -0.0412396 1.29103 0.545229 0.390602 0.304028 -2.26936 1.96681 3.74916 0.691556 -1.22557 0.0501076 -2.65657 -0.096289 1.36528 4.58557 0.0359353 1.9706 -1.47606 0.239701 1.91478 0.306678 0.320006 0.439889 1.18808 0.318767 0.266155 -0.384468 0.780795 -2.56875 -0.885956 -0.968069 -1.71872 -1.26147 1.23408 -1.11836 0.443159 1.9753 0.715383 0.964379 0.920428 1.70248 1.00402 2.13377 0.629676 -0.0908757 -0.286371 0.217981 1.25042 0.495015 0.106005 2.12901 -0.50005 -1.75966 -0.970001 3.27264 -0.150386 1.09711 1.05543 -0.32228 0.977943 -1.89154 1.35514 1.16149 0.105745 -0.704692 0.307993 0.730061 0.334624 0.540794 2.02406 0.779189 0.618109 -0.916895 -2.28154 1.53698 -1.06872 -2.14138 -0.357814 -0.782734 0.826224 0.900022 1.2758 -0.715486 0.216799 -1.84002 -0.918774 0.733378 -1.01363 -3.29116 2.38173 1.34336 -1.55939 0.942555 -1.21312 0.634126 -0.484617 -1.27571 -1.17816 1.77262 -2.38563 0.946198 -1.50685 -1.74485 -0.422545 -0.484788 -0.259663 1.09685 -3.72484 1.31664 -0.557739 -1.54137 -1.0283 2.15642 0.0618099 -1.06786 1.08742 -1.50571 -1.50347 -1.3384 -0.652529 -1.3003 0.00324112 0.441685 -0.997466 -0.815668 -0.166413 -0.871205 4.17886 -2.12387 0.648523 -2.0155 1.33173 0.551834 -1.44749 -2.20324 -1.12645 1.003 -0.0568453 -0.632894 0.422662 0.0982852 -1.96511 -0.534196 -0.824365 -0.214806 -0.116349 -0.320573 -0.473166 -0.992346 -2.47762 -1.33812 0.397095 -1.81974 -1.44054 -2.16212 1.64937 0.895564 0.898766 0.867955 -0.976418 1.88162 0.255037 4.19879 -2.40065 -1.74052 -3.27802 -1.64815 -0.927501 -0.441963 -3.57016 0.591172 -0.917803 -1.67983 2.99379 2.30174 0.734871 -1.41902 1.10862 1.91242 1.67514 -2.41723 -0.463426 0.458921 0.911877 -0.101744 -0.847054 1.01322 -0.303008 1.48112 -0.103265 0.794166 0.364442 -0.497812 0.352242 0.968469 0.238856 -0.255407 0.316492 0.984386 0.277438 2.32265 1.18051 1.86757 -0.0242047 1.9481 -0.44493 0.273892 -3.39897 0.434089 -0.806735 0.0972715 1.43159 -0.348141 0.156699 -2.01112 0.863679 0.958586 -0.908368 0.147908 1.61651 -2.00755 -0.873937 1.62832 -2.28469 1.43736 -0.861405 1.81153 -0.428542 1.42806 -1.12024 0.816684 1.96955 1.50164 -0.388734 0.870429 -0.320227 3.75745 -1.17602 -0.784353 -1.0653 -2.64523 -0.296852 0.881411 -1.00154 -0.440763 -1.17581 -1.07748 1.4375 0.101054 0.337163 -1.01378 -2.0795 1.80484 0.746983 -0.349473 -1.37969 -4.31552 -0.710847 -0.810365 0.259921 0.788803 -0.267598 
-1.98981 1.44464 1.5307 -1.44382 1.98895 -1.58113 -1.31475 1.18485 -1.30518 -0.946702 0.942412 0.172089 0.349466 -1.31319 1.42863 1.3755 0.872843 0.023187 0.14592 -1.35407 1.63699 -1.4153 1.27205 1.7859 -1.08308 1.44029 -1.24748 -1.18221 -0.658367 -0.606944 -1.46562 -0.116309 1.25388 0.00544743 0.694447 0.459865 -0.54936 -0.49027 -2.30987 2.68647 -3.25034 -0.64557 0.131829 -1.25487 1.40625 0.159372 0.458589 -0.797878 -0.271553 -2.0975 0.0739322 -0.236881 2.09701 -1.94986 2.04945 2.15053 -0.891579 -2.51272 -0.554843 -0.146207 -1.08914 -0.594442 -0.976562 -1.59974 -0.255017 -0.330586 2.0397 -0.769152 1.09175 -1.13 0.551048 1.67139 0.651209 0.236123 0.373058 -1.9106 -0.511748 -0.657727 0.486343 -1.21187 1.95551 0.798813 0.662591 -0.579729 -0.0429193 0.281712 -0.93082 -1.0189 1.23236 -1.95208 0.618853 -0.609553 1.63203 0.853856 -0.178889 -1.85095 -1.82546 0.33619 0.027119 2.19317 -0.386322 1.10716 -0.270622 -0.45908 0.340847 0.427183 1.87011 -0.553303 2.01516 -0.766478 -1.36808 0.0162262 1.05938 -2.96324 0.344358 -1.38207 0.588278 -1.51965 -0.673789 1.08536 -2.20779 0.693116 -1.35773 -3.24357 -1.8044 -0.567111 0.601576 0.833662 1.32165 -1.02625 -1.19281 -0.438934 -0.671128 1.09021 0.841409 0.971942 -1.93003 3.83158 1.03002 2.05407 2.49289 0.576359 3.14553 2.36026 0.240179 -1.03189 -1.10134 0.0939593 0.873357 0.572522 0.128971 0.0837784 2.27627 -2.01695 0.95705 1.36204 -0.260961 -1.10639 0.941791 0.118311 4.0407 -0.0311524 -0.758734 0.582859 0.362858 -2.68905 0.276028 1.2546 0.422872 -1.91854 0.572856 3.1404 0.913954 -2.60264 0.851495 -1.47642 -0.346292 0.973795 -1.1941 0.0248465 -1.22677 2.44899 -0.425611 2.09774 0.409645 0.610767 0.582479 -1.03919 0.893777 0.185054 -0.14793 -0.923021 1.12004 1.19359 1.34225 0.428529 -0.446923 -0.790395 0.719631 1.10389 2.90723 -0.615946 0.140709 0.10407 -1.60377 -0.609905 2.34998 -0.18181 0.782858 1.5812 0.269734 -0.985448 1.22656 1.87385 0.131615 1.53409 0.52181 -1.61985 -1.8059 1.25714 -1.81206 2.73666 -2.37186 -0.991259 1.11658 -2.30053 -1.17712 1.13552 0.274889 3.41867 2.15692 0.249694 0.537445 -0.513339 0.286003 -0.800669 0.416963 0.865093 1.03554 -3.52259 -0.914196 1.86443 1.48534 0.234462 0.908517 0.695728 1.44734 0.836656 -1.66969 -0.551956 -0.601788 -0.552485 -3.06607 -1.21795 -0.876285 0.727769 -1.47988 1.86919 -2.7336 -1.37997 -0.386075 -2.42269 -0.253995 0.865939 -0.688754 0.323343 -1.06488 0.701474 1.14764 2.61844 -2.51719 0.14732 -1.40328 0.193769 0.0865416 1.59905 -2.0165 -0.10963 -1.96124 -1.74007 -2.60025 2.3471 0.74095 -0.176009 -0.446953 0.458743 1.15155 -1.10417 1.56689 0.644636 0.402762 3.65256 -0.69317 0.566161 -0.64496 1.30875 1.22682 2.09813 2.30548 -1.091 
0.0999858 3.27719 -0.566568 -1.77068 0.194274 -0.579167 -0.808545 -1.08519 -1.88752 -0.704675 0.197044 0.34497 0.635883 0.0295288 0.0584111 0.697124 1.76165 -0.677857 -0.082555 0.371654 -0.0352302 -0.920774 0.589563 3.28708 0.729625 -1.84293 1.35308 0.478541 0.28614 -0.061202 0.758021 -0.42084 -0.441007 -1.48896 1.78936 -1.56131 -1.11733 -0.90699 -2.3084 1.25194 0.646716 0.0229262 0.567118 3.70103 -0.237767 0.742127 -1.13717 0.456947 1.41995 1.14167 1.98735 -0.226494 0.313498 -1.5073 1.4219 1.24196 1.80257 0.398853 -1.15373 0.901041 4.00548 1.60996 0.449241 1.53877 0.909933 -0.110301 -0.945595 -3.20718 0.363283 2.93382 -1.04125 -0.670817 -0.939415 -0.043189 -0.0378555 -0.791739 0.339456 -1.1043 -0.817881 -1.12092 0.270009 -1.5089 -1.67866 -0.254671 -0.6982 -2.7366 2.28174 -0.240934 0.211162 1.47296 -0.329899 0.109443 1.23783 -1.99716 -3.0983 1.5942 -0.374797 -1.06093 1.20034 -2.49969 3.07418 0.431163 1.81858 0.148792 2.08073 0.121734 -0.0463458 -2.78537 -1.14918 -0.913484 -0.153724 -1.27129 -0.779968 2.23627 1.12594 0.129377 1.45028 0.676688 0.160251 0.916502 0.138778 0.92084 1.5883 -0.159165 0.146959 -0.437805 -0.795362 -1.16364 -0.559207 1.25746 -0.760884 -0.815312 1.53544 -0.408299 0.499438 -0.840383 0.53573 -2.45372 -1.50015 0.347363 -0.994223 0.795214 1.54028 -1.04169 3.81057 0.495556 1.96136 -0.821088 -0.39433 -1.22593 0.144109 1.43632 0.299102 1.49187 1.05248 2.36786 1.0738 -1.10694 -0.81195 -2.45724 -0.14679 0.932337 0.444085 -1.30818 -1.04804 -1.65077 -3.44247 1.56208 0.0568301 0.873507 2.58136 0.751211 -0.917762 0.808817 -2.51583 -0.74339 1.07576 -0.637154 3.301 -1.8345 -0.841899 1.90493 1.66675 -0.922203 1.6568 1.34537 -0.617096 -0.771974 0.142293 -0.942969 -1.18566 -0.523395 1.30083 -2.08328 -1.56651 -0.769013 -0.941061 0.401553 0.279208 1.08716 -1.0045 -0.593841 0.0944509 0.80564 -0.739883 -1.05949 0.158724 -0.13986 -2.04222 0.16784 0.0350147 0.604625 -0.0642987 -2.59685 1.9148 0.382783 -0.268009 -0.213016 0.588334 -2.23259 -0.609923 -1.77342 0.546738 -1.55831 -0.569906 -0.608497 3.19229 0.0343933 -1.81039 -1.52193 -1.13385 -0.677145 0.376457 1.28943 0.947857 1.04821 -1.22964 2.89607 -1.04796 0.791436 1.44261 -0.084624 -0.702203 1.10079 -1.47547 -0.528993 0.86391 -0.329051 0.955077 0.147016 -0.92194 -1.29317 -0.157364 -1.63639 -0.629562 2.09649 -0.00974932 -2.2768 -0.727933 -1.06683 -1.50869 0.468535 -0.510289 -0.994228 1.59002 0.356421 1.44994 -0.072874 1.64009 -1.89738 0.595691 1.05602 -0.603316 -1.38915 2.2879 -1.78893 -2.12175 1.76241 -0.249761 0.315097 -1.10153 0.85944 0.967659 -3.10743 -1.03852 0.232508 0.154393 -0.433053 -1.29319 -1.45219 2.56693 1.09924 0.528293 0.281264 -0.349466 0.495776 -0.64138 -0.893109 -0.700833 -0.453663 
0.685626 0.524205 -2.16956 -1.89488 -0.499194 -2.257 2.14325 -1.37222 0.641285 2.14877 1.56716 1.98444 1.69669 2.68732 1.2899 3.35813 1.70671 -1.74278 -2.62536 0.460471 -1.40067 1.08366 -0.00647416 -2.19404 1.09693 -0.303129 -0.323033 -0.873445 0.199335 -1.38901 0.468428 1.41558 1.22351 -0.0672841 1.36971 1.20642 -0.223915 -0.987639 -1.01296 0.402743 -0.0105835 -0.447721 -0.459225 0.299601 -1.86419 1.71849 1.73907 0.708225 -0.500103 -0.604999 1.33305 0.0583788 -0.191735 -0.645338 1.43251 2.41188 2.10681 0.992451 -1.13733 2.03337 1.22783 -0.730362 -0.323282 0.357217 3.65062 -0.596656 2.6517 0.963855 -2.26587 -2.92838 -0.841769 -1.40221 2.72979 -0.711977 -0.72867 -1.23254 0.713828 -0.832005 -2.19983 2.11661 -1.01858 0.95923 -1.83725 0.175643 -2.30506 0.997387 -2.01369 0.188401 -0.430238 -0.829915 0.511666 -2.69605 2.60086 -1.57724 -0.967418 1.61827 -2.05283 -2.36022 1.5093 -3.07999 2.19493 0.103056 -1.12688 0.738624 1.68703 -0.0719905 -1.94768 1.5802 -1.02566 -0.110461 0.180116 -1.24874 0.777415 -0.0375227 0.695018 0.36592 -0.759836 -1.63416 -2.73982 -1.57461 -0.935919 1.35829 2.97198 -0.323038 1.45389 2.19842 -2.09253 -1.12317 1.2341 0.400239 -2.3219 2.10584 2.86121 -1.04196 -0.330725 -1.64672 2.39893 2.86034 0.490104 1.44539 1.67576 -0.258804 1.46517 0.250965 1.17467 1.15892 -0.548239 0.563538 0.0249001 2.53345 2.41875 -1.46865 -1.42834 -0.76464 1.34243 -1.41241 1.24903 0.721313 1.93671 0.0627371 2.64181 -1.4786 3.01695 0.839596 0.756804 0.903696 -1.12744 1.12376 -0.446876 -0.991699 -1.71868 -0.114308 -0.24064 0.302668 -0.143975 -1.465 -1.07407 1.35568 1.42282 1.06716 -1.5251 1.26438 1.81339 0.0683024 -1.14704 1.12199 -2.51591 -1.50546 -0.693575 -0.614688 -1.50821 1.24678 -0.528795 0.0740029 0.772938 -2.75103 -1.23562 -1.20888 0.415667 0.964855 3.81401 -1.50663 1.7953 0.646775 -2.55312 -0.700052 0.967572 -0.028399 -0.704424 -0.759513 0.0670826 -2.03158 1.27076 1.13807 -0.279616 -2.02189 0.792821 -0.41636 2.40035 0.719299 0.102491 -0.0951447 0.842743 1.19724 -0.17236 0.356284 -1.04695 -0.625416 0.432031 -0.222533 1.53738 -1.44239 -0.236984 -2.3269 -1.67948 -0.0527835 3.30581 -2.58156 1.4609 -0.893191 -1.10888 0.683138 -0.0726313 0.0371226 -0.42762 0.493625 -2.43987 0.266949 0.256889 2.53833 -1.26565 0.217189 -1.81067 -0.964374 0.146613 0.290201 0.223154 -0.479136 0.491473 -0.0759881 -2.21846 0.642733 1.39459 -1.29116 1.20212 -0.214297 -0.204456 1.80846 -0.558862 -0.252366 0.223675 0.86302 0.94677 -1.05793 0.119716 -1.52827 -0.275434 1.13815 1.48855 1.43581 0.315741 1.71923 -0.542766 -0.621603 0.079761 2.58427 1.65511 -0.0306265 -0.627783 1.7129 0.000759097 -1.26896 2.13465 -1.84971 -1.19144 -0.466346 -2.50681 0.779935 1.49325 -0.973476 
0.199209 1.61451 -1.28398 -0.384107 0.455033 3.04347 2.03627 -0.457613 -1.9405 -0.807717 3.24768 -1.0434 -0.589992 -2.10316 1.15997 -2.23459 -0.344157 1.30059 -0.957828 0.714027 0.6659 0.907742 1.55146 -1.00623 0.235502 -1.63558 0.514299 -1.14858 -1.10038 -0.366311 2.80864 0.422402 -0.697969 2.25534 0.15115 -1.02074 0.298223 -0.42416 -0.490492 1.0411 0.00110799 1.79966 -0.086977 -1.54716 -0.265489 -0.506756 -0.398146 -1.7471 2.12914 -0.512986 1.01122 -0.69355 -0.653645 -0.522373 3.80123 1.71595 2.4345 -0.955253 0.010176 -0.0272242 -0.332667 2.72477 4.25903 0.412756 2.30206 -0.301203 0.537115 2.58748 1.48254 -1.74658 0.298509 -0.143559 0.314286 1.502 -0.776142 -0.15085 0.511839 0.912324 -1.51103 2.54541 0.674887 0.223238 -1.33689 2.12361 0.69252 -0.0326995 -1.34308 -0.0421583 2.88768 2.75651 -1.07007 -2.36327 -1.41893 0.922724 0.595472 2.30587 -0.59672 -0.924618 -0.739922 -0.969864 -1.49904 2.43304 -2.01211 2.40661 0.581873 3.48316 -0.0686639 1.15273 0.517004 0.16906 1.23363 -1.72235 0.407773 0.893021 0.144684 0.746878 1.50538 -0.0414387 -2.01762 -0.939925 0.819595 -0.266912 0.812023 -3.44725 -1.09323 -0.0632027 0.771382 1.07883 1.40181 -1.06587 -0.2891 -0.383867 -1.82886 0.802986 0.555056 2.23977 -1.47483 2.71311 0.694708 0.928619 -0.532212 -0.519557 -2.6794 -1.95798 -0.496756 3.10737 1.68864 0.339674 -0.205092 0.177842 -2.2589 0.615811 0.207236 0.436793 0.320958 0.432294 -0.62399 -2.32074 0.0332974 1.18607 -0.679204 -0.503148 -1.82768 1.34556 0.963388 0.18733 -2.19127 0.667517 -2.61455 1.81199 -0.327947 -1.53924 -0.86264 2.62392 0.697393 -1.6877 0.772302 -1.35788 3.10211 1.25401 -2.13376 -2.07714 1.42745 -1.31494 -0.253374 -0.238863 -1.16249 -2.58349 1.40965 -1.82913 -0.385492 -1.31404 1.07368 -1.81639 1.13706 1.9954 -0.28945 -0.737296 -1.06876 -0.525598 -0.598944 -1.58424 -1.09611 -0.81395 1.0152 -0.265326 0.461859 -0.263959 0.83555 0.230254 -1.2763 -1.71165 2.16233 0.78049 1.99055 0.759052 -0.065877 -0.0124888 -0.867322 0.728079 -0.244748 1.21353 1.58987 -0.433616 -1.20972 -1.93584 0.590076 1.48993 -0.950798 0.475575 1.17055 -0.161058 1.4458 -0.654141 0.56598 1.54934 0.042664 0.591033 1.27513 -1.37892 1.18938 -2.45863 2.65026 -0.14648 2.02308 1.92913 -1.40746 0.519675 0.107259 2.03303 0.435663 -1.58416 0.565808 -0.867304 -0.240485 -0.107973 -0.0981732 0.774675 -0.279024 -3.06828 -0.585449 -1.33341 1.33141 1.0054 -2.90426 -0.946148 1.36258 1.54958 -1.14348 0.409504 -2.60538 0.0883986 0.70361 -0.224922 -0.521733 0.38355 0.556229 0.0282048 1.11448 0.204119 1.28287 -0.820194 1.63927 0.961368 -0.131074 1.76087 0.148726 -0.9007 -0.897249 -1.08933 1.79474 -0.796279 1.8985 0.582394 0.66973 0.699171 2.56443 1.97824 -0.669922 -0.165102 
1.89579 0.554486 -0.166646 2.02764 0.658695 -1.24665 0.651163 1.64475 -2.8882 -0.973193 -0.700913 1.76638 -0.585608 -1.00328 -0.974442 1.5186 -2.65522 2.12128 0.127679 -0.427984 -0.41864 0.399601 -1.37832 -1.09348 0.315575 0.700981 -0.011324 -0.392634 -0.688833 0.104581 2.46293 -0.574737 0.876278 0.00465701 -1.92484 -0.251778 -0.683991 -2.15236 -0.300016 -0.418469 0.0877609 -2.13015 2.55359 -2.34074 0.771978 0.928609 1.83952 -1.55099 -0.834703 -1.56387 -3.34519 -0.966339 -0.40189 2.04054 1.00705 0.82801 0.334658 0.521231 2.57173 0.29477 0.631324 -1.10636 -0.263117 -3.84365 -0.364392 0.321117 -0.261451 -0.549182 0.603948 2.00102 -2.64796 0.594931 -0.238938 -0.374935 -0.279454 -3.08799 0.154143 -1.13023 -1.35508 -0.0157079 -0.779046 1.962 -0.338448 -0.10856 -0.0778864 1.14796 -0.733911 -1.1944 -1.0521 2.13681 0.953004 -0.490674 1.29167 0.759094 1.51138 -0.892407 1.62566 -0.0752781 2.26594 -0.0507895 2.03835 -0.96559 -1.47111 -0.282507 2.37712 -0.76129 1.5732 -2.7179 -3.52606 4.80224 -1.30313 -1.22469 0.608544 -0.902506 0.620426 2.96718 1.14699 -0.883274 0.202716 -0.498365 2.00771 2.01668 -3.02416 0.656097 -2.68419 1.32108 3.46909 1.42818 -0.0354803 -0.418871 0.713669 0.294241 1.44351 0.571672 1.99476 -1.0763 -2.00999 -1.06672 0.0323417 0.0020819 0.494327 -0.582659 -1.0957 0.343688 -1.24801 -0.796116 -1.22351 -1.00844 0.370289 -2.15495 -1.94095 0.179886 -1.89337 -2.35545 1.08132 -2.84819 -0.205759 -2.87473 -1.18664 -1.76433 0.375795 -2.33968 0.627114 3.08801 -0.650333 0.715797 -2.25087 1.52727 -0.898175 -0.00551098 -5.79121 0.885043 -0.495038 -0.430583 1.44349 -5.08449 0.579959 -2.52067 1.16666 -0.248513 0.879848 -1.79953 2.40447 1.39347 0.271179 -0.1115 -3.88156 2.70049 -0.611176 0.215248 -0.434748 -0.36563 1.12496 -0.104503 -0.682325 -0.0538795 0.312229 -0.158136 0.910357 0.358053 -0.96854 1.09184 -1.04681 -0.992918 2.46166 -1.92101 -1.31336 0.0118449 0.95334 1.06644 1.09746 -2.13505 1.44498 1.90349 -0.906996 -0.550264 0.822645 -0.803032 -0.287284 2.95849 -0.919666 0.0104448 -0.197621 1.73145 1.52468 0.564241 0.595953 0.194842 1.29616 1.68397 1.21169 -0.0651431 -1.71591 -0.912112 -0.353816 0.0767914 0.231961 0.117353 0.766591 1.2516 -0.383453 -0.933044 0.813619 1.36516 -0.404519 -1.54309 1.1678 0.704617 0.180655 0.947654 1.09979 0.389188 1.08897 1.59094 0.606566 -0.70028 -1.39405 -0.43418 1.23387 1.61037 0.99986 1.68664 0.0448339 0.185601 0.267504 1.18871 0.598622 0.970349 0.0381427 0.700743 0.608313 -0.654185 -0.852792 1.06903 0.18917 0.894185 -0.268565 -0.261167 -1.05923 0.538003 -0.489974 -0.988759 1.67431 -0.63193 -0.353282 1.3953 -1.80266 -1.80128 -1.65646 1.13983 1.03595 -0.546933 0.594523 -0.240472 0.169981 -1.47954 0.812296 1.39232 1.27336 -1.9987 
1.01777 0.715782 -0.788728 1.61116 -1.98981 2.22027 -0.266862 -2.97577 -1.48985 -1.04388 -1.0091 1.55269 -0.155849 -0.0288925 -0.138594 2.35203 1.87635 -1.49854 3.00255 1.53563 -1.51539 0.402155 0.807487 0.164658 2.41297 -0.0414648 -0.378122 -0.111511 2.13594 -0.522985 -0.395942 -2.38857 0.21674 1.75587 1.59638 -0.225823 1.58536 2.98225 -1.10432 0.908398 0.734102 -3.4409 -0.340621 -0.256164 -0.212927 0.749778 -0.179287 -1.056 -0.0734136 -0.136806 -0.366867 1.90923 -1.07214 -0.64018 -0.295131 -0.299679 0.979944 -1.24622 -0.379761 -0.0699997 2.3821 -2.49045 -0.145502 1.06825 -1.77566 1.98903 -0.242004 0.514774 -0.604896 1.52455 1.13615 -2.00166 1.00646 -1.47622 -0.801575 3.01047 1.02058 1.00469 -0.127251 -0.558306 0.41518 0.922174 0.122337 1.32511 0.70789 -1.25616 -0.275481 -1.62341 -0.641439 -0.908911 0.921171 -0.18543 -1.23029 -0.737923 -1.47335 -0.464076 0.865448 0.907185 1.05417 -1.24024 1.19134 -0.634082 1.33764 0.349144 1.72589 -0.400407 -1.19399 -0.223543 -0.461252 1.54279 0.301362 -1.5398 0.499901 -1.23373 -0.143068 -0.410685 0.403156 0.704461 1.2419 -0.332354 -0.585776 0.974298 -2.41061 0.259211 -1.7463 0.676719 1.27477 1.00183 -1.71644 -1.54561 -0.735599 -1.83419 -2.08243 1.37245 0.332514 1.11742 0.937314 0.220637 -0.882031 0.338281 0.534712 0.248467 -2.55938 -3.6025 -0.509899 -0.23395 2.37047 0.812305 0.674596 0.581161 0.78152 -3.01749 0.636724 -1.21307 0.335814 -1.3098 1.27556 2.74757 -0.818438 1.62056 0.955699 -2.04307 1.2784 -1.28448 -1.96639 0.371006 1.47143 -1.27061 -0.388237 0.253557 -1.34031 -0.552553 -1.36702 0.441356 -1.83047 -1.04102 1.17502 0.236242 -0.545508 -0.599201 -0.977535 0.105159 0.732478 0.239333 0.757228 1.80231 -0.0154127 1.30838 1.93182 0.437499 -3.01891 1.9968 1.09141 0.4962 0.615224 2.60101 1.1923 -1.77288 2.05367 1.14836 3.1867 -0.141777 -2.14968 -1.55115 1.53205 0.620422 -1.74296 -0.529306 -1.26973 0.600891 -0.399981 -0.0613019 0.0238886 1.10938 -0.54076 1.48672 -1.60258 -0.738858 1.35426 0.143575 0.170229 1.17846 -1.08278 -1.1218 0.0210508 1.47843 1.83536 -0.257535 0.539515 -0.403772 -0.151153 -2.81228 -0.793719 -3.04775 -2.5253 -1.36436 0.131307 0.340494 0.649713 0.429066 0.0291602 0.19614 -1.89581 0.604331 1.84704 0.966803 0.661121 -0.523623 1.73901 0.758867 -1.96568 -2.17966 -0.743408 -0.627488 0.558034 -1.24414 -2.16634 0.152719 -0.444394 2.59385 -0.544752 -1.15491 0.161586 0.144091 1.4871 0.432326 1.93476 -0.16198 1.50514 -0.226382 1.21421 -0.425798 0.928447 -0.708825 -0.00678039 -1.19895 -0.650156 0.751881 -0.456071 1.4156 -0.618942 0.428183 -1.79812 0.970949 -2.80188 2.77585 4.14038 -0.723453 -0.342867 -0.0455947 0.453707 0.0501473 -1.37317 1.48964 -2.06501 1.14895 -0.231821 0.825421 0.132432 0.206993 
1.10073 -0.42715 -0.808224 -2.7163 -0.0599938 -1.02809 0.937005 1.10427 1.07782 -1.37948 -0.0363285 -1.71607 -1.20727 -0.718738 -0.153757 0.590224 -1.57671 -1.53581 0.105466 -2.84448 0.164306 1.72457 -0.0738402 1.262 0.295716 0.396337 0.220955 0.420816 -1.45919 -1.74475 -0.102183 0.912251 1.00458 1.25679 0.888187 -1.51502 -2.41459 -0.704148 0.524968 1.25639 0.660875 0.341851 1.18649 -0.763477 -1.14355 1.01697 -0.790882 -0.240642 2.08125 -0.32904 0.176938 -0.2013 0.509732 0.250974 1.00523 -3.57421 -0.0195095 -0.879612 -0.237699 -0.70398 -1.22019 2.92758 -2.64945 -1.68249 -0.961399 -0.376754 3.0362 -0.423443 1.21455 0.054316 -0.300099 -0.774925 1.48053 0.408602 2.39446 -0.568936 -0.793405 1.87131 0.851083 -1.83822 -0.899988 -4.1824 -0.686729 -0.725523 0.242084 1.97313 -0.343161 -0.73131 1.14108 -0.352481 0.752726 -1.55623 -2.3001 0.97109 0.558498 -1.24899 -1.65538 0.308712 -2.13545 -0.876925 -0.941306 -1.81929 -2.55651 -0.0461737 0.974106 0.118645 1.12362 -0.0554606 0.780725 -1.39306 1.24409 1.6856 -0.350835 1.62175 -1.87333 -1.9511 -0.100896 -0.621103 2.3739 -0.00210391 -0.114941 0.876103 0.493195 3.14279 1.66511 0.510051 2.38542 1.66094 -2.04142 -0.699796 -2.98454 -0.00261023 0.373317 -1.70325 -3.16949 0.182251 -0.0171168 -0.335814 0.64731 0.944717 1.03383 -0.626353 -0.880199 -0.248009 -1.44612 1.10004 0.524807 -0.625795 -0.655523 1.53342 -0.344251 0.83645 -2.54213 -1.70967 -1.13239 -2.41085 -1.86569 -1.72661 0.873797 -0.548611 -0.749572 1.37168 0.107457 -0.491978 -3.02791 0.830752 0.281571 0.806834 -1.10871 0.285105 -1.40128 -1.07041 -0.908063 -0.028723 1.54885 -1.52694 0.469369 0.70705 0.389803 -0.651967 -0.469854 -2.4783 -0.578664 1.40479 0.186974 -0.900723 -0.540353 1.04062 3.65089 -0.655307 1.19683 -0.516912 -0.35113 -1.40126 1.33814 0.575281 0.0559457 1.57953 0.88615 2.81436 -1.15329 2.46539 0.718031 0.357005 0.520366 -0.978275 2.34068 -0.696408 -1.16993 0.619058 -1.30089 0.696797 1.1365 0.864546 -2.20723 -2.18148 -0.765694 0.542064 -2.03095 -0.92573 -2.14774 0.820499 1.14965 2.16178 0.19781 0.0796913 -0.32674 -0.0349981 -0.99388 -0.768911 1.06389 0.0258004 -0.257145 0.778016 -0.694674 1.18466 -1.21905 -1.41183 0.755324 -0.332362 -0.0368746 -1.6703 -0.53936 0.395524 0.532434 0.384178 1.52941 0.405659 2.42542 -1.61292 -0.590416 0.0716369 -3.75354 -1.36317 -1.59134 -0.579568 -0.796209 -2.068 0.0628914 -0.61293 1.64316 -1.09761 2.8104 0.917849 0.707003 -1.13658 0.683991 -0.383356 -3.48981 -0.779508 3.11928 0.743531 -2.12086 0.866669 -1.59287 -0.0685244 -0.664676 0.920721 -0.980385 -2.20986 -1.04651 1.11652 1.89445 -0.402223 1.90709 -0.63777 1.07714 0.170243 1.21826 -0.862955 -2.55287 -0.417325 1.4541 0.888736 2.43125 0.566717 -2.4962 -0.213265 0.0102291 -3.04693 
-0.417305 2.82987 2.10286 -1.07606 -1.55208 0.970123 1.40144 2.02062 -2.6062 -0.597854 -0.540427 -0.619186 0.514128 -0.50213 0.399332 2.06995 0.376251 -0.0437796 3.00567 -1.98686 -0.434808 -0.550556 -0.428576 -1.38801 2.56244 -0.70363 -0.169223 -1.23929 0.854997 -1.34394 0.61991 2.71116 -0.116426 -0.725728 0.455705 -0.596484 -0.751494 1.02229 1.26258 3.45716 -0.917303 -3.10556 -0.0223178 -2.31435 -0.788438 1.09073 0.63529 -1.17832 -0.67768 1.36625 0.758673 1.02188 -0.386717 1.09893 -1.72262 0.555362 2.55399 -1.04787 -0.560069 0.447525 0.0756045 1.1847 -1.53263 -0.851722 1.03323 0.308339 0.823524 2.28181 0.123567 -0.758768 -0.945163 -0.758785 0.141669 -2.11793 1.49542 -1.069 2.41357 1.28532 -1.88966 1.81202 -0.458563 -0.610714 -0.361102 -1.29242 -2.35226 1.23883 0.51188 -2.05352 0.39269 0.310632 0.287994 1.69684 -0.918041 -0.120917 -1.87682 -0.493155 -1.41451 -0.7222 1.75768 -0.582925 2.02788 0.129691 2.79872 -1.36877 -0.0554381 1.08883 0.0955246 0.58486 1.36727 -0.237299 -0.793054 1.06316 -0.562345 1.1147 2.41215 -1.05014 -0.308708 1.81198 -0.190596 1.97662 2.5454 -1.38658 -1.09549 -1.36266 0.306064 -1.06307 0.885919 -0.26588 -2.62011 -0.178121 0.234077 -0.9132 -0.876196 -0.227393 0.992889 -0.941021 1.2324 -0.0828836 -1.11966 -1.70052 -0.696913 -1.28524 -1.52379 0.118769 3.37484 -1.15172 0.211906 -1.40218 -0.907919 -0.414294 -0.862513 -0.539111 1.59441 0.686207 -0.217298 2.00857 1.65908 0.319287 -0.382117 1.87461 -0.50884 -0.324962 1.07789 -0.779758 0.171883 -2.03908 -0.01334 0.18605 -0.344038 1.66979 1.12971 0.62185 -1.99239 2.66191 -3.25981 -0.686276 -0.350515 1.17727 0.856919 0.319791 -3.30299 -0.928615 1.03793 -0.199037 0.869729 -0.962856 -0.284391 1.81362 -1.60635 -1.80532 0.89927 -0.721446 -0.236281 1.64301 -0.445615 -0.956966 0.072696 1.01757 -1.8138 -0.959941 0.647526 -1.18214 0.364034 1.04568 -0.0507303 0.235126 -0.814244 1.52043 0.279161 3.83884 -0.0378337 -1.90051 -1.33877 -2.69932 0.433121 -4.06875 1.23903 -1.06516 -2.19424 -0.72401 2.0091 0.835961 -0.0649086 -0.909849 0.600287 -0.789762 0.625139 -0.934083 -0.0519295 -0.888601 2.2954 -3.38622 3.61754 0.512185 -0.684237 -0.792606 1.72574 -1.53791 0.103822 0.29694 -2.58528 1.14099 -1.50905 -2.20932 -0.946006 -0.03373 -1.73479 -3.33201 -0.285943 0.859993 4.25336 0.152079 -0.859428 -2.96954 0.430317 -3.31422 -0.682629 1.94996 2.70879 1.73727 0.953709 0.342175 1.16456 0.023262 -0.534955 -0.331127 1.73848 2.01699 -2.24967 0.141645 -0.759675 -1.88496 1.34514 1.78595 -0.580412 -1.0545 2.14344 -3.45652 2.68269 1.9317 -0.311184 0.147255 -0.385492 -1.31696 3.10148 1.70147 -2.07297 -0.699676 -0.577042 0.593034 2.86606 0.793368 -0.829104 1.37146 2.53527 2.18009 0.272179 -1.06438 0.723455 -1.20244 
-1.81114 0.24581 -0.0207978 0.768953 0.0817955 -0.112242 -0.00398396 0.706584 1.38799 0.907308 -0.733678 0.528962 0.93705 -2.04531 -1.60966 -0.0543234 0.329199 1.14972 -1.48866 3.44277 -0.557179 1.84618 1.50795 -0.75233 0.292665 1.23006 -0.96264 1.52787 2.34126 1.74617 -0.446758 1.84953 -1.11015 -0.509039 -0.933933 0.268911 -0.145583 0.3416 0.64265 -2.22442 0.0647265 -0.421359 1.50983 -0.845348 0.313927 1.47463 -1.78251 -2.17043 -0.911191 0.790879 -1.21309 0.405817 3.86 -1.28248 -0.301484 2.28972 1.53052 -0.660266 0.757984 -1.90529 2.37677 0.415594 1.38874 0.130881 0.553373 -2.69389 -0.294479 -1.64275 0.140184 1.72439 -0.170462 0.961555 2.47548 -0.567844 0.760975 1.43126 0.671435 1.29029 1.73348 -1.64022 2.0799 -0.674449 1.0798 -2.26482 -1.89309 0.818948 -0.436111 -1.35721 -0.308694 0.0366304 -0.244359 -2.23114 1.90064 1.11085 -2.71698 -1.00199 0.0347913 -1.49909 -0.478505 -0.775934 0.146421 1.78992 1.25188 -0.824075 -1.49663 -1.05067 -0.407769 1.59366 2.92896 -0.914259 -0.731916 -2.12736 1.46723 0.189483 0.938037 -0.333072 -1.68924 -2.00858 -1.27236 -1.89544 -2.00516 0.0603247 0.127465 -1.04959 0.687104 -0.16585 1.5309 1.11856 -0.830449 -0.38773 -1.2747 -1.89546 -0.626914 0.887729 -1.79065 0.173036 2.08812 -0.171396 -0.116005 0.87198 0.35249 -1.22836 -2.18284 0.228242 0.667911 -0.421257 2.36854 -0.402188 1.68178 -1.57367 -0.629361 0.893632 -0.622635 0.0970145 -1.05399 2.24835 -0.0697931 0.742997 -0.462413 0.125396 -0.234085 -1.15004 -0.838757 -1.16738 0.0681681 3.37123 1.00666 1.26863 0.957683 -1.80716 -0.00183019 -0.9536 0.455076 -0.66635 0.505673 -1.11022 -0.515303 -2.97054 0.494131 -1.75838 -1.41435 2.36829 1.84026 0.0475176 1.34792 -2.77093 2.33597 -0.628502 -0.448965 -0.113993 0.765617 0.754582 2.65542 -0.0747857 -1.82937 0.879033 4.35063 2.04586 -0.490627 -0.791453 2.12673 0.50993 -0.566659 0.519642 -0.982001 -1.20231 1.69084 -0.911913 -0.576608 -0.26905 -2.61002 0.451954 0.201711 -0.669923 -0.22597 1.06869 