500 1.00001
28.0751 28.0751 28.0751 
14 14 14 
1 1 1 1 1 1 1 1 1 1 1 1 1 1 1 1 1 1 1 1 1 1 1 1 1 1 1 1 1 1 1 1 1 1 1 1 1 1 1 1 1 1 1 1 1 1 1 1 1 1 1 1 1 1 1 1 1 1 1 1 1 1 1 1 1 1 1 1 1 1 1 1 1 1 1 1 1 1 1 1 1 1 1 1 1 1 1 1 1 1 1 1 1 1 1 1 1 1 1 1 
1 1 1 1 1 1 1 1 1 1 1 1 1 1 1 1 1 1 1 1 1 1 1 1 1 1 1 1 1 1 1 1 1 1 1 1 1 1 1 1 1 1 1 1 1 1 1 1 1 1 1 1 1 1 1 1 1 1 1 1 1 1 1 1 1 1 1 1 1 1 1 1 1 1 1 1 1 1 1 1 1 1 1 1 1 1 1 1 1 1 1 1 1 1 1 1 1 1 1 1 
1 1 1 1 1 1 1 1 1 1 1 1 1 1 1 1 1 1 1 1 1 1 1 1 1 1 1 1 1 1 1 1 1 1 1 1 1 1 1 1 1 1 1 1 1 1 1 1 1 1 1 1 1 1 1 1 1 1 1 1 1 1 1 1 1 1 1 1 1 1 1 1 1 1 1 1 1 1 1 1 1 1 1 1 1 1 1 1 1 1 1 1 1 1 1 1 1 1 1 1 
1 1 1 1 1 1 1 1 1 1 1 1 1 1 1 1 1 1 1 1 1 1 1 1 1 1 1 1 1 1 1 1 1 1 1 1 1 1 1 1 1 1 1 1 1 1 1 1 1 1 1 1 1 1 1 1 1 1 1 1 1 1 1 1 1 1 1 1 1 1 1 1 1 1 1 1 1 1 1 1 1 1 1 1 1 1 1 1 1 1 1 1 1 1 1 1 1 1 1 1 
1 1 1 1 1 1 1 1 1 1 1 1 1 1 1 1 1 1 1 1 1 1 1 1 1 1 1 1 1 1 1 1 1 1 1 1 1 1 1 1 1 1 1 1 1 1 1 1 1 1 1 1 1 1 1 1 1 1 1 1 1 1 1 1 1 1 1 1 1 1 1 1 1 1 1 1 1 1 1 1 1 1 1 1 1 1 1 1 1 1 1 1 1 1 1 1 1 1 1 1 

0 1.49513 0.867631 1.3166 0 1.96814 3.62916 3.5391 0 4.58388 1.01174 4.11446 0 3.89685 3.80472 0.65524 0 7.09308 1.49046 1.8224 0 6.72651 4.50908 4.50153 0 9.61953 1.80531 4.17415 0 9.91652 5.03282 1.76017 0 13.2002 1.51852 1.30278 0 12.9475 4.53459 3.46975 0 15.4967 1.95401 4.54722 0 15.7524 4.73193 1.45488 0 18.895 1.66816 1.75394 0 18.1866 4.76722 4.1264 0 20.7203 1.34439 5.04223 0 20.8532 4.28772 1.56077 0 24.8919 1.85531 1.14496 0 23.6443 4.35891 4.1384 0 27.2641 0.779531 4.27677 0 26.1537 4.92098 1.56259 0 1.46422 6.80096 1.39186 0 1.34697 9.41314 3.98317 0 3.74402 6.83441 4.05204 0 3.20201 10.3695 0.906406 0 6.33492 7.04158 1.38144 0 6.97597 11.133 4.63439 0 8.5849 8.25641 3.96547 0 9.56967 9.86907 0.918373 0 12.2322 7.57872 1.13905 0 11.9727 9.9421 4.30566 0 14.6786 7.55795 4.05729 0 15.5339 9.85475 1.02345 0 18.4857 7.64238 1.44207 0 17.7876 9.75789 4.32162 0 20.9962 7.08891 4.32046 0 21.0894 10.0445 1.35586 0 23.6534 7.36749 1.69199 0 23.9374 9.8349 4.37315 0 26.269 7.08708 4.50515 0 26.7193 9.76452 1.57171 0 1.27192 13.1274 0.868665 0 1.04559 15.9072 3.94982 0 3.66788 13.2854 3.68679 0 4.5881 15.0963 0.532765 0 6.60171 12.2266 0.891104 0 6.78031 14.8505 3.19033 0 9.73276 12.8632 4.5842 0 9.67804 15.0294 0.614473 0 12.4247 12.2172 1.62111 0 12.8172 15.184 3.98144 0 15.6609 12.5349 4.40516 0 15.1598 14.7596 1.06699 0 18.3155 12.4568 1.63412 0 18.5761 15.2511 4.23429 0 20.883 12.7371 4.85699 0 21.2891 15.45 2.03258 0 23.7976 12.771 1.9261 0 23.888 15.4565 4.73659 0 26.7065 12.443 4.3204 0 26.2085 15.4993 1.19268 0 1.17767 18.4856 1.24308 0 1.30669 21.1912 4.03243 0 4.69698 17.9647 3.40822 0 4.00996 20.58 1.04814 0 7.0237 18.2193 0.780851 0 7.75993 20.5283 3.82071 0 9.55094 17.3895 3.62726 0 9.81816 20.8046 0.691691 0 13.0813 17.8506 1.18268 0 12.8292 20.7069 4.39775 0 15.4627 18.0719 4.55797 0 15.2062 21.0734 1.43642 0 17.3928 17.5298 1.78438 0 18.0242 20.3955 3.99337 0 20.4946 18.191 4.42974 0 20.7776 20.6495 1.2631 0 23.7258 18.4726 1.86627 0 24.0285 21.758 4.34882 0 26.9322 18.5056 4.18486 0 26.8092 21.4402 1.48767 0 1.23065 24.3338 0.912365 0 1.91119 26.0983 4.05604 0 4.68567 23.0561 3.82146 0 4.35318 26.1777 1.36868 0 7.50635 23.7603 1.48936 0 7.60963 26.5584 4.25148 0 9.80259 23.4372 4.22248 0 10.3227 26.7345 1.76085 0 12.5896 23.6161 1.82535 0 12.9693 26.9912 4.20074 0 15.1862 23.4912 4.37031 0 15.9871 26.9054 2.28756 0 18.3729 23.4896 1.66091 0 19.3404 26.545 3.36455 0 20.8383 23.2178 3.76471 0 21.8905 27.9129 0.883026 0 22.873 23.5508 0.830221 0 23.5378 25.6481 4.06926 0 27.0771 23.8756 4.14745 0 25.8899 26.2789 1.43778 
0 1.67161 0.640087 7.45056 0 1.18196 3.30881 10.0231 0 4.1567 0.587151 10.0167 0 3.73157 3.31235 6.67179 0 6.65581 1.26231 7.0089 0 6.50472 3.93422 9.91874 0 9.43778 1.22987 10.1271 0 9.27482 3.69134 7.15708 0 12.3766 1.17491 6.88501 0 12.8708 3.65195 9.57079 0 15.6644 0.647618 9.64565 0 15.6933 4.17394 6.98781 0 18.0383 1.41546 7.17606 0 18.7051 4.20809 9.7803 0 20.9271 1.27064 9.52475 0 21.0918 4.13299 7.1377 0 23.718 1.07039 6.43726 0 24.2338 3.79809 9.56964 0 26.6492 0.7191 9.71375 0 26.8017 3.50936 6.56591 0 1.14857 6.19674 6.51112 0 0.856575 10.0248 10.4638 0 3.25122 7.09361 9.52661 0 4.47378 10.2123 7.00158 0 6.42517 7.07453 7.72188 0 6.45896 10.1262 10.0148 0 9.6556 7.03173 9.75533 0 9.50066 10.0577 7.25516 0 12.2751 6.36737 7.30426 0 12.3318 9.03348 9.62847 0 15.5752 6.73428 9.73494 0 14.3739 9.91493 7.039 0 18.238 7.1999 6.60139 0 18.3522 9.49346 9.87136 0 21.4513 7.09116 10.0755 0 21.0642 9.84864 7.15392 0 23.6716 6.66431 7.00761 0 24.1217 9.91963 9.94822 0 26.4141 6.9736 9.34237 0 26.0837 9.67371 7.06355 0 1.13103 12.0298 6.97405 0 1.41458 15.8568 9.89231 0 3.59539 12.6282 9.59251 0 3.73079 15.0009 6.57719 0 6.86392 13.0969 7.78539 0 6.66507 15.7063 10.9387 0 9.56266 12.4306 10.3332 0 9.4982 15.4208 8.28115 0 12.1518 12.4757 7.54644 0 12.3989 14.9674 10.3955 0 14.9139 12.0611 9.70574 0 15.0913 15.1834 6.80484 0 17.8603 11.9023 7.52824 0 18.0482 14.8709 9.35144 0 21.3385 12.0548 9.71448 0 20.7859 15.2265 7.2616 0 24.0302 12.3155 6.95862 0 24.0913 15.4366 9.32465 0 27.0269 12.8488 9.96445 0 26.9904 15.1491 6.66258 0 1.64666 17.7551 6.79369 0 0.788695 21.4997 10.9111 0 3.73064 18.564 10.5001 0 3.76907 21.3184 6.90758 0 6.87875 17.8115 6.22874 0 6.5938 21.1446 9.68315 0 9.3047 18.497 10.0368 0 9.41207 20.4962 7.34728 0 12.0241 18.0945 7.184 0 13.093 20.8477 9.77652 0 14.9664 17.6122 9.7781 0 15.8322 20.7982 6.96431 0 17.9943 18.0274 7.60036 0 18.6208 20.8578 10.0494 0 21.1245 18.6092 9.36476 0 21.1573 21.3885 6.90378 0 24.5841 19.0069 7.26729 0 24.3246 21.1579 10.6543 0 26.7033 18.636 10.6774 0 27.7819 20.5877 7.38388 0 1.57587 23.7273 7.21046 0 1.04867 26.5834 10.68 0 3.70206 23.8315 10.0448 0 3.99565 26.1392 6.99783 0 7.22593 23.4782 6.71618 0 7.29478 26.0928 9.01507 0 9.92966 23.7544 9.63237 0 10.3797 26.1352 6.58757 0 12.6195 23.3765 7.01631 0 13.1342 26.3678 9.35084 0 15.514 23.71 9.5419 0 16.4859 26.5139 6.44732 0 18.3759 23.2804 7.01061 0 18.6507 26.27 9.5824 0 21.2826 23.2303 9.80281 0 21.1372 25.3243 6.74123 0 24.5777 23.1025 7.4785 0 23.4535 26.5152 9.97756 0 26.2784 24.3207 10.7118 0 26.5319 26.1529 6.84288 
0 1.33307 0.907472 13.197 0 0.811298 4.61705 15.1831 0 4.12419 2.40523 15.1487 0 3.56221 4.56036 12.1998 0 7.01805 1.56683 12.6033 0 7.64175 4.68422 15.5135 0 10.2283 1.738 15.3889 0 9.64754 4.07283 12.5562 0 12.5144 0.862848 11.9591 0 13.1379 3.86697 14.9155 0 16.0432 1.66176 15.2205 0 15.7418 3.40533 11.7799 0 18.1782 1.16147 12.2972 0 18.5755 4.17776 14.3166 0 21.0048 1.44484 15.2109 0 21.4254 3.7401 12.3013 0 23.8941 1.0411 12.5878 0 23.4606 4.57624 15.1674 0 26.14 1.81453 15.5202 0 26.7994 4.0795 12.5495 0 0.752285 7.17242 12.5174 0 0.939184 9.64388 15.9116 0 4.17385 7.28391 15.5507 0 3.95674 9.47846 12.4095 0 6.80423 6.84374 12.3234 0 6.95112 9.78207 15.5271 0 10.1391 6.91255 15.0325 0 9.11552 9.25956 12.4311 0 12.6604 6.07958 12.3314 0 12.2901 9.50056 14.8057 0 15.6997 6.44903 14.9961 0 14.9792 9.74292 12.2332 0 19.0215 7.43921 12.5346 0 18.0341 10.1103 15.4074 0 20.5025 7.3593 15.8832 0 21.2172 9.95436 12.9362 0 24.1325 7.63052 12.3091 0 23.6364 10.3415 15.6869 0 26.0662 7.1197 15.1216 0 26.4149 10.1566 13.3606 0 1.2488 12.7973 13.3652 0 1.35408 15.734 16.0807 0 4.15551 12.5703 15.4657 0 3.63804 15.2042 13.1322 0 6.48036 12.2972 12.8324 0 6.64515 15.6481 15.1051 0 9.80604 12.5704 14.8071 0 9.86233 15.5497 12.7891 0 12.671 12.248 12.6159 0 12.7007 15.3509 15.2426 0 15.1899 12.5557 15.0723 0 15.3341 15.2361 12.5106 0 18.344 12.1784 12.2391 0 18.1145 15.1629 14.9693 0 20.9374 13.001 15.4767 0 21.2819 14.923 11.8504 0 24.3671 12.8799 12.6654 0 24.1523 15.1791 15.628 0 26.6475 12.3114 16.1175 0 26.7646 15.8648 13.0636 0 1.96651 18.7267 13.8471 0 1.70026 21.3926 16.1713 0 4.94401 18.5106 15.8427 0 4.17276 21.4284 12.7015 0 7.00762 19.0501 12.3567 0 7.82066 21.7028 15.6815 0 9.64529 18.5001 14.9282 0 9.6742 21.4774 12.4172 0 12.2112 18.5825 12.3172 0 12.7988 20.9523 15.3864 0 15.2109 17.8236 15.454 0 15.6586 20.7258 12.5771 0 18.3424 17.8432 12.7447 0 18.6192 20.8656 15.3031 0 21.3783 18.1992 15.4372 0 21.3149 20.5577 12.6858 0 23.6078 17.1355 12.5071 0 23.8268 21.4399 15.7468 0 26.8269 18.4687 15.9323 0 26.8966 21.4197 13.9821 0 0.822172 24.3531 13.4552 0 1.69524 26.1857 15.9573 0 4.57906 23.9421 15.2278 0 4.39719 26.7543 13.1409 0 7.28231 24.1993 12.3449 0 7.46949 26.2398 15.7865 0 10.5096 23.9613 15.4032 0 9.89908 26.591 12.7853 0 13.0652 23.2808 12.391 0 12.7101 26.8235 15.0732 0 15.1471 24.3129 15.6472 0 15.5091 25.9756 12.1863 0 18.266 23.4061 12.2285 0 18.0135 26.726 15.2633 0 20.8456 24.3122 16.0436 0 21.0786 26.626 12.7194 0 23.7561 24.2132 13.42 0 23.2118 26.5973 16.0934 0 26.3676 24.3692 16.1215 0 26.0563 26.7511 13.7828 
0 0.977099 1.91873 17.9447 0 1.69807 4.52986 20.7303 0 3.90844 1.69299 20.8465 0 4.52765 4.05025 18.117 0 6.72456 1.30745 18.4087 0 7.14386 3.87368 20.9593 0 9.79314 1.22999 21.6044 0 9.9647 3.46677 18.7122 0 12.7776 1.80278 17.9657 0 12.596 4.22475 21.6594 0 15.193 2.08573 20.6751 0 16.0468 4.46848 17.6655 0 18.6876 1.29107 17.8947 0 18.2108 4.27108 21.2863 0 20.9852 1.66671 21.3684 0 20.5729 4.32154 17.2991 0 22.9239 1.38749 18.4282 0 23.5149 4.43279 20.669 0 26.5766 2.13614 20.7496 0 26.3709 4.92846 17.9585 0 1.46322 7.02433 18.1148 0 1.39917 9.97729 21.4897 0 4.8563 6.86664 21.2218 0 4.34894 9.32027 18.5987 0 7.08178 6.67901 18.6891 0 7.47137 9.73428 20.5903 0 10.1578 7.08658 20.6081 0 10.0709 9.58943 17.6455 0 12.6463 7.08877 17.5711 0 12.3955 9.75002 20.3772 0 15.3274 6.90881 20.7336 0 14.7087 10.0121 17.8828 0 17.8336 7.28574 17.9765 0 17.3994 10.1359 20.5541 0 20.7026 6.91084 20.2498 0 20.2658 9.91235 18.4148 0 23.4575 7.408 17.8392 0 23.757 10.1428 21.1744 0 27.0922 6.66349 20.9344 0 26.531 9.98907 18.7597 0 1.97627 12.4623 18.6012 0 1.88264 15.7235 21.1825 0 4.81806 12.0853 21.2451 0 4.56771 15.6841 18.5083 0 6.51829 12.5877 18.0551 0 7.03392 15.4205 21.5604 0 9.83257 12.7821 20.5155 0 9.06106 14.9645 18.0193 0 12.0811 12.6574 17.8581 0 12.4276 15.1236 20.9266 0 15.2955 12.7465 20.7846 0 15.4714 15.1998 17.8518 0 18.4419 12.8901 17.9088 0 17.9183 15.8519 20.578 0 20.4486 12.901 20.8694 0 21.3697 15.5459 17.9765 0 23.8155 13.0699 18.8134 0 23.9077 15.8147 20.8664 0 26.8831 12.8893 20.9568 0 26.9441 15.8712 18.5985 0 1.40268 18.386 18.1831 0 1.37787 21.154 20.7695 0 5.47361 18.7195 20.4977 0 5.17284 21.0992 18.2273 0 7.83666 18.3461 18.1267 0 8.28258 20.8259 21.7483 0 9.56731 17.6747 21.4822 0 10.2949 20.9032 18.0995 0 11.6511 17.7016 18.3697 0 12.0391 21.0066 21.1329 0 14.8204 18.1089 19.9973 0 16.267 21.0154 17.8024 0 18.0695 17.9984 17.3274 0 18.4387 20.2008 20.9992 0 21.1099 18.022 20.6207 0 21.091 20.9471 17.826 0 24.3756 18.4148 18.215 0 24.3242 20.6823 20.6916 0 27.0974 18.2672 20.9408 0 26.6681 21.2005 18.3548 0 1.22696 23.964 18.5918 0 0.569217 26.9042 20.6379 0 4.80063 23.6443 20.1878 0 4.30841 26.5619 18.3347 0 8.1922 23.4049 19.0135 0 6.81884 26.6663 20.9988 0 9.88066 24.4847 21.8344 0 9.93139 27.2058 18.138 0 11.9597 24.3544 18.7407 0 13.3623 26.8625 21.6482 0 14.9897 23.6319 20.788 0 15.0219 27.3286 18.0812 0 18.9645 23.6552 18.9333 0 17.4375 26.509 20.737 0 21.1501 22.5473 21.4263 0 21.0317 26.543 19.3602 0 23.5633 23.7595 18.8365 0 23.754 27.2939 21.379 0 26.1468 24.4081 20.8606 0 26.3078 27.1822 17.8194 
0 0.970919 2.13002 23.7407 0 0.554365 4.27807 26.6767 0 3.99294 0.880446 26.7404 0 3.79849 4.43125 24.118 0 6.04034 1.40478 24.0141 0 6.78698 4.52375 26.8688 0 9.98655 2.25828 27.6544 0 9.15226 3.98289 23.958 0 13.341 1.42443 24.3641 0 12.6015 4.64853 27.4159 0 16.3533 1.5838 27.3502 0 15.9498 4.7025 23.75 0 17.5504 1.26532 23.6527 0 18.6519 4.43511 26.1818 0 20.821 1.46512 26.1966 0 20.7364 4.37935 23.523 0 23.9081 1.43965 24.3806 0 23.4112 4.75809 26.0741 0 27.1643 0.765755 26.4839 0 26.1961 4.30935 23.8003 0 0.988571 6.67176 24.1411 0 0.842217 9.39627 26.668 0 3.91708 6.84001 26.7542 0 4.01029 9.48154 23.6413 0 7.50922 7.04033 23.4716 0 6.56438 9.36875 26.7666 0 9.46105 7.02046 26.7579 0 10.2665 9.44712 23.6513 0 13.2603 7.26949 23.3494 0 12.4027 9.64988 26.2998 0 15.3409 6.92033 26.9023 0 15.1445 10.2882 23.675 0 18.1583 7.5404 23.39 0 18.2684 10.0687 26.5477 0 21.1345 7.67006 26.6313 0 20.5452 10.1071 23.2985 0 23.522 7.19666 23.2395 0 23.4154 10.4516 25.4998 0 25.6373 7.4524 26.7811 0 26.6563 9.81692 23.8172 0 1.00462 12.5658 24.1782 0 0.547226 15.576 26.2548 0 4.0157 12.3466 26.1817 0 3.80858 15.5192 24.3393 0 7.99041 12.3655 23.5653 0 7.35853 15.5586 26.1323 0 10.1295 12.4999 26.1546 0 10.1399 15.3423 23.507 0 12.3736 12.4792 23.3452 0 12.817 15.318 26.0082 0 15.2713 12.2466 26.6758 0 15.0865 15.0103 23.1883 0 17.8967 12.5438 23.6487 0 17.5788 15.1524 26.1828 0 21.2324 13.4779 27.214 0 21.0035 15.9744 23.7371 0 23.6031 13.3608 23.4458 0 23.6487 16.4066 26.8481 0 26.1416 13.1155 26.2616 0 26.3059 15.9727 23.4107 0 1.4941 18.4895 23.5566 0 1.78506 21.3106 26.3746 0 4.43541 18.2286 26.5136 0 4.29906 21.2279 23.1499 0 6.87107 18.3895 24.0491 0 7.07315 20.9008 26.4251 0 10.1088 17.902 26.3493 0 10.3999 21.116 24.4769 0 12.821 17.8891 23.1165 0 13.0817 20.4459 26.484 0 15.7262 18.2177 26.4884 0 15.3537 20.3302 23.7425 0 18.0567 17.7856 23.4599 0 18.1205 20.8512 27.1494 0 20.0723 17.5337 26.659 0 20.4362 20.3418 24.0222 0 23.7158 18.5522 23.7329 0 23.3882 20.3022 26.9527 0 26.8421 18.6858 26.4161 0 27.4286 21.2109 23.5768 0 1.41828 23.8217 23.5078 0 1.39948 26.314 26.4317 0 4.26636 24.3874 26.1483 0 3.43208 27.0705 23.4755 0 7.23045 23.9247 24.3318 0 7.13789 26.6797 27.4012 0 10.1045 23.9203 26.5423 0 10.6052 27.6507 24.9524 0 12.7905 24.0803 24.1958 0 13.2978 26.4873 26.9229 0 15.7562 23.4233 26.0269 0 15.8565 26.3613 24.2098 0 18.1008 22.7271 23.522 0 19.058 26.5122 27.3986 0 20.367 23.5246 26.1389 0 19.9457 26.3823 23.6199 0 23.9137 22.9923 23.8515 0 24.0599 26.2167 26.161 0 26.5881 23.4966 26.0801 0 26.9124 26.4654 23.4034 

-0.539187 1.15444 2.20206 -0.452959 2.0444 -0.265855 -2.72547 -2.11928 -0.629253 0.0812599 2.21014 -1.20196 0.104267 -1.06088 1.85113 -3.20195 3.83834 1.78129 -0.173481 0.335695 3.05118 -0.169596 0.83649 -2.16437 0.707639 -0.00268455 -2.49099 1.55491 -0.539327 1.94478 1.89614 0.798271 0.906006 0.482769 1.80792 0.390935 0.496854 -1.31 0.763763 -1.50024 -2.00145 1.46644 -2.8878 -0.709993 0.608865 -1.03333 0.948666 -1.59688 -0.60467 -1.22451 -1.90424 0.85962 -0.755906 -0.451573 -1.61498 1.79609 0.641522 1.37365 1.24522 -2.31295 0.954998 -1.5795 1.76062 1.37388 -0.121117 2.41019 -0.765769 -1.00803 -0.773198 -1.78708 1.43552 -1.22715 0.885365 2.41807 -1.51801 -0.280798 0.26691 -0.299718 1.62021 -1.87517 1.21233 2.32628 0.73803 0.83952 -0.944891 -1.13809 1.14084 0.334376 -1.88629 0.38756 -2.43937 -0.36517 0.397384 0.177289 -0.67513 -1.71034 -0.31795 -2.69854 1.39619 -1.62828 2.41317 2.10219 -1.18112 1.2128 0.538121 1.36923 1.10508 -0.194383 1.26776 1.1274 -1.36053 1.7919 1.82588 -1.42771 0.168201 -1.10636 0.883189 1.02565 -0.287555 -0.79293 -0.347457 -1.47516 2.12238 0.506611 0.789605 -0.86472 0.465611 1.32749 -0.313932 -0.538703 -0.621484 2.54217 0.456412 0.929237 1.73538 0.764094 0.709602 0.98595 1.00683 2.01308 0.123515 -0.178739 -2.39654 -0.182405 0.847052 -1.09911 -1.08874 -1.76708 -1.26483 -0.431155 1.51566 -0.857648 2.81817 -0.659324 -1.29849 -0.742908 -1.45707 0.77104 -1.65228 -1.71882 1.41396 1.77581 0.727699 0.891149 0.916963 -0.00445127 0.314727 -1.27989 -1.73774 -1.84859 0.500795 -0.379901 -0.197715 -3.99963 0.571017 0.0227598 0.610335 0.557182 1.67356 -0.968229 0.914692 -0.162229 -3.21763 1.26295 -0.855961 0.439268 -0.135014 0.711747 -1.86297 0.118361 -1.07352 -2.26797 1.31506 -1.6364 -1.34367 0.42196 -0.261816 2.39049 0.88452 0.824728 2.84118 0.801789 -0.632373 -0.0745483 0.27997 -1.54462 -0.260237 0.497469 0.651023 0.691895 -0.158334 -1.64203 1.017 0.607087 -1.47633 -0.678193 -1.85048 -0.0103205 2.15661 0.3657 0.790029 2.06286 1.39129 -2.73538 -1.38194 1.23666 -3.31025 2.19183 -2.8065 1.24445 1.87709 0.432785 -0.680252 1.05625 1.73946 0.994787 -0.494629 1.62332 -0.661661 -0.692259 1.35007 0.338478 -0.975779 -0.393942 2.12067 -1.68167 -1.30959 -0.111608 0.976203 0.372306 -0.287246 0.663833 0.662632 -1.32763 -0.403949 3.15105 1.46665 0.562892 -1.90958 2.79782 -0.126006 -0.366592 -1.29788 2.72202 0.507811 -0.855057 0.561713 -2.15051 -0.53307 -2.92079 -0.439575 -0.153974 1.15746 -0.166978 0.0930132 0.785899 -0.189401 -1.42417 1.12522 -0.666259 -0.258333 -0.328723 2.72692 1.91189 -2.371 1.38665 1.06612 -1.41871 -2.96886 -1.63796 -0.0166922 0.420318 -2.44006 2.28116 1.10383 2.08455 0.273416 0.289472 2.21329 0.458898 
0.202632 -3.30578 -0.793211 1.22785 -1.87448 -1.95991 0.0471285 -1.95299 3.8004 -1.73084 0.128026 0.970979 -0.138746 0.456328 -0.448567 -0.565874 0.683515 -1.36714 0.690814 0.635011 -0.499681 0.375807 0.778872 -1.1178 0.479307 -3.87441 -0.373709 -0.904122 -2.48133 -2.41828 -0.956903 0.102714 0.950239 -0.499469 1.91687 -0.724593 -0.444647 2.75867 -1.48602 0.430038 0.215372 -1.14853 -1.48951 -1.49644 0.548421 2.12899 -0.220294 -0.596211 0.964519 1.39421 -0.179806 0.853319 0.859043 -1.38605 -2.76064 0.184385 1.57134 -0.448924 -1.56943 -1.81039 -1.78405 1.05465 0.386537 0.618397 -0.596076 -0.439474 2.24878 0.608901 -0.989479 -1.32612 1.1178 -1.13264 -0.341111 -3.60841 -0.209406 -0.32741 -1.12135 0.1924 -0.0454351 -1.27288 1.88645 0.808881 0.024424 1.37357 -0.0919547 -0.346118 2.76032 2.50547 1.37497 -1.53879 -0.847946 0.884734 0.990668 -0.478779 -0.351978 -0.721368 1.38021 0.876304 -0.393459 -0.543652 1.62734 -0.585125 -1.63798 -2.37706 1.94388 1.09127 0.488326 -1.26786 -2.07706 -0.137979 -0.755927 -0.468261 -0.943941 0.618128 -0.452041 -3.66777 -2.28965 0.448313 0.435958 0.14165 -1.69674 2.71391 0.37979 2.40484 0.989606 -0.675304 1.66844 1.19018 0.806217 0.862278 -2.97369 0.824299 0.182426 -1.39776 -1.16809 -0.0166247 0.167028 -1.99653 2.46561 2.54061 1.35293 -0.765375 -1.55132 0.559431 0.467371 -1.11763 0.997278 1.58406 -1.18421 -1.65695 -1.86371 -0.280817 -2.90949 -1.73082 0.861976 0.955432 -0.294493 -0.727464 1.8084 -1.25809 0.751708 2.7188 0.36184 0.97622 1.76762 -1.97117 1.19275 -0.334985 0.782614 -0.00169633 -0.189843 -1.32667 1.1272 -0.0331066 3.02549 1.11795 0.966371 -0.502419 1.93539 0.998506 -2.74045 1.66247 -1.14419 2.20961 -0.375599 1.35482 -0.543121 2.08279 3.05196 -0.487238 -0.060842 1.75477 -2.34661 1.10686 -1.18312 -0.160348 1.84469 -1.54995 -0.317792 0.236272 2.16651 0.0590934 2.17844 0.450675 1.70739 -2.56122 1.99013 -0.172844 -1.7333 0.170443 0.265473 0.332904 1.03998 0.213974 0.414619 0.274713 -0.252013 1.97642 -2.33948 -1.77602 1.66585 0.366679 0.782832 0.695393 -0.302427 -2.73567 -0.751785 -0.765508 1.17611 1.30646 -0.210778 1.37794 0.314371 -0.202586 1.08324 -0.440749 -0.472677 0.969142 -2.37583 -1.65856 -1.21442 0.143927 4.46222 2.77648 -0.0797525 0.985477 0.89884 0.34401 0.177959 1.32748 -0.533114 0.256732 0.487799 1.62722 -0.937164 2.11472 2.71609 -0.481882 -0.201666 0.87837 -1.07977 -0.2917 1.99923 -1.13118 -1.4515 1.17441 -1.47141 1.42876 -2.11801 -2.33994 -1.43207 0.102961 1.738 0.659897 0.134694 0.279038 1.09082 -1.34688 -0.45809 0.0724531 2.10701 0.740266 0.570996 2.39416 0.597946 -0.0772455 1.53479 2.90151 1.85839 -1.43047 1.87505 -1.43928 -0.713657 -0.16418 1.97512 0.408016 -0.92231 -0.347287 1.36549 0.326012 
0.609415 2.50004 -0.629001 -0.234227 -1.19242 -0.447538 1.88015 1.20957 0.0652901 -0.795577 3.70637 0.108718 -1.2343 -0.58432 -1.0779 1.08543 -0.679596 -1.73613 -1.02448 -0.815502 -1.70808 0.143427 0.955065 0.554957 1.95454 -2.69345 -1.56278 -1.15724 -0.703552 -0.123579 -0.270438 0.455024 2.45544 -1.12049 0.0892908 -2.14857 -0.0347486 3.41331 -1.72412 -0.170773 2.34665 -2.0228 -1.11258 -1.77829 0.416431 -0.682505 2.08654 0.163829 -1.30878 2.03825 -0.570475 -0.756114 -1.68803 -0.125045 2.51078 -1.39342 -0.530797 1.57795 0.562319 2.57425 1.65285 -0.379365 -1.85462 -1.98346 0.146959 0.489876 2.22126 -2.51166 -0.675951 -0.702538 -1.42765 2.29438 1.88891 -1.41848 0.551981 2.17249 -0.814071 1.20928 0.92064 0.831651 -0.451396 0.38005 -1.63507 3.20068 -1.18621 0.396847 -1.27198 0.198472 -1.08578 -1.5534 -0.0987645 -1.81441 -0.901566 -1.92323 0.761616 -1.79807 -2.27762 -0.607632 -3.86678 -1.22084 -2.01153 -0.0219682 2.24557 0.401622 1.55254 0.207398 1.29348 0.205399 -1.81095 -1.46083 -0.262408 1.5796 1.22938 -0.17242 -1.88106 2.76445 -0.197332 1.07617 -1.54701 0.0790383 -1.23048 -0.22906 -3.87297 0.675495 -0.467367 -1.40284 0.583215 -0.62168 -1.57242 0.664778 1.66367 0.0864293 0.819079 0.215677 0.14157 1.72956 0.801951 -2.71504 -0.899503 -0.401017 0.367512 0.771305 0.00799631 1.76141 0.476905 -0.9649 1.29953 -1.62549 1.66989 1.7818 2.3662 0.639374 -2.5321 0.402059 -0.427433 0.114416 1.21871 -1.57106 0.285275 -1.51044 -1.77338 -0.995727 -0.371813 1.63696 -0.799409 0.0824327 0.316386 3.86583 -1.03985 -1.38366 1.10232 1.06079 -0.308489 0.912412 -1.20115 1.79348 -1.04035 -0.0806075 -0.123402 -0.39325 -0.785023 0.443798 0.431853 -1.18283 0.0219398 0.688191 -0.253606 -1.34872 0.635159 2.58052 -0.643105 -1.18706 0.920578 -1.65279 -0.0364577 -1.3293 -1.42385 -0.313917 0.499306 0.889261 -0.0343097 0.482179 -0.862258 -1.13715 1.76857 -2.16147 0.0238195 -0.280714 3.10773 1.13039 1.78535 -1.24056 -2.0287 -1.86323 0.109497 -0.414089 -0.991001 -0.263895 -0.985854 1.66356 0.775991 -0.00163051 0.492313 1.32703 0.0856736 -1.37622 3.9793 -0.433823 0.856633 1.2029 0.542073 0.345862 -1.8202 -2.11243 -0.901039 0.307608 2.89067 -1.74338 -2.77679 -0.330336 -0.626105 -1.96904 1.13199 0.113822 0.237838 1.86444 -0.866343 1.98375 1.14937 -0.160345 0.368498 -0.616751 -2.54559 0.664896 0.554699 0.702575 1.94954 -1.87547 -2.18182 -2.62616 1.13927 -0.572422 -1.10072 -1.61033 1.40547 -1.78043 -0.556279 -2.0112 0.432129 -3.19926 -2.53219 -1.7709 -1.56133 -0.417563 -2.24261 -0.0899295 -2.0546 -0.703016 2.23112 0.443034 0.724059 -0.122356 1.13592 0.470952 1.29853 -3.83082 0.00814731 -1.92562 -0.675398 0.0336444 2.95657 1.49112 0.156197 0.254872 -2.31337 1.0263 0.0220492 2.00611 -1.78418 -0.639129 
1.29655 0.103928 2.47258 -2.21733 -1.27587 0.171069 -0.905907 1.6602 -1.19633 0.515524 0.592805 1.14298 -0.427248 1.00439 -0.441132 0.0659431 0.89259 -1.18433 -2.36516 -0.910965 0.708078 0.549118 -1.44788 -1.47123 -1.42019 -2.20221 -0.0384456 3.79575 1.10506 1.78419 -0.702219 1.20993 -0.324577 -0.297547 -0.808352 -1.92024 0.382748 -1.77392 -0.424078 -0.659051 -0.480203 2.76525 -0.17849 1.22423 -1.46219 2.58459 1.59474 1.07848 -0.51821 2.02061 1.31976 0.907144 -2.75073 -1.47583 -1.29309 -0.946914 0.512422 -1.20871 2.29173 0.0339169 -0.154743 -0.135788 -0.343063 -1.41054 1.34834 -0.298757 1.53975 0.094823 2.0232 -0.0545816 0.179807 -0.276734 -2.60783 -0.00998131 -2.25803 -1.51039 -0.959225 1.0105 1.95682 1.20508 2.55928 0.44026 -1.0644 -0.0640035 -0.846444 -2.2838 -0.964351 -0.574115 -1.48612 0.771419 -1.10148 -0.51428 -1.3789 0.264858 3.59434 -2.11235 1.81678 0.337608 -0.177575 0.527706 2.46595 0.359442 -1.94472 2.11999 1.77189 -1.91895 1.45712 -2.88335 -0.76524 1.612 -0.340922 1.73569 0.420861 2.95035 -2.47265 -0.323236 -0.683764 0.295745 0.108367 0.57252 -0.627553 -0.440693 -1.50659 -1.02899 0.147761 0.829434 1.01776 -2.76558 -0.421516 1.3874 1.35742 1.30472 0.704095 1.15566 -0.776084 1.05431 -0.189269 -1.76593 0.555956 -0.738757 0.345077 -2.89392 1.79651 1.33576 -2.70017 -0.190751 0.304138 0.0287162 1.43628 2.15196 -1.58181 0.240193 0.211679 -0.0593855 0.876661 -1.08953 -0.257966 0.310817 -0.815482 1.81544 -0.261903 -1.02645 1.42648 1.78597 -1.32483 -0.541959 0.672428 -0.328736 -0.103946 0.528457 -0.279988 -0.348905 -1.62084 -1.4533 0.761901 1.3367 2.91841 0.535793 1.4836 -1.5696 1.5939 1.38893 0.883675 0.908252 0.887119 0.975543 -0.162993 -1.56123 -1.91413 2.40821 -1.31881 1.8075 0.897071 -1.15334 2.29216 -1.69595 3.65906 -0.249634 -2.34388 -0.993556 -0.260494 -0.179151 -1.56144 -2.73404 5.03501 0.195674 0.509241 0.282318 -0.66915 1.73675 0.43911 2.05756 0.506539 -0.294904 -2.81911 -0.169626 0.317937 -0.364495 0.0859559 -0.521897 0.473362 1.59117 -1.08233 -0.949292 0.912565 1.85487 -1.08756 1.78167 0.350919 -0.298909 -1.37641 0.614326 -0.753254 0.0695587 0.425257 2.22782 -1.378 -1.62311 -1.09809 -0.392257 -1.0644 1.42083 1.83984 -0.408811 -1.22432 -0.330774 -0.245145 -0.667373 -0.349651 1.01244 -0.558197 1.20785 0.191451 -2.4034 -0.918223 1.01568 2.52235 -1.64386 -0.0403745 -1.49026 -0.894509 -0.574639 1.07847 1.58444 0.264797 -0.164361 0.92944 2.14798 -0.697718 -0.898526 -0.0102253 -1.17237 -0.874911 -0.30425 0.854963 -1.40562 -0.415304 -0.321852 -1.60697 0.968259 0.77509 -0.862408 -1.234 0.289141 -1.13241 -1.64243 -0.461649 1.01714 -2.34574 -2.24878 0.433086 2.61197 -2.58194 -0.303952 -1.45395 -0.0167797 1.09511 1.12021 -2.09713 -0.875955 
-0.507084 -0.234767 1.28956 -0.457667 -2.16239 0.258253 -1.14596 -2.11246 -0.769829 0.164778 -0.875398 0.811189 1.99387 0.772995 1.94234 -2.849 1.6827 0.978647 -1.73375 1.31714 1.07049 -2.19881 0.822319 0.60682 -0.0297492 0.810145 -2.87458 1.06391 -0.0146081 -0.382152 -0.0844662 -0.805297 -0.682306 -1.18207 1.54483 -0.482097 -0.0522303 -1.83429 -0.435688 -0.958042 -1.6044 -1.3918 0.020425 1.63831 -0.180821 -0.0499624 2.09045 3.06778 1.66592 -3.31789 2.59926 -1.35261 0.853634 2.36005 -0.959304 -1.85857 0.836337 1.25961 -0.934684 -2.69921 3.15279 1.38448 -3.30453 2.37663 1.14976 1.57573 2.26085 1.56443 1.25901 -2.26638 -1.09003 -1.86516 0.438109 -2.90459 -1.71101 -1.50017 -1.34262 -1.39317 -0.368304 2.7351 2.61838 1.91762 -1.22866 -2.31341 -0.0549508 0.582902 -0.98595 1.20337 -2.20999 -2.53726 0.0544205 2.16522 -1.24522 1.00732 0.181035 1.70358 3.28251 1.23035 -0.702875 0.521412 1.18144 2.8423 -0.954291 0.70581 -0.741438 -1.20922 0.746415 0.241563 -0.25347 -0.25285 -2.34956 1.62586 0.402413 0.830861 2.12061 1.72126 -1.12923 -1.55745 -1.82026 2.31185 0.89267 -0.616839 0.759347 -2.15507 0.147763 -1.36777 -0.132985 -0.00891296 1.32613 0.851189 3.34263 2.04521 -0.0636487 -0.4867 0.538786 1.06115 -0.0540818 1.9531 -1.94644 -0.667388 -0.960983 -0.579015 0.758465 -0.937658 -3.99814 -1.01144 -0.126528 -2.27338 -1.19955 2.98619 -0.588104 0.533303 1.22547 -0.104339 -0.00823987 -1.57457 1.77607 1.54515 0.281872 2.52754 -1.11573 -0.0865743 0.361053 -3.01351 1.47685 -1.86197 -1.15363 -0.153673 -1.76365 1.84818 -2.07215 -3.56928 -2.18793 -1.81747 0.97933 0.16394 0.224347 2.07304 -1.25323 -0.0209976 0.473704 -1.45396 -0.597479 0.524362 0.214699 -0.414851 -0.745296 1.06754 1.35215 1.1225 1.55818 1.2403 0.29155 -1.78874 -2.54042 0.311825 0.810893 -0.0211459 -1.48474 1.0789 1.83466 0.0870158 0.804052 0.689943 -3.19281 0.262048 -2.62234 -1.25565 0.972125 -0.499722 0.642857 -3.06587 0.487476 0.081541 -1.6306 1.62306 -0.683294 0.330147 -0.824045 1.64341 0.114048 1.2759 2.1118 -1.12109 -1.21911 1.00184 -1.62714 -2.20728 -1.38684 1.33966 -4.81259 1.48093 0.457887 -0.648418 -0.619862 0.384636 -2.81194 -2.09546 1.21423 1.38764 2.15996 0.484368 -3.48823 2.94979 -0.764414 2.61569 2.25486 -0.627793 1.87056 0.243651 0.193957 0.273476 1.24206 -0.284292 -1.72388 -1.13033 -0.139777 1.74974 -0.223232 0.288316 2.26256 -2.20898 3.60783 0.366113 0.861446 -0.995636 1.19507 -0.718302 -0.353307 -1.7598 1.65847 -0.46356 1.75654 1.31949 -0.936639 -1.15107 -1.67566 0.958982 -1.96172 -2.04717 -1.05306 0.482167 0.782186 -1.52723 -0.34938 1.4316 0.826832 1.4661 -0.384202 -0.394813 -0.673996 1.21667 1.01062 2.34461 -2.05603 -0.99175 -0.802148 0.412065 -0.913495 -0.143305 
