500 101.001
29.8047 29.8047 29.8047 
14 14 14 
1 1 1 1 1 1 1 1 1 1 1 1 1 1 1 1 1 1 1 1 1 1 1 1 1 1 1 1 1 1 1 1 1 1 1 1 1 1 1 1 1 1 1 1 1 1 1 1 1 1 1 1 1 1 1 1 1 1 1 1 1 1 1 1 1 1 1 1 1 1 1 1 1 1 1 1 1 1 1 1 1 1 1 1 1 1 1 1 1 1 1 1 1 1 1 1 1 1 1 1 
1 1 1 1 1 1 1 1 1 1 1 1 1 1 1 1 1 1 1 1 1 1 1 1 1 1 1 1 1 1 1 1 1 1 1 1 1 1 1 1 1 1 1 1 1 1 1 1 1 1 1 1 1 1 1 1 1 1 1 1 1 1 1 1 1 1 1 1 1 1 1 1 1 1 1 1 1 1 1 1 1 1 1 1 1 1 1 1 1 1 1 1 1 1 1 1 1 1 1 1 
1 1 1 1 1 1 1 1 1 1 1 1 1 1 1 1 1 1 1 1 1 1 1 1 1 1 1 1 1 1 1 1 1 1 1 1 1 1 1 1 1 1 1 1 1 1 1 1 1 1 1 1 1 1 1 1 1 1 1 1 1 1 1 1 1 1 1 1 1 1 1 1 1 1 1 1 1 1 1 1 1 1 1 1 1 1 1 1 1 1 1 1 1 1 1 1 1 1 1 1 
1 1 1 1 1 1 1 1 1 1 1 1 1 1 1 1 1 1 1 1 1 1 1 1 1 1 1 1 1 1 1 1 1 1 1 1 1 1 1 1 1 1 1 1 1 1 1 1 1 1 1 1 1 1 1 1 1 1 1 1 1 1 1 1 1 1 1 1 1 1 1 1 1 1 1 1 1 1 1 1 1 1 1 1 1 1 1 1 1 1 1 1 1 1 1 1 1 1 1 1 
1 1 1 1 1 1 1 1 1 1 1 1 1 1 1 1 1 1 1 1 1 1 1 1 1 1 1 1 1 1 1 1 1 1 1 1 1 1 1 1 1 1 1 1 1 1 1 1 1 1 1 1 1 1 1 1 1 1 1 1 1 1 1 1 1 1 1 1 1 1 1 1 1 1 1 1 1 1 1 1 1 1 1 1 1 1 1 1 1 1 1 1 1 1 1 1 1 1 1 1 

0 26.6244 24.9703 10.2984 0 7.00838 12.1723 1.92202 0 8.33998 6.49103 29.1506 0 9.03736 10.3448 26.6264 0 22.9753 1.15599 26.4751 0 28.3838 29.4974 2.9139 0 27.3771 25.9857 0.437639 0 0.026541 4.29713 29.5338 0 14.117 23.1198 4.49205 0 9.15704 7.85078 22.3588 0 13.5464 2.12255 7.2587 0 10.286 1.39481 3.71439 0 25.0491 7.57306 26.179 0 14.2083 10.5031 4.42092 0 18.2802 26.4946 4.43823 0 22.6742 5.30858 19.9842 0 23.4952 24.9923 27.9499 0 25.8719 27.4853 25.965 0 26.6211 2.72283 23.962 0 18.2089 20.5608 8.34097 0 26.6037 6.49043 3.20819 0 29.2435 26.7832 12.4803 0 0.371603 2.45942 25.5669 0 6.86896 23.2262 28.4906 0 7.81633 17.5725 25.2358 0 6.11659 24.1052 12.9621 0 5.50077 14.1017 5.70507 0 3.34248 7.27002 7.50105 0 13.9173 3.20942 23.4931 0 12.5321 12.3065 1.74067 0 19.5544 2.90539 0.856574 0 25.6951 10.8647 28.1569 0 20.6646 14.2096 0.0689735 0 19.2207 11.4637 18.3249 0 5.48998 8.68736 0.264414 0 21.4139 7.69991 23.4336 0 9.60214 13.2124 28.9072 0 28.4914 7.94429 8.66774 0 4.46146 17.6195 2.82515 0 3.79595 19.0742 28.7801 0 29.0221 25.4145 4.37461 0 28.6886 15.1283 14.9956 0 7.74812 15.9135 0.707458 0 27.6805 8.05399 29.6879 0 11.0221 10.6281 23.4305 0 10.1472 22.9598 3.50091 0 19.8073 14.0045 5.65092 0 18.5025 5.93316 3.32371 0 20.822 21.4368 29.317 0 14.2001 19.4957 3.79168 0 15.7942 7.39713 4.78555 0 11.5692 12.8776 6.30293 0 3.16688 16.7192 21.3961 0 17.0049 16.2939 12.0132 0 25.1927 29.2227 0.896106 0 18.4378 16.3642 8.42339 0 22.5478 10.6866 1.02444 0 6.28136 14.0809 23.6893 0 26.3912 19.1161 4.21146 0 23.3352 7.57301 29.3912 0 14.5259 25.5552 7.07324 0 3.6615 13.4716 2.86602 0 6.69013 3.84145 16.1568 0 4.56419 27.8251 0.458599 0 17.7436 10.1878 26.3409 0 3.47433 24.2609 3.64783 0 11.2947 17.7711 22.8554 0 1.38093 26.2445 0.941777 0 15.5303 22.496 25.0382 0 22.2569 18.1078 29.7184 0 10.3876 18.5511 4.23255 0 17.6877 24.9222 26.5242 0 21.8021 18.261 7.98456 0 22.1903 13.834 3.01505 0 25.239 26.629 3.95186 0 24.5595 2.98373 0.641885 0 18.7562 19.4646 11.6263 0 3.57869 22.2098 0.563507 0 4.68888 3.96407 13.2481 0 5.03727 28.8141 22.9893 0 22.2602 18.8326 3.99481 0 1.16948 21.4761 27.3886 0 7.87824 20.8379 9.09166 0 28.1371 16.2534 10.81 0 9.17742 25.989 12.6002 0 12.7868 23.2328 9.71671 0 10.6601 19.0983 9.97228 0 10.1576 23.5101 26.8191 0 16.1119 29.2257 6.08528 0 18.6688 24.0191 6.98697 0 13.8185 3.40035 3.58212 0 14.0187 25.2401 28.0344 0 19.7448 25.9807 29.4905 0 18.4697 19.6197 5.02098 0 22.3564 4.54832 27.017 0 12.8339 21.6595 0.0999197 0 22.3372 27.0555 1.7057 0 0.469573 24.0629 8.61558 0 2.25695 1.57321 22.444 0 1.36215 0.459607 29.2955 
0 2.51764 27.855 8.27924 0 4.372 24.7186 8.28571 0 4.70746 5.20686 4.9163 0 24.946 27.3694 7.53693 0 3.4171 2.20142 2.72875 0 4.78884 10.437 18.6012 0 17.6988 6.60977 9.03117 0 7.75761 6.33974 3.02355 0 10.2899 9.63817 4.7441 0 8.85022 17.7344 12.6936 0 2.52385 24.6249 11.7033 0 10.6162 4.48235 1.9714 0 20.9405 3.18512 4.17927 0 12.7144 5.08553 9.28215 0 21.0495 10.5437 27.6275 0 2.24361 14.2352 29.5987 0 17.5068 1.7357 27.672 0 20.316 3.85888 8.74642 0 14.9821 3.94844 12.5345 0 14.9709 27.8964 13.7509 0 24.5533 7.53783 8.26567 0 21.3853 7.14695 9.77287 0 4.2767 21.1238 9.97706 0 8.30969 28.4711 1.46585 0 12.7202 7.73387 2.42822 0 8.3151 10.5432 12.5697 0 12.2112 15.7834 29.0594 0 15.1964 11.2985 28.9688 0 24.7951 4.29548 6.19262 0 13.7301 15.0146 9.90812 0 16.8405 16.1053 3.27707 0 25.3392 14.322 29.0394 0 18.9417 5.14523 14.4115 0 7.33769 2.70817 2.32942 0 26.36 3.74046 27.3337 0 22.4097 9.58436 6.53187 0 21.7238 0.70111 8.86221 0 28.7944 3.28138 3.45449 0 21.7262 13.2586 21.1163 0 0.731899 7.67338 17.3108 0 27.5088 4.27228 8.79045 0 27.5419 10.5909 6.241 0 29.5205 7.02967 13.8922 0 26.5984 13.7555 4.57504 0 8.37462 24.6538 9.31142 0 7.15092 23.2542 6.06739 0 10.1114 14.6542 10.7105 0 6.54617 23.6624 24.3647 0 5.24248 13.1785 9.59082 0 1.14781 21.1261 12.0174 0 6.56353 15.3809 16.2778 0 10.5772 8.50097 14.8289 0 24.7647 16.3788 5.86713 0 21.6521 8.71376 17.4494 0 24.1018 17.385 16.7056 0 28.5947 12.6024 0.835471 0 25.8397 10.1907 2.89846 0 22.4992 14.0127 8.32204 0 24.9897 11.0578 10.0602 0 23.9008 9.66803 20.2193 0 2.30798 10.3356 1.32849 0 18.6803 24.6642 11.3971 0 13.3765 19.0915 18.2392 0 22.9194 7.86114 3.39387 0 11.2056 24.2084 6.5561 0 8.50295 5.0334 9.37187 0 13.3928 7.97901 12.2994 0 6.00045 27.2177 10.8464 0 7.31788 24.5395 1.97897 0 15.5865 17.1383 6.65027 0 18.0029 9.57308 7.18011 0 16.3981 12.6152 13.1714 0 17.2369 12.7513 2.63813 0 12.2511 27.4151 11.3288 0 24.7204 16.2755 2.00001 0 12.3233 16.9568 12.6402 0 2.55932 21.9556 6.52321 0 11.7442 11.3454 11.0795 0 22.0272 12.7035 11.5825 0 23.5392 23.6101 8.43802 0 25.9143 21.2334 10.9142 0 22.4787 20.4453 15.9821 0 29.2648 20.3951 8.38323 0 1.51511 4.18314 9.93148 0 1.36505 9.81612 6.80296 0 28.4086 23.3553 13.4586 0 11.6592 25.1152 0.638386 0 5.58834 1.37337 29.5004 0 5.35021 16.8464 9.99275 0 2.5497 27.9695 4.26971 0 10.8914 22.3021 20.3389 0 7.89074 3.54458 5.93436 0 21.4727 26.8432 8.85407 0 7.05834 1.93688 10.7871 0 20.8954 16.2356 11.113 0 22.0514 26.4665 5.40981 0 1.35205 18.9975 5.00287 0 15.3611 25.9927 10.557 0 2.61268 14.7305 12.9279 0 23.7745 0.201919 4.53926 
0 2.52036 15.4747 7.35591 0 24.5101 21.0954 19.6284 0 21.1894 2.61971 12.3812 0 4.43103 1.05423 14.923 0 2.66009 28.2472 13.0902 0 5.20882 27.4144 15.1309 0 8.90051 29.2822 19.3369 0 17.3467 2.99115 5.85759 0 13.3055 1.3646 19.5532 0 10.4007 3.69651 12.5586 0 18.2986 27.9568 9.14423 0 8.37065 4.44413 19.4668 0 13.1533 20.7116 6.90173 0 12.2405 0.697404 13.3943 0 24.3558 14.6581 14.1307 0 15.2246 9.73947 15.0456 0 15.3005 29.5334 9.51711 0 25.4396 22.3259 24.28 0 24.5451 2.23782 10.4811 0 18.6962 21.4348 17.837 0 26.5489 0.591602 7.27042 0 10.6029 6.24652 5.54556 0 27.7894 4.28176 12.3281 0 4.76226 10.2693 6.82769 0 5.96029 9.00528 3.8117 0 2.27514 7.63835 11.2359 0 2.45562 4.52296 15.8945 0 17.8589 29.5007 12.6406 0 1.3873 1.81043 13.485 0 16.737 7.97247 11.8402 0 20.2926 7.22619 27.2457 0 20.1503 6.64941 6.30869 0 18.2881 29.5545 2.48762 0 0.0479945 9.78392 20.5301 0 24.5332 7.24536 16.0925 0 18.7589 8.72585 14.6018 0 13.1428 8.11 19.8845 0 24.5997 3.96837 13.6234 0 20.0354 0.881722 15.377 0 27.5053 10.8357 16.3065 0 0.518055 12.273 3.84132 0 22.6958 19.4758 25.2887 0 22.5045 18.0628 19.946 0 0.793756 11.7147 13.2215 0 4.53087 18.6449 6.87949 0 0.192057 18.038 13.1548 0 4.6206 12.4449 15.286 0 8.11313 21.8317 15.46 0 4.84945 7.24429 17.5164 0 12.4307 20.0969 14.8889 0 17.1073 6.93543 27.6812 0 18.8992 15.313 19.4196 0 18.7376 13.2495 10.3084 0 7.33822 14.5774 12.7857 0 9.12891 12.7757 15.2523 0 13.2207 13.7299 13.8222 0 21.7718 8.69549 12.9887 0 28.9195 16.7059 5.9715 0 16.3613 13.4295 6.86408 0 26.1757 14.1061 8.73944 0 24.8311 21.2172 27.7619 0 18.0457 1.26357 18.4337 0 26.4009 17.9859 13.7927 0 28.5561 16.4543 1.36684 0 1.49885 25.5492 14.9447 0 9.40015 26.4404 4.63299 0 8.46847 25.1703 16.4074 0 11.2654 1.59171 16.7713 0 22.1059 20.1183 11.9671 0 9.59855 18.732 19.2217 0 11.3387 24.1117 23.419 0 10.8684 8.74019 8.43885 0 15.8231 17.14 21.082 0 12.1232 16.7844 7.24834 0 29.68 13.5078 8.17567 0 10.6026 17.0396 15.9003 0 24.2262 16.9365 10.7094 0 17.1557 24.2241 15.6591 0 16.143 13.4634 16.8509 0 20.5314 26.7277 13.6943 0 19.2172 18.6228 22.5435 0 22.1813 23.8758 11.6735 0 1.11166 1.33699 5.56844 0 5.94928 26.5692 4.8162 0 14.4733 16.6628 15.6081 0 28.134 25.8653 16.4114 0 14.3324 24.0634 21.4312 0 9.17019 0.180221 7.92075 0 29.2072 0.771191 10.7117 0 16.9162 25.7705 19.2059 0 14.8087 22.6684 17.7749 0 21.2875 29.0648 28.7498 0 14.9051 19.0625 10.3317 0 14.387 27.2798 17.3996 0 11.2061 23.1202 16.9312 0 16.7886 8.28315 18.232 0 15.9646 1.83104 15.1995 0 21.9634 21.8331 22.3471 0 17.458 2.64611 10.4918 0 19.3004 21.7583 14.1521 
0 0.325191 22.2767 16.6505 0 24.0686 28.4138 11.029 0 10.6354 27.8717 15.5684 0 26.3221 0.885625 13.4349 0 4.57696 3.38561 19.8369 0 29.7591 4.51987 19.1571 0 16.0568 7.22988 22.0596 0 2.61859 9.02569 14.9357 0 21.8947 1.07368 18.876 0 18.8606 14.7776 23.2661 0 8.51659 1.20679 14.6889 0 23.4501 29.7977 15.0287 0 15.1239 22.4238 12.4196 0 19.1914 7.28881 20.5639 0 20.0279 17.9537 14.5835 0 19.4157 27.5439 17.3274 0 14.8505 20.4403 21.3989 0 28.5185 1.31279 21.0045 0 27.7787 0.355681 27.9341 0 22.9711 26.6128 16.5668 0 12.6485 25.1751 13.9291 0 2.64731 10.9455 27.2419 0 8.55588 2.87549 24.6625 0 5.68849 8.68403 10.733 0 3.68961 1.09996 10.7379 0 5.96126 14.0251 19.8156 0 9.85681 14.7143 20.0531 0 11.6721 5.57479 17.464 0 22.5488 14.3692 26.6904 0 19.5533 10.2496 3.88808 0 15.2074 6.19469 15.0346 0 13.7923 7.5155 25.3136 0 16.0232 28.8957 20.5977 0 18.4054 10.7885 0.0538573 0 29.349 5.96577 26.0159 0 26.8002 15.498 18.2477 0 26.8034 29.3912 18.0977 0 0.891784 12.4742 16.9283 0 23.6121 27.5708 20.2329 0 28.2267 4.38178 16.0584 0 26.9788 13.3009 12.2831 0 4.80807 5.29366 10.2213 0 1.73924 19.5011 18.9451 0 2.16481 17.8552 10.1215 0 25.9236 7.71481 12.0244 0 4.77364 17.5488 13.6938 0 7.46697 6.15384 13.5543 0 26.1702 21.0909 15.2628 0 15.8887 8.47174 1.05376 0 12.4263 11.708 17.6138 0 15.1975 14.6561 23.9731 0 15.8433 14.8757 29.7985 0 15.8429 4.03971 19.0383 0 14.0544 8.38119 7.71266 0 26.2131 4.08988 20.4242 0 24.818 11.5943 25.0244 0 2.25912 11.1878 10.1883 0 26.3038 13.4574 22.2975 0 28.3061 21.206 19.1652 0 2.09627 13.6058 24.89 0 4.71046 23.8852 16.1161 0 5.20547 19.563 21.7186 0 8.43343 0.183825 27.5117 0 4.54572 25.6077 21.3987 0 6.61238 20.589 12.6389 0 11.458 29.2697 0.318194 0 5.98057 18.9194 17.3421 0 11.2935 26.5322 19.2978 0 3.88758 29.0147 19.6381 0 18.5991 20.8455 25.6141 0 11.975 20.3523 26.0008 0 17.5046 25.5514 23.0102 0 16.5828 12.9602 20.3106 0 18.314 13.6693 26.9031 0 24.1206 10.6595 15.453 0 15.9012 20.2286 15.2074 0 20.1208 12.1614 14.8952 0 3.04876 17.6127 25.0187 0 28.5673 25.5925 24.0562 0 20.7565 25.4683 20.9958 0 3.58057 3.3967 27.3141 0 26.9895 24.0682 21.2061 0 3.68518 4.72464 23.6461 0 6.38444 22.0169 19.6375 0 10.897 1.08392 22.8332 0 6.98759 1.43564 21.8461 0 13.1164 28.2744 22.5507 0 19.2099 28.8894 25.705 0 15.5521 0.0483407 24.6394 0 19.089 4.55689 17.9762 0 17.6063 18.1806 29.6174 0 14.4571 25.7513 24.4485 0 22.0787 23.1136 18.2971 0 12.4856 0.907141 26.4297 0 20.8561 24.5067 24.3894 0 11.7109 27.6202 7.55139 0 27.9561 20.3009 25.698 0 20.711 29.7449 22.3248 0 2.15376 24.4461 23.5541 0 23.6966 23.7832 14.9211 
0 3.69452 28.0447 25.9687 0 6.13084 20.2351 4.29684 0 8.12185 25.4981 21.338 0 10.4003 6.66374 25.8959 0 10.3967 3.60781 28.3432 0 9.40916 14.5844 3.61722 0 12.5581 27.5088 3.54754 0 10.6289 4.60163 22.0643 0 16.3494 27.8469 28.0649 0 4.31093 2.14898 7.4509 0 24.6619 2.94653 17.2704 0 23.9767 4.85992 23.6949 0 26.8762 7.91329 19.8041 0 16.7761 4.76864 24.5294 0 1.96042 23.0744 20.0099 0 0.014286 4.55568 22.6026 0 2.22169 7.11798 28.9337 0 0.315181 27.9669 19.294 0 25.1551 23.1054 1.22033 0 2.84301 7.06164 20.2201 0 29.6307 28.7483 15.2468 0 5.94031 7.04609 21.4839 0 5.92252 11.9241 28.4435 0 8.67945 11.7118 20.3904 0 5.41925 9.56837 24.7383 0 15.9271 5.03811 0.792079 0 29.6204 26.6978 27.2903 0 14.9755 18.6347 24.4307 0 29.3757 8.61222 3.44476 0 12.5536 8.38917 28.4294 0 8.73474 15.2606 7.71656 0 7.2623 7.71629 7.12833 0 28.4649 14.0079 27.1968 0 26.8806 6.81622 23.1239 0 19.7879 17.2042 26.0136 0 26.0684 26.9615 13.9108 0 24.0923 1.07328 22.4305 0 29.2227 11.6742 23.4301 0 0.0923479 6.52034 6.11132 0 3.24921 11.5465 22.0503 0 28.7459 18.6747 16.5083 0 29.1426 17.4794 20.2866 0 5.63144 6.50791 26.8433 0 8.97328 21.0384 23.2911 0 11.5329 13.5298 25.5723 0 12.9032 16.1548 2.85857 0 8.19493 11.3338 8.38902 0 10.1159 22.571 11.9528 0 7.19048 9.42547 15.7726 0 10.6356 18.7733 0.433119 0 1.28018 19.2933 1.48009 0 29.2751 16.2821 24.2462 0 25.3474 18.3716 22.4104 0 26.2767 18.7847 8.0861 0 25.9474 16.4422 25.3899 0 22.0072 16.0888 23.5972 0 2.0482 8.35323 23.3445 0 27.6756 20.1888 29.7631 0 5.12228 15.7344 27.8998 0 1.0714 14.0433 20.9205 0 28.6903 21.6837 3.68593 0 7.10616 26.4613 26.9391 0 14.263 18.6592 28.4705 0 7.51402 17.2797 21.6498 0 10.7794 26.7169 25.8191 0 3.87244 21.0428 25.1321 0 2.60039 16.0354 18.07 0 8.93807 8.3207 18.8636 0 18.3763 23.8039 2.01047 0 8.35717 28.4072 23.6986 0 9.84107 10.2974 1.00764 0 16.299 21.7997 28.7513 0 17.9297 22.446 21.343 0 0.807831 17.2927 27.5323 0 17.3669 17.7424 17.5219 0 22.7332 13.4997 17.7875 0 1.57651 1.2337 17.5052 0 0.114397 22.9926 0.575867 0 3.54687 24.994 28.1713 0 0.917079 19.9396 22.5233 0 22.6198 23.2404 4.06387 0 1.46973 27.8949 22.9281 0 28.6635 29.3405 24.6446 0 28.785 9.6086 26.5825 0 13.729 4.23355 26.8592 0 4.65727 4.99938 0.645623 0 15.052 0.955717 0.743029 0 17.4615 1.98952 22.2416 0 19.8615 2.96283 24.7675 0 6.64087 0.353735 5.52573 0 19.9745 7.65319 0.993685 0 21.0985 11.3609 24.1698 0 22.8593 28.2772 24.3367 0 19.6812 29.7055 6.21206 0 26.9649 27.8466 21.4486 0 15.6417 26.8647 1.81249 0 13.3931 15.3289 19.0649 0 27.316 23.5626 27.7159 0 26.0649 23.3007 6.17125 0 23.9662 25.2536 22.9209 

0.0739562 0.945036 0.384844 -2.8457 -0.719554 -1.12783 -0.105194 2.27398 1.39264 1.33383 0.485994 2.35462 -2.82794 -0.70218 -1.39423 0.264937 0.769983 -2.09618 1.40341 0.503361 -2.45642 -0.670344 1.53068 0.836057 2.05975 -2.22767 -0.687918 -0.227131 1.72931 0.789156 2.13333 -1.631 -1.45837 -1.06767 1.98532 0.420794 2.17317 -0.63171 -0.564812 -2.64289 -0.821688 2.00045 -0.954941 0.355951 2.41619 0.199421 0.526766 -0.673145 0.202527 -0.0318156 -1.00203 2.52918 0.354492 1.38678 -1.57067 -0.457757 1.77484 -2.34176 0.963881 -0.212367 0.706842 1.09727 0.675167 2.6394 0.612091 -0.339319 -0.61192 -0.502551 0.445796 1.74869 3.96011 -1.82966 0.848825 0.545141 -0.649662 -1.02268 -0.80495 0.332136 1.99291 1.71365 0.353577 0.108415 -1.60163 -0.92913 -0.307044 -0.605573 0.79948 0.412864 0.80603 0.175802 -1.22242 -2.38604 1.22891 1.40632 -0.451494 1.38023 -0.789397 1.44303 1.00899 0.342246 1.44156 -0.24032 1.56721 -0.954837 0.65931 -1.34922 -1.63609 -1.66948 1.8159 -0.589896 0.733763 -1.19122 -0.0825499 -2.3334 -1.43449 0.222127 0.939466 -0.820029 1.23071 0.469842 -0.655188 0.569871 0.216503 -0.968348 -2.18427 1.33706 1.44001 -0.515992 3.60506 2.18111 1.19108 -2.01288 -2.13387 1.3909 0.22005 -1.82878 1.10453 0.867979 -1.23108 2.68062 0.785853 1.05428 1.17506 -1.49309 -0.284482 1.70139 -0.264268 -0.115958 0.641701 1.11879 2.41647 -0.681983 -0.867586 -3.48557 0.328848 -0.881224 0.963147 1.42234 0.410811 -2.33769 -1.28605 3.11325 -1.46417 -2.67172 -0.150653 -1.27165 0.0962988 0.46287 0.553164 -1.57462 -0.139659 1.62852 -0.530695 1.14512 2.54434 1.52967 -1.89204 -0.0914831 1.45061 0.441767 1.16698 -1.07874 0.892254 1.40091 0.637018 -1.72102 -1.82035 0.94459 -0.0345389 -0.233909 0.0417959 0.971067 2.11164 0.523586 -1.70012 2.73713 -0.928049 -2.70618 -2.08665 2.60606 0.593712 0.44848 0.727303 0.0309881 -0.755075 -2.44044 -0.661933 -1.51428 1.12896 0.824735 2.12276 0.150211 0.658509 0.463059 1.64955 1.46662 3.22795 0.38874 -1.57005 -2.42827 -1.25924 -1.4168 0.291721 0.557071 0.442192 -0.463259 -0.863249 0.77253 0.00436609 0.183967 0.0577028 -1.57998 -1.83026 -0.46871 0.322651 -0.417939 -1.8259 -1.13322 -0.866925 -0.921763 1.09592 0.0684063 -0.409989 1.24661 -0.621447 -0.649301 1.97767 0.227034 -1.08337 2.87756 0.394822 -1.01527 0.61926 2.70075 2.57704 1.12063 0.695617 1.10985 -2.61406 -1.33011 2.40509 1.36178 1.36924 1.54409 -0.236745 -1.6846 1.48726 0.68189 0.53994 -1.02252 -0.207027 -2.12814 0.79798 -1.94275 -0.175198 0.407011 -1.94599 0.473509 1.98544 -2.96852 0.645537 -0.924357 -0.300859 -0.281139 1.57111 -0.763426 -0.726143 0.692043 0.753375 0.759493 -0.66891 1.31847 -1.4165 -1.15767 -1.34751 1.47151 -1.02536 -0.742485 -0.964481 -0.456472 
2.45895 -0.627507 -1.45238 -1.64566 0.412182 -0.190244 -1.93318 -0.819065 2.69082 -0.0574357 -1.33784 -0.00893839 0.0571245 -1.80143 1.20328 -1.44485 -0.144066 0.638526 -0.916447 -1.31458 -0.0827378 -0.807781 1.32516 -1.27803 -2.86486 -0.216834 -0.223265 0.311847 3.07973 -0.0531419 -1.6665 -0.291374 1.17176 -1.07345 1.95108 -1.43652 1.31608 1.52289 -3.43126 0.748898 -0.0412321 -1.24084 -1.28036 1.28226 1.31091 0.42668 0.843823 -1.93924 -1.79135 -1.08728 1.10153 -0.348398 0.641617 0.602317 0.766317 1.15744 -0.845572 0.452326 1.17345 1.23274 -0.333437 -1.7558 0.866745 0.0128437 -1.07903 -1.54794 0.0880061 0.478693 2.05145 -1.14563 1.72231 -2.36666 0.118186 -2.25552 0.0181606 -1.11734 -2.60458 1.88427 -0.33099 0.815256 -2.31467 0.506716 -2.33522 -2.7572 -0.458996 0.815676 -0.569213 0.872086 -1.25827 0.875089 -0.799195 1.45137 -1.27254 0.493325 -0.236307 -0.875538 0.522914 -0.885523 -1.20187 -1.25202 0.119754 0.342104 0.613316 0.813019 0.192507 0.473859 0.374763 -2.43006 0.652492 -0.138596 0.385526 1.02906 -1.16306 -1.35567 0.868293 0.460761 -1.14756 -0.0744638 3.78621 -0.682482 -0.0998755 -0.665274 0.63846 0.824251 2.43943 -0.851702 -0.102168 0.9336 -0.974305 -0.00477071 -0.976426 -0.967084 2.60329 0.385166 -2.42269 2.43194 -3.1932 1.45823 0.0264945 -0.321096 -2.78055 1.27715 -1.11523 -0.391939 -0.52833 -0.00834783 0.680422 -3.30767 -1.40722 -0.716833 -1.37709 0.423319 -0.273688 0.856558 -0.564915 -0.536954 0.584696 2.04961 -1.35793 0.95743 0.393589 1.19424 0.706754 3.00983 0.640374 -1.25646 0.646904 -1.76792 -1.79156 -1.1465 -0.705697 1.30848 -1.12555 4.01627 -0.194104 0.184913 0.511859 1.88938 -1.67782 -1.6763 -1.92363 -0.556666 -1.77899 -2.11246 0.517483 2.11803 2.23981 -2.33968 1.50924 -3.25987 1.32918 -0.424272 0.153563 0.695461 0.0839261 -0.917836 -0.676516 -3.51778 3.51136 -3.3888 -2.00785 0.0155478 3.13838 -0.325971 -1.20635 0.323815 0.0683276 -1.60068 0.485495 0.756243 -0.541154 1.21464 -0.562354 0.644385 -0.105 -0.503058 0.499591 0.507024 1.66436 -2.4488 0.21782 3.08745 -0.241536 0.736217 0.09183 -0.566904 -0.776463 0.67432 -0.911704 -0.272148 -0.0534518 -1.83377 -0.870554 1.63139 0.844319 0.425652 0.816911 2.09285 -1.46185 0.35715 -0.903877 -0.518829 -0.226927 -1.32185 0.256106 -2.70703 1.00955 0.928478 0.000720322 -0.0832799 -1.04243 -1.4571 -0.392453 -1.05531 -2.97232 2.07754 -1.5931 -0.830731 0.719878 -1.60843 1.02948 -0.540436 0.170634 0.371577 1.20429 -2.19563 -0.698042 0.136541 -1.50652 -0.98097 -0.973155 -1.84638 0.333592 1.23809 0.759547 -0.982852 -1.07561 -0.235438 1.24653 -0.881228 0.684387 0.399239 1.07811 -0.158822 -1.5346 0.259468 -1.29745 0.821099 2.36061 -1.97057 0.379126 2.14049 1.49681 0.790816 0.276947 1.62824 1.28434 0.668981 -1.53475 -1.7855 
0.682149 -2.43758 -0.525599 0.77942 -1.53214 1.36347 1.31775 -0.0556791 0.508345 0.981278 0.573336 2.40899 -1.52642 0.839689 -1.90489 -1.3869 0.251038 1.16024 0.060013 1.2189 1.10624 -0.0323083 2.07769 1.66285 2.2443 -0.715528 0.218092 -0.602423 -1.69354 0.504155 0.580278 1.68449 0.718706 -2.70561 0.879866 -0.991092 0.458569 -2.07871 1.47588 0.0898849 -0.920391 -0.138962 -2.02897 0.194073 4.93742 -1.60163 -1.41592 1.37166 2.32591 -0.128426 -1.27464 -1.3781 1.59383 1.28062 0.00809446 -4.76872 2.81406 -1.05869 -0.108081 1.99043 1.09724 -1.06423 -0.136698 -1.47321 0.220426 -1.49993 -1.26689 -0.193376 1.28833 -1.47636 1.25243 0.259556 3.40844 -1.67605 -1.10645 0.731053 -1.49215 -0.0687923 -2.80124 0.773649 -2.55174 -0.33008 -0.506803 0.0638293 1.13373 -1.4536 0.499705 0.651655 0.210031 1.36193 -0.962797 -0.533337 -1.57742 1.13564 -0.479897 0.503163 1.09479 1.46206 0.698436 -0.487675 -0.0982208 2.04194 2.11048 -0.7948 2.37979 0.738886 -0.101264 -1.00952 1.61777 -2.34176 0.639272 -0.646531 -2.18111 2.69849 -2.84488 -0.221506 -0.987449 0.89361 0.403233 -2.91015 1.72171 0.225803 0.0557783 0.215473 -0.307703 0.339051 0.393355 2.00793 -0.0551774 -1.68278 -0.425479 -0.0280564 -1.58101 1.13111 -0.492899 1.54852 -0.522684 -2.27108 0.74106 -1.06064 0.859758 0.928016 -1.6211 -0.708205 -2.27386 0.311876 -0.082963 2.45471 -0.246208 -1.4934 0.450183 -0.822061 -1.61245 2.41552 -0.644421 0.923148 1.26105 -0.0414732 -0.294729 1.27425 -0.875905 1.83812 0.6448 -4.14222 -0.060833 -0.820005 -1.87651 -0.670363 -2.49327 0.796305 0.952669 -2.66944 -0.391515 -0.239511 -0.920268 0.530229 -0.129818 -1.6056 2.57213 -0.263431 -1.01476 -0.719575 3.22482 0.432075 -1.5999 0.840592 -1.12067 1.29352 0.995378 0.0524913 0.68099 -0.883369 0.140662 2.45579 1.82051 0.787763 1.26479 -1.87852 -2.12155 -0.457519 1.5848 0.256125 -0.63916 -0.0403217 -2.33938 2.27576 0.281162 1.88878 1.04733 0.622266 0.626143 0.53503 1.67013 1.58251 1.11478 -1.90547 -2.86606 -0.805563 -0.174417 -0.589007 -0.67871 -2.20587 0.29751 3.1613 1.78018 0.0823835 1.75972 0.598908 -1.6113 -1.58487 3.83719 -1.87561 2.80523 -1.52066 0.159864 0.231943 -1.58159 -0.600843 0.191155 -1.00832 -1.60341 -0.739206 2.39122 -1.01935 1.5513 0.843656 0.563805 1.42702 1.36248 -0.262034 -1.71039 0.616957 -0.707679 1.38154 -0.427921 0.591734 1.39249 -1.6703 0.599681 -0.236741 1.73344 0.856519 -3.04816 0.708699 0.417518 -0.320822 -0.876702 2.06038 1.63733 1.47908 1.20856 -2.44665 -2.80934 0.424613 -2.00143 0.996649 0.291327 -1.37871 0.428898 -1.78902 1.21564 -1.22334 -1.42777 -1.34074 2.26911 -0.263245 2.43037 2.24741 0.921981 -0.263325 1.89337 -0.839117 2.41831 -0.644277 0.685811 -0.165285 0.388125 0.775757 0.296824 -0.507097 
-2.92899 1.55603 -1.67484 -0.248324 0.110928 -2.88231 2.6526 0.596333 1.50672 0.220982 0.0372479 -0.777805 2.68046 -1.03594 -4.54496 -0.548713 -1.10133 1.338 -3.21276 0.0388258 0.0220189 -0.365154 1.14495 -1.95369 -0.735867 -3.10483 0.611308 0.366916 -1.3623 -0.523189 -1.25974 -0.602952 -1.07438 0.576116 -0.33999 -0.836549 0.725602 -0.302328 -0.536521 0.952509 0.937764 -0.0790642 0.82937 -1.54475 -1.8923 -1.93216 -2.69248 0.263184 -2.09624 -0.932503 0.786395 0.840752 0.309677 3.16993 1.04179 -1.39326 1.32228 0.861511 0.17296 -0.792434 1.19913 1.02659 0.0864463 0.319813 2.05771 -0.24218 -0.212931 1.25872 1.4362 0.0927259 0.0421409 -1.8728 -1.62313 2.75045 -0.669992 -0.539097 -0.209367 -1.63027 0.17999 1.46105 2.08845 -1.90295 0.610784 2.12447 -3.26336 0.0414876 1.70467 2.74074 -0.953921 0.735855 -0.491365 0.816609 0.208689 -0.784748 -1.48877 -1.32574 -0.133211 0.340975 2.74909 0.0424932 -0.120542 0.226249 2.89516 -2.06894 3.59988 -0.376867 2.31309 0.190648 -0.1122 -0.357817 1.61873 -0.824403 0.677106 1.39864 -0.14716 0.459689 -0.086576 1.24783 1.93708 -0.264569 1.24294 0.98874 -1.15071 -1.79725 2.54435 1.7734 -0.686978 -1.07815 2.36983 0.113165 -3.05882 1.51172 1.01205 3.48212 -1.08248 -0.76308 -1.3536 -1.84062 1.3296 0.0915341 -1.15249 -1.43046 -0.764159 1.01228 1.57584 1.00228 0.848335 -1.17898 0.140257 1.57125 -1.81538 1.99481 0.717921 -2.99794 -0.702263 -0.502797 0.46031 2.3425 1.63521 0.390721 -2.16322 -1.81843 0.00902847 -0.46959 -0.18983 -0.414764 -0.342286 2.92987 -1.19612 -0.286374 -0.967001 -0.76817 -0.951376 -0.572775 0.297954 -1.91725 -0.589639 -0.36309 2.11359 0.908933 0.0865905 -1.02524 0.20102 -0.0764421 -1.59534 -1.23981 0.662518 1.33707 -1.07724 -1.03088 1.05421 -2.41854 0.893868 2.07479 -1.50589 -0.0814801 -0.122018 0.275478 0.479859 0.779211 -0.784303 -0.237612 1.47933 -1.98391 0.62583 -1.10816 -0.894604 -1.66743 1.20023 -0.787084 1.43897 -1.25806 2.42587 3.56893 1.18587 -0.978935 -2.15923 -3.04099 1.38526 1.36735 -0.966846 -0.33486 -0.235419 -0.173263 -0.581578 -0.51972 3.1026 0.488306 2.0368 -0.811713 -0.27111 0.0025547 1.46743 0.121746 1.43475 2.54485 -2.7341 0.0749726 2.32457 -0.950132 -3.03572 1.24435 1.43387 0.901077 -2.12409 2.53225 -2.57633 2.1891 -0.0519056 0.616826 0.0861879 -3.05111 -1.06933 -1.45244 0.555739 0.165213 -1.51384 -1.26796 0.532585 -0.268003 0.917329 0.700271 -0.207821 1.1806 -2.12806 -1.49048 0.669689 0.138604 -0.349206 -1.76677 0.157244 0.217815 -1.16727 -0.461419 -0.721503 -2.31752 -0.925312 0.0812902 2.4532 -0.536769 0.208937 -0.376193 -2.1085 0.428135 -1.82519 -1.04606 0.0652484 -0.390642 2.27043 -2.33293 -0.883477 -0.457315 0.423282 2.04256 1.19307 1.92242 1.4248 -1.26319 0.147708 1.28099 
0.142895 0.0706582 -1.6995 0.0931452 -0.193909 -1.90347 -2.40611 -0.100013 -0.262149 -0.0124917 -0.923386 2.14169 -0.488556 1.29711 0.513851 0.967677 0.031457 -0.0260994 -0.374548 -0.844674 0.0635488 2.23477 -0.729975 -0.295987 -2.60495 2.08046 -1.09044 2.11338 -3.19759 -1.85354 -0.116306 -1.72942 -0.681922 1.08529 0.506361 -2.20761 0.187817 -0.121788 1.54307 0.341298 -0.63649 0.117865 0.51884 -3.18452 0.334339 0.400314 0.464274 -1.6706 1.3733 -2.43758 -0.105971 1.38754 0.162698 -0.421988 0.451583 1.19392 -0.66423 0.432611 -0.85374 -0.949554 0.72269 -0.915509 -1.80505 -0.12864 2.27656 -1.41287 0.887066 -0.967752 0.0945858 2.28848 -0.020866 0.345321 -1.84647 0.432407 -0.0476435 -0.142746 1.85952 1.52612 0.656424 1.66952 0.569562 0.832591 -0.623333 1.6801 -0.573867 -1.70692 -2.36213 -1.35468 0.571531 2.04294 -3.14682 -2.57562 -0.258745 2.87233 -0.409886 1.77696 3.31868 1.64107 1.91976 0.785256 -1.48397 1.67095 2.18162 -0.0346087 0.204298 -0.40788 0.860151 0.234196 1.27915 1.71349 2.18706 0.483713 -0.0460256 -2.25777 0.224381 -0.693225 -1.35022 1.50824 -1.01546 0.0348343 1.02693 1.17494 -0.749657 1.17529 2.02666 -0.0973554 -0.359187 -0.331167 -0.196444 -1.7989 2.33564 -1.40874 -0.340996 0.0800271 1.23999 1.11288 0.520203 2.63597 -0.0562172 -0.986085 -2.003 1.35894 0.317663 -0.61534 1.25016 -1.62908 -1.72453 1.25913 -0.788223 -0.271987 -0.45265 1.33808 0.348271 -1.70955 -2.17734 -1.04801 0.512331 -0.77584 0.81058 0.512976 -0.790934 0.863138 -0.423898 1.35726 1.09667 -1.08944 1.92809 -1.53766 -3.06097 -0.69649 -0.884795 1.88716 0.975108 0.885126 0.127923 1.51471 -1.42805 -0.411632 2.26262 -2.65754 0.484813 0.00941473 -1.13409 -2.57673 -0.242651 0.197494 -2.11441 1.24088 0.149346 1.47693 -0.744781 3.48496 1.46195 0.0212023 0.691787 -1.2812 2.03607 -0.476018 0.60091 -0.300546 1.14478 -2.96199 -2.7836 -1.10779 1.10318 1.29788 0.881371 1.03958 -0.112125 0.639767 -1.23118 -1.97365 1.01735 -2.49861 0.598199 -1.55906 -2.00616 -3.08426 0.15705 0.0089661 -1.84379 0.282348 0.227272 -0.391872 -1.12686 1.53462 0.29732 -2.00185 -0.778944 0.712859 -0.071017 0.465137 1.33944 -2.4138 -0.11227 0.28004 -1.27344 0.959582 -1.43106 -1.10524 1.35866 0.581444 1.92903 0.729636 -1.6377 -0.271508 -0.38243 -0.488592 -0.57378 0.93231 0.94524 -1.11041 -1.62529 -0.0827307 0.154085 0.638275 0.107418 1.71823 2.24435 0.17646 2.27003 -2.06998 3.06612 -0.256253 2.50969 -1.64513 -1.04841 -0.341952 -0.455872 -0.485764 3.69239 0.678249 2.38878 1.30512 -0.556169 0.514974 -0.0155006 0.216919 -1.9113 0.957085 0.105285 -1.56004 -0.772925 0.339699 -0.966428 0.830255 0.364118 -1.70738 -0.787103 0.845564 -0.0031856 -0.204607 1.17068 1.04693 2.52989 -1.81019 0.658883 0.492513 0.770373 -0.789321 
