500 1.00001
27.9465 27.9465 27.9465 
14 14 14 
1 1 1 1 1 1 1 1 1 1 1 1 1 1 1 1 1 1 1 1 1 1 1 1 1 1 1 1 1 1 1 1 1 1 1 1 1 1 1 1 1 1 1 1 1 1 1 1 1 1 1 1 1 1 1 1 1 1 1 1 1 1 1 1 1 1 1 1 1 1 1 1 1 1 1 1 1 1 1 1 1 1 1 1 1 1 1 1 1 1 1 1 1 1 1 1 1 1 1 1 
1 1 1 1 1 1 1 1 1 1 1 1 1 1 1 1 1 1 1 1 1 1 1 1 1 1 1 1 1 1 1 1 1 1 1 1 1 1 1 1 1 1 1 1 1 1 1 1 1 1 1 1 1 1 1 1 1 1 1 1 1 1 1 1 1 1 1 1 1 1 1 1 1 1 1 1 1 1 1 1 1 1 1 1 1 1 1 1 1 1 1 1 1 1 1 1 1 1 1 1 
1 1 1 1 1 1 1 1 1 1 1 1 1 1 1 1 1 1 1 1 1 1 1 1 1 1 1 1 1 1 1 1 1 1 1 1 1 1 1 1 1 1 1 1 1 1 1 1 1 1 1 1 1 1 1 1 1 1 1 1 1 1 1 1 1 1 1 1 1 1 1 1 1 1 1 1 1 1 1 1 1 1 1 1 1 1 1 1 1 1 1 1 1 1 1 1 1 1 1 1 
1 1 1 1 1 1 1 1 1 1 1 1 1 1 1 1 1 1 1 1 1 1 1 1 1 1 1 1 1 1 1 1 1 1 1 1 1 1 1 1 1 1 1 1 1 1 1 1 1 1 1 1 1 1 1 1 1 1 1 1 1 1 1 1 1 1 1 1 1 1 1 1 1 1 1 1 1 1 1 1 1 1 1 1 1 1 1 1 1 1 1 1 1 1 1 1 1 1 1 1 
1 1 1 1 1 1 1 1 1 1 1 1 1 1 1 1 1 1 1 1 1 1 1 1 1 1 1 1 1 1 1 1 1 1 1 1 1 1 1 1 1 1 1 1 1 1 1 1 1 1 1 1 1 1 1 1 1 1 1 1 1 1 1 1 1 1 1 1 1 1 1 1 1 1 1 1 1 1 1 1 1 1 1 1 1 1 1 1 1 1 1 1 1 1 1 1 1 1 1 1 

0 1.44326 1.00147 1.27477 0 2.04163 3.85474 3.56179 0 4.66253 1.08941 4.27762 0 4.08735 3.98095 0.87283 0 7.1746 1.53685 1.91685 0 6.75936 4.44386 4.50594 0 9.65799 1.82693 4.31752 0 9.97164 4.78984 1.77323 0 13.1224 1.56172 1.50183 0 12.8157 4.53305 3.60535 0 15.4448 1.84141 4.48243 0 15.7675 4.7169 1.49553 0 18.7513 1.71582 1.59689 0 18.2495 4.70337 4.20999 0 20.7562 1.50498 4.9382 0 20.954 4.26457 1.55049 0 24.5105 1.8882 1.15333 0 23.579 4.43544 4.16581 0 27.1256 1.04412 4.26018 0 26.1111 4.79767 1.65917 0 1.57748 6.85462 1.44947 0 1.44932 9.64661 4.02557 0 3.85424 6.88065 4.20948 0 3.38277 10.3369 0.963687 0 6.47842 7.05141 1.49877 0 6.97246 10.732 4.31435 0 8.8674 7.95711 4.11531 0 9.44901 9.82876 1.12451 0 12.272 7.55143 1.12581 0 12.1168 9.92519 4.24224 0 14.8595 7.47585 4.09454 0 15.5002 9.826 1.1645 0 18.4596 7.63418 1.64226 0 17.7518 9.82077 4.35181 0 20.9545 7.15147 4.22301 0 20.9691 10.0122 1.42334 0 23.4689 7.25791 1.75425 0 23.8873 9.81243 4.32109 0 26.3031 7.10257 4.44904 0 26.6654 9.75309 1.61199 0 1.2271 13.0552 1.10627 0 1.0553 15.7855 4.06265 0 3.87678 13.2631 4.07547 0 4.59983 15.1556 0.727313 0 6.65045 12.3176 0.891407 0 6.89764 14.7988 3.41567 0 9.68724 12.6297 4.5002 0 9.68776 15.0202 0.820437 0 12.4618 12.2391 1.59878 0 12.8673 15.2036 4.04315 0 15.6217 12.5971 4.35242 0 15.2196 14.833 1.18851 0 18.3355 12.5288 1.6306 0 18.5162 15.2202 4.26303 0 20.8637 12.7072 4.75363 0 21.1384 15.3022 2.02213 0 23.8604 12.7755 1.77221 0 23.778 15.4582 4.70862 0 26.5647 12.5283 4.306 0 26.1041 15.4606 1.33298 0 1.33208 18.4464 1.35821 0 1.33006 21.1827 4.00752 0 4.75508 17.9625 3.5658 0 4.13135 20.7823 1.18507 0 7.03833 18.2484 0.854334 0 7.62502 20.5836 3.89586 0 9.59871 17.3701 3.58008 0 9.842 20.7884 0.855844 0 13.0122 17.9273 1.23406 0 12.7305 20.725 4.41363 0 15.4532 18.1462 4.51239 0 15.3662 20.9626 1.593 0 17.5593 17.7189 1.5509 0 18.0529 20.5203 4.15965 0 20.5125 18.2436 4.31293 0 20.8359 20.6075 1.25645 0 23.5214 18.3656 1.80447 0 24.1087 21.5098 4.45445 0 26.6587 18.3731 4.04441 0 26.6662 21.3133 1.61954 0 1.31925 24.2816 1.0007 0 1.6814 26.1572 4.26707 0 4.67357 23.1624 3.90715 0 4.30595 26.2265 1.43533 0 7.31267 23.6868 1.40317 0 7.55498 26.4814 4.24353 0 9.85365 23.4354 4.15634 0 10.1889 26.7203 1.7718 0 12.7398 23.6418 1.78814 0 13.0345 26.7571 4.12834 0 15.2018 23.4525 4.4131 0 15.8593 26.754 1.98722 0 18.4289 23.5554 1.72001 0 19.0032 26.5783 3.68051 0 20.9208 23.2067 3.90696 0 21.6396 27.451 1.00278 0 23.0611 23.5851 1.11985 0 23.6596 25.7699 4.26758 0 26.9728 23.8315 4.13775 0 25.8842 26.2028 1.49661 
0 1.71795 0.814802 7.51933 0 1.2091 3.62432 9.95104 0 4.16408 0.687624 10.0327 0 3.81911 3.51114 6.76798 0 6.80203 1.4732 7.13455 0 6.57511 4.0696 9.89024 0 9.56627 1.38581 10.0002 0 9.5349 3.86198 7.112 0 12.3131 1.0737 7.12529 0 12.8978 3.77452 9.59643 0 15.5996 0.868579 9.70806 0 15.5452 4.2828 6.84608 0 18.0272 1.48376 7.2595 0 18.6725 4.25151 9.78632 0 21.0199 1.42354 9.49102 0 21.0596 4.2501 7.12487 0 23.6591 1.08857 6.53551 0 24.12 3.91926 9.73847 0 26.761 0.829569 9.59728 0 26.782 3.62566 6.67673 0 1.2271 6.41748 6.63859 0 0.987958 9.92536 10.3587 0 3.52203 6.99183 9.63347 0 4.58142 10.1582 6.92474 0 6.45176 7.18719 7.70984 0 6.54522 10.1416 9.97113 0 9.61123 7.14404 9.75979 0 9.60686 9.9695 7.29854 0 12.1986 6.57038 7.33669 0 12.3204 9.04409 9.67731 0 15.6384 6.76838 9.66193 0 14.5624 9.92712 7.0487 0 18.2825 7.19974 6.81487 0 18.194 9.61659 9.9039 0 21.2877 7.20631 10.001 0 21.1136 9.93127 7.26182 0 23.6145 6.75842 7.06704 0 24.1422 9.97747 9.96004 0 26.3155 7.04704 9.44245 0 26.0692 9.65843 7.0563 0 1.21829 12.0482 7.02102 0 1.51799 15.7076 9.91479 0 3.69961 12.5896 9.62983 0 3.95641 15.1115 6.96845 0 6.88044 12.9448 7.43369 0 6.7843 15.4784 10.6504 0 9.383 12.5298 10.1654 0 9.4637 15.4324 8.19305 0 12.1306 12.6253 7.52786 0 12.3229 14.9979 10.3955 0 15.0159 12.1466 9.69354 0 15.1822 15.203 6.87659 0 17.9894 12.0697 7.56329 0 18.1028 15.042 9.48514 0 21.2556 12.1529 9.74599 0 20.7815 15.2042 7.21036 0 23.9401 12.3879 6.98481 0 24.0356 15.3196 9.44734 0 26.8177 12.8176 10.0235 0 26.7938 15.1453 6.77691 0 1.63961 17.7688 6.96048 0 1.00095 21.4062 10.7202 0 3.61413 18.5904 10.4462 0 3.80468 21.2862 6.92655 0 7.03207 17.9104 6.41298 0 6.70189 20.9788 9.7948 0 9.41758 18.476 9.97635 0 9.6385 20.6047 7.4001 0 12.0579 18.0951 7.10286 0 13.0032 20.9131 9.8181 0 15.0036 17.6604 9.79215 0 15.7237 20.8117 7.00006 0 17.9949 18.0304 7.55889 0 18.5826 20.7298 10.0243 0 21.0538 18.509 9.45541 0 21.1768 21.2501 6.94453 0 24.3957 18.8228 7.26179 0 24.1882 21.0478 10.564 0 26.6605 18.5782 10.5168 0 27.5982 20.6587 7.39042 0 1.63001 23.7288 7.05788 0 1.06463 26.4658 10.6714 0 3.81214 23.8463 10.0822 0 4.10029 26.069 6.98775 0 7.16814 23.3502 6.80184 0 7.29901 26.0897 9.12791 0 9.89947 23.8123 9.66898 0 10.358 26.198 6.61534 0 12.6041 23.3497 7.1111 0 13.144 26.3502 9.43121 0 15.5908 23.7011 9.45998 0 16.2393 26.4653 6.68376 0 18.2913 23.3326 7.1163 0 18.5912 26.1524 9.77358 0 21.2313 23.183 9.7696 0 21.0869 25.4307 6.76474 0 24.3635 23.2411 7.43256 0 23.5371 26.4311 10.0447 0 26.27 24.0643 10.6092 0 26.5356 26.1257 6.84688 
0 1.34175 0.991788 13.1656 0 0.837697 4.49862 15.2125 0 4.15064 2.35559 15.054 0 3.71729 4.46464 12.2655 0 7.00413 1.64003 12.5066 0 7.62003 4.59683 15.6041 0 10.1771 1.7135 15.381 0 9.66474 4.13129 12.6293 0 12.4412 1.031 12.0491 0 13.0267 3.97998 14.9865 0 15.8782 1.69271 15.1783 0 15.7578 3.66672 11.9425 0 18.165 1.28593 12.5268 0 18.4711 4.21674 14.6721 0 20.9151 1.53885 15.2598 0 21.257 3.72877 12.4024 0 23.8443 1.01026 12.7591 0 23.5541 4.50586 15.288 0 26.2217 1.80282 15.508 0 26.737 4.03767 12.5326 0 0.884069 7.05435 12.5512 0 1.10651 9.70375 15.8087 0 4.14584 7.29526 15.5357 0 4.0731 9.521 12.4394 0 6.96474 6.92552 12.6117 0 6.96053 9.73067 15.4815 0 9.96429 7.12135 15.0475 0 9.27988 9.5128 12.3737 0 12.5831 6.11994 12.315 0 12.3902 9.62761 14.948 0 15.7305 6.49505 14.9213 0 15.0269 9.6845 12.3769 0 18.9348 7.36526 12.526 0 18.0427 10.0699 15.3455 0 20.4174 7.31348 15.6572 0 21.1208 9.85754 12.9455 0 24.017 7.50787 12.3245 0 23.579 10.303 15.662 0 26.1688 7.14922 15.0874 0 26.2947 10.1087 13.2823 0 1.36464 12.8141 13.312 0 1.45084 15.7168 16.0014 0 4.15206 12.6102 15.492 0 3.79711 15.2545 12.977 0 6.56848 12.3272 12.864 0 6.62635 15.6197 15.1644 0 9.93974 12.5973 15.0243 0 9.77974 15.5485 12.7307 0 12.7196 12.2985 12.6121 0 12.6937 15.3124 15.2135 0 15.173 12.5751 15.2503 0 15.3166 15.2076 12.4947 0 18.1744 12.2222 12.2982 0 18.1489 15.3021 15.0648 0 20.9014 12.915 15.4116 0 21.1335 15.0075 11.9191 0 24.2485 12.8803 12.6981 0 24.0336 15.2427 15.6085 0 26.5611 12.3437 15.9945 0 26.6675 15.8737 12.9464 0 2.00022 18.6764 13.7416 0 1.74041 21.291 16.0007 0 4.95536 18.5513 15.8098 0 4.30359 21.3982 12.8269 0 6.96386 18.7325 12.3769 0 7.74407 21.4973 15.6324 0 9.65365 18.4238 15.0206 0 9.69326 21.4168 12.4035 0 12.2288 18.4698 12.4451 0 12.8994 20.8158 15.3826 0 15.1711 17.8705 15.203 0 15.6714 20.7735 12.6371 0 18.3576 18.0096 12.7909 0 18.4421 20.8278 15.3572 0 21.2917 18.2477 15.4619 0 21.2444 20.4737 12.6879 0 23.4841 17.3351 12.552 0 23.7924 21.3962 15.6914 0 26.7869 18.226 15.8662 0 26.8709 21.304 13.7975 0 0.941137 24.2677 13.3886 0 1.74889 26.2303 15.8504 0 4.60638 23.8361 15.3338 0 4.36905 26.6779 12.9978 0 7.31189 24.0247 12.3747 0 7.42003 26.2635 15.9333 0 10.3863 23.9909 15.4017 0 9.96882 26.5248 12.6628 0 12.9973 23.4273 12.5278 0 12.7854 26.6027 15.2025 0 15.2262 24.1132 15.6547 0 15.614 26.0437 12.1791 0 18.2453 23.3347 12.2168 0 17.963 26.6271 15.2724 0 20.9063 24.1347 15.7932 0 21.0585 26.5491 12.7652 0 23.8049 24.1782 13.1926 0 23.2262 26.5649 15.9574 0 26.3662 24.0291 15.9454 0 26.1059 26.7282 13.551 
0 1.24872 2.01727 18.0815 0 1.73293 4.57119 20.6633 0 3.91863 1.65867 20.9122 0 4.53285 4.08394 18.0741 0 6.8185 1.41922 18.5479 0 7.18912 3.9971 21.0924 0 9.93525 1.38996 21.5159 0 9.96643 3.59008 18.6405 0 12.8904 1.75587 17.9507 0 12.6297 4.36221 21.5977 0 15.2803 1.96874 20.7543 0 15.8367 4.57787 17.8534 0 18.5423 1.51153 17.8852 0 18.1774 4.35888 21.1358 0 21.0174 1.68383 21.2754 0 20.633 4.39466 17.4342 0 23.119 1.37852 18.2858 0 23.352 4.38362 20.72 0 26.5207 2.21739 20.706 0 26.3516 4.8436 17.9162 0 1.44396 7.0966 18.1377 0 1.49667 9.91737 21.4837 0 4.73241 6.90232 21.0681 0 4.30677 9.43719 18.551 0 7.15576 6.58846 18.6166 0 7.36961 9.74582 20.5854 0 10.073 7.03633 20.5715 0 10.0206 9.61281 17.7943 0 12.5693 7.19252 17.6644 0 12.5402 9.75115 20.3925 0 15.348 7.06545 20.8438 0 14.9269 9.94764 17.8908 0 17.7821 7.28349 17.9632 0 17.5072 10.0288 20.5683 0 20.7311 6.89445 20.509 0 20.4805 9.7599 18.3884 0 23.3948 7.38036 17.9384 0 23.6324 10.2373 21.0263 0 26.948 6.77234 20.9061 0 26.5281 10.0428 18.6616 0 1.94582 12.5426 18.541 0 1.89066 15.7827 21.0713 0 4.74357 12.2495 21.1661 0 4.58603 15.6158 18.4094 0 6.64868 12.4834 18.0677 0 7.10536 15.3985 21.5113 0 9.90899 12.5948 20.5315 0 9.18533 15.0551 17.9981 0 12.2213 12.7421 17.9391 0 12.4491 15.0987 20.8923 0 15.3517 12.6752 20.7713 0 15.5011 15.2143 17.8632 0 18.3916 12.8393 17.9332 0 17.8895 15.6401 20.7526 0 20.5067 12.8916 20.8371 0 21.2516 15.5515 17.9228 0 23.7641 13.0772 18.7521 0 23.8207 15.7865 20.9003 0 26.7698 12.8463 20.9546 0 26.9196 15.7648 18.5776 0 1.48045 18.3138 18.2015 0 1.40961 21.1026 20.6937 0 5.21027 18.5382 20.5171 0 5.0061 21.0781 18.1861 0 7.83589 18.2381 18.178 0 8.12184 20.8122 21.6477 0 9.5561 17.7642 21.2049 0 10.3003 20.94 18.2021 0 11.7296 17.6491 18.2585 0 12.1043 21.0468 21.0427 0 14.8876 18.0735 20.1049 0 16.0598 20.9607 17.8783 0 17.9765 18.0413 17.4872 0 18.4681 20.3707 20.9394 0 21.0216 18.0065 20.6426 0 21.0639 20.9555 17.869 0 24.2378 18.3693 18.2524 0 24.0827 20.6508 20.727 0 26.9546 18.2598 20.9132 0 26.6248 21.2723 18.331 0 1.37164 23.8679 18.4379 0 0.843994 26.8088 20.7938 0 4.79335 23.7442 20.3796 0 4.171 26.7137 18.3616 0 7.93763 23.4182 18.802 0 6.99926 26.4873 20.8527 0 10.0471 24.0983 21.6402 0 10.0061 27.0619 18.2433 0 12.1829 24.2719 18.5586 0 13.1437 26.7275 21.4376 0 15.1486 23.6623 20.9449 0 15.2596 27.1389 18.041 0 18.8518 23.7511 18.5411 0 17.5562 26.4372 20.7026 0 21.092 22.7208 21.2482 0 20.9819 26.6317 19.1265 0 23.4582 23.6374 18.6907 0 23.5425 27.1731 21.4438 0 26.155 24.3239 20.6762 0 26.3465 27.141 17.9009 
0 1.08592 2.12372 23.6402 0 0.729815 4.4049 26.5403 0 3.96815 1.18253 26.6212 0 3.90578 4.4162 24.068 0 6.20704 1.46409 23.8603 0 6.93543 4.51887 26.7243 0 10.0639 2.097 27.4899 0 9.40885 4.10937 23.8759 0 13.269 1.47272 24.123 0 12.7302 4.49069 27.248 0 16.077 1.74031 27.2163 0 15.9713 4.64955 23.7404 0 17.6027 1.39623 23.7065 0 18.5019 4.54106 26.174 0 20.7176 1.67106 26.4945 0 20.7243 4.28496 23.5695 0 23.7577 1.55216 24.303 0 23.5041 4.67655 26.0916 0 27.0826 0.903469 26.3421 0 26.144 4.43528 23.7273 0 1.05592 6.67644 24.0653 0 1.02704 9.28111 26.4752 0 3.9598 6.8649 26.6131 0 4.17584 9.73064 23.6686 0 7.43317 7.08125 23.5393 0 6.755 9.57493 26.6626 0 9.51398 7.03888 26.6215 0 10.088 9.48423 23.605 0 13.1206 7.30868 23.4534 0 12.393 9.74477 26.3114 0 15.3757 7.00993 26.8665 0 15.1855 10.212 23.6593 0 18.1179 7.52543 23.4394 0 18.2125 10.0597 26.5631 0 21.0645 7.51935 26.56 0 20.6367 10.1154 23.3842 0 23.4672 7.21016 23.2472 0 23.3555 10.3851 25.6112 0 25.7539 7.41699 26.7161 0 26.5862 9.81548 23.7378 0 1.11046 12.4909 24.0327 0 0.815113 15.2518 26.388 0 3.99422 12.4421 26.2117 0 3.95154 15.4243 24.1408 0 7.90718 12.4097 23.5925 0 7.30378 15.5629 26.0331 0 10.1778 12.5291 26.1042 0 10.1956 15.3729 23.4939 0 12.4462 12.4235 23.3114 0 12.8425 15.3622 25.992 0 15.2908 12.3435 26.5843 0 15.0098 14.985 23.3053 0 17.9425 12.519 23.6386 0 17.5464 15.2258 26.1872 0 21.1964 13.3848 27.0119 0 21.0129 15.9034 23.6794 0 23.5244 13.2437 23.5097 0 23.7335 16.3827 26.8643 0 26.2145 13.0135 26.1903 0 26.3202 15.8619 23.3624 0 1.46739 18.5139 23.6533 0 1.77291 21.3404 26.2884 0 4.42872 18.159 26.4337 0 4.33303 21.2098 23.1281 0 6.84542 18.351 24.0074 0 7.20554 20.9367 26.3058 0 10.0543 17.8959 26.3732 0 10.3666 21.0773 24.2755 0 12.7764 17.8479 23.1751 0 13.0591 20.598 26.5134 0 15.6053 18.2987 26.3109 0 15.3133 20.437 23.7139 0 18.0751 17.8312 23.4212 0 18.0816 20.757 27.0437 0 20.1416 17.4937 26.6388 0 20.4178 20.4127 24.0938 0 23.723 18.4184 23.7579 0 23.4459 20.4731 26.7796 0 26.8681 18.5137 26.4214 0 27.3015 21.1568 23.5392 0 1.52219 23.8151 23.6123 0 1.36925 26.3002 26.303 0 4.14751 24.2082 26.1049 0 3.6978 26.9106 23.5395 0 7.23399 23.8903 24.1804 0 7.15127 26.6357 27.182 0 10.0928 23.9762 26.4547 0 10.3315 27.3139 24.5343 0 12.749 24.0984 24.1536 0 13.0385 26.5012 26.7993 0 15.7613 23.4895 26.0908 0 15.7529 26.3184 24.0838 0 18.1372 22.8095 23.6055 0 18.8224 26.4997 27.092 0 20.4887 23.4957 26.1912 0 20.0283 26.2562 23.5775 0 23.7771 23.2059 23.6707 0 24.0733 26.3024 26.0691 0 26.5448 23.5538 26.0726 0 26.8186 26.3509 23.4523 

-0.219548 1.68559 1.78579 -0.118871 1.72397 -1.00472 -2.10473 -1.82729 -0.578653 -0.0722008 1.64634 -0.703255 -0.153927 -1.19451 2.63659 -2.33907 3.48655 1.69486 -0.665907 0.232958 3.21556 1.17779 0.610221 -1.94997 0.625191 0.153666 -1.93549 0.391539 -0.252365 1.23216 1.92837 0.715377 1.58438 0.272771 2.14417 0.513504 1.04338 -0.33833 0.174828 -0.426946 -1.50054 1.73242 -0.642527 -0.795569 1.0447 -2.36021 0.00171148 -1.19762 -0.64738 0.783184 -2.01543 0.352358 -0.0957055 -0.154496 -1.60375 1.66357 0.681393 0.32118 -0.614546 -2.15018 1.2629 -1.19264 1.51889 1.5693 -0.354035 2.0959 -1.07092 -0.509209 -0.669816 -1.64206 1.54639 -1.20053 1.13431 2.77518 -1.1603 1.21425 -0.595548 -1.39545 1.64823 -1.48223 0.981039 1.51541 0.118283 1.22774 -1.27338 -1.31033 0.258906 0.553665 -1.53992 0.141778 -2.08537 -0.441379 0.171948 0.176988 -0.330571 -1.95112 -0.428221 -1.66671 2.24668 -1.3107 1.41863 1.45265 -0.853729 0.520332 0.0275893 0.88969 0.769626 -0.501271 1.16078 0.572698 -1.20215 2.19824 1.42554 -1.21763 -0.140746 -1.14057 0.952466 1.09047 -0.251817 -1.00423 -0.179614 -0.850137 2.10077 0.234645 1.10504 0.112069 -0.00920137 1.39124 0.783919 -0.212747 -0.662208 2.50876 0.601214 1.39195 1.59622 1.39262 0.801344 0.664595 -0.747758 0.311403 -0.0752624 -0.471949 -2.42248 -0.316074 0.686474 -1.20346 -0.808874 -1.17943 -1.29302 -0.205584 1.17713 -0.269162 2.71743 -0.32751 -0.629114 -0.424806 -1.38312 0.737058 -1.43562 -1.01202 1.47711 1.05589 0.548389 1.1258 0.847841 -0.224778 -0.04002 -0.989881 -1.05616 -0.921976 -0.118952 -0.409575 -0.607214 -3.78662 0.286885 0.430929 0.666858 -0.0351081 0.884931 -0.469244 1.01531 -0.341163 -2.71588 1.46271 -1.0301 0.691979 0.344042 0.600391 -1.92074 0.0833172 -0.750986 -2.02406 0.568883 -1.5038 -1.49313 0.898185 0.160468 1.7078 0.747348 0.881289 2.49957 0.44049 -0.31144 0.584907 0.233767 -1.25986 -0.651028 0.404303 0.553459 0.734333 0.772618 -0.724072 0.450055 0.422683 -1.37019 -0.338869 -1.89575 0.237247 2.51206 0.530745 -0.0854586 2.56027 0.967679 -2.45122 -1.92943 0.995567 -2.75895 1.81596 -3.04725 0.639734 0.309371 0.606691 -1.33795 0.605711 1.82234 0.422263 -1.32301 1.21182 -0.118917 -0.607237 0.902816 0.403504 -0.937042 -0.275277 2.3366 -0.856305 -1.73677 -0.267711 1.01545 0.667769 0.0846258 0.634038 0.339271 -1.35123 -0.136327 3.09445 0.983386 0.123539 -2.14126 2.59775 -0.535694 -0.351751 -1.16919 2.48932 0.73923 -0.681683 0.360308 -2.40696 -0.541799 -2.08931 -0.310337 -0.131751 1.13007 0.220614 -0.33712 -0.206861 0.62417 -1.28178 1.20073 -1.47381 0.184492 0.282838 3.13926 1.54035 -1.78358 -0.0805607 0.1424 -2.02796 -2.4785 -1.63109 0.11449 1.16377 -1.90956 2.35173 0.64614 1.18262 -0.126304 -0.0488868 2.14633 0.287996 
0.68184 -3.50245 0.057272 0.971143 -1.28361 -1.94933 -0.691301 -1.70076 2.82896 -1.15131 0.171002 1.33566 -0.0523926 1.2991 -0.594085 -0.572434 1.20327 -1.10471 0.216445 0.886902 -0.0169435 0.465612 0.49396 -1.23897 0.361681 -3.47336 -0.240112 -0.442998 -2.02865 -2.14158 -0.900578 0.346827 1.25946 -0.695992 1.3542 -1.76977 -0.891405 1.98025 -1.44582 0.341717 0.0607093 -1.34757 -1.26624 -0.886188 0.42573 1.39979 -0.205356 0.00720416 -1.03682 1.60781 -1.10916 0.681157 1.05455 -0.832523 -1.38107 0.230011 1.35657 0.152748 -0.915459 -1.6758 -1.68057 1.04906 0.594289 0.381001 -0.673958 -0.530076 1.86514 0.425263 -0.862775 -0.601148 0.846616 -0.879171 -0.173453 -2.92317 -0.594549 -0.588084 -0.6934 0.578224 0.971991 0.303691 2.3234 0.671789 0.0923899 0.78985 -0.170728 -0.134514 2.31075 1.11551 0.35745 -1.41443 -0.687512 0.791127 0.854629 -0.897278 0.307224 -0.29491 1.28263 0.542814 -1.16201 -0.387154 0.71862 -0.136637 -1.51385 -2.00362 1.63682 1.12641 1.34188 -0.120375 -1.54466 0.19189 -1.12449 -0.347638 -1.40012 1.01398 -0.586443 -3.14704 -2.05295 -0.802824 0.25574 -0.0935231 -1.39407 2.77376 0.521614 1.96836 0.425588 -0.369106 1.79529 0.907466 0.525983 1.47621 -2.65927 1.32171 0.816945 -1.89846 -1.7367 0.124471 -0.431678 -2.23043 1.2473 2.49514 0.64334 -0.81838 -1.25808 0.509845 0.834728 -1.64755 0.821851 0.472209 -1.2709 -0.646782 -2.29169 -0.851367 -1.78661 -1.59389 0.685484 0.396534 0.150459 0.347286 1.61134 -0.957419 0.993168 2.13993 0.714929 0.237445 1.04998 -2.25935 0.723221 -0.177405 0.96755 -0.574575 -0.386391 -1.53584 1.03396 0.612551 3.2763 0.584263 1.13223 -0.443754 1.71653 0.286255 -2.80756 1.70796 -1.05025 1.94735 -0.640601 1.16122 -1.16114 2.28952 2.01415 -0.290862 -0.20489 1.68373 -1.96572 1.31058 -0.937837 0.0480626 0.583412 -0.00409561 -0.38796 0.737179 1.47358 0.633927 1.82986 1.52461 1.30316 -2.30758 1.6148 -0.266822 -1.40906 0.611218 0.481021 0.390539 1.08414 0.0911378 0.278686 0.0891614 -0.609353 1.5413 -2.33695 -1.30554 1.11644 0.0570556 0.377036 0.62089 0.159924 -3.1049 0.658155 -0.407297 1.16336 1.12654 -0.306792 0.995183 -0.331712 0.134043 0.995174 0.210268 -0.711293 0.618566 -2.15651 -1.44678 -0.762598 0.469043 3.53785 2.14618 0.283676 1.12116 0.832919 0.298562 0.397275 0.88471 -0.311724 -0.434687 0.445558 1.88483 0.0188096 1.86771 1.80854 -1.05837 -0.320453 0.827973 -0.659348 -0.295456 1.19061 -1.3838 -1.33375 1.11661 -1.47041 1.99365 -1.84037 -1.65101 -1.34701 0.0864934 1.61629 0.470243 0.772646 0.925475 1.3788 -1.24505 -0.137495 0.0744487 1.60727 0.933336 0.381492 1.74483 -0.235547 -0.663599 1.05168 2.36925 1.36123 -0.562719 1.92092 -0.941029 -0.900545 0.419837 1.46366 0.114918 -1.09919 -0.593124 1.19078 0.262432 
0.26703 2.53574 -0.655786 -0.049534 -1.35727 -0.374426 1.64425 1.17599 -0.0449014 -0.835669 2.79609 0.019631 -0.994127 -0.834959 -1.85598 1.33761 -0.593101 -1.41413 -0.551054 -0.974919 -1.13616 0.170747 0.704911 0.534775 1.69074 -2.69499 -1.36058 -1.20935 -0.282954 -0.178048 -0.324836 0.77613 2.40145 -0.420248 0.0424668 -2.2088 -0.356813 3.31747 -1.47222 0.0318845 1.65967 -0.789526 -1.3277 -0.979276 0.733624 -0.672495 1.51043 0.69521 -1.3448 1.08636 0.633155 -0.648231 -1.8239 -0.161166 2.7931 -1.72147 -0.457761 1.27111 -0.0769312 1.93984 1.80198 -0.701845 -1.55925 -1.66773 -0.167463 0.940599 2.05603 -2.17832 -0.415236 -0.115615 -1.28562 1.81972 2.30996 -0.930119 0.694421 1.91898 -0.850797 1.02358 0.612196 1.11958 -0.359647 0.0547352 -1.85377 2.25323 -1.08847 -0.244452 -1.0946 -0.419644 -0.834743 -1.00876 0.0108894 -2.13296 -0.38083 -1.73577 1.49214 -2.37185 -1.88546 -0.231634 -3.05124 -1.38549 -1.45216 -0.0832239 1.42185 -0.952802 1.57301 -0.120225 1.24916 0.0694037 -1.27283 -0.362857 -0.935517 1.55498 1.24204 -0.299111 -1.69758 2.38766 -0.404535 -0.144199 -1.17723 -0.359448 0.270143 0.811427 -3.59516 0.900173 0.2467 -0.399666 0.607391 -0.214799 -1.83635 0.369689 0.317349 0.479226 0.495568 -0.250728 0.323013 1.47703 0.474235 -2.34079 -0.415903 -0.133032 -0.0766586 0.680421 -0.403642 1.39296 0.592425 -0.575359 1.01078 -1.34961 1.81863 1.40319 1.90617 0.623497 -2.4029 0.391002 -0.436797 0.0326674 1.10606 -1.16506 0.497014 -1.28631 -0.663778 -0.583843 -0.536822 1.44039 -0.716543 0.716306 0.894894 3.92209 -0.849143 -1.72335 1.62808 0.961871 -0.184136 0.642322 -1.00326 0.887563 -0.953596 -0.692992 0.69218 -0.271107 -0.586232 0.65736 0.632942 -1.21652 -0.416205 0.169035 -0.0294392 -0.800136 0.78574 3.20238 -0.125168 -0.301986 1.26282 -1.13539 -2.08229 -1.02962 -1.52916 -0.432544 0.607447 0.570655 -0.317753 -0.108616 -0.599966 -1.4663 1.49928 -1.9374 0.029708 0.0991973 2.67143 1.46976 2.19263 -1.04493 -1.77269 -1.79394 0.179688 -0.387681 -1.03247 -0.426631 -0.628649 1.89617 0.673725 0.712413 0.362681 1.36864 0.308474 -0.872495 3.4195 -0.44151 0.297561 0.660838 0.221467 0.120141 -1.70251 -2.23594 -1.10258 0.254339 2.45352 -1.58258 -2.32065 0.300839 0.0768781 -0.867402 2.73767 -0.111855 -0.751597 0.268022 -0.959419 1.90555 0.465587 0.184849 -0.484233 -0.282418 -2.14917 0.20919 0.536025 0.618472 1.94134 -1.27821 -2.23785 -1.75806 0.896612 -0.137046 -1.03054 -1.69412 1.4664 -1.5634 -0.599894 -2.4978 -0.308316 -3.00223 -1.77485 -1.89265 -1.48363 -0.331415 -2.13983 -0.520779 -1.70508 -0.397658 2.00823 0.263884 0.735536 -0.262738 1.99538 0.84905 0.407289 -3.07864 -0.0732467 -1.7686 -0.713859 -0.0974641 2.22511 1.16939 -0.0528279 0.227079 -2.01164 0.962704 -0.764702 1.90977 -0.902506 -1.1186 
0.989644 0.458627 2.49716 -2.35106 -0.695328 -0.206969 -0.926323 1.66896 -0.774227 0.354629 0.327814 1.17206 -0.29556 1.11765 -0.311044 0.403484 0.693569 -1.30569 -2.16616 -0.592594 0.668222 0.37684 -1.40309 -1.37318 -1.34469 -2.32158 -0.289551 3.72671 1.18067 1.6601 -0.895791 1.19994 -0.24288 -0.509416 0.725992 -1.9741 0.0220455 -1.09201 -0.839828 0.0220982 -0.507857 3.47085 0.341087 1.70236 -1.36817 2.54244 1.46307 -0.00838927 -0.0125512 1.43358 1.17678 0.350884 -2.64193 -1.3649 -1.09905 -0.980749 0.430021 -1.11508 2.11035 -0.167478 -0.403875 0.287336 -0.701411 -1.50826 0.954032 -0.212042 2.05674 0.174765 1.27069 -0.20485 0.0518556 -0.512328 -2.65401 0.263679 -1.15331 -1.50642 -0.957641 0.475224 1.65537 1.36692 2.59901 -0.0214795 -0.362509 -0.024438 -1.002 -2.68305 -0.735491 -0.348135 -1.10276 1.00879 -1.03359 0.0730086 -0.871481 0.214789 2.96601 -2.28905 1.57882 -0.610992 -0.478043 1.07573 2.53321 0.631153 -1.32578 2.08621 2.48219 -2.15144 1.61142 -2.82532 -1.2952 1.11405 -0.239495 1.32089 0.451006 2.48706 -1.59727 -0.536335 -0.568978 0.433874 1.02529 0.0403141 -0.676283 -0.413292 -1.47708 -0.947978 0.346651 0.684406 1.14315 -2.0652 -0.497141 1.52006 1.06266 1.09788 0.57254 1.16593 -0.951956 1.17152 -0.107591 -1.73262 0.813604 0.176439 -0.776284 -2.32343 0.946714 2.82318 -2.29647 -0.472959 1.09458 -0.482264 0.938779 1.97639 -1.44524 0.136679 1.06127 -0.0752888 1.20491 -1.28755 -0.044095 -0.168925 -1.00961 1.58033 -0.651312 -1.03369 1.40795 1.53177 -1.33461 -0.37984 0.388926 -0.544002 -0.208805 0.733263 -0.508535 -0.306779 -1.46759 -1.01902 0.346459 1.28501 2.92374 0.872031 2.25342 -0.800354 1.37819 0.400439 0.292448 0.234996 1.24149 1.44018 -0.538085 -1.29164 -2.62182 1.62047 -0.455907 3.51824 0.691339 -0.627304 2.14377 -0.869859 3.08928 0.486963 -1.64773 -1.93872 0.417298 -0.221358 -1.67032 -2.02162 3.84309 0.0139666 0.806064 -0.0681996 -0.8299 0.884899 0.306159 1.70989 0.946326 -0.746446 -2.5165 0.132992 -0.451065 -0.884215 -0.531924 -0.215132 0.181563 1.60174 -1.13057 -0.991089 0.953197 1.37944 -0.69884 0.792114 0.654708 0.0655953 -1.25026 0.631592 -0.993721 -0.746216 0.19491 1.31806 -1.85667 -1.86334 -0.939593 0.343707 -1.42167 1.20323 1.81433 -0.112159 -1.1975 -0.133309 0.15855 -1.07961 -1.17555 0.624768 -0.348822 1.40163 0.354266 -1.90118 -0.511327 1.31002 1.49554 -1.99611 0.0163178 -2.49797 -1.64387 -0.396374 0.431297 1.88298 0.516626 -0.299539 0.597655 1.87752 -0.983841 -0.936572 0.462383 -0.689593 -0.527101 -0.0494364 0.738135 -1.52687 -0.226272 -0.287699 -1.76642 0.808191 0.489594 -1.11937 -1.48311 0.600697 -0.651324 -1.05561 -0.376782 0.894908 -0.188691 -1.87587 1.40151 0.825428 -2.32115 -0.346835 -3.29554 -0.397557 -0.483641 1.39766 -2.85464 -1.28423 
-0.617321 0.0132466 1.03354 -0.329131 -0.892543 -0.825064 -1.39793 -1.17162 -0.988926 0.230171 -0.486291 1.27741 1.90994 0.669535 2.08876 -1.65566 2.30082 0.8087 -1.26227 1.00799 0.51247 -1.35906 1.02584 0.31543 -1.34473 -0.241547 -2.9394 1.10523 -0.0685809 -0.162335 -0.330957 -0.435161 -0.241504 -0.992761 1.51199 -1.12582 -0.122699 -1.5973 -0.285298 -0.684854 -1.30549 -0.854884 0.855802 1.23378 0.669465 -0.656893 1.18937 2.25997 1.00646 -2.15917 3.20147 -1.17137 0.472084 1.88525 -0.900078 -2.29599 0.626992 1.47098 -1.25333 -2.66549 2.9976 0.490918 -2.52802 2.66833 0.579851 1.1387 2.14443 1.3924 0.977243 -1.85553 -0.631262 -1.86464 0.804123 -2.77354 -1.18616 -0.625477 -1.01871 -1.07754 -1.57918 2.12071 2.11898 1.53034 -1.3098 -1.77313 0.546327 0.945945 -1.23659 0.151664 -1.91405 -2.21625 0.0803523 1.65113 -0.842066 0.805345 0.426637 1.63122 2.9812 0.858272 -0.54404 0.507493 1.04436 2.56277 -1.06183 0.774413 -0.581361 -0.912095 0.650633 0.760897 -0.49487 -0.517546 -2.17661 1.20508 0.521401 0.738411 1.77906 1.22461 -0.651849 -1.10711 -1.40655 2.36627 1.04354 -1.22125 -0.275592 -1.41411 -0.00964891 -0.157359 -0.297708 0.495566 1.6908 0.920894 2.89957 1.69457 0.540354 -0.350298 0.573332 0.836007 -0.272916 2.35017 -1.63298 -0.97885 -1.00494 -1.21924 1.79487 -2.02282 -3.16935 -0.965154 -0.0880451 -1.7552 -1.02475 2.44627 -0.516088 -0.0430415 1.30953 -0.84813 -0.723987 -1.23814 1.03763 1.31217 0.378936 1.91546 -1.26014 -0.379491 0.332017 -2.80157 1.04006 -2.11215 -0.783125 -0.0577574 -1.74743 1.35349 -1.83596 -3.48237 -1.26528 -1.12097 0.50089 -0.0288166 0.646157 1.94128 -1.52688 -0.370106 0.0408273 -0.823582 -0.981788 0.425957 0.382383 -0.0288089 -0.0340667 0.916393 1.2336 0.834125 1.44802 1.10773 -0.198793 -1.91411 -1.92541 0.376067 0.745632 -0.0811906 -1.14948 0.724836 1.6923 -0.208365 0.916265 0.484896 -2.14553 0.766975 -2.47867 -1.14379 0.906001 -0.255189 0.124469 -2.72725 0.828661 -0.48253 -1.05304 0.789716 -0.197121 0.94877 -0.948632 1.59553 0.0101551 1.41692 2.4373 -1.10095 -0.908011 0.110179 -0.375293 -2.68918 -1.48731 0.685056 -4.10073 1.45995 0.504849 0.0203731 0.0658969 -0.274719 -2.37762 -0.173736 2.1388 0.707395 1.873 -1.3213 -2.29107 2.18936 -0.157229 2.82372 1.7384 -1.11101 1.25217 0.39655 0.256129 0.0769266 0.861792 0.0287219 -1.56185 -1.37253 0.0210754 1.67138 -0.433131 -0.218393 1.69129 -1.04122 3.52842 -0.151455 0.859652 -0.734253 1.02287 -1.49364 0.150186 -2.16526 1.39647 0.261465 1.52306 1.00483 -1.02427 -0.967079 -0.644073 -0.140912 -1.17001 -1.68354 -0.173825 0.0888201 0.827258 -1.78389 -0.0630695 1.61018 0.717712 1.08417 -0.407118 0.163632 -0.995814 1.59772 1.04733 2.29135 -1.6348 -1.03717 -1.53788 -0.34869 -0.767978 0.235103 
