500 101.001
27.5376 27.5376 27.5376 
14 14 14 
1 1 1 1 1 1 1 1 1 1 1 1 1 1 1 1 1 1 1 1 1 1 1 1 1 1 1 1 1 1 1 1 1 1 1 1 1 1 1 1 1 1 1 1 1 1 1 1 1 1 1 1 1 1 1 1 1 1 1 1 1 1 1 1 1 1 1 1 1 1 1 1 1 1 1 1 1 1 1 1 1 1 1 1 1 1 1 1 1 1 1 1 1 1 1 1 1 1 1 1 
1 1 1 1 1 1 1 1 1 1 1 1 1 1 1 1 1 1 1 1 1 1 1 1 1 1 1 1 1 1 1 1 1 1 1 1 1 1 1 1 1 1 1 1 1 1 1 1 1 1 1 1 1 1 1 1 1 1 1 1 1 1 1 1 1 1 1 1 1 1 1 1 1 1 1 1 1 1 1 1 1 1 1 1 1 1 1 1 1 1 1 1 1 1 1 1 1 1 1 1 
1 1 1 1 1 1 1 1 1 1 1 1 1 1 1 1 1 1 1 1 1 1 1 1 1 1 1 1 1 1 1 1 1 1 1 1 1 1 1 1 1 1 1 1 1 1 1 1 1 1 1 1 1 1 1 1 1 1 1 1 1 1 1 1 1 1 1 1 1 1 1 1 1 1 1 1 1 1 1 1 1 1 1 1 1 1 1 1 1 1 1 1 1 1 1 1 1 1 1 1 
1 1 1 1 1 1 1 1 1 1 1 1 1 1 1 1 1 1 1 1 1 1 1 1 1 1 1 1 1 1 1 1 1 1 1 1 1 1 1 1 1 1 1 1 1 1 1 1 1 1 1 1 1 1 1 1 1 1 1 1 1 1 1 1 1 1 1 1 1 1 1 1 1 1 1 1 1 1 1 1 1 1 1 1 1 1 1 1 1 1 1 1 1 1 1 1 1 1 1 1 
1 1 1 1 1 1 1 1 1 1 1 1 1 1 1 1 1 1 1 1 1 1 1 1 1 1 1 1 1 1 1 1 1 1 1 1 1 1 1 1 1 1 1 1 1 1 1 1 1 1 1 1 1 1 1 1 1 1 1 1 1 1 1 1 1 1 1 1 1 1 1 1 1 1 1 1 1 1 1 1 1 1 1 1 1 1 1 1 1 1 1 1 1 1 1 1 1 1 1 1 

0 1.58611 1.34585 1.91951 0 1.20444 4.36804 4.45732 0 4.24797 1.93552 4.6552 0 4.32959 4.54259 1.70754 0 6.68487 1.85324 1.89751 0 6.86647 4.29149 4.59967 0 9.40365 1.46324 4.53606 0 9.54226 4.13077 1.85324 0 12.5266 1.29663 1.92357 0 12.6848 4.06934 4.32192 0 15.4005 1.52463 4.2398 0 15.3218 4.3632 1.63967 0 18.0176 1.68717 1.58903 0 18.0912 4.40879 4.17814 0 21.0358 1.16038 4.20223 0 20.4811 4.36607 1.53497 0 23.3164 1.62499 1.15095 0 23.0149 3.90615 4.08725 0 26.1274 1.28983 4.38235 0 25.9142 4.33542 1.4499 0 1.35181 6.70306 1.6192 0 1.52343 9.65952 4.50381 0 4.14886 6.89033 4.89786 0 4.5851 9.56491 2.03742 0 7.23291 6.98053 1.62562 0 6.86974 9.78633 4.62595 0 9.5849 7.08558 4.41843 0 9.99047 9.97441 1.85419 0 12.223 7.09882 2.02327 0 13.2044 10.0686 4.59031 0 15.2675 7.0247 4.40575 0 15.262 9.74003 1.73067 0 17.963 6.9539 1.53979 0 17.7341 9.67162 4.71037 0 20.6019 7.1284 4.39823 0 20.5479 10.0267 1.63809 0 23.1202 7.14061 1.95472 0 23.4785 10.5325 4.04245 0 25.9617 6.9532 4.35503 0 26.1712 9.77407 1.61625 0 1.69706 12.4607 1.56839 0 1.57021 15.1567 3.94489 0 4.46835 12.5939 4.44855 0 4.51425 15.1517 1.49124 0 7.29315 12.389 1.55007 0 6.99623 15.1704 4.03453 0 10.0247 12.6049 4.19959 0 10.0921 15.9413 1.76304 0 12.8635 12.7006 1.6193 0 12.6317 15.3456 4.3035 0 15.7574 12.8664 4.65932 0 15.6345 15.4851 1.67142 0 18.0208 12.7441 1.68138 0 18.2083 15.8734 4.19788 0 20.7459 12.9619 4.19709 0 21.0669 15.6906 1.36228 0 23.3585 12.5415 0.985713 0 23.9221 15.267 3.82783 0 26.4878 12.512 4.15337 0 26.3099 15.688 1.09983 0 1.94102 17.9211 1.18511 0 1.60967 20.6498 4.1883 0 4.16591 18.065 4.12918 0 4.13795 20.5399 1.3923 0 7.45955 18.505 1.79283 0 6.60651 20.9255 4.13505 0 10.2448 18.7884 4.1048 0 9.92783 20.7249 1.10657 0 12.8037 17.9377 1.62903 0 12.42 21.139 4.91657 0 15.1216 18.3099 4.77912 0 15.7035 20.8275 1.14933 0 18.4726 18.3193 1.83781 0 17.9986 21.0595 3.92651 0 21.3156 18.2905 4.97221 0 20.5883 21.5269 1.72649 0 23.2159 18.1446 1.79859 0 23.7947 21.0575 4.27292 0 25.8937 18.0566 4.16856 0 26.4328 20.1919 1.31826 0 1.30202 23.2031 1.23078 0 1.6148 26.1954 4.38037 0 3.7033 23.6113 3.88303 0 4.39851 26.5976 1.53288 0 6.91386 23.6685 0.955756 0 6.9034 26.3122 4.53109 0 10.0953 23.8747 4.74027 0 9.8473 26.1774 1.85082 0 12.5127 23.764 1.28925 0 12.4151 26.6112 4.87273 0 15.1185 23.153 4.04281 0 15.3035 26.2297 1.74735 0 17.8943 23.7926 1.76507 0 18.0648 26.4887 4.19358 0 21.3869 23.632 4.91427 0 21.3006 25.7784 1.37066 0 23.9465 23.2494 1.28952 0 23.7321 26.1691 4.31716 0 26.3652 23.5543 4.51325 0 26.6045 25.7759 1.63397 
0 1.27698 1.58207 7.25869 0 1.38402 4.33085 9.74735 0 4.20372 1.29753 9.79201 0 4.46524 4.0367 7.19507 0 7.03668 1.63141 7.39488 0 6.44637 4.22986 10.1317 0 9.68821 2.07762 9.86996 0 9.93188 4.49193 7.09738 0 12.9323 2.11028 7.5231 0 12.5572 4.31648 10.4295 0 15.6099 1.21593 10.1023 0 15.4332 4.50008 6.90485 0 18.2508 1.90822 6.97083 0 18.2569 4.40521 9.83819 0 20.6731 1.54922 9.84508 0 20.8933 4.11985 6.95808 0 23.2705 1.17715 7.05779 0 23.7999 4.0691 9.92731 0 26.7101 1.74056 10.2539 0 25.8803 4.10427 6.73178 0 1.41309 7.20115 7.02069 0 1.69299 10.1381 10.0205 0 3.96693 6.94944 9.88067 0 4.06024 9.6844 7.51379 0 6.78334 6.8239 7.4185 0 6.914 9.47512 9.82897 0 9.36988 7.02134 10.0564 0 9.96126 9.9105 6.54266 0 12.389 7.1277 7.22004 0 12.3191 9.93191 9.43583 0 15.165 6.75805 9.51408 0 15.4094 9.59445 7.56008 0 18.0403 6.79981 7.15306 0 18.4476 9.89094 9.76787 0 21.4197 6.91052 9.79723 0 21.0913 9.81491 7.37613 0 23.5705 7.18852 7.06829 0 23.7914 9.72085 9.86932 0 26.2441 6.64983 9.89629 0 26.3355 9.92884 7.05258 0 1.66945 12.9603 7.02381 0 1.62963 15.4056 9.97342 0 4.51248 12.3605 9.69387 0 4.21678 15.6035 6.73987 0 7.19039 12.5563 7.17647 0 7.20413 15.0892 9.83161 0 9.80687 11.9448 9.96972 0 9.58738 15.532 7.17226 0 12.736 12.5721 7.01605 0 12.3902 15.337 9.55131 0 15.5436 12.5525 9.86543 0 15.248 15.3843 7.1904 0 18.3542 12.4951 6.86031 0 17.7533 15.6573 9.6506 0 21.6392 12.3345 9.53331 0 20.4977 15.3034 7.12225 0 24.0176 13.3224 6.97005 0 23.9542 15.4737 10.2171 0 26.3614 13.0843 10.1352 0 26.9117 15.8796 6.65533 0 1.76875 18.4274 7.1633 0 1.71207 20.9059 10.5238 0 4.58367 17.6486 9.57421 0 4.48183 21.006 6.98289 0 6.9426 18.3637 6.85518 0 6.92936 20.6249 9.75961 0 9.62145 18.3134 10.0251 0 9.66791 20.6561 7.32867 0 12.6749 18.2908 7.41887 0 12.6158 20.8318 9.756 0 15.6966 18.5248 9.77826 0 15.2956 21.2061 7.13455 0 18.0483 18.8715 6.82766 0 18.2434 21.3733 9.69847 0 20.8321 18.2166 9.68776 0 21.3983 21.0724 7.55719 0 23.9763 18.1292 7.35858 0 23.6363 21.2707 10.1406 0 26.5731 18.2131 9.84493 0 26.6562 21.1119 7.07389 0 1.76126 23.6451 7.34791 0 1.56696 26.4625 9.90604 0 4.39276 23.6467 9.60757 0 4.21049 26.2168 6.73067 0 6.81562 23.3931 6.90108 0 7.04104 26.1268 9.64306 0 9.53107 23.193 9.78524 0 9.51321 26.6048 7.18105 0 12.757 23.8386 7.36901 0 12.5697 26.4164 10.0793 0 15.4574 23.4287 9.64006 0 15.2599 26.7649 7.05344 0 17.9388 23.8247 6.5589 0 18.0212 26.1251 9.70803 0 20.7286 23.9772 9.54762 0 20.5255 26.4271 6.87253 0 23.6353 23.6941 7.60099 0 23.4969 26.3071 9.83223 0 26.5771 23.9936 9.81343 0 26.2529 26.3341 7.01907 
0 1.95105 1.56441 12.6567 0 1.18395 4.20255 15.7355 0 3.92074 1.84562 15.9788 0 4.01547 4.26864 13.2153 0 7.40164 1.98386 12.91 0 6.70526 5.09143 15.4549 0 9.9012 2.18217 15.3495 0 10.104 4.76949 13.0173 0 12.9413 1.85523 12.9169 0 13.0564 4.75998 15.1776 0 15.6711 1.67917 15.1633 0 15.6808 4.17699 12.4526 0 18.2677 1.30788 12.5303 0 18.0522 4.10244 15.4455 0 20.555 1.50105 15.7062 0 21.1102 4.46126 12.4082 0 23.5057 1.59732 12.2096 0 23.2682 4.03556 15.37 0 26.2022 1.75342 15.0594 0 26.2255 4.70589 12.8699 0 1.63929 7.25326 12.7339 0 0.840012 9.58215 15.6713 0 3.9197 7.40219 15.4688 0 3.6587 10.0706 13.1725 0 6.42404 7.00446 12.5594 0 6.85398 10.209 15.377 0 9.74962 8.09828 15.8674 0 9.51618 9.66556 12.595 0 12.1205 7.69674 12.8187 0 12.7569 10.4505 15.4258 0 15.6865 7.03476 14.7735 0 15.5998 9.60054 12.3244 0 18.618 7.03004 12.3557 0 18.5626 9.34239 14.9015 0 20.834 6.90763 15.0984 0 21.1593 10.0277 12.2711 0 23.5525 7.07939 12.7276 0 23.8848 9.90487 14.9382 0 26.1449 6.88545 15.7428 0 26.435 9.89322 12.3096 0 1.93838 13.102 12.577 0 1.67584 15.5042 15.3983 0 4.32145 12.7873 15.2808 0 4.67264 15.157 12.672 0 6.97006 12.611 12.8458 0 7.13095 15.7041 15.4201 0 9.57969 13.2579 15.4556 0 9.86137 15.6991 12.5025 0 12.8053 12.9202 12.6354 0 12.8326 15.6409 15.3642 0 15.8766 12.2822 15.0161 0 15.4333 15.2452 12.3119 0 18.1977 12.8103 12.2485 0 17.9052 15.6859 15.1186 0 20.1753 12.6595 15.2668 0 20.6585 15.2667 12.2579 0 23.4698 12.5754 12.5451 0 23.3407 15.1784 15.3358 0 26.7119 12.4738 16.0028 0 26.569 15.4513 12.5535 0 2.26073 17.8145 12.6976 0 1.76325 20.7137 15.499 0 4.56082 18.4233 15.6258 0 4.60245 20.8363 12.8911 0 7.08041 18.1307 12.3846 0 7.40371 20.7895 15.6811 0 9.98508 18.0492 15.7204 0 10.2566 20.7038 12.8581 0 12.8704 18.1694 12.2445 0 13.0192 20.7013 15.5304 0 15.358 18.2506 15.3603 0 15.4357 20.9243 12.5075 0 18.1782 18.3959 12.666 0 18.1327 20.5533 15.5222 0 20.8556 17.6332 15.0194 0 20.6979 21.0779 12.7742 0 23.6437 18.2929 12.7305 0 23.4018 20.3971 16.0195 0 26.6811 17.9837 15.2157 0 26.422 20.7019 12.6959 0 2.01209 24.0361 12.479 0 1.55861 26.4885 15.8889 0 4.64523 23.6473 15.2708 0 4.72369 26.232 12.4425 0 7.55793 23.5127 12.6847 0 7.42208 26.7038 15.4857 0 10.0313 23.5848 16.0502 0 9.64021 26.5202 12.6592 0 12.3248 23.4894 12.0101 0 12.3558 26.1177 15.1716 0 16.0361 23.2672 15.2789 0 15.0241 25.7558 12.5192 0 18.2962 23.9088 12.6524 0 17.967 26.3803 15.3163 0 20.6144 23.4335 15.578 0 21.1528 26.5305 12.6741 0 23.7821 23.8316 12.6223 0 23.1969 26.6607 15.6239 0 26.4 23.4732 15.6318 0 26.1346 26.6765 12.849 
0 1.15057 1.63946 18.0935 0 1.74969 4.59307 20.6843 0 4.45385 1.88181 20.9599 0 4.48165 4.5479 18.5375 0 7.16255 2.01488 18.7119 0 7.55384 4.53522 21.3064 0 10.2727 1.71908 20.4795 0 9.80532 4.92196 17.9791 0 12.7539 1.78902 17.6612 0 12.8701 4.4096 20.4651 0 15.2886 1.48419 20.4066 0 15.748 4.54148 18.26 0 18.2554 1.7515 18.1615 0 18.5562 4.13943 20.8111 0 20.814 1.39258 21.2195 0 20.8875 4.26983 18.1373 0 23.0786 1.44226 18.4133 0 23.2388 4.73043 20.9258 0 25.7352 1.88202 20.9628 0 26.1786 4.21193 18.3679 0 1.37104 7.33988 18.3376 0 1.58877 10.1067 20.6734 0 4.14309 7.62523 20.8064 0 3.92604 10.1157 17.9417 0 6.91406 7.64256 18.2484 0 7.25763 10.2338 20.8462 0 10.2382 7.39344 20.79 0 10.1666 10.8103 17.9231 0 12.8017 7.11053 17.9208 0 12.8153 9.82193 20.8196 0 15.5384 7.20255 20.9673 0 15.5131 9.5939 17.8463 0 18.4012 7.18873 18.2262 0 18.0934 9.71859 20.9061 0 20.8678 7.2834 20.6463 0 20.9955 9.9213 17.6676 0 23.3639 7.31376 18.0791 0 23.4258 9.87008 20.9875 0 26.151 7.20594 21.0449 0 26.1736 9.83011 18.4872 0 1.93376 12.9926 17.713 0 1.86064 14.886 20.6828 0 4.29931 12.6258 20.7647 0 4.65701 15.5067 17.9244 0 7.1512 12.7807 17.8782 0 7.04364 15.6223 21.1441 0 10.1808 12.6312 21.2511 0 9.73699 15.2169 18.7347 0 13.7147 12.9393 18.0716 0 12.9826 15.8294 21.2245 0 15.5488 12.5049 21.2863 0 15.7885 15.6695 18.3563 0 18.014 12.2713 18.4026 0 18.275 15.3962 21.0081 0 20.4821 12.6565 21.1187 0 20.7184 15.4176 18.2904 0 23.7397 12.6755 18.21 0 23.5669 15.5453 20.923 0 26.6567 12.3789 20.8862 0 26.5124 15.413 18.3649 0 1.75992 18.0422 17.971 0 1.56627 20.8783 20.5084 0 4.42886 18.0387 20.8325 0 4.93689 20.7699 18.0187 0 7.27888 17.9346 18.1729 0 7.11343 20.3429 21.2475 0 9.99783 18.3274 21.075 0 10.1293 20.6877 18.3877 0 13.065 18.0638 18.13 0 13.155 21.1484 21.0396 0 15.7274 18.1554 21.1157 0 15.5929 20.6679 18.2322 0 18.3132 18.045 18.2422 0 18.4185 20.6577 21.1548 0 20.6137 17.8464 20.8326 0 20.4781 21.0088 18.5425 0 23.9655 17.7143 18.0761 0 23.7549 20.476 20.3759 0 26.4752 18.3293 20.4625 0 26.5012 20.6341 17.9136 0 1.90314 23.6015 17.9948 0 1.25937 26.3183 20.7141 0 4.50773 23.2461 20.8638 0 4.68594 26.4788 18.6391 0 7.10945 23.3901 18.6401 0 7.3498 26.8984 21.0666 0 10.2136 23.0096 21.2407 0 9.89399 26.2286 18.612 0 12.9905 23.3025 18.023 0 12.6661 25.9526 20.6602 0 15.7494 23.7147 20.783 0 15.4969 26.2752 18.0231 0 17.9011 23.6571 18.1201 0 18.228 26.2963 21.4792 0 20.8957 23.2671 21.2457 0 20.5249 26.1414 18.6771 0 23.3809 23.7697 18.5877 0 23.3854 26.4557 21.2223 0 26.6611 23.4029 20.26 0 26.1911 26.571 17.7289 
0 1.9707 1.6107 23.4221 0 1.23448 4.43684 26.32 0 4.27488 1.98249 26.1537 0 4.48283 4.49371 23.6726 0 7.41276 1.9081 23.4717 0 7.34763 4.3279 26.4361 0 9.57201 1.1555 26.576 0 10.2057 4.34103 23.4843 0 12.439 1.53286 23.247 0 12.1514 4.01675 26.9389 0 15.228 1.83542 26.5432 0 14.8148 4.59047 23.6624 0 17.6384 1.54689 23.9812 0 17.9851 4.42244 26.4264 0 20.645 1.65834 26.1958 0 20.7179 4.70795 23.8819 0 23.4905 2.03496 23.7233 0 23.3254 4.42224 26.3538 0 26.3096 1.6468 26.3101 0 26.6315 4.40652 23.4333 0 2.01408 6.86517 23.8875 0 1.49903 9.13621 26.7269 0 4.78995 7.24881 26.5836 0 5.04483 9.89953 23.3981 0 7.55686 7.08429 23.9024 0 7.22775 9.79537 26.5072 0 9.72015 7.22189 26.641 0 10.1052 9.9686 23.6831 0 12.688 7.41575 23.9788 0 12.8254 9.80781 26.4801 0 15.2067 7.10114 26.4927 0 15.6105 9.6492 23.5211 0 17.9044 6.7949 23.7076 0 18.0212 9.74873 26.0544 0 21.0283 7.50134 26.695 0 20.6672 9.36673 23.5694 0 23.5838 7.00107 23.7133 0 23.791 10.2129 25.7733 0 26.0255 6.98147 26.3324 0 26.6067 9.68317 23.5988 0 1.70415 12.3818 23.7572 0 1.09122 15.7594 25.8724 0 4.61807 12.6596 26.3536 0 4.40437 15.4217 23.5299 0 7.42051 13.0209 23.9169 0 7.26032 15.4173 26.6148 0 9.9467 12.3726 26.4798 0 9.96437 15.6103 23.5483 0 12.9729 12.545 23.5295 0 12.1162 15.0617 26.2974 0 15.1208 12.4819 26.5757 0 15.4306 15.5763 23.7294 0 18.0517 12.7503 23.8143 0 18.0131 15.2087 26.4928 0 20.4357 12.4793 26.4773 0 20.8465 15.6545 23.3765 0 23.0497 12.6381 23.3128 0 23.5196 15.2759 26.2716 0 26.5124 12.6168 26.3865 0 26.5919 15.1049 23.0078 0 1.52435 17.9736 22.9664 0 1.48762 20.3594 26.0503 0 4.47404 17.7226 26.3519 0 4.24286 20.7216 23.7373 0 7.13581 18.0478 23.8897 0 7.12712 20.8071 26.3993 0 9.85533 17.8242 26.4406 0 9.60492 20.7404 23.7524 0 12.6878 18.3482 23.6421 0 12.5382 20.9765 26.3879 0 15.4928 17.9911 26.3481 0 15.4684 20.8299 23.7135 0 18.4273 18.0722 24.3299 0 18.3654 21.1604 26.3771 0 21.1564 18.4658 26.6982 0 20.9228 20.3921 23.7186 0 23.5228 18.2536 23.076 0 24.0132 20.632 26.1894 0 26.1169 17.9771 25.7224 0 26.5701 20.6358 23.2867 0 1.45696 23.6278 23.6382 0 1.53734 26.416 26.4704 0 4.07304 23.7885 26.1464 0 4.25028 26.1315 23.2141 0 6.98156 23.6633 23.5477 0 6.9196 26.3777 26.0978 0 9.9132 23.9016 26.5107 0 10.1418 25.876 23.5836 0 12.735 23.3648 23.8951 0 12.5975 26.2181 26.4755 0 15.5704 23.6962 26.2475 0 15.2727 26.2185 23.6056 0 18.5273 23.7074 23.9058 0 18.2142 26.3421 26.8036 0 21.6653 23.3202 25.7958 0 20.8692 26.579 23.6888 0 24.2446 23.3502 22.748 0 23.2805 26.5486 26.1534 0 26.2376 23.7594 25.768 0 26.4376 26.4298 23.5283 

-0.985784 0.660991 0.240253 0.104358 -0.532114 -0.547171 -1.49825 -0.44496 -2.41097 1.72632 0.41571 2.15735 -0.367222 0.00992028 0.106168 0.291734 0.623789 -1.18392 -2.80616 0.597917 2.86219 0.994277 -1.27098 2.37258 0.0618826 1.50031 0.106603 1.70977 0.342635 -0.517145 -2.05611 1.16246 -1.78068 -1.12989 0.424159 -0.484832 -1.18845 -0.677273 -0.239887 1.3675 -2.06485 1.14571 1.06876 2.74679 -1.11726 3.30681 -0.192444 2.79409 0.918348 -1.80068 0.882126 -0.453626 0.0353674 2.1116 -0.172688 2.11777 0.218831 -1.31597 0.549615 0.125778 -0.390364 0.523577 -0.991512 -0.72725 2.57183 -0.0258679 1.3217 0.18287 0.293895 -0.128086 -0.897715 2.56197 1.69065 -1.79847 0.339559 0.425566 -2.11731 0.000166982 -1.2704 0.5888 0.517502 0.222782 0.386929 2.40904 1.55577 -1.45597 -1.14704 0.10411 -0.724049 1.13989 -0.965777 -1.19635 0.659648 1.83573 2.35966 0.313672 1.3574 0.42726 0.901017 0.885835 -0.315465 -1.02644 -0.573626 0.19955 1.17863 0.378186 0.225418 0.256477 0.458854 -0.4499 -0.28041 -0.178875 -0.0413336 -0.97769 -1.3319 -0.832182 -1.93132 -1.36477 1.9645 0.500841 0.757843 -0.880973 0.331338 -2.25654 0.641773 -1.97591 1.35142 -0.449565 0.0209331 -0.0685974 -0.435071 -1.05516 -1.85144 -1.37472 0.524687 -2.42896 0.575546 1.30753 -0.904862 -0.54297 -1.60932 0.244507 -0.0918327 -0.998692 -0.302597 -0.235809 -1.49748 0.371321 1.02684 -1.47027 0.198327 1.7193 0.106962 2.54194 -0.645558 -0.502413 0.770796 -0.0128978 1.23077 0.585956 0.934167 -0.921268 0.450421 -0.375783 1.98945 -0.0706816 -1.7601 0.11585 1.28792 0.731508 -0.757098 0.19446 1.24645 0.224151 -1.8092 0.408401 -0.824788 -0.115702 -0.576647 1.06706 -0.363511 0.376406 0.169678 -0.827603 -0.410259 -0.198676 0.976198 -0.65741 0.356869 -0.122084 -0.912126 -0.106589 -0.545583 -0.15267 -2.40916 -0.0788715 -1.20119 0.17896 0.731372 1.08593 -2.30597 0.0652355 1.37004 0.637946 -0.633965 -0.272159 -0.500459 2.02762 0.389351 0.594585 0.548246 -0.0189713 0.758386 -0.874866 0.789958 -0.584272 0.41431 0.0628567 0.806768 -1.9989 -0.505199 0.560782 1.03657 -2.13298 2.02043 -0.0634684 0.265687 -0.461444 1.04708 -0.685364 0.887511 -0.597259 0.942587 0.229548 0.78502 -0.884359 -0.998428 -0.293669 0.488307 0.606011 0.294913 -1.15101 -0.500062 0.571467 -0.0626686 -0.383384 -2.9905 2.2329 0.381128 -0.0299532 -0.18225 0.163313 -0.843121 -0.988755 0.132688 -0.0577177 -2.93352 1.46647 2.08531 -0.068173 -1.23698 -0.733956 0.503412 0.176955 1.06717 1.50983 0.220048 2.21659 -0.423085 -1.1265 -0.275588 1.23826 1.14094 -0.497046 2.19614 -0.734534 0.906317 -1.4662 -1.90121 1.32396 0.0842675 1.26423 -2.23099 -1.6291 2.07036 -0.00303902 0.564008 0.318477 1.08608 0.189709 0.0909121 -0.7751 0.281411 -2.02043 0.451707 -0.796689 -0.264128 -0.725749 0.145737 1.27034 
-0.528892 -0.357277 -0.022919 2.73495 -0.507401 1.26964 3.01888 0.492474 -0.320598 -0.177191 0.653783 0.307452 3.45197 -0.564518 1.95154 -0.158072 -1.05494 1.44945 0.280699 -0.266152 2.25558 0.433479 0.639293 0.468672 1.90584 -0.49123 -0.731028 -2.72913 -0.0741941 -1.35867 0.291803 -0.0215732 -1.07932 -0.631614 -2.93008 0.219025 0.155282 -0.43014 2.69406 -0.853142 1.07851 -0.658108 -0.809277 0.688144 -0.339756 0.5157 -0.402167 0.980727 -0.0859516 0.210702 1.88912 1.50852 0.339405 -0.201027 -0.642874 0.419641 -0.683882 -0.0249602 1.31838 -0.54086 -0.687889 -0.775092 -1.03694 0.455559 -0.732426 -0.571661 1.52256 -0.586315 -0.761617 -2.79917 -0.304014 -0.508411 2.53841 0.578065 -1.5709 -1.50862 0.172743 -1.36584 0.207514 0.992827 1.70892 1.50872 1.26306 -0.819746 1.06182 -0.572345 -0.677863 -1.11409 -1.22252 0.73012 -1.35703 -2.02757 0.920478 -2.5194 -0.822942 2.22505 2.93182 -0.290538 -0.664051 -0.0581688 -0.149633 -2.88711 1.42843 -0.185718 -1.5595 -0.296352 1.35561 1.59794 1.43199 1.41435 1.32935 -0.23753 0.155202 0.900669 -0.0559517 -0.160526 0.392113 -1.2595 -1.53922 1.72468 -0.609913 -0.0576784 -0.130217 -0.481978 -0.113715 -1.33424 0.686366 -2.68581 -0.0871084 -0.35205 0.841905 -0.752468 -0.788273 1.41083 1.80044 1.8996 -0.16791 -0.0863644 -1.70812 0.520998 -0.352703 0.434225 -2.82086 -1.01228 0.542018 1.74496 0.602437 -0.982971 -1.10594 -1.38288 0.0335623 -0.929269 -0.173513 -2.72583 1.12252 0.708686 -0.564506 0.515408 0.223108 -0.990158 1.20914 0.0755971 -0.0667321 -0.386507 -1.47367 0.0782266 0.445677 2.49843 -1.85856 -1.51528 -0.847039 -2.1816 1.13281 -0.457656 0.19394 -1.03581 -0.614167 0.522622 0.0816722 -1.1395 0.744695 0.353914 0.210301 -0.932278 -1.54835 1.73967 -1.13815 0.627422 -0.845505 -0.442782 0.238535 0.43852 0.792476 -1.44575 0.485471 0.686476 -1.20857 0.283457 1.48301 -0.240028 1.05603 0.463809 -1.46744 -0.759411 -0.539082 -0.205187 1.11405 1.90502 0.71327 2.23826 0.586614 0.525938 -2.74495 -0.619687 -0.326839 -1.50427 1.27191 -1.45285 0.55026 -0.423274 -2.0536 0.183562 0.0295055 -1.21271 -0.929615 1.00059 -1.85926 0.858498 1.76163 -0.980259 -0.769653 -0.025766 -0.0199739 0.597309 -1.00657 -0.827834 2.48216 -1.07419 0.081061 1.53978 -1.87655 1.80811 -0.957972 1.86955 1.23642 -0.161945 2.62937 1.21804 0.283785 2.30048 -0.925438 -0.554445 -0.399518 -0.300593 1.16751 1.38293 1.02662 -0.598781 0.483813 -0.533765 -0.224427 1.95709 0.950288 -0.944961 0.0901597 -0.57688 -0.833242 -0.415696 0.7009 -0.000739503 -1.029 -0.294804 1.40445 0.0797356 1.00752 0.631764 -0.608521 1.63691 -0.954205 0.0254793 -1.28726 0.435987 2.40547 0.768178 1.91402 -3.03919 1.09664 4.09216 0.917214 1.85354 2.24909 0.176717 -0.133546 -1.27231 -0.184019 -0.20447 -1.11007 1.02983 -1.97953 -2.30541 
0.0907867 3.5094 -2.26818 1.78045 -1.52209 -0.758652 -0.963077 1.46774 0.800292 -0.105626 -0.930171 1.26865 0.774008 0.659694 1.22715 -0.122348 2.44705 -0.906278 -3.17977 -0.664208 -0.00862727 -1.73162 0.536505 0.776989 0.926756 0.703672 1.74264 -1.53496 -1.38949 -0.567075 -0.356962 0.146548 -0.715477 -1.16679 -0.349877 -3.67639 -0.147555 -0.382222 -0.832232 0.924474 0.59899 -1.95652 0.0714636 -0.139508 -0.621094 -2.54078 0.127651 1.28218 0.654514 -1.01215 0.178962 -0.194197 0.664331 -2.10007 1.97463 0.58512 1.26453 1.59685 0.348312 0.131029 -0.147394 0.516746 -0.954109 0.990865 0.581705 -2.16997 1.19707 1.44533 -0.961584 -0.132638 -0.211432 0.532404 -0.836734 1.80658 -1.88961 0.66852 -0.79573 0.841189 -1.23839 -0.85724 0.426352 1.89004 0.675749 1.7922 0.505177 0.336447 -0.566496 2.49251 -0.819058 1.23825 1.42166 1.11177 1.7041 0.173155 0.477017 -1.39716 0.643448 -1.19391 1.18492 -0.167143 1.16268 1.62634 1.13581 -1.7891 -0.208285 0.624149 0.792369 -0.636762 1.12191 0.431839 0.778009 1.82211 -0.546007 -1.04349 -0.268413 0.501191 -0.449147 -1.18024 0.203444 -1.27895 0.548742 0.29052 1.86783 -1.83526 0.381669 0.948463 -1.01702 2.31772 -0.772289 0.689234 1.85983 0.918955 -1.20176 -0.0579991 -0.240639 -2.47652 -1.50046 2.00924 2.0708 -0.648299 0.213149 -1.23309 0.917219 1.11575 0.515582 1.55342 -0.365736 0.795734 3.73783 -1.08366 0.308247 -2.09278 1.31849 -0.886037 -1.4453 -1.86 -0.937352 0.587783 -1.01529 -0.438364 -1.17502 1.60407 1.24351 1.81363 -1.73728 2.19964 -1.48133 0.928502 0.857636 2.59521 0.201499 -1.97981 1.34501 -1.04307 -1.74874 -0.773425 0.798089 -0.0226441 -1.03913 -1.27192 0.172741 0.358824 0.357348 0.0652322 -0.630096 -1.93272 1.49935 -0.244638 1.56422 0.190573 0.287588 0.67498 0.235788 0.283889 -1.47717 -1.85634 -0.152967 -0.997648 0.740498 -1.41693 -0.416759 -2.51982 -0.272977 2.72876 0.086685 -0.79262 0.0426174 -0.354248 -0.953891 0.776028 0.556524 -0.786228 1.43873 0.302004 -0.0143 0.172237 -1.68821 -1.27107 -2.05638 2.45543 -3.00211 -0.243957 -0.176088 -1.82237 -0.740998 0.950165 0.0048041 -1.85938 -1.93428 0.852741 -0.244546 0.488655 0.82369 0.866868 -0.787753 0.740754 1.15842 0.15618 -1.63619 0.250623 0.0212152 0.450055 0.504992 -1.12011 0.708036 -0.193784 1.96532 1.13626 1.30707 -1.64172 -1.2413 0.291027 1.19964 0.831305 -1.50032 -0.249681 -0.438426 -0.345176 -0.139313 2.33657 -0.40903 1.39079 -2.12643 2.23539 1.89145 0.0921824 0.0178036 1.27465 0.354103 -0.596791 -2.18164 0.229739 -1.0527 1.64624 1.24718 -1.08399 -0.921696 -0.345135 0.312105 -1.28644 -0.389391 -0.378008 -0.668954 0.332757 0.753968 0.569671 -2.09719 -0.449292 1.002 -3.18243 1.58925 -0.713978 1.33713 2.64761 -1.12313 -0.667788 0.528626 -0.853166 0.51845 -2.87444 
0.268253 0.670256 -0.835115 0.494291 0.837379 -1.01646 1.59203 -0.394286 0.12729 0.734516 0.268105 2.9719 -1.24409 1.77026 -0.90846 -0.21164 -0.110832 -0.67213 0.524345 -1.47764 -0.606657 -0.513232 -0.0623871 2.00415 0.323577 -0.1684 1.89887 0.669769 -0.30407 -0.446802 0.80879 0.0608391 0.932281 -0.0840498 1.77154 0.70233 -1.02154 1.72429 2.94332 2.36981 -0.235177 0.903338 -4.2372 -2.66627 0.823707 0.305936 1.64028 -0.41935 -1.14413 -0.203506 0.821588 1.92643 0.936842 0.88584 -0.519029 2.29289 1.23856 1.09128 -0.189695 0.372336 1.14193 0.479791 0.457234 -0.438171 0.764425 0.493856 1.40245 0.547321 1.64028 1.33031 -0.631229 -0.0101176 0.887899 1.09985 0.897142 2.09171 0.0621135 -0.994499 -0.997858 3.11182 -1.46238 1.26587 -0.311875 -0.898534 0.865012 0.674487 1.22725 -0.887953 1.61255 0.0876002 -0.410364 0.261361 0.461893 0.646829 1.61321 0.838246 1.19748 -1.43396 1.89615 -0.378685 -0.532193 -0.280097 1.4049 -0.0333023 -3.2616 0.476161 -0.113984 -0.818047 0.723843 0.132131 -0.0722256 -0.385808 0.122868 0.417478 -0.287719 -0.261903 -0.40184 -0.581907 -1.41037 0.971923 -1.49771 -0.867767 1.00998 -6.50058e-05 -0.412424 1.44233 1.27188 1.93772 -0.309957 -0.540246 -2.33059 -0.696938 0.0768691 -1.55141 0.420357 -0.385923 -0.92581 -0.621302 -0.370536 0.546698 0.788903 -0.953272 -1.3594 -0.00955083 -0.364288 -1.83186 0.299814 0.942726 2.15263 1.18384 -0.169135 -1.53803 0.142543 -0.826074 1.37221 1.49743 0.929824 -1.10056 0.654293 3.23393 1.33295 0.356062 -0.341192 1.67856 -2.19832 -1.30261 1.28234 2.05632 1.12796 0.0988928 -0.298977 -1.73589 1.6994 -0.198528 0.335587 0.489748 -2.13567 -0.325656 0.654925 -1.99583 -1.71217 1.65823 -0.420721 -0.312765 -0.886963 -0.0817125 0.297584 1.85616 -1.42233 -0.632518 -0.162864 0.655631 -1.01688 2.29886 1.37768 -0.56642 1.52616 -0.904477 -1.60431 -0.847429 -0.0810484 0.896126 0.901241 0.258116 0.0626739 0.0542589 0.00673333 1.49299 1.63615 -1.47601 0.369083 -1.27394 -0.359766 -3.22145 -2.45231 0.511911 1.55727 -1.47301 0.954538 1.42263 -1.19312 -1.69129 -0.7751 -1.10761 -2.15362 -1.88242 -0.516963 0.170792 -0.999588 -0.613845 -0.931063 0.148921 -2.10944 0.142874 -0.329361 1.82243 1.47026 0.475868 -0.111876 -1.03589 -1.15153 -0.169751 -0.70642 -0.713434 -2.00962 -2.56353 -0.741651 -0.055762 0.87638 2.25456 -0.975921 -1.11122 -1.26027 1.26198 1.77175 1.01338 0.945298 -1.29312 -0.311775 0.936153 0.277036 -2.20288 0.219445 2.14648 0.0470919 1.28814 0.101939 1.0034 1.79485 -0.68169 -1.25104 -1.56954 -1.60959 -0.634151 -1.20702 1.12167 1.33793 -1.52758 1.42695 0.694137 -0.990235 -1.04688 1.54203 -1.43003 2.16303 -1.05839 0.627178 -1.52538 -1.60647 -0.942343 -1.07582 0.154331 1.17278 -0.510265 -0.585768 0.684803 2.94489 -1.29275 0.790908 0.129862 
-0.775758 -3.48476 0.770115 -0.732732 0.303208 3.65963 0.947349 1.4201 -1.70651 0.924905 -2.97314 -1.75276 -0.0158776 0.0883792 -1.18196 1.60087 1.19014 0.280456 -0.970114 -0.525054 -2.66879 -1.66965 -0.918724 -0.124342 -0.637886 -0.805022 -0.267594 -0.580674 -0.00516676 0.876209 -3.16408 1.97488 -0.27029 1.1753 1.61715 -0.406945 -2.05899 -0.308088 0.334311 0.385264 -0.272372 -2.06781 -1.0723 1.83266 0.928909 -1.89164 -1.60466 0.24851 2.2086 -2.40663 1.51845 0.874358 0.0526543 -2.53577 -1.23251 -1.00292 1.43182 -0.518771 2.35383 -1.17569 -0.255193 -0.927541 -2.31948 0.992191 0.883321 -1.12154 -0.130609 0.200619 -0.175056 1.52794 0.991582 -2.97349 -0.56725 2.50783 -2.2395 0.547979 1.12219 0.658655 -0.789633 -2.77137 -0.455057 -1.96986 3.35671 2.461 -1.24496 0.100785 0.836126 0.485386 -0.0193053 0.930816 -1.18316 -0.271717 0.00689562 0.876029 0.512886 -1.43532 -1.17386 1.71031 0.146275 2.19804 0.31426 0.91662 0.311547 -1.04675 0.579396 -3.09815 -0.093671 -0.198965 -1.30498 -0.514677 -0.314625 -1.21179 -1.99755 -0.209711 1.11447 0.489679 -1.70374 -0.618781 -1.13569 0.147269 1.13574 -3.09041 -0.53833 -2.25575 -0.785212 -0.896477 -2.49862 2.11172 0.638922 -0.407303 0.767735 -0.541405 0.354557 1.43833 -0.796967 1.52284 0.278666 -0.584675 -1.01909 -1.23526 -3.95267 -1.07322 -1.46225 1.59355 -0.087762 -1.14889 -0.260924 -1.84591 1.45681 -0.217512 1.21302 -0.460365 -1.87468 -0.829403 -2.24156 0.303843 -1.58108 2.96494 0.175214 -0.219102 -0.285491 0.477178 1.66714 -1.42563 0.147366 -1.72854 -2.10824 -0.227918 -0.341051 0.238061 -2.60824 1.05094 -0.395124 1.3843 0.532469 -1.45113 1.28785 1.91666 2.3673 -0.728263 0.689688 -0.262211 -1.08411 0.51085 3.3199 -0.830702 0.555466 1.1329 0.0944282 2.35643 -0.347013 -0.378503 0.937899 0.13847 -0.940546 0.770813 -0.377618 -1.43381 1.451 -0.0776375 -0.462055 -0.953931 -1.61255 -0.995207 -1.92236 -0.075151 -0.0801836 0.856343 1.63183 0.348664 0.647155 -1.07634 -1.01825 -1.29124 0.495776 -1.48336 -1.8275 1.58854 0.694007 -1.56483 -2.01159 -0.768021 0.00357515 -0.478385 2.63826 0.89957 -0.791112 -1.72019 0.262643 0.833314 -0.0300152 -0.172438 0.519307 -0.896198 0.565639 -1.53767 -2.53413 -1.29849 0.323783 1.66894 1.48377 -3.14661 0.526743 0.206623 -0.167795 0.779744 -1.25607 0.0349794 0.651681 0.179815 1.24294 -0.952701 -0.298871 -2.45919 1.25994 -0.95766 1.19994 0.493667 1.06508 -3.57403 -0.38265 1.33679 -2.18208 1.81412 -0.86857 -1.41573 0.97961 0.529454 1.05514 2.2341 0.671772 0.341071 0.783815 -1.00625 0.287906 0.981332 -1.34268 2.50424 -0.468935 -0.0964239 2.42873 -1.29957 0.0524136 1.9808 -0.324754 0.471964 -2.24817 -1.37583 -1.26487 -0.459078 -1.90431 0.0311055 0.561445 -0.821226 0.239905 1.52624 -1.21566 -0.385193 -0.432308 -0.423048 
