1280 961.004
23.3347 23.3347 115.6 
11.56 11.56 57.8 
1 1 1 1 1 1 1 1 1 1 1 1 1 1 1 1 1 1 1 1 1 1 1 1 1 1 1 1 1 1 1 1 1 1 1 1 1 1 1 1 1 1 1 1 1 1 1 1 1 1 1 1 1 1 1 1 1 1 1 1 1 1 1 1 1 1 1 1 1 1 1 1 1 1 1 1 1 1 1 1 1 1 1 1 1 1 1 1 1 1 1 1 1 1 1 1 1 1 1 1 
1 1 1 1 1 1 1 1 1 1 1 1 1 1 1 1 1 1 1 1 1 1 1 1 1 1 1 1 1 1 1 1 1 1 1 1 1 1 1 1 1 1 1 1 1 1 1 1 1 1 1 1 1 1 1 1 1 1 1 1 1 1 1 1 1 1 1 1 1 1 1 1 1 1 1 1 1 1 1 1 1 1 1 1 1 1 1 1 1 1 1 1 1 1 1 1 1 1 1 1 
1 1 1 1 1 1 1 1 1 1 1 1 1 1 1 1 1 1 1 1 1 1 1 1 1 1 1 1 1 1 1 1 1 1 1 1 1 1 1 1 1 1 1 1 1 1 1 1 1 1 1 1 1 1 1 1 1 1 1 1 1 1 1 1 1 1 1 1 1 1 1 1 1 1 1 1 1 1 1 1 1 1 1 1 1 1 1 1 1 1 1 1 1 1 1 1 1 1 1 1 
1 1 1 1 1 1 1 1 1 1 1 1 1 1 1 1 1 1 1 1 1 1 1 1 1 1 1 1 1 1 1 1 1 1 1 1 1 1 1 1 1 1 1 1 1 1 1 1 1 1 1 1 1 1 1 1 1 1 1 1 1 1 1 1 1 1 1 1 1 1 1 1 1 1 1 1 1 1 1 1 1 1 1 1 1 1 1 1 1 1 1 1 1 1 1 1 1 1 1 1 
1 1 1 1 1 1 1 1 1 1 1 1 1 1 1 1 1 1 1 1 1 1 1 1 1 1 1 1 1 1 1 1 1 1 1 1 1 1 1 1 1 1 1 1 1 1 1 1 1 1 1 1 1 1 1 1 1 1 1 1 1 1 1 1 1 1 1 1 1 1 1 1 1 1 1 1 1 1 1 1 1 1 1 1 1 1 1 1 1 1 1 1 1 1 1 1 1 1 1 1 
1 1 1 1 1 1 1 1 1 1 1 1 1 1 1 1 1 1 1 1 1 1 1 1 1 1 1 1 1 1 1 1 1 1 1 1 1 1 1 1 1 1 1 1 1 1 1 1 1 1 1 1 1 1 1 1 1 1 1 1 1 1 1 1 1 1 1 1 1 1 1 1 1 1 1 1 1 1 1 1 1 1 1 1 1 1 1 1 1 1 1 1 1 1 1 1 1 1 1 1 
1 1 1 1 1 1 1 1 1 1 1 1 1 1 1 1 1 1 1 1 1 1 1 1 1 1 1 1 1 1 1 1 1 1 1 1 1 1 1 1 1 1 1 1 1 1 1 1 1 1 1 1 1 1 1 1 1 1 1 1 1 1 1 1 1 1 1 1 1 1 1 1 1 1 1 1 1 1 1 1 1 1 1 1 1 1 1 1 1 1 1 1 1 1 1 1 1 1 1 1 
1 1 1 1 1 1 1 1 1 1 1 1 1 1 1 1 1 1 1 1 1 1 1 1 1 1 1 1 1 1 1 1 1 1 1 1 1 1 1 1 1 1 1 1 1 1 1 1 1 1 1 1 1 1 1 1 1 1 1 1 1 1 1 1 1 1 1 1 1 1 1 1 1 1 1 1 1 1 1 1 1 1 1 1 1 1 1 1 1 1 1 1 1 1 1 1 1 1 1 1 
1 1 1 1 1 1 1 1 1 1 1 1 1 1 1 1 1 1 1 1 1 1 1 1 1 1 1 1 1 1 1 1 1 1 1 1 1 1 1 1 1 1 1 1 1 1 1 1 1 1 1 1 1 1 1 1 1 1 1 1 1 1 1 1 1 1 1 1 1 1 1 1 1 1 1 1 1 1 1 1 1 1 1 1 1 1 1 1 1 1 1 1 1 1 1 1 1 1 1 1 
1 1 1 1 1 1 1 1 1 1 1 1 1 1 1 1 1 1 1 1 1 1 1 1 1 1 1 1 1 1 1 1 1 1 1 1 1 1 1 1 1 1 1 1 1 1 1 1 1 1 1 1 1 1 1 1 1 1 1 1 1 1 1 1 1 1 1 1 1 1 1 1 1 1 1 1 1 1 1 1 1 1 1 1 1 1 1 1 1 1 1 1 1 1 1 1 1 1 1 1 
1 1 1 1 1 1 1 1 1 1 1 1 1 1 1 1 1 1 1 1 1 1 1 1 1 1 1 1 1 1 1 1 1 1 1 1 1 1 1 1 1 1 1 1 1 1 1 1 1 1 1 1 1 1 1 1 1 1 1 1 1 1 1 1 1 1 1 1 1 1 1 1 1 1 1 1 1 1 1 1 1 1 1 1 1 1 1 1 1 1 1 1 1 1 1 1 1 1 1 1 
1 1 1 1 1 1 1 1 1 1 1 1 1 1 1 1 1 1 1 1 1 1 1 1 1 1 1 1 1 1 1 1 1 1 1 1 1 1 1 1 1 1 1 1 1 1 1 1 1 1 1 1 1 1 1 1 1 1 1 1 1 1 1 1 1 1 1 1 1 1 1 1 1 1 1 1 1 1 1 1 1 1 1 1 1 1 1 1 1 1 1 1 1 1 1 1 1 1 1 1 
1 1 1 1 1 1 1 1 1 1 1 1 1 1 1 1 1 1 1 1 1 1 1 1 1 1 1 1 1 1 1 1 1 1 1 1 1 1 1 1 1 1 1 1 1 1 1 1 1 1 1 1 1 1 1 1 1 1 1 1 1 1 1 1 1 1 1 1 1 1 1 1 1 1 1 1 1 1 1 1 
3 1.35106 1.35106 1.445 3 1.35106 4.2679 4.335 3 4.2679 1.35106 4.335 3 4.2679 4.2679 1.445 3 7.18474 1.35106 1.445 3 7.18474 4.2679 4.335 3 10.1016 1.35106 4.335 3 10.1016 4.2679 1.445 3 13.0184 1.35106 1.445 3 13.0184 4.2679 4.335 3 15.9353 1.35106 4.335 3 15.9353 4.2679 1.445 3 18.8521 1.35106 1.445 3 18.8521 4.2679 4.335 3 21.7689 1.35106 4.335 3 21.7689 4.2679 1.445 3 1.35106 7.18474 1.445 3 1.35106 10.1016 4.335 3 4.2679 7.18474 4.335 3 4.2679 10.1016 1.445 3 7.18474 7.18474 1.445 3 7.18474 10.1016 4.335 3 10.1016 7.18474 4.335 3 10.1016 10.1016 1.445 3 13.0184 7.18474 1.445 3 13.0184 10.1016 4.335 3 15.9353 7.18474 4.335 3 15.9353 10.1016 1.445 3 18.8521 7.18474 1.445 3 18.8521 10.1016 4.335 3 21.7689 7.18474 4.335 3 21.7689 10.1016 1.445 3 1.35106 13.0184 1.445 3 1.35106 15.9353 4.335 3 4.2679 13.0184 4.335 3 4.2679 15.9353 1.445 3 7.18474 13.0184 1.445 3 7.18474 15.9353 4.335 3 10.1016 13.0184 4.335 3 10.1016 15.9353 1.445 3 13.0184 13.0184 1.445 3 13.0184 15.9353 4.335 3 15.9353 13.0184 4.335 3 15.9353 15.9353 1.445 3 18.8521 13.0184 1.445 3 18.8521 15.9353 4.335 3 21.7689 13.0184 4.335 3 21.7689 15.9353 1.445 3 1.35106 18.8521 1.445 3 1.35106 21.7689 4.335 3 4.2679 18.8521 4.335 3 4.2679 21.7689 1.445 3 7.18474 18.8521 1.445 3 7.18474 21.7689 4.335 3 10.1016 18.8521 4.335 3 10.1016 21.7689 1.445 3 13.0184 18.8521 1.445 3 13.0184 21.7689 4.335 3 15.9353 18.8521 4.335 3 15.9353 21.7689 1.445 3 18.8521 18.8521 1.445 3 18.8521 21.7689 4.335 3 21.7689 18.8521 4.335 3 21.7689 21.7689 1.445 0 10.7158 17.9237 39.7581 0 1.89892 5.03454 63.7545 0 13.9928 20.9678 10.4244 0 14.0638 19.6118 55.9308 0 6.16961 5.99141 25.557 0 17.9258 15.1295 33.0987 0 2.47959 8.39746 18.3295 0 4.24375 16.7285 26.4199 0 15.8775 15.1012 18.2664 0 21.7954 3.98014 7.13712 0 5.40469 18.1664 11.0563 0 5.04868 1.1315 15.6143 0 21.4246 18.935 9.91412 0 2.65239 14.602 9.68555 0 22.4034 12.5182 49.1242 0 2.61223 11.6188 19.4715 0 4.9664 7.22164 9.6036 0 21.9882 7.79808 7.51271 0 10.9656 22.8737 9.99748 0 15.9558 11.8484 19.7212 0 12.1745 4.40891 16.9073 0 19.0089 18.7855 6.9366 0 4.8326 19.6378 28.5352 0 12.69 14.7193 16.4026 0 20.8974 8.88258 18.7765 0 13.6314 12.8293 45.0954 0 8.10038 11.7663 32.0411 0 14.0378 1.7052 18.898 0 10.0322 22.1583 25.1596 0 11.5226 15.8371 24.1575 0 3.8051 21.3394 62.6065 0 3.94212 4.3073 6.62653 0 21.6739 1.14979 48.2178 0 18.1773 17.2606 26.6215 0 17.6543 4.42869 27.831 0 10.1501 2.78289 11.2814 
0 5.67451 10.2457 26.7599 0 2.20562 4.31994 51.5397 0 7.93615 0.673332 47.9472 0 20.7191 22.5303 17.0169 0 5.48354 9.36077 15.0755 0 22.1091 12.5071 18.8903 0 3.16227 15.315 13.9404 0 21.8187 5.60184 18.8045 0 16.0445 3.52972 60.9659 0 18.224 15.6685 9.35323 0 3.28468 20.2787 9.67822 0 19.1954 11.5135 10.6525 0 1.45234 4.43761 25.0925 0 10.2003 11.5399 63.8622 0 6.93344 18.7196 6.44041 0 7.5948 3.17396 20.6414 0 15.2352 5.46851 18.6011 0 13.7615 20.6836 14.601 0 7.04069 22.0354 9.38326 0 12.562 15.6525 42.0433 0 5.21738 16.9999 39.3964 0 7.44644 19.9685 23.4935 0 6.45528 9.91102 11.5732 0 1.30642 6.31029 21.9335 0 15.6681 15.5786 6.46174 0 16.8996 3.86751 21.5318 0 22.0618 6.71732 66.2051 0 22.3931 16.3863 21.1057 0 21.6396 20.4254 19.6331 0 1.66938 18.0799 34.1869 0 0.695432 11.828 45.8473 0 18.8374 21.3426 9.14987 0 6.10362 15.5813 8.23401 0 3.4226 7.08547 13.5657 0 19.1631 22.0416 25.1388 0 21.6158 11.1288 7.63974 0 21.3263 16.4296 33.6783 0 11.3982 0.686061 14.4283 0 14.4759 9.9745 47.1513 0 3.30177 4.26754 10.5874 0 10.2917 5.96848 33.5619 0 4.58577 4.09557 22.9107 0 1.83252 22.6836 15.0238 0 20.5459 21.1459 13.105 0 0.583033 2.68171 20.8803 0 2.17347 10.536 8.74453 0 2.83641 12.1396 38.6328 0 1.8758 9.87681 36.1415 0 11.2208 22.5321 67.9343 0 22.8575 2.04103 26.65 0 18.5941 16.915 36.3385 0 2.97163 11.1948 12.6753 0 17.0775 12.1113 70.3992 0 22.4094 13.4656 38.4118 0 4.24355 17.8365 31.7918 0 0.923148 20.4079 30.0581 0 12.9203 17.4249 52.6316 0 4.16169 8.43103 38.3761 0 17.1574 5.63288 43.4612 0 12.0201 9.9499 24.5695 0 17.1172 14.4323 45.5293 0 22.6085 6.74802 27.5681 0 6.13011 12.1084 21.2558 0 4.38104 21.9746 21.0005 0 12.2251 10.6918 17.4014 0 18.2928 21.6622 59.8616 0 0.792675 19.5731 7.28167 0 22.5822 13.6802 23.3221 0 11.4592 10.0137 44.1693 0 21.8732 12.1156 53.4202 0 11.589 3.77985 21.0225 0 13.6388 12.9504 49.168 0 0.706081 4.11726 13.2287 0 16.371 21.6874 6.97029 0 16.669 17.9709 57.7812 0 14.8401 6.49593 22.8425 0 4.06202 20.9835 17.3812 0 10.1995 21.4593 42.4736 0 10.84 14.9244 47.4949 0 16.4094 4.71082 15.7247 0 21.8258 10.0463 29.0427 0 14.5608 1.74683 14.9515 0 14.2573 4.69439 25.9169 0 22.4675 4.44872 57.4441 0 6.63025 0.719623 22.7623 0 14.7623 16.2651 11.08 0 19.4821 22.7538 50.795 0 9.63517 19.1973 11.431 0 19.3528 9.02378 64.3668 0 9.31126 0.593891 52.251 0 18.4163 20.0327 15.496 0 9.87707 12.9848 35.0513 0 9.96962 2.91897 31.2191 0 11.4023 7.18814 18.9752 0 8.14822 21.1699 46.2188 0 1.00951 18.295 64.2141 0 21.909 0.793127 14.027 0 15.7537 18.4652 8.77225 0 22.5716 12.8287 34.0256 0 15.3246 11.2698 27.7053 
0 20.3996 20.5779 47.748 0 21.8459 0.426288 23.4268 0 5.9701 13.56 24.3533 0 14.479 18.9305 26.6417 0 22.0286 10.4956 15.6143 0 14.1624 3.0861 10.005 0 10.6821 19.0385 26.9034 0 7.61073 0.639078 13.051 0 12.6139 18.7826 48.9293 0 5.38919 13.8133 28.0526 0 19.2221 10.015 13.6144 0 11.4013 2.39344 24.9325 0 16.2372 21.8904 32.1451 0 15.7685 6.463 9.6226 0 17.8096 6.523 24.8266 0 3.36757 1.37777 49.8389 0 6.25714 12.3226 16.9621 0 21.851 17.7487 26.2306 0 8.0038 1.51567 7.65895 0 6.13533 2.83374 30.2994 0 11.0917 9.27971 36.6627 0 20.4876 20.0161 32.1451 0 12.5529 12.5359 6.84102 0 14.0459 1.98304 22.6771 0 7.59212 16.0144 17.0437 0 11.9866 15.726 9.4653 0 1.59327 3.60606 45.752 0 13.1246 11.6286 33.006 0 10.2389 4.26881 6.68703 0 7.19427 14.9924 33.426 0 16.5844 17.3712 54.3985 0 14.2851 0.065014 54.634 0 9.77309 13.396 17.5126 0 17.3599 5.41596 35.7484 0 9.99455 10.3464 11.2633 0 4.03971 3.19366 36.5448 0 4.77744 5.19223 70.4414 0 20.7056 1.84461 19.5013 0 4.20613 19.1464 99.6898 0 3.99189 21.179 33.8353 0 17.9219 0.0117521 13.7432 0 0.15468 8.56634 39.3531 0 18.37 0.187776 21.9099 0 4.26662 12.5553 31.6744 0 4.7465 11.6697 34.8481 0 1.03077 16.7916 28.4783 0 5.74181 10.7795 8.05325 0 19.9816 10.6191 32.1516 0 15.8592 2.45284 34.9856 0 21.3815 8.02307 24.6062 0 19.0296 11.9538 16.9167 0 8.14513 21.3909 58.9838 0 1.38228 2.95079 29.6098 0 7.31749 22.3313 18.8084 0 17.3926 3.70176 10.8843 0 11.1534 6.4513 30.1774 0 19.4803 11.5381 26.1396 0 12.2517 15.5901 19.5883 0 6.32161 22.5646 50.9971 0 8.95916 19.0091 18.7765 0 1.52999 12.7919 28.3634 0 8.98555 15.3681 41.4276 0 20.4176 10.1557 70.1572 0 5.60329 12.5514 86.023 0 16.0833 10.1848 6.46558 0 4.29444 1.07357 8.87459 0 5.71946 13.641 40.9137 0 9.75883 5.73778 14.5418 0 10.8694 1.20535 90.9413 0 22.414 11.2529 60.9963 0 14.8514 17.6825 38.7062 0 3.03584 1.02731 24.1026 0 18.7305 10.6587 22.5303 0 6.15089 9.39764 18.8834 0 11.7241 9.69177 75.6402 0 18.1467 1.12076 55.6077 0 21.6384 11.8297 57.3573 0 16.0506 4.10414 56.726 0 1.37603 23.2448 46.958 0 5.4323 6.86488 35.2154 0 13.9932 7.44052 16.0292 0 6.75961 21.3973 31.6063 0 20.8588 8.39015 42.6957 0 3.72164 0.627441 31.2919 0 11.4013 17.0491 59.2922 0 5.14517 7.56881 63.4105 0 22.6193 14.2939 9.64615 0 12.5175 8.10088 27.4754 0 21.1721 1.27711 99.8434 0 8.59255 11.2245 55.1454 0 16.8536 1.68478 25.6917 0 7.10852 6.46315 31.7352 0 3.98837 7.94369 56.2026 0 14.5983 3.04179 45.4681 0 19.8053 4.64302 13.4663 0 19.2627 3.41089 58.9231 0 1.28553 19.6585 60.8138 0 22.8882 10.1124 12.1525 0 15.4386 23.11 28.39 0 8.15473 4.47581 53.6965 
0 1.1397 2.97225 16.8687 0 3.9377 0.0333881 39.3373 0 7.16387 13.6266 51.95 0 17.8254 1.88536 17.4995 0 13.5604 9.057 20.8349 0 7.88648 6.69158 17.268 0 21.0335 4.74043 22.3544 0 13.0292 12.309 72.0179 0 21.9704 18.8097 16.0242 0 9.38299 13.6754 22.149 0 3.87582 1.23683 27.8932 0 7.24484 19.6964 54.8488 0 8.84914 8.85533 7.46471 0 17.9408 14.3804 57.0364 0 14.0329 17.7859 32.3214 0 0.919296 0.387643 67.3079 0 20.0352 7.17113 31.303 0 18.1201 7.13734 56.0136 0 7.46196 20.6786 15.3043 0 9.97102 0.825517 17.6677 0 9.25921 17.6395 49.3875 0 1.76411 16.5407 38.739 0 20.6367 3.01524 44.7146 0 12.7683 3.90701 50.81 0 17.3139 16.3287 29.7001 0 22.5178 22.488 81.3103 0 12.7001 6.79453 7.24532 0 6.63488 18.0867 58.3682 0 19.7292 3.18718 25.5828 0 11.0897 18.9169 15.7203 0 10.1188 19.7657 31.9601 0 3.23505 17.5008 7.84071 0 5.1346 5.97692 19.7112 0 16.1187 4.18574 6.83281 0 7.87834 16.6048 13.3199 0 0.126543 3.14772 10.0871 0 18.6004 7.0587 7.07547 0 3.23356 14.3136 52.2379 0 5.76737 18.5611 48.5172 0 0.661446 6.46136 10.3225 0 13.0317 4.20483 13.0881 0 11.5578 2.80059 53.9836 0 15.0955 12.2681 58.8739 0 23.0133 22.9421 10.3606 0 0.219566 22.1544 41.0013 0 20.8686 16.6323 29.971 0 14.3202 15.3091 56.0679 0 15.6269 20.281 36.0996 0 19.0547 4.56132 54.2554 0 19.2672 16.5192 16.0889 0 18.6714 0.0949176 72.4428 0 7.72567 5.0117 9.00476 0 22.5191 19.835 50.412 0 6.73009 18.9389 34.3176 0 9.01482 17.5572 45.2154 0 18.2958 22.5297 35.5544 0 19.0367 13.159 29.7658 0 1.98124 14.5594 25.4623 0 8.13459 10.5626 24.1213 0 20.4044 12.0761 45.0687 0 9.8658 16.6918 6.76568 0 1.9479 5.8266 34.9843 0 17.9157 8.69084 45.1601 0 20.3209 19.9277 22.7109 0 19.2512 5.23111 47.7214 0 7.84863 2.18935 26.2452 0 16.0917 2.64559 31.6423 0 6.71642 13.9392 11.2429 0 18.3354 13.1086 6.7651 0 7.00082 23.1147 62.9786 0 17.4451 8.09463 16.3885 0 4.36385 20.9068 59.1009 0 20.8322 12.5557 73.0677 0 20.7307 0.208604 65.761 0 0.731903 21.2864 22.7488 0 8.68346 16.9662 21.9633 0 16.9296 6.95259 32.3094 0 17.6244 13.7209 13.2419 0 6.80122 0.388258 43.4337 0 0.466984 21.9216 64.0576 0 6.31273 5.42594 12.2803 0 7.58489 18.5178 41.513 0 7.48548 2.03563 69.8007 0 17.451 22.7148 63.3908 0 8.91716 16.1995 68.1615 0 20.8926 17.1464 59.2827 0 18.5658 1.79993 7.16365 0 7.84122 9.27726 34.4515 0 3.37991 8.42837 32.4908 0 16.9581 3.4171 39.6842 0 18.5977 6.83618 38.8469 0 8.76846 20.5026 39.0314 0 2.97153 12.7588 60.7115 0 4.34016 21.2095 6.68796 0 15.1695 17.7694 45.2859 0 4.53041 2.47368 46.7487 0 10.5754 16.9674 34.0828 0 17.5562 22.1066 67.0608 0 1.53591 12.8589 6.47596 0 14.4904 17.2687 22.5369 
0 19.9516 7.12939 10.7188 0 19.8175 19.6195 87.5155 0 1.36011 17.1871 23.3937 0 2.82135 19.9465 96.4942 0 15.6231 17.2672 14.4352 0 3.84714 22.0936 53.2701 0 15.8385 9.95539 24.1646 0 7.49708 3.35072 16.8822 0 9.54223 13.3054 8.92642 0 13.8092 2.226 38.8112 0 19.8535 16.4899 23.5792 0 16.3006 0.517679 9.62125 0 3.09766 8.7535 69.1795 0 22.4334 15.466 17.5025 0 2.74023 23.2284 36.3043 0 6.38359 18.7829 75.2333 0 4.46746 21.4824 12.7562 0 11.3426 0.030613 22.1167 0 11.7012 19.4203 23.604 0 17.1213 13.2696 53.8049 0 10.5697 8.63662 56.2802 0 13.0768 9.60022 62.557 0 19.6961 21.9749 43.4976 0 14.5476 5.54993 40.8964 0 4.54252 6.03217 29.0008 0 2.64761 12.5197 42.6768 0 17.62 10.3142 40.4192 0 10.5965 19.5085 61.7205 0 13.3028 5.16261 32.6298 0 0.500053 22.5141 33.3061 0 18.0529 17.3328 61.6691 0 15.3111 18.6715 18.0978 0 12.0201 22.6352 45.0371 0 21.1069 15.2554 55.7812 0 11.8386 19.2632 45.2847 0 13.1639 16.9723 74.2711 0 6.68289 8.7634 86.8031 0 13.3997 1.65798 6.91326 0 5.2235 9.21389 83.7758 0 8.47749 6.60626 21.1377 0 9.27714 13.7171 74.4923 0 10.7057 9.26684 32.6325 0 15.4613 13.1471 9.28307 0 14.1103 8.86018 34.4301 0 5.69419 18.8926 19.9874 0 12.1911 19.5667 19.8402 0 14.8431 6.93868 61.3097 0 9.07255 9.78418 14.803 0 3.70263 0.598606 56.5208 0 17.9576 13.3077 38.8002 0 13.1232 16.3313 28.1705 0 14.5727 22.2187 25.0003 0 21.1057 16.4715 12.1734 0 9.84579 21.8791 6.62926 0 9.27144 0.356663 37.618 0 8.73403 2.27879 57.6142 0 1.89426 6.92687 6.8662 0 10.8782 14.8271 55.0301 0 9.07811 16.3294 52.5824 0 4.11749 1.69057 19.557 0 10.9588 4.80171 44.0671 0 23.1044 18.2795 53.4272 0 6.2985 5.29795 38.0631 0 11.8057 7.62544 47.0631 0 3.56114 16.1205 42.3065 0 17.3664 1.51154 48.7207 0 1.53397 8.20755 43.102 0 10.2704 10.4638 87.7693 0 8.04494 7.64413 45.5234 0 6.57214 3.56543 49.3647 0 14.4612 5.25057 29.3446 0 4.12417 19.3536 36.8747 0 0.144612 6.5156 15.5115 0 13.0385 9.49551 9.32997 0 5.68923 20.088 82.3603 0 0.789979 21.1748 56.6289 0 17.8313 15.4684 51.4869 0 1.63739 15.0418 31.9193 0 22.3476 5.02283 49.1288 0 11.8327 9.73012 84.0086 0 2.89785 12.0372 23.4263 0 0.789576 9.57463 21.9261 0 21.0681 14.4187 27.0534 0 20.3243 3.94463 29.8467 0 5.16653 20.8048 78.572 0 0.685259 2.107 39.2311 0 20.4804 21.9398 29.0385 0 19.4519 11.7952 76.3814 0 0.256119 13.5119 13.6412 0 15.6988 8.95241 66.0269 0 15.9934 10.1894 11.7457 0 9.83578 6.62334 68.306 0 6.52369 10.9603 72.6617 0 1.21457 16.0749 108.926 0 4.43814 9.5974 59.8188 0 10.3825 7.41968 41.4366 0 20.5535 0.420031 61.4085 0 11.2626 6.19569 23.8781 0 15.325 14.1351 25.3879 0 15.4926 12.042 15.8791 
0 4.00409 19.6242 24.146 0 17.3687 5.08415 50.911 0 10.6847 6.74025 52.5568 0 0.476779 2.57139 60.6466 0 17.3413 7.05903 13.0703 0 14.8646 15.7296 35.6361 0 12.0713 10.5587 53.0577 0 7.72863 16.7448 25.2368 0 20.2244 1.0274 32.8049 0 8.42463 21.2798 84.6329 0 12.1697 5.81949 57.0972 0 11.726 19.3114 8.06373 0 18.9615 7.51828 68.2359 0 4.32068 15.7322 35.4142 0 5.77371 8.32015 22.5375 0 9.41772 9.43117 51.2039 0 11.0951 22.9151 56.1051 0 22.8445 17.9193 47.1461 0 20.4709 21.0173 74.9078 0 3.19135 15.386 69.9953 0 1.47966 2.10444 70.4837 0 13.9767 15.9846 79.3358 0 17.5949 19.4057 12.1952 0 14.0256 7.22425 78.2816 0 19.8632 0.923443 11.1718 0 20.6653 4.66167 34.1183 0 2.35588 18.1746 51.1916 0 14.9614 20.8184 61.6741 0 1.06786 22.6693 18.588 0 12.259 20.6606 52.768 0 13.7546 19.3663 41.787 0 16.7428 20.8745 74.3479 0 3.57198 5.08025 74.6288 0 1.81115 18.6289 12.5532 0 22.0193 8.24133 55.4981 0 12.7965 8.86466 12.9942 0 0.344265 2.02213 54.552 0 19.1529 19.0089 52.1553 0 10.0768 11.0964 39.5622 0 2.60412 21.3146 49.6861 0 22.7365 6.21559 76.5377 0 11.597 9.47665 66.3643 0 7.04296 12.1281 38.0139 0 3.20652 2.17299 97.4427 0 10.1421 10.6542 79.502 0 14.4738 22.4359 70.7802 0 1.80064 19.1585 20.1347 0 16.4484 15.7439 81.9796 0 3.91788 12.0993 96.1183 0 1.06713 1.39444 7.02138 0 18.1948 19.5707 29.5913 0 0.806323 17.946 43.763 0 20.341 16.7731 72.882 0 6.21814 14.9568 44.4816 0 7.51225 8.52412 38.6798 0 7.81705 8.07417 54.4875 0 21.4821 22.0567 6.77142 0 18.5036 12.2474 48.217 0 5.39683 17.9302 15.2606 0 17.179 21.1753 54.9764 0 10.9296 11.4814 47.3444 0 20.0807 8.36334 73.2854 0 21.5628 22.7894 88.0832 0 9.9919 0.329264 60.8741 0 17.6658 14.0056 22.8799 0 5.77785 0.636586 59.1172 0 17.0067 2.27178 52.6981 0 13.9855 10.2037 40.6779 0 8.91652 23.2581 29.1169 0 18.5905 18.6339 43.5783 0 7.25072 0.415208 55.292 0 19.7449 2.45003 37.3204 0 11.0619 7.36121 81.2002 0 2.75115 17.4192 17.1035 0 1.24533 13.2321 54.8955 0 9.37496 10.2586 20.1591 0 2.19575 4.71911 67.661 0 10.0782 12.1368 68.484 0 0.331584 0.618513 91.3753 0 2.962 19.547 40.6423 0 14.097 2.33596 82.0118 0 6.02709 6.21384 67.1831 0 2.15378 5.79129 80.8674 0 17.1291 10.9757 51.4056 0 2.71786 19.3355 46.6703 0 7.82817 13.2663 65.6005 0 9.94586 5.0289 92.6511 0 13.9862 13.5907 21.851 0 20.488 21.6734 93.5696 0 4.45984 4.54792 15.5449 0 16.4905 10.7763 32.526 0 2.57937 12.619 16.1726 0 21.4112 23.0875 69.3475 0 19.8801 10.4823 85.2355 0 21.2775 21.0092 97.2794 0 7.14209 9.5075 57.8268 0 8.13427 11.4047 42.6652 0 18.1882 20.2175 77.7654 0 21.0138 19.8449 41.0086 0 20.2102 18.725 55.6953 
0 9.02369 20.5624 51.9286 0 15.3225 8.08195 58.0502 0 9.58975 6.04242 37.0937 0 15.3582 18.9475 71.5305 0 18.0815 9.68953 28.8865 0 4.44175 3.25081 89.0743 0 22.0162 3.17665 68.2861 0 14.9135 5.69574 84.2546 0 6.91351 10.6021 62.0072 0 0.0917696 20.4952 84.6795 0 12.0734 14.0062 61.9796 0 4.20778 4.57408 32.4607 0 16.7175 11.7066 43.5419 0 21.9085 16.2775 6.72392 0 9.15906 15.1627 27.9639 0 7.76615 3.99537 62.3781 0 8.97497 0.556699 33.4332 0 15.762 9.03219 53.7455 0 18.6427 16.7907 40.0499 0 10.0334 13.6618 44.2768 0 22.3527 0.872992 35.8701 0 21.1037 15.9218 66.4001 0 16.0055 15.0418 41.7554 0 19.7021 13.6171 83.3353 0 7.49725 12.1865 82.5552 0 23.1994 9.1224 68.2651 0 2.52656 12.788 73.0068 0 5.50453 6.00329 82.5155 0 13.6701 11.6099 95.921 0 1.43127 20.1411 69.4081 0 13.5887 12.643 68.6726 0 16.0184 15.6289 94.9455 0 22.2112 0.565517 58.1224 0 14.6987 1.62353 42.078 0 23.0803 0.83309 95.8077 0 4.75151 1.46695 85.314 0 12.3303 0.145671 32.1697 0 14.0335 17.0996 63.1303 0 14.1706 8.46191 30.9698 0 17.4517 18.6249 33.1274 1 12.0023 14.6536 30.9525 1 12.7937 0.224355 78.3945 1 2.62732 5.77012 99.4446 1 3.25596 0.320262 94.1878 1 23.301 5.99858 30.9654 1 10.8788 22.1166 49.3876 1 13.7425 8.56678 50.1513 1 7.68857 3.62743 34.4789 1 7.60056 16.4254 36.4546 1 4.11996 9.68304 44.9858 1 18.866 18.4523 19.4206 1 12.8967 1.3986 47.9226 1 0.629552 11.0106 31.7011 1 10.6822 19.2152 55.3198 1 14.3212 5.76919 73.5929 1 3.26096 5.42315 48.1741 1 4.06037 20.9574 85.1749 1 17.031 18.8387 64.5368 1 23.0763 8.34706 99.7841 1 0.473628 21.759 26.8684 1 1.13178 11.7524 90.1818 1 15.343 16.2076 48.2748 1 0.477036 19.0795 75.1783 1 18.9619 19.7103 37.9203 1 14.0641 12.6994 12.9251 1 1.32434 14.7716 49.1688 1 17.1301 0.493588 76.4874 1 10.5383 3.36385 38.8288 1 14.603 20.4729 78.9985 1 18.6719 7.09816 21.1651 1 6.18534 16.8393 108.469 1 10.1551 18.3341 107.14 1 18.2455 5.85855 61.2512 1 2.8337 22.4194 81.9571 1 20.0966 9.38139 96.2103 1 21.7331 6.04731 37.2269 1 3.28525 2.84929 82.1194 1 15.0584 12.0036 36.4074 1 22.8908 3.71925 82.5634 1 15.3034 8.25351 38.0427 1 3.07424 1.15114 12.047 1 7.35221 14.6279 57.1852 1 19.7272 20.8982 103.149 1 21.5901 16.2108 62.7013 1 4.27393 0.838334 68.2809 1 21.4098 10.1461 92.929 1 11.8542 21.1794 81.549 1 19.7425 18.3492 100.237 1 10.8123 10.0615 97.6233 1 4.37116 9.43139 52.9247 1 21.664 15.2512 44.8641 1 13.8576 13.2494 76.0202 1 20.9193 15.6347 80.8639 1 9.09626 10.8176 106.876 1 18.2332 8.15924 48.6376 1 9.29093 19.5171 69.1365 1 4.7036 16.2077 21.9558 1 0.173834 0.900428 43.8652 1 22.9204 21.1135 45.1848 1 10.5291 13.0687 13.8188 
1 6.42867 17.6422 64.3635 1 13.3263 20.744 75.4449 1 12.0354 16.2973 13.5064 1 20.2486 14.233 60.0004 1 5.80452 0.697562 34.1818 1 2.94292 17.4831 73.0551 1 21.873 17.0085 37.2179 1 15.1838 12.6784 103.84 1 8.22769 4.85992 71.4373 1 10.3065 17.9511 76.0166 1 16.4193 0.531281 92.271 1 18.5658 10.6503 55.6897 1 16.6846 5.71472 64.9825 1 13.1336 9.15728 70.6303 1 22.8583 4.35051 98.1491 1 13.4051 5.55507 37.038 1 19.0916 14.4533 69.0111 1 4.5166 8.80211 90.0851 1 18.8161 2.87975 63.4225 1 19.2658 14.6842 19.6476 1 21.6533 13.2013 91.2378 1 22.5932 15.4525 41.5103 1 14.4219 18.6591 82.0282 1 11.756 18.5173 79.4823 1 7.11091 0.028167 81.8143 1 14.3543 16.0814 66.889 1 0.799657 4.74661 42.4061 1 10.8382 1.37854 74.6161 1 19.1358 12.2553 79.9869 1 14.8043 22.0485 20.9819 1 17.8762 19.8432 92.2172 1 4.10876 15.8266 58.0102 1 4.87332 20.4514 105.293 1 6.73294 13.3299 105.953 1 4.14048 2.39005 42.9528 1 10.2044 12.465 26.1986 1 16.7697 22.7664 45.9473 1 19.218 22.7787 90.6133 1 18.2585 2.55436 67.2573 1 9.50186 8.30571 62.0746 1 5.62257 17.8259 70.91 1 8.57119 3.22077 88.4895 1 20.3555 15.3423 101.15 1 4.77018 5.68667 104.88 1 13.0484 2.07928 57.8935 1 17.2505 18.801 68.0322 1 0.136349 11.1046 25.4482 1 12.0879 2.77389 34.8955 1 5.59734 8.30594 48.9253 1 16.7138 11.758 73.6193 1 18.7115 0.943911 95.4271 1 1.68347 14.8361 80.2835 1 4.69138 15.5965 49.5711 1 7.95802 3.97087 46.0274 1 16.1639 17.7707 76.542 1 15.3655 20.8025 51.2134 1 18.4615 16.9677 85.495 1 0.449708 18.3744 98.8294 1 1.64543 0.487205 105.394 1 11.8512 15.9611 70.009 1 13.49 19.8059 68.2805 1 10.298 1.53542 42.73 1 8.6803 7.45758 77.4751 1 12.8618 6.40299 64.1642 1 1.20919 21.4201 78.1176 1 18.4668 1.28267 29.3484 1 3.4129 13.8431 76.2116 1 22.1426 11.428 101.256 1 4.81876 19.2998 88.4608 1 12.6991 20.885 29.3737 1 13.3104 12.3785 86.4728 1 6.27148 3.7863 102.006 1 5.6255 16.681 54.879 1 2.92589 15.2326 46.0603 1 9.32301 9.19244 27.7686 1 3.76109 1.83032 73.9579 1 20.7845 4.62974 101.469 1 9.50358 6.0787 49.3153 1 1.57076 3.03469 85.6618 1 11.8073 4.0852 72.0564 1 6.60155 9.65606 79.7932 1 20.3742 2.89083 50.9487 1 4.77465 6.33705 41.6753 1 14.6195 1.01464 73.5582 1 1.71053 22.9976 59.9165 1 9.21327 15.9052 62.9055 1 21.4325 11.9343 66.509 1 22.3411 12.0158 81.8642 1 5.81479 23.0593 96.0876 1 8.04016 5.30779 28.3592 1 3.26344 15.2929 93.5254 1 0.398284 12.6569 63.6547 1 23.3103 19.2753 94.8166 1 20.4307 23.2162 77.8577 1 13.9113 14.3693 39.0334 1 6.33845 10.9949 68.8111 1 2.43297 3.78449 77.8248 1 18.0186 18.8969 81.514 1 13.4683 11.5522 78.9609 1 2.03892 9.26491 48.0528 
1 15.5676 22.559 95.3253 1 16.4602 9.89676 93.8984 1 22.7378 17.4254 70.3821 1 19.2192 8.74043 81.1138 1 5.03172 12.7417 80.0824 1 17.6579 9.15886 35.8263 1 6.85995 17.6873 100.991 1 22.2075 11.5815 41.7446 1 9.5374 21.2219 77.366 1 10.7883 18.166 88.2293 1 23.0973 1.79066 78.7041 1 6.36032 17.137 92.3131 1 16.2407 9.79591 86.1597 1 19.282 10.7953 88.7472 1 10.1113 9.15007 72.6318 1 11.5195 9.97096 59.2843 1 2.74414 4.00446 57.8353 1 16.5833 11.1707 100.799 1 2.83341 8.0106 25.5785 1 7.22047 21.5098 66.1497 1 16.9486 8.93276 97.61 1 18.5526 5.26396 18.4393 1 6.689 19.258 61.369 1 13.7195 0.820779 51.01 1 6.66982 20.5862 93.6208 1 19.0094 12.5797 35.3606 1 21.0347 22.9737 84.6732 1 2.02932 11.8804 67.3895 1 14.0928 5.78255 54.3239 1 16.0189 18.5538 101.132 1 4.42922 6.09681 96.0032 1 2.45609 8.96682 29.1554 1 12.4547 14.8068 93.9315 1 10.1716 5.26059 86.5107 1 4.70974 14.2908 66.7882 1 22.4756 9.79389 75.6456 1 15.6084 10.653 90.1526 1 6.00314 18.8678 44.2669 1 5.96591 15.5687 73.8656 1 0.472268 9.56681 51.1657 1 15.151 15.7328 59.8173 1 14.0644 21.1888 65.0502 1 17.0135 19.9339 22.6982 1 12.5489 2.30042 28.5324 1 13.4288 16.9482 103.807 1 7.69104 17.6076 29.9747 1 15.3417 11.2134 82.932 1 17.5307 1.64603 98.9029 1 7.39988 11.3745 97.5612 1 13.9001 7.46257 43.6632 1 10.0816 6.30988 106.528 1 10.5202 14.7766 38.4718 1 1.63014 10.2899 58.0412 1 1.1016 7.73335 96.4221 1 23.1815 7.77954 91.2544 1 6.4556 21.8449 36.5746 1 0.241706 1.20807 51.0641 1 17.3319 6.03331 78.7459 1 10.1472 13.5316 95.9537 1 22.8516 15.6711 83.9168 1 21.8884 5.91656 94.3375 1 20.9086 10.0657 38.0849 1 5.88913 22.6429 71.3419 1 16.1881 1.55646 104.973 1 14.439 0.770557 85.0346 1 10.8588 10.7657 93.271 1 3.02302 7.82438 78.2668 1 11.69 11.7417 29.3471 1 11.8983 20.9299 58.7161 1 10.8336 6.75895 10.8422 1 9.86332 23.0822 71.0078 1 15.2939 14.05 30.8427 1 16.7689 8.74489 71.4246 1 20.1915 3.68975 85.5517 1 22.9743 20.9462 71.9841 1 19.5442 14.1619 42.3344 1 8.13909 22.9757 105.161 1 22.6075 6.00196 86.6949 1 11.3056 21.3091 99.7718 1 4.99448 5.70788 44.8414 1 1.35198 2.51475 33.377 1 7.84359 18.0688 78.9684 1 6.67525 6.37283 93.1322 1 11.7111 4.49737 83.4732 1 20.6706 20.3771 62.8395 1 10.6989 0.843531 82.2162 1 12.872 16.0311 109.156 1 11.1814 14.392 65.9678 1 15.1706 7.5275 101.012 1 14.6579 20.6876 98.5658 1 21.8105 10.8891 105.151 1 13.4441 20.3165 102.86 1 18.3807 20.608 84.2392 1 8.05126 4.05935 75.1942 1 14.1054 21.9729 89.0807 1 23.0359 9.83581 87.4397 1 7.49916 2.01259 65.9692 1 7.06913 18.2629 86.0017 1 15.7113 15.0478 88.8702 1 14.4265 16.6769 86.2468 
1 8.982 6.14843 64.7177 1 16.1547 19.4995 86.4486 1 18.3291 10.8565 59.3048 1 23.1063 11.3881 97.7664 1 10.6959 6.35496 74.4624 1 2.19318 8.52459 65.9591 1 18.2647 6.62365 94.5896 1 18.2713 15.5389 97.9986 1 11.6773 2.30592 86.7435 1 5.43142 0.341918 107.841 1 6.19639 22.451 87.7386 1 21.6136 6.36625 70.5662 1 12.7959 1.98852 101.766 1 21.7043 8.65244 34.6057 1 8.06747 7.50816 96.1673 1 5.43233 3.02746 92.7217 1 21.5168 5.28174 63.0062 1 1.54208 22.2171 99.5314 1 3.32224 21.5757 43.7735 1 4.25042 11.5942 63.7602 1 12.8073 8.03714 95.0191 1 21.8353 7.83036 82.8236 1 19.7406 23.1018 39.6403 1 12.0886 13.3201 57.8373 1 4.25731 8.90133 97.8537 1 8.8924 17.0677 72.1824 1 0.614844 13.4661 95.0315 1 17.0336 19.1724 47.8634 1 9.83022 20.6657 94.9054 1 4.22004 14.6265 89.4749 1 13.0673 20.1309 85.0954 1 17.3342 3.24387 73.9817 1 20.4009 1.88007 81.3139 1 1.38889 20.3814 90.0829 1 6.48787 21.9415 26.6676 1 20.1797 8.98098 52.4294 1 7.3592 2.10391 40.0848 1 16.8934 15.3451 74.3918 1 5.68877 9.75868 94.2334 1 8.84049 23.3024 101.485 1 6.66029 22.2521 75.5785 1 15.3747 7.97169 81.609 1 16.2596 4.83648 106.944 1 17.739 12.2644 66.3447 1 8.64153 12.5535 59.9279 1 22.3946 15.8933 93.5236 1 16.6375 12.513 108.102 1 22.8673 2.77822 65.0394 1 1.02814 15.2609 67.3395 1 0.233112 10.0359 71.9858 1 5.64499 5.42834 78.1429 1 7.5135 14.531 47.9531 1 19.4979 14.2138 105.408 1 2.36942 1.37543 64.3091 1 11.9929 13.6293 102.209 1 23.1101 8.66477 63.6128 1 11.6016 0.233589 104.563 1 10.2458 18.3083 83.5174 1 14.257 19.3599 107.768 1 7.98058 3.33378 104.848 1 11.8548 3.439 79.4844 1 1.89836 20.2282 103.118 1 0.575994 15.5746 74.2323 1 12.9586 13.9314 52.4561 1 5.15225 9.92997 41.5348 1 19.9759 12.4514 63.1062 1 8.3006 20.5952 72.6235 1 0.275434 0.812691 74.1464 1 8.68101 1.03625 78.5531 1 21.9753 7.87103 46.4229 1 22.742 13.3704 76.7334 1 5.43184 16.9333 104.526 1 15.5606 21.9021 82.5398 1 2.48114 5.44561 38.9803 1 6.11206 6.36287 59.6581 1 22.0852 16.2357 106.548 1 4.0761 0.915876 79.0998 1 5.15629 2.39948 53.0885 1 4.17389 3.57526 61.272 1 19.2243 16.2022 47.8043 1 14.3615 11.9217 55.3676 1 8.78692 13.8578 108.718 1 3.42914 9.44619 81.0958 1 15.2602 22.5403 58.43 1 3.11021 19.242 92.9252 1 9.02258 5.76355 57.8156 1 7.3659 2.99306 96.3354 1 7.16681 7.8002 70.2257 1 13.8661 12.9212 99.1891 1 1.84981 19.0751 106.665 1 20.6047 8.14711 60.1867 1 15.4317 15.7667 106.285 1 20.6689 16.0535 76.8702 1 18.9418 21.7455 99.4862 1 16.48 3.07999 87.2152 1 5.3848 0.641782 99.8864 1 22.6735 5.92276 52.7845 1 0.941934 6.86222 59.252 1 0.140323 14.491 99.7859 1 8.31833 21.182 108.272 
1 5.55083 10.2833 107.143 1 14.2176 2.09293 89.3541 1 10.9487 3.68875 60.1152 1 20.0831 0.204489 105.43 1 19.7844 10.1721 108.095 1 13.9597 0.839092 98.5825 1 2.61252 17.4946 82.6265 1 8.78096 17.3656 94.509 1 2.92461 16.1905 101.45 1 7.30905 0.763441 90.7255 1 21.8358 7.24942 103.896 1 0.155654 17.7566 78.6663 1 21.8483 18.8673 109.077 1 3.21301 6.09623 92.0873 1 2.22306 15.431 105.601 1 1.90286 8.46034 102.286 1 22.5902 21.0733 105.282 1 8.22433 8.93553 91.1189 1 17.839 15.5444 65.3712 1 14.6344 18.4057 89.6579 1 8.72778 16.8877 97.9533 1 11.8663 20.0062 71.5953 1 12.6829 22.1054 93.3715 1 6.92916 14.2573 70.3838 1 3.40487 16.2563 85.9116 1 6.05959 14.5615 62.0711 1 8.57036 4.6278 79.8326 1 17.3454 18.6754 96.1908 1 16.5956 21.9542 101.609 1 2.69146 11.6588 99.9724 1 13.2228 11.0525 107.503 1 7.12042 15.2564 84.0206 1 19.0353 15.6018 108.525 1 13.7666 0.794703 61.1692 1 13.6841 7.94344 90.6817 1 8.16346 3.78404 83.6603 1 12.9879 22.3135 36.9067 1 17.8461 6.07953 103.971 1 2.18068 11.8332 103.94 1 22.2436 20.5515 35.4304 1 19.4305 18.7649 106.739 1 9.04899 14.3166 92.3623 1 15.7039 9.22332 105.12 1 9.27311 11.0355 102.048 1 15.3182 8.01828 108.346 1 10.6041 1.28561 107.908 1 22.6277 13.104 108.266 1 19.9036 12.4 98.7867 1 16.7234 13.7475 62.4138 1 7.07595 5.90374 89.6121 1 6.38042 5.68251 99.092 1 12.7216 2.25199 95.7639 1 0.0172879 3.02054 88.4956 1 7.57491 16.1059 88.583 1 12.4576 11.8475 90.1459 1 15.015 6.15379 97.5343 1 16.7247 21.0082 105.524 1 10.5241 22.7692 64.3907 1 15.7811 22.0699 39.8342 1 17.6588 17.2577 103.946 1 20.8213 2.78199 75.9497 1 12.0497 15.4848 90.1081 1 11.2807 15.1908 86.1271 1 21.9972 15.2909 51.7634 1 9.7477 0.483084 97.5402 1 2.39225 2.07819 101.306 1 20.1838 3.90563 104.937 1 10.4006 13.0749 50.5045 1 18.8226 16.3976 92.7988 1 17.7897 4.4916 82.0811 1 18.3618 4.59323 70.5143 1 14.7713 6.62941 68.7707 1 22.1209 5.10493 107.36 1 19.0706 5.4533 97.6254 1 21.3297 18.6863 90.5445 1 12.0669 17.8709 96.0678 1 23.1832 13.0587 70.5832 1 4.03148 10.458 75.5889 1 21.7987 20.5674 59.6583 1 4.3281 12.4322 92.4601 1 4.92552 1.53794 104.618 1 13.8146 12.2161 64.9985 1 9.52181 13.7986 99.807 1 0.0970456 17.6679 86.7472 1 0.645965 4.79159 72.6662 1 21.0899 3.0148 93.1116 1 21.1608 2.72008 71.8725 1 2.25278 15.3027 19.8411 1 0.863338 16.9694 56.5696 1 22.4839 20.5658 101.194 1 19.2698 8.21924 91.3401 1 10.5802 4.87229 96.5207 1 5.08316 12.117 56.2915 1 15.39 15.5111 70.4857 1 2.70786 3.25129 107.645 1 5.72297 14.1631 99.1525 1 7.6958 10.53 76.5234 1 11.6493 4.74044 89.6905 1 18.9241 22.3472 81.2674 1 2.81525 12.2134 107.296 
1 18.2699 12.6396 92.4113 1 21.2241 14.1487 86.597 1 19.6594 7.92483 77.1948 1 19.5251 8.42152 100.063 1 3.75702 14.2093 83.1354 1 18.3238 7.11097 84.3219 1 10.7562 3.16428 67.7778 1 15.0568 13.6454 91.9438 1 19.3151 6.65809 107.595 1 16.3779 3.42612 95.1211 1 6.78879 14.1223 77.3884 1 10.827 6.74759 102.48 1 22.3604 9.28142 79.6357 1 5.53329 18.9717 51.7917 1 13.3063 3.04133 92.4463 1 3.67586 21.579 74.4353 1 7.57687 20.0544 90.1061 1 11.2696 14.5849 77.4403 1 2.05705 22.9697 87.4513 1 20.4954 13.1911 95.3648 1 2.07916 11.3187 78.2593 1 1.25811 10.2035 83.6974 1 11.6644 2.68102 64.464 1 9.64748 15.6381 80.6895 1 21.7895 18.9481 82.0019 1 21.7235 22.1252 54.3782 1 1.75564 3.77583 94.4576 1 14.4605 1.66503 66.4157 1 16.1236 8.51608 74.7343 1 11.5149 13.6461 105.471 1 13.108 7.85289 87.1327 1 19.1667 15.3435 89.4661 1 10.04 20.104 35.7594 1 12.7364 13.4111 82.821 1 22.0179 17.9208 103.363 1 13.1446 4.25427 108.829 1 20.5734 5.0062 41.7492 1 1.12373 9.41605 108.61 1 6.75806 7.15602 74.2192 1 1.55386 22.0737 108.7 1 6.64324 8.72555 100.937 1 22.3657 1.60556 107.964 1 18.4879 7.4181 88.1241 1 3.40591 8.41706 72.6812 1 11.1075 18.1412 65.8029 1 4.98283 16.0975 80.4657 1 1.86067 10.0977 93.4856 1 12.037 10.3244 104.083 1 19.8829 2.44348 89.0961 1 2.272 16.0911 61.5663 1 12.8493 4.72441 99.8404 1 7.53169 20.7095 98.4584 1 5.50431 4.92063 85.949 1 0.404637 3.61616 104.82 1 16.5314 1.3879 108.745 1 19.2289 3.22215 108.324 1 1.63665 13.2869 86.1869 1 9.63719 19.6839 103.84 1 3.6957 17.4606 76.6895 1 2.27251 15.6775 97.1986 1 4.52607 17.5808 67.3826 1 14.1598 22.9394 107.261 1 12.6066 3.27931 105.488 1 6.88796 11.6797 45.9121 1 3.01829 9.7924 86.3487 1 17.7382 0.934501 83.718 1 14.1784 6.42809 104.575 1 18.9125 22.1115 108.587 1 9.34061 0.869969 94.148 1 11.3261 17.8402 101.073 1 17.1411 12.4615 96.075 1 15.8936 15.1447 101.018 1 22.2012 0.384047 102.774 1 6.41749 14.1998 95.4949 1 3.59174 23.0992 90.8027 1 2.39572 8.66296 105.573 1 8.34167 7.49694 83.9659 1 4.002 20.6804 65.8706 1 16.0349 3.77893 100.761 1 9.28407 3.7331 99.5452 1 15.071 19.0358 93.735 1 14.9932 17.3921 98.2096 1 21.6184 16.3551 96.8917 1 2.20597 6.73742 84.0969 1 17.284 23.0106 87.5776 1 11.2051 18.5037 92.0624 1 22.8187 14.29 103.598 1 7.51605 9.48505 65.6094 1 13.0848 4.05359 76.288 1 2.4919 6.89759 88.4952 1 18.6567 1.80979 102.474 1 5.64454 4.69557 55.8875 1 17.2229 4.07442 91.7828 1 16.6419 10.5356 78.0656 1 6.4734 14.313 102.368 1 19.5124 19.5861 70.9948 1 9.22253 16.1783 104.463 1 5.43727 10.9536 103.557 1 7.42634 3.96219 108.123 1 5.49083 17.7611 95.7485 
1 14.4679 2.76434 70.0414 1 21.1258 20.1284 66.5335 1 18.5423 10.5476 103.446 1 4.00792 6.81618 108.698 1 5.49899 6.25151 52.1825 1 20.7027 5.4199 90.042 1 16.7483 9.54097 62.3275 1 4.02105 12.4071 48.153 1 0.275583 14.5034 59.1059 1 6.98393 12.4255 89.652 1 17.5252 15.1009 78.1746 1 12.6918 9.92693 100.626 1 5.98998 21.2175 101.98 1 21.105 5.63841 79.8067 1 16.8179 13.1188 86.0475 1 0.984565 15.7439 90.007 3 1.35106 1.35106 111.265 3 1.35106 4.2679 114.155 3 4.2679 1.35106 114.155 3 4.2679 4.2679 111.265 3 7.18474 1.35106 111.265 3 7.18474 4.2679 114.155 3 10.1016 1.35106 114.155 3 10.1016 4.2679 111.265 3 13.0184 1.35106 111.265 3 13.0184 4.2679 114.155 3 15.9353 1.35106 114.155 3 15.9353 4.2679 111.265 3 18.8521 1.35106 111.265 3 18.8521 4.2679 114.155 3 21.7689 1.35106 114.155 3 21.7689 4.2679 111.265 3 1.35106 7.18474 111.265 3 1.35106 10.1016 114.155 3 4.2679 7.18474 114.155 3 4.2679 10.1016 111.265 3 7.18474 7.18474 111.265 3 7.18474 10.1016 114.155 3 10.1016 7.18474 114.155 3 10.1016 10.1016 111.265 3 13.0184 7.18474 111.265 3 13.0184 10.1016 114.155 3 15.9353 7.18474 114.155 3 15.9353 10.1016 111.265 3 18.8521 7.18474 111.265 3 18.8521 10.1016 114.155 3 21.7689 7.18474 114.155 3 21.7689 10.1016 111.265 3 1.35106 13.0184 111.265 3 1.35106 15.9353 114.155 3 4.2679 13.0184 114.155 3 4.2679 15.9353 111.265 3 7.18474 13.0184 111.265 3 7.18474 15.9353 114.155 3 10.1016 13.0184 114.155 3 10.1016 15.9353 111.265 3 13.0184 13.0184 111.265 3 13.0184 15.9353 114.155 3 15.9353 13.0184 114.155 3 15.9353 15.9353 111.265 3 18.8521 13.0184 111.265 3 18.8521 15.9353 114.155 3 21.7689 13.0184 114.155 3 21.7689 15.9353 111.265 3 1.35106 18.8521 111.265 3 1.35106 21.7689 114.155 3 4.2679 18.8521 114.155 3 4.2679 21.7689 111.265 3 7.18474 18.8521 111.265 3 7.18474 21.7689 114.155 3 10.1016 18.8521 114.155 3 10.1016 21.7689 111.265 3 13.0184 18.8521 111.265 3 13.0184 21.7689 114.155 3 15.9353 18.8521 114.155 3 15.9353 21.7689 111.265 3 18.8521 18.8521 111.265 3 18.8521 21.7689 114.155 3 21.7689 18.8521 114.155 3 21.7689 21.7689 111.265 
0 0 0 0 0 0 0 0 0 0 0 0 0 0 0 0 0 0 0 0 0 0 0 0 0 0 0 0 0 0 0 0 0 0 0 0 0 0 0 0 0 0 0 0 0 0 0 0 0 0 0 0 0 0 0 0 0 0 0 0 0 0 0 0 0 0 0 0 0 0 0 0 0 0 0 0 0 0 0 0 0 0 0 0 0 0 0 0 0 0 0 0 0 0 0 0 0 0 0 0 0 0 0 0 0 0 0 0 0 0 0 0 0 0 0 0 0 0 0 0 0 0 0 0 0 0 0 0 0 0 0 0 0 0 0 0 0 0 0 0 0 0 0 0 0 0 0 0 0 0 0 0 0 0 0 0 0 0 0 0 0 0 0 0 0 0 0 0 0 0 0 0 0 0 0 0 0 0 0 0 0 0 0 0 0 0 0 0 0 0 0 0 -1.01839 0.593169 1.17725 1.68636 -1.48775 0.621041 2.57901 -4.21371 1.15992 -1.90256 0.61586 -2.51599 0.259409 1.56073 -2.00046 1.55528 -2.16056 0.836618 0.456963 -2.17691 -3.18711 0.319805 2.82383 -0.512899 -1.65789 -2.41655 -2.75952 -0.831893 2.53099 -1.34753 0.100914 -1.00647 0.670018 -3.42216 -1.14229 2.04964 0.853852 1.03569 -1.98564 -0.93823 2.21381 1.83732 -0.644889 0.331178 0.136073 -0.647857 -0.264213 -0.878342 1.97137 2.48487 -0.212598 -2.08144 0.536091 -4.03881 -1.36061 -0.561631 1.02127 -2.85652 0.782759 1.7214 -3.05684 -1.09726 1.42671 -0.436638 1.08554 -1.17872 1.67695 0.622088 0.900325 2.68451 1.49761 -0.902548 0.489036 0.909907 -1.29679 -0.844439 0.604452 2.5373 0.965211 0.92735 1.40223 -2.03699 0.230563 -1.91256 1.40477 0.403113 4.98442 -1.43959 -0.715787 -1.667 -2.23602 0.000285941 -1.77591 1.50876 1.05098 1.10271 2.04315 -1.80542 0.800449 1.04786 1.84837 0.764852 -1.28949 -2.5579 -0.508055 -1.54061 -0.331724 0.379749 
-0.291132 0.0380092 2.16216 1.76914 0.199091 -1.43997 -2.29921 3.09281 -0.569594 -0.476 1.78753 0.152458 3.09422 -0.425814 -1.53698 0.417246 -0.503214 1.92106 -0.254963 -0.0464207 2.05189 -0.270412 -4.54948 -1.40059 0.824991 -1.38618 -1.81811 0.631522 1.08529 -0.742882 -1.42198 -1.57702 -1.57722 -0.362591 0.100756 0.328154 2.43831 0.686666 -0.144766 3.68642 -0.194486 0.484721 3.87723 3.81939 3.97413 -1.11961 0.8317 -0.898036 1.17244 -0.314025 -0.553217 0.735761 -0.859441 -3.25772 -0.631129 -1.22511 0.177341 0.551521 -0.41175 2.75092 -2.50903 0.0354712 -0.354791 -2.3636 0.354401 -1.33254 0.368766 -3.56439 1.3661 2.49509 -2.28786 0.277441 2.36632 -0.216593 1.01533 0.641536 -1.72959 0.313865 0.0257276 1.40857 0.0538524 0.237273 0.713115 -2.58065 1.42922 0.0896435 2.49911 -0.310943 0.517453 -3.322 0.192101 1.34514 0.604877 0.465285 -1.31554 -2.4351 -1.81826 -0.615054 -0.0639427 0.841851 -0.63322 0.264624 0.863056 0.788052 1.54874 -1.54669 1.70581 1.92429 -0.298939 -0.398729 -0.647809 1.5931 3.00774 -2.78696 -4.10584 -0.376121 -1.09524 -0.00141174 2.20388 1.42286 -2.33569 1.52639 1.29252 -1.10975 4.45336 -2.25531 1.84602 -2.52835 -0.382402 -2.2431 -0.260259 2.59991 -4.5239 -0.956691 1.07573 1.68079 0.94184 0.532282 -0.0968735 -0.0501484 0.396503 -2.74833 -1.76048 0.260097 2.25808 0.126382 1.09646 2.42364 -1.24077 -0.626696 1.94505 -0.862445 -0.218317 -2.05066 -0.666919 3.23738 -3.93772 -0.769996 2.02895 0.00428007 0.688107 0.279323 -0.956651 -0.268854 0.485172 0.683843 -1.01882 0.783481 0.0395601 -1.54136 -0.288739 0.440219 0.257062 1.68444 0.233013 -3.07858 1.94358 -0.8757 0.973554 1.55754 -1.29177 0.21899 0.031902 -0.431472 1.6249 3.08335 -1.77086 -1.26999 -1.6992 -0.582583 -3.16039 -1.00018 1.80535 -4.47211 1.84524 -1.51754 -0.634141 -0.318784 0.529266 1.75942 0.651652 -0.512601 3.71264 3.27689 0.023485 2.1512 0.754399 1.50785 -2.00561 1.76762 0.661075 -1.76061 0.0384869 -1.48348 3.35502 0.210458 -1.34893 -2.12142 0.883602 2.94158 -0.0166831 -1.65062 -1.4489 -1.7908 0.167879 -1.44281 0.649373 1.80608 -1.20198 -3.1033 -0.953162 1.11109 -2.7194 -0.994808 -0.941838 0.655274 0.731299 -0.449518 -1.03182 0.550713 -2.82143 -3.59022 -0.273943 -1.13073 -2.9981 1.71151 2.18311 0.599618 -0.76065 -2.71881 2.21841 2.45232 -0.280346 0.443405 -0.0590215 2.57101 1.71032 1.02564 -0.819696 -0.251684 2.80482 -1.07314 0.889476 1.44446 -0.193381 0.897956 -1.93161 -1.03398 -1.10213 1.75897 -2.58004 2.68683 -0.110909 1.73889 0.0684111 1.25255 2.72654 -0.363831 0.438254 -0.803425 -1.28358 -2.27746 -1.49902 0.0691556 -2.01316 -1.91338 -1.36451 -1.67905 -0.927995 0.807013 1.03626 2.66998 -1.23461 0.481807 -1.41855 -0.0564108 0.444407 1.46066 -1.24974 -2.23962 
-0.0165427 -1.98008 -1.08133 4.65587 -2.76844 -2.2645 -1.3874 0.683359 -0.846244 -0.269097 0.845574 -0.114381 -1.99886 -2.30635 2.39009 -1.10333 -0.949308 3.2167 -2.39366 -0.470209 -0.0588061 -0.308982 -0.152482 0.740462 -0.179426 -0.968174 0.140162 0.620849 4.46239 0.313427 -1.18034 -2.4411 -1.84009 -0.203255 2.75526 0.944584 -2.25121 0.321867 0.0721431 1.91758 -1.59009 -0.135308 -0.469836 0.056742 -0.459064 -2.52434 0.38788 -1.00765 1.85588 0.0262495 -0.0238511 1.13875 0.26501 0.0432774 -0.825181 -0.0711114 -0.11486 -1.54012 -0.729875 0.902956 1.14794 1.78101 -1.82086 1.8746 0.884875 -1.13194 4.82015 0.447641 -1.71945 2.05084 2.30345 -0.562708 1.3066 2.45452 2.83242 -0.116977 -1.70614 -2.4873 1.00233 -2.41569 -0.417742 2.41443 -0.676702 1.0054 -0.991164 -2.95978 -2.07529 -0.587573 -2.76655 0.583391 -2.66146 -1.6257 1.49135 -0.0503118 -1.05088 1.74547 1.18724 0.565965 -2.08543 0.508216 1.92704 -1.50375 -4.53699 1.34325 0.676389 -1.75713 0.928102 2.09417 -0.0566835 -2.47226 1.33129 0.661513 2.4814 -2.32804 0.883805 2.97519 -0.653909 1.51521 -1.0339 -0.032817 2.54425 -0.918186 -1.00435 -1.70481 0.549025 -3.63266 2.02296 -4.15062 0.467699 0.411794 0.0655485 0.671942 -1.39502 0.727849 0.155857 -0.557687 -0.0777045 1.50608 1.30525 -0.689533 2.39909 1.99315 3.29326 1.53312 -1.60191 -0.520271 4.92198 -2.76485 -0.16567 -0.894038 -3.39186 -1.81231 -0.61382 -1.47248 2.04237 3.04091 0.00464559 0.830192 -0.535801 1.7575 -2.03572 3.74318 0.459114 -0.254474 0.00212328 -1.67325 -0.857588 -0.872479 0.893548 0.0549019 2.95809 3.00229 2.7858 3.52151 -1.24609 -0.137622 -1.05884 -1.64287 1.68688 0.893847 1.7598 0.866997 0.938486 1.31394 0.00327054 0.975313 0.703641 -2.48311 1.10995 -0.898798 0.61573 0.260262 -1.11164 -2.34868 2.56313 -0.221682 0.374034 -1.08838 4.20106 -1.50008 0.447623 -0.931762 -1.42326 -2.10589 2.55612 1.32628 -0.0644517 0.582379 -0.306266 -1.38497 -2.96918 -0.762507 -2.50867 -1.87099 1.01095 -1.63581 -0.146991 0.38686 -0.0030573 1.84147 -1.70945 -0.637179 -1.232 2.19171 1.27193 3.43072 6.02902 1.14325 1.16864 -0.28805 -1.11193 -2.2323 -0.603956 -0.832222 -1.92916 0.573724 -0.351742 -2.07363 -0.75645 -1.88513 -0.0396256 -1.00254 1.06825 -1.15759 -0.0985758 -2.97101 1.52234 1.67548 -2.26535 0.528581 -0.424371 -0.0839251 1.48035 -2.79123 -0.950351 -2.20244 1.2328 0.670256 -0.586193 -1.22654 0.487474 -1.01882 2.47762 0.00735226 2.32603 -2.33486 -1.70415 2.82683 -1.08563 1.43722 -0.939428 1.07484 -1.37288 1.29608 2.1471 -0.541685 2.12494 -2.65315 -2.25955 -3.40588 -0.041526 2.76754 -1.25157 -4.36208 -2.04535 2.67526 -1.96694 0.416867 2.40131 0.171994 0.480013 1.5103 -2.03545 -1.90676 1.7649 -0.376836 0.147391 0.741841 -0.468888 1.95725 
1.02602 0.78527 0.882993 -0.919361 -0.142953 1.13175 0.608038 2.03248 -1.71916 2.31521 -2.86112 4.25771 0.0854746 -0.32577 -0.744188 -2.14273 -0.100428 -2.56848 -1.14395 0.572816 1.86276 -2.65548 -3.35684 3.26801 -1.27354 0.497954 2.42996 0.0172098 -2.03207 0.430625 0.0517011 0.935378 -0.809106 2.30804 -2.27939 1.85111 -1.01848 0.0271921 -0.475941 0.813147 1.12132 -4.26526 2.79181 -2.08941 -1.77679 2.37786 -2.32713 1.69249 -1.61709 1.71976 -1.39852 -0.760237 1.12275 -2.14039 0.991471 -1.43842 -0.260023 0.79044 -1.75831 -0.691952 -0.806661 -1.61882 -2.42982 -4.36214 0.0207277 -1.47835 -0.591907 2.97448 -1.79052 0.830057 -1.0729 0.495596 -1.44714 0.106404 4.04884 1.25699 0.0798967 -1.10938 -1.09144 -1.54127 -0.926381 0.90975 -1.4696 -1.734 -0.333375 0.792719 1.66451 -2.32584 1.44106 0.561625 -1.40041 -1.23769 0.73488 2.07041 -0.690935 -0.614962 -2.43702 -0.187001 2.80151 0.423115 -2.63288 -0.666972 0.592427 -0.264494 -0.694418 2.32598 -0.253386 -2.42574 -1.54883 -1.31767 1.66897 0.530033 -2.20473 -1.2143 -1.76385 1.36474 1.28591 -2.50364 -2.07846 0.698631 -0.105666 0.298152 0.658999 2.99464 -2.46069 -3.22378 -0.604679 -3.82601 -0.624368 1.02937 -1.61322 2.23645 0.956175 -2.07593 -1.03789 2.32765 1.43083 -1.27933 1.14438 0.468967 -1.20289 -1.52439 -0.00697826 -2.99872 -0.684269 -2.24763 1.16304 1.61721 -1.71748 0.222873 1.89508 -0.6205 2.07434 0.247931 -0.509514 1.11138 0.331737 2.29315 1.83169 -1.28693 0.99793 -0.228781 0.872695 -1.29277 0.553898 -1.62021 -0.42419 1.0586 0.917185 2.27452 0.27757 2.99728 1.50207 -0.562929 1.55356 2.44912 -3.0769 -3.50256 0.357355 -2.24556 -1.87155 1.51951 -1.43493 -0.814096 -0.0453803 0.527383 -0.867235 1.04348 0.753666 1.25491 -0.883641 1.59648 -0.419248 -0.503866 -0.538639 -1.39401 1.51112 1.00128 -2.8697 2.07049 0.149447 -1.22871 -0.435067 0.285575 2.3194 4.61293 1.28877 0.704887 2.22624 2.01797 -0.186842 1.287 0.653873 -2.86489 1.29206 0.0261111 -0.265365 2.22754 -0.231347 -0.100656 0.235514 -1.41328 -0.335925 -2.57088 -0.658549 0.919968 -1.84211 1.27955 1.69139 -2.06611 0.116131 0.361538 0.324473 -2.88754 1.12316 0.596898 0.529051 -0.029788 0.972273 0.290921 0.718542 1.44448 -2.2878 1.26427 0.778218 -1.17306 -0.415756 2.50292 -0.485198 -0.821357 1.94255 -0.779543 1.91983 -3.6534 -1.81652 -0.0055881 1.17526 -5.2718 2.30979 -1.81647 -0.398525 1.08967 -0.480922 -0.939237 1.88688 -3.05222 -2.16116 0.399107 0.911306 1.03892 2.70624 -1.25263 -0.0573354 -0.902511 -2.92584 -2.23216 0.451902 2.21912 -0.483913 1.33313 0.681642 -1.0786 0.0927546 1.1291 -0.834896 -3.05228 2.02835 0.90646 -1.63692 0.123169 0.0528437 0.593876 -1.50818 3.04101 -2.28802 1.60624 -0.746891 0.830507 3.93139 1.92545 
-0.00799242 0.552253 2.85818 -2.55764 -3.26379 -1.50374 -0.958109 1.40194 -3.588 0.457558 -3.82985 1.13061 2.72209 -2.95773 0.531849 -0.338433 -4.62119 -2.02165 4.15699 -1.92954 -0.607194 -2.52827 3.2666 2.02322 0.138852 0.96245 -0.590589 -2.91362 -1.83909 1.97349 0.740275 -1.08845 0.025439 -1.14527 -1.33752 -0.73798 0.0214865 0.353356 1.87211 -0.546249 -0.525008 -0.449726 1.04822 -1.40447 -1.84142 -0.594899 1.41559 2.803 -0.317378 1.18259 0.0743836 0.38099 0.438518 2.11781 2.46737 -2.57103 -2.3222 -1.86723 -1.23683 -0.471408 -1.28721 0.131786 -2.77952 0.75197 -0.124326 -2.04586 1.77001 0.801345 -4.09645 2.02649 -0.802054 0.231266 -0.000352583 -0.122166 0.713376 -1.49241 1.37624 -0.486949 -2.08406 4.28891 3.01704 0.718624 0.23746 -0.450113 -2.2366 1.92541 0.399499 -0.939145 -0.125969 0.0889591 -1.08342 -1.53415 0.264922 -0.934821 -2.40406 -1.12037 0.61783 -2.76588 -2.12397 0.905904 -1.68257 -0.941077 1.27282 0.0684086 1.15549 -1.87347 -0.0581912 -2.68751 2.29474 1.11578 -0.914305 0.784801 2.95477 0.369854 -0.138688 -0.573025 -2.03972 -0.507784 2.04834 2.18602 -1.46218 -2.38731 1.76177 3.05542 0.804933 -0.879518 0.740529 1.56018 0.176447 0.963759 -0.0812422 -4.82827 -2.87197 -0.607491 -2.48251 -2.42984 2.95956 0.662965 1.91641 -1.78131 -1.0344 -1.55902 -1.19297 -1.19058 0.368679 0.403957 -1.94383 -1.70286 -2.63839 -2.69245 2.60673 -2.4147 2.41291 2.20891 0.727799 -3.32336 2.52403 0.0124248 -1.79831 -1.21059 -0.670661 -0.783274 1.57651 -2.58375 -0.0896763 -2.50864 -4.08531 1.22274 -0.468741 -1.37194 1.76585 -3.30579 0.130273 -0.531875 1.16598 0.970513 -2.18201 0.740323 0.286475 2.31963 1.17596 -2.17023 -2.28918 3.52128 0.993519 -0.0514216 -4.09881 0.797647 0.879152 -0.186767 -0.452486 0.163095 -2.03232 1.41706 0.387341 0.371894 0.688648 1.74103 0.281899 -1.28201 -0.101124 0.848855 0.097112 -1.5076 -1.66966 -1.78443 0.210291 -0.0306898 1.09474 0.717886 -1.19436 1.6652 0.0557004 0.603079 1.03642 1.97628 -1.08321 0.44787 0.70591 0.0706655 -0.840232 -3.12942 -1.66039 -4.00791 0.86908 -0.747961 -1.5992 -0.549279 -0.0780557 2.60164 2.10423 0.0353124 -3.20239 -0.916106 0.535903 -1.2793 0.731477 0.52428 0.401958 0.0498776 -1.69862 -0.262205 1.14644 1.40802 1.32839 -1.37 3.84058 0.466098 -1.25231 -1.54938 0.350506 -0.965477 -1.0644 0.646295 -0.402736 -1.40808 0.799604 -3.73615 1.19021 -0.396979 0.974478 -1.06615 1.37217 -0.376966 0.449839 -1.81518 -0.484696 0.0692686 -2.8698 1.37636 0.214085 3.21572 -0.138147 -1.80862 -1.2012 -0.824426 -4.20264 1.68242 -1.10425 -0.174292 -2.0645 -1.22331 -1.0558 -0.709314 2.16625 1.0346 -1.18974 -2.57951 0.452256 -1.42224 -2.16976 -0.565568 0.973377 0.172339 -1.86793 0.601954 0.552133 0.448378 -2.08821 1.6972 
0.232052 0.0404218 -2.17022 -0.721183 0.918421 3.0539 0.667374 -2.01756 0.130793 -1.83556 1.03105 -0.354879 -0.94936 -2.90206 1.58524 0.891036 -0.677371 1.29273 0.676222 -0.134883 -3.58992 2.8181 2.6717 0.903361 -3.2636 -1.95997 -2.90293 0.0669361 0.966788 3.0142 -0.694342 -1.67759 0.496616 0.067586 0.173576 1.19915 0.800059 2.39368 1.38991 -1.68481 -0.0651925 -1.71049 1.93132 -1.44267 -0.199698 -1.38818 -2.62606 5.05782 -1.40876 -0.390561 0.189766 0.20395 0.586505 0.965912 -0.0766573 -2.56529 -2.42863 0.160685 -3.17552 0.793351 -1.0869 0.890436 -0.176042 0.310603 3.66254 -3.58096 0.374961 -0.994839 2.85385 -1.21596 2.18247 2.08978 -1.08051 -1.10585 -1.10399 -0.592567 -1.28354 -1.30173 -2.26603 2.27269 0.806154 -1.27932 -2.76536 -0.526766 -4.05797 0.767118 1.4773 -4.18246 -0.695262 3.97354 -1.03028 2.16884 2.75079 -2.75926 0.0354941 -0.764386 2.82755 0.16474 -0.271035 1.29376 0.33275 0.791536 0.469133 -0.471788 0.109829 -0.193237 -1.79563 -1.24529 1.36864 -0.389947 -2.49103 -1.18412 -0.292883 -0.524669 0.626149 1.70707 -0.551896 1.04368 -0.076004 -1.23364 2.70694 -2.46321 1.9121 -1.56499 0.995328 -3.34343 -0.532317 0.167732 -1.71547 1.34464 -0.729465 -1.08842 0.857528 -0.562737 -0.588652 0.167861 -3.13209 3.36695 -0.32133 2.42528 -3.24953 -1.735 -0.140834 0.882757 -0.919868 2.74046 1.21334 -0.799779 1.08926 -0.253589 -2.24342 -2.14909 -1.76495 -2.20814 1.41393 3.50872 0.648167 1.11788 -0.297798 -3.80877 -0.958336 -0.591258 -4.32482 -0.511011 -0.896234 1.71354 0.967394 -1.57534 2.24392 0.795731 1.30014 -0.70994 0.287624 1.02776 3.93661 -1.80349 -0.917657 -2.36613 -1.69657 -2.31536 -0.610498 -0.973553 0.940249 0.311731 0.241254 1.83699 -0.73677 1.7397 -2.15013 1.74778 3.54259 -4.16601 0.00350202 -2.09972 -1.33528 -1.56681 0.24158 0.593155 0.765431 -2.07296 2.70695 -2.24493 -1.41243 -0.11317 -0.145209 -3.73771 1.10488 2.04682 0.435937 0.731252 0.987385 -2.22451 0.761926 0.0348436 -0.191238 1.59569 -0.967984 -1.43938 -3.67102 1.50545 0.307683 -1.4087 -0.52417 2.17067 -1.98413 -1.74697 -1.21335 0.887241 -0.190767 0.576171 -1.89137 0.610513 -0.65071 0.596008 3.65027 -1.34018 0.711827 0.230353 0.412438 0.726971 1.71641 0.249454 1.47963 2.22891 1.44537 0.712434 2.88251 2.52365 -3.09991 0.0710161 -3.62994 1.13874 2.46482 -1.97654 0.557959 1.53332 2.68248 0.567082 -2.14896 0.0227369 2.90787 -1.55686 -2.45973 -2.05466 -0.758732 1.46386 -0.672044 0.223674 2.49639 0.577293 -0.798262 -0.314984 0.760572 0.69949 2.68482 -3.84234 -1.89251 0.407471 0.21369 -2.9216 0.390262 0.729675 -2.21664 0.934005 3.0429 -3.42796 0.819492 -0.177202 1.94288 -2.21232 -0.384869 0.62212 2.17512 -0.704394 -1.06424 0.57881 1.49965 3.20874 -0.387763 3.84478 
-3.57562 -0.114512 -0.45564 -2.71747 -2.08051 -1.44523 -0.203831 1.69151 -0.496194 -0.028278 -2.27216 -2.36551 1.87145 -1.37903 1.22096 0.827459 0.995458 -0.760531 -4.92222 -1.26269 -0.600997 -0.58432 -0.595301 -2.34922 0.652136 0.583344 -0.476564 0.771211 0.360882 -1.26858 -0.587983 -0.979948 1.13216 1.19891 0.087002 0.32336 -1.94996 0.612556 1.53707 4.44072 -2.15543 -0.897012 -0.970664 -1.49177 1.21256 -3.52335 -0.48604 -2.60524 -1.2045 0.805544 1.08429 -0.794478 -1.67767 2.23205 1.83596 0.3341 2.25973 0.528404 -2.53806 -1.04271 1.15844 1.96216 0.568124 -2.35709 -0.480123 -0.963444 -2.77765 -0.59285 2.55533 -0.5479 0.833755 1.63366 -3.39561 -1.54601 0.0810464 -3.66823 0.135049 1.20948 1.25186 -0.190899 2.15049 -0.507856 3.11637 1.08847 -1.25852 0.120886 0.36688 1.11156 0.715405 0.535482 1.02012 -2.01642 -0.382674 -2.40031 -0.253227 0.655578 0.415731 0.909896 0.875547 -1.21367 -1.34843 2.53384 -0.81157 -0.476388 -1.72015 -1.47964 -2.70827 3.03719 0.580798 2.6613 -1.61782 -1.29281 0.641404 -2.89249 -1.33733 -0.166342 0.41329 -1.53284 -1.69897 1.39002 1.83198 -0.357314 0.664669 -1.41493 -0.529623 0.377314 0.818511 0.951796 -0.47382 0.987893 -0.349261 -0.970488 -0.555784 -5.22576 0.201613 0.476645 -1.16784 -0.440791 0.854044 1.17886 2.37503 5.99759 -0.170438 0.0463282 -0.133112 -0.901563 -2.77044 0.133352 0.45076 -0.337686 2.41195 -1.04074 -0.721002 -0.592444 0.244569 -1.08539 -2.00687 2.76124 -1.02728 -3.51607 2.48876 -0.511632 -0.346095 -1.08475 -0.0800863 0.763701 1.21841 -1.2266 1.39136 0.144619 -0.945366 0.125521 1.80295 1.02135 -1.77236 -2.25603 -1.32269 -1.04941 0.895163 -0.592196 -0.544295 -3.67805 1.69327 -0.896642 -1.13474 1.25881 -0.953663 2.6143 1.3966 1.36398 0.522907 2.34328 1.73244 0.376253 -4.11153 -0.275267 -0.912839 -0.389203 0.0528684 1.37276 -0.368864 -0.973275 -2.97781 -1.53019 -0.772175 0.959354 1.08623 -1.83401 -0.410148 1.28506 0.781831 -0.320091 1.90072 -0.865049 -0.40169 2.42467 -1.17494 -3.66552 -1.75978 1.56361 1.15961 0.144016 -2.34039 -2.12754 2.11601 -0.106541 -0.377584 -1.22787 1.85537 -1.17318 0.164135 2.75203 -0.620621 1.3869 -0.0740786 -2.61049 -1.71784 2.05808 -1.08191 -1.70739 0.579627 -0.676227 1.01458 2.17104 0.213761 4.11142 1.14601 0.0940237 1.87281 4.2348 -1.06892 0.630038 -1.09884 -0.26915 -0.149745 -1.4381 0.740456 -2.4413 -1.7887 0.49477 -1.20441 1.88726 0.978646 -2.00496 -2.37005 0.356684 -0.991276 -2.0651 -2.25546 -1.39787 1.97647 2.46243 -3.74535 -0.109099 -1.51186 1.54591 -0.956511 1.19582 -0.686253 -2.13043 -1.19404 -0.5891 2.81023 1.78061 -2.39502 -1.7604 -0.962205 -0.824071 -0.861448 -0.319488 -2.85226 -4.13322 0.108412 -0.945055 0.788963 -0.155506 -1.2793 0.671005 2.00649 -1.55536 
3.87209 -0.970137 -1.66405 -0.519135 1.43162 1.18178 -0.695565 1.73321 -2.37693 -1.88618 1.79846 -1.12717 1.41707 -1.7679 -0.297878 -2.64824 2.33168 0.0659705 -0.888715 -0.456072 1.35139 1.63732 -1.80747 1.87114 -0.287953 1.59931 -2.13448 1.44287 -1.97005 0.115582 0.651541 1.36825 0.844346 2.16532 -0.47945 0.603538 0.735367 1.52189 -1.52928 -0.380549 -1.85357 -0.492685 0.390083 0.430929 0.015936 0.232896 -1.41947 -0.388748 0.708383 -1.48651 -1.31884 0.85604 -1.73194 -0.206444 2.56041 1.22239 1.87125 -0.967809 -0.574817 1.88127 -0.685169 -0.691811 -0.0221726 0.661015 1.47508 -3.23982 1.18217 0.187247 -2.09714 -0.850074 -0.485913 -4.1247 1.88414 1.51269 -0.110037 -0.221533 5.26024 -0.293203 -0.682206 0.8651 -1.0344 -2.56035 -1.23621 0.906494 -2.10041 -2.6194 1.02763 2.45322 1.97922 -0.140651 2.71472 0.743473 0.234979 1.25456 -2.97475 0.568641 1.64467 -2.84894 -0.851279 -4.23331 -0.0808393 -0.906944 -2.31432 0.882041 -1.1959 0.225294 -0.884518 -0.606755 0.908043 -1.699 -0.628329 0.55048 2.10652 -1.04768 -1.60735 0.07335 -2.1756 0.809356 0.589786 -0.268341 3.49335 1.55387 0.316758 -2.96598 -0.284707 2.72543 2.59116 -1.08967 -1.74791 1.7181 0.43955 -1.13626 -2.76668 -1.46945 -0.662326 -1.74073 -1.56646 2.22058 3.22048 1.50344 0.807546 2.5936 -0.838536 -0.888612 2.53214 -1.00964 0.950158 1.65737 0.583276 1.53532 1.43695 -2.08333 -2.89353 1.24598 -2.76807 -2.36511 0.224945 1.8011 1.38 -2.23378 2.47518 1.36955 1.233 -1.94317 0.865479 0.51096 -2.65715 1.92164 -0.809117 0.135201 -2.51724 2.37239 0.0101567 2.18897 -0.915069 -0.619473 -0.705243 -0.830522 3.01889 0.234504 1.5049 -1.09111 0.98335 1.57255 0.50022 2.89644 -2.00298 0.37039 -0.120317 1.61328 -0.574173 -0.0485203 -2.18931 -1.3478 3.15828 0.0502936 2.74131 2.04201 -0.633762 2.15463 0.965455 -1.24165 6.79591 -0.8979 4.82673 -3.30498 0.30924 1.78438 1.58229 -1.14544 0.951755 0.787467 2.44677 1.51733 -0.905339 0.724913 -0.347696 0.48766 1.42724 4.23631 -0.97506 -1.11212 -2.30901 1.53292 0.668168 -1.72804 -0.0855647 1.74716 -0.70945 1.12532 -3.01152 3.16737 0.0195431 0.704629 0.328249 1.58192 2.10754 1.31292 0.75318 -2.31325 -0.539641 0.912949 -0.297612 0.387413 -2.21488 -0.174247 1.32432 -0.925232 0.557183 -0.915187 -2.91522 -0.634905 0.888847 -1.71961 1.63749 0.218748 -1.48532 1.88711 1.4272 0.971973 -0.498263 2.34931 0.372004 2.41423 -2.71199 0.809455 0.420657 -1.24534 -3.2685 -2.89019 0.910201 1.65528 0.262335 -2.63784 0.556049 -1.08621 1.08653 2.07428 -2.24151 1.65724 -1.34505 -0.940125 0.488852 -1.22406 2.565 -2.18997 -1.13259 0.328742 0.88958 -0.833083 2.78374 0.655384 -1.94362 -0.340609 -0.842482 -1.61181 -0.781812 1.79412 1.34255 -0.876428 
0.23564 -0.632033 -1.00235 -3.5753 0.413138 -0.983021 0.589655 -1.05367 -1.03593 3.10101 1.65687 0.217734 2.31946 -1.06608 -2.15705 -2.34229 1.25245 -0.70349 0.271056 -0.729275 0.99263 2.31921 1.37994 -2.15897 0.765512 0.851019 -0.62814 2.35316 -3.81497 -4.52027 -1.7164 1.59753 -1.75146 3.44248 -3.34048 1.06254 -2.0447 2.53197 -1.99062 -0.879959 -0.298894 1.38694 -3.38925 -0.57266 1.87816 0.0427822 -0.154074 3.06351 0.750298 -0.238761 -3.34653 -0.0653855 1.97025 2.33228 3.75886 -1.77609 1.89877 1.91098 -0.669995 0.217391 -1.75128 1.2911 -1.47423 -2.27915 1.28911 -2.08858 -0.671645 0.141612 -0.378893 2.20957 2.8409 -0.532977 0.163187 3.68013 -0.400021 -1.07686 -1.13204 -1.37725 -0.961451 -4.72581 -2.30615 -2.53985 -1.69946 -1.5296 0.412941 0.847322 0.434577 -0.665431 0.119204 -1.74801 -0.124563 -0.260712 -0.838796 -0.397447 0.80119 -2.64516 1.04902 -0.142095 0.575338 -1.54754 0.28774 -2.41034 2.05994 3.00781 3.42738 -0.560769 -1.15983 -3.1949 1.29732 -0.00144376 -0.749737 -2.95995 1.16445 0.445757 -0.00858399 0.473881 -0.771456 -2.67245 1.20212 0.778136 -2.23542 -0.554297 0.230813 0.869098 0.0947141 1.51303 2.41391 0.544843 1.29398 0.366104 -1.34992 3.19842 -1.81009 -0.833976 -0.147339 -0.8517 0.486211 0.271494 -2.19673 -1.75725 0.784029 -0.805237 -0.420946 -4.13439 -0.147742 0.948803 1.623 1.48878 1.44555 -1.60537 1.07371 0.0100874 1.06335 -0.885012 -2.8828 -0.827777 -0.315086 -0.581194 -1.56891 0.935454 1.7151 -2.51518 0.720463 -1.28735 1.94938 -0.404659 1.39895 0.698857 2.13841 1.555 -1.67848 -1.03844 2.33951 -0.998377 -0.555557 0.764456 0.317734 -1.02916 0.721519 0.708733 -1.25705 -1.1439 0.119439 -1.78789 0.586166 0.407403 0.234831 -1.66669 -1.4033 -2.82268 -0.545146 -1.12695 -1.16064 1.49578 -0.373312 1.20672 -1.07207 2.13851 -3.00415 -0.550179 0.540103 -0.681874 -0.118585 -1.97217 -1.5275 -0.88236 -0.43967 0.675442 2.35641 0.473729 -0.46201 -0.823325 0.885941 0.864432 0.475464 -0.866803 0.841945 -1.72511 1.64981 0.472813 0.875846 2.44155 -3.44467 -3.5394 3.01767 -3.70494 -3.63461 1.33888 4.57476 2.07772 -1.85936 -2.34062 2.66665 1.11616 -1.37493 -0.462955 0.146712 -1.97771 1.09451 1.74345 -1.3019 -0.259241 2.46474 -1.15529 -0.721085 -2.32029 -5.44157 -1.04997 -0.0151341 -1.27798 -0.31456 0.516279 0.204013 0.330404 -1.19574 -0.434598 0.203479 -1.47765 -2.41582 3.18714 3.17857 0.0295607 -0.24018 2.18398 0.180796 -0.273175 1.03393 -1.75027 1.9856 0.31008 -2.40644 0.364791 1.34045 -1.81577 -0.471971 -3.23498 -0.754174 -1.0143 -0.597477 -4.13933 0.0216229 2.62213 -0.913722 -0.637873 3.90128 0.968336 -2.5215 -0.740388 -1.78157 1.40827 0.4528 -0.0622645 -0.733379 1.20436 -1.40301 0.788231 -1.19857 0.661127 1.6904 1.38791 
2.06261 1.48627 -0.611259 -0.603745 3.24854 -0.964266 -0.900312 1.0192 -0.532721 -3.1435 -2.01685 -0.173434 -2.26066 -2.27987 -3.57652 0.952402 3.64568 -0.374943 -1.41235 -3.14745 1.75672 1.99973 1.71362 -0.30108 -0.0375707 1.4757 1.21976 1.96184 0.835889 -0.448361 0.659203 -1.63481 2.58879 0.131477 2.2124 0.760134 0.845942 -1.84037 -1.5733 0.627762 -0.15408 -0.0929548 1.43577 -0.811302 3.15206 0.678421 1.806 -2.12558 1.72568 0.338191 -1.65696 -4.45183 -0.531718 2.0219 -0.0192477 -0.137626 -2.89544 0.349939 0.804502 1.39438 2.74722 -0.214453 0.787261 1.27603 -2.56483 -0.296825 -2.2763 -0.497521 0.813612 1.90295 0.194924 0.935436 -4.57078 0.793105 -1.78838 1.73416 0.581578 2.27456 1.19326 -0.155923 -2.18057 -0.736549 -2.27185 -0.668903 0.0993974 0.0978162 1.19205 -0.402692 -0.227647 1.91051 -0.178055 0.646701 0.196921 -0.0726549 0.438462 1.19949 -0.0188328 1.33396 1.47495 0.890384 -1.06909 0.903601 0.956064 -4.21147 -3.45894 0.131789 -0.986413 -1.82402 -1.95883 0.80661 0.956012 0.948416 1.67365 -1.63902 0.943335 -2.06268 -0.564127 -0.599387 -0.307705 0.357847 -0.0643396 -0.272564 -0.319887 0.609263 -0.0119789 0.0862867 -1.51954 -0.261428 -2.4281 0.997537 3.7906 -0.531523 2.14038 -0.749873 -0.849496 -2.15957 -0.560757 -3.44675 -2.69978 0.836329 -0.951048 -0.250593 0.519036 0.437863 -1.81447 -1.10217 2.52685 -0.15492 0.0794081 -1.27841 -1.37171 -0.984839 1.33195 0.332498 0.21233 -0.759645 3.97385 -2.72017 -3.80967 -3.28479 0.645726 -1.51244 1.84895 -2.51795 -0.562442 0.613367 -2.10776 0.68923 1.06138 -0.81419 1.34137 -0.945961 0.795315 -2.63496 1.96434 -1.09002 -2.45865 -1.59635 0.276621 -0.454061 0.517895 1.27315 -0.38684 3.15017 1.38005 -4.06565 -1.71078 -1.44395 1.6763 -2.76829 -1.66179 0.661039 0.958255 1.98194 0.786929 0.787061 1.44026 0.99523 -1.63339 -1.15271 -2.0128 -0.673936 -1.22985 -1.23788 -0.603271 0.813567 -1.92735 -0.620056 -0.704762 -2.3195 -0.329035 -1.09536 -2.49372 -2.66209 1.2448 0.824905 2.31567 -0.0658844 0.342194 -0.532288 -0.940444 0.418731 -0.110327 -2.08817 -0.25581 -2.66109 2.06287 -2.96355 2.75808 -0.109788 -2.32041 -0.337466 0.679887 1.68261 -2.6954 -3.09192 -0.10318 -2.46393 2.80806 -0.225885 -1.53623 1.40041 -0.910119 -1.49892 -0.665616 1.18631 4.57885 2.39167 -1.04369 -1.89669 0.216275 -0.874524 0.212869 -0.530591 3.22622 1.51665 0.759605 -1.51707 -1.81346 -0.18104 1.90601 0.725669 1.15139 -1.53334 2.1569 3.33551 1.21187 1.15188 -1.74656 -0.312078 -1.00732 -1.16419 0.299306 -1.66478 0.69817 -0.651487 3.2367 0.448501 -0.327054 -1.40766 2.23906 1.32365 -2.08091 -1.03196 1.34613 -1.59685 -0.163875 1.39648 0.747137 -2.97918 2.40159 -0.946694 0.482389 -1.25308 -3.56336 -3.17004 -0.284284 0.208945 -3.37641 -1.99707 
-5.06924 -0.962726 -2.96168 1.34925 2.81905 1.36908 -1.1245 3.4375 1.92759 3.44601 -2.04318 -2.50505 -0.894611 1.5857 1.01753 -1.84814 -0.0929638 -0.442587 -1.83213 0.566676 3.06207 1.2672 1.39922 0.382176 -1.98239 -1.00937 -1.13431 -1.76248 0.754395 -2.94169 -3.42991 -1.45061 2.60947 -2.04011 1.28817 -1.22598 -2.72092 -0.0222408 2.02161 0.906731 -0.0307487 -1.96998 0.813778 0.172729 -1.64684 0.156812 -1.91957 -0.837123 0.873909 -1.44219 -0.606363 -0.845437 -4.13325 -1.7349 -3.23557 -2.88323 1.15584 -0.344769 2.33559 0.580362 0.468378 -2.76352 -0.163716 0.717297 2.17462 -1.97155 2.09398 -0.588741 -2.52904 1.44216 -2.84889 2.46686 0.0610274 -0.0994849 -3.1905 -3.41804 -1.15938 -0.688809 -1.83605 -0.344141 0.0475173 1.29661 -1.38596 1.75944 0.0480493 -0.840187 -0.426553 -3.61545 -0.792808 0.929473 -0.635481 0.0297508 0.279457 -0.309807 -2.15964 0.140317 0.647122 3.61399 1.44877 -0.1509 -3.68519 2.64517 -1.15973 0.782674 1.03194 -0.306368 -1.45824 -1.90467 0.523302 -1.35468 -2.12858 -1.78697 -0.7718 -1.41241 1.96485 -0.848476 -0.27195 -0.881036 -0.198767 -4.44425 -2.36925 -0.355115 0.0197894 2.8035 3.73993 0.634497 -1.23064 -1.33937 -1.20525 -3.6526 0.708388 1.42352 0.22759 0.601732 0.414436 -2.13901 -1.86407 2.78497 0.153403 0.253984 -0.791985 -1.70942 1.74861 -3.97333 3.43737 0.00776097 -0.349348 -0.842207 -0.398216 0.888339 -1.87118 2.19382 -5.29588 1.13266 0.0171341 1.84621 0.392666 0.744692 1.18261 -0.740519 -0.958574 0.141224 -0.908056 -0.128923 1.97077 0.462318 1.87638 -3.04387 0.0624228 -1.55165 -0.772542 -0.156383 -1.90275 -1.82372 -2.47062 0.932987 -0.524587 1.2884 0.878809 1.63795 -0.270992 -0.274708 -1.36291 -0.718747 -0.204306 0.466593 0.978488 0.689317 -0.264307 -0.270696 -0.0591502 0.33157 -7.14737 -0.134164 0.205311 -1.70309 -0.0975097 2.69933 -1.55906 -0.268705 -1.87269 -0.337117 4.44702 0.331855 -2.90716 -1.95252 0.658561 -1.4148 0.125611 -2.10308 0.0426985 -1.01666 3.2339 1.99595 1.23312 2.44732 -0.257844 -1.88033 0.258296 -0.729197 0.970224 -1.60416 -1.38074 0.07953 0.339856 1.46625 -0.913856 0.171522 0.79324 -1.55551 0.835072 0.0945852 -0.591645 1.05408 -1.17771 0.323264 -0.455028 0.689617 1.36047 1.66031 2.76295 -0.45689 0.0629038 -1.8335 4.36541 -0.311529 -3.85234 1.30749 1.6753 0.178063 -0.624325 1.50356 -2.33722 2.91428 -1.70642 -0.708371 2.67353 0.833947 -0.14939 -2.75202 1.87845 1.48089 0.196282 0.505807 0.0224894 1.7557 0.112522 -2.21169 0.364434 -1.982 -0.281076 -0.185552 -3.27338 0.593942 0.0769742 -0.17571 -1.50534 0.232365 -0.732441 -0.999542 -2.48258 0.2461 -1.20311 -0.408214 -0.345113 -0.234276 1.43609 -0.639547 0.283407 -0.00917114 -0.588709 -0.186154 1.03082 -0.825194 -0.121614 -0.512753 -1.61353 -4.13325 -1.42035 -1.12373 
-1.41892 -2.10127 0.779362 3.7856 2.25996 0.215104 -1.27968 0.791271 -0.56084 0.647429 0.269976 -0.524932 -0.899521 2.33475 -1.93719 1.16327 2.69662 -2.87711 -0.518241 2.50222 3.0748 2.50914 -1.91673 0.764533 -2.60107 1.25425 -0.877125 -0.865504 -2.06311 -2.5545 1.28388 -1.67607 -0.648275 -1.08401 -4.74192 -0.0127898 -3.66572 -0.151046 -0.39393 1.26485 -0.778803 -0.522867 -0.141161 0.53766 -0.432117 0.801256 -1.8381 1.2828 -0.794967 -0.17703 -3.28027 0.23804 1.27453 0.588061 1.80915 -0.504745 -1.26597 -2.44699 1.94151 2.319 1.99978 -1.40247 -1.67528 0.341686 1.37617 -1.70323 -1.6207 -1.26642 1.46669 -2.2567 -0.29114 -2.46604 -1.59084 0.319516 -3.103 1.50318 -1.07172 -2.00179 -0.674535 0.776221 1.78767 -0.292951 -0.17854 2.00088 -2.17692 -1.51018 -2.02261 0.624675 -2.51671 4.03934 0.377974 -2.08112 2.0191 0.11486 -1.52517 1.73555 2.27543 0.933512 -2.27814 1.26382 0.0252979 0.198167 1.68018 1.12674 2.29157 -1.42466 -1.91362 -0.514734 -0.359222 1.55058 3.02814 1.01848 4.1493 1.74449 -0.193199 1.28739 -1.03216 -1.06379 1.31554 -1.46924 -0.0284355 2.45285 -2.59984 1.21737 1.2147 -1.51948 -1.22073 1.66758 0.151749 -1.13153 3.98104 1.11481 0.878852 -1.01282 -1.42339 -4.67256 -0.122913 1.46414 -0.706241 -0.273764 0.598967 -1.40629 -0.473923 -1.41542 -0.16933 -1.68535 1.2486 1.02226 1.0779 1.71643 4.44122 -1.44604 4.3596 2.74498 -0.726203 0.948702 1.97844 0.819689 0.650786 1.14775 1.85752 -0.0409456 -0.414696 0.79062 -0.00439456 -1.04563 -0.212296 3.15453 -0.798268 -1.27608 1.45252 -1.01858 -1.3645 -1.46125 1.84156 -1.03668 2.0565 2.74818 -1.75888 -0.712655 2.61643 1.28027 -4.24065 1.17725 -1.61979 0.936312 -4.37651 0.467529 0.882495 0.415661 1.96274 1.35406 -1.26249 -0.321496 1.76909 -1.05172 -2.9498 2.74765 -0.326944 0.56239 0.270852 -2.56817 3.73311 -2.3496 -1.76997 -1.76248 0.443458 -1.17274 2.03115 -1.16353 2.86689 2.46332 1.64336 -0.188525 1.39839 1.34303 2.16118 -0.890793 3.07749 0.935142 1.94224 -1.51384 0.868856 -1.13544 1.95271 -1.53072 -0.506813 -1.29778 -0.00771242 -0.341119 -1.03765 -3.74996 -0.0680741 -1.42611 0.25914 -2.33578 -0.538751 -0.677629 -1.95122 1.88348 -4.1999 0.173937 -1.71868 -0.235154 0.0549877 0.604543 -2.90646 -1.11903 -1.49923 -1.31369 -1.28475 -1.40066 -0.248599 -1.01814 0.843465 2.19458 1.90224 -1.44154 -0.572274 -2.71375 -0.761184 -1.78988 0.760178 3.03285 -4.38565 -0.461047 0.447368 -0.142911 4.81159 -0.558549 -1.22517 -1.71513 -1.77701 2.22871 -0.0591546 -0.849141 -0.123821 0.648284 3.25334 0.570413 -0.883898 0.857922 1.41288 -0.502971 -0.880134 1.77174 -0.651487 0.410892 -0.999121 -1.00713 -2.29727 1.13999 1.18878 -1.48864 2.34638 0.785959 -0.661607 1.94477 -0.399656 4.98218 
1.84348 0.0961514 2.06829 0.670721 -1.67323 -0.0526588 -0.361995 -1.09994 -0.485499 0.398186 0.258746 0.914948 0.991907 1.31997 0.293992 1.30746 -1.34539 -2.20853 0.734342 -0.958354 -0.0303299 0.855776 0.370243 -2.85714 -0.150058 -1.73683 0.849642 -1.21113 -3.06846 0.766096 0.915709 1.55314 -1.04722 -1.426 -1.29838 -3.25511 -0.39966 -0.699673 1.51658 0.085682 -2.38664 -1.21385 -2.96469 1.06498 -0.700856 -0.16649 -1.48876 -2.58494 0 0 0 0 0 0 0 0 0 0 0 0 0 0 0 0 0 0 0 0 0 0 0 0 0 0 0 0 0 0 0 0 0 0 0 0 0 0 0 0 0 0 0 0 0 0 0 0 0 0 0 0 0 0 0 0 0 0 0 0 0 0 0 0 0 0 0 0 0 0 0 0 0 0 0 0 0 0 0 0 0 0 0 0 0 0 0 0 0 0 0 0 0 0 0 0 0 0 0 0 0 0 0 0 0 0 0 0 0 0 0 0 0 0 0 0 0 0 0 0 0 0 0 0 0 0 0 0 0 0 0 0 0 0 0 0 0 0 0 0 0 0 0 0 0 0 0 0 0 0 0 0 0 0 0 0 0 0 0 0 0 0 0 0 0 0 0 0 0 0 0 0 0 0 0 0 0 0 0 0 0 0 0 0 0 0 0 0 0 0 0 0 