1372 1.00001
38.4053 38.4053 38.4053 
19.1345 19.1345 19.1345 
1 1 1 1 1 1 1 1 1 1 1 1 1 1 1 1 1 1 1 1 1 1 1 1 1 1 1 1 1 1 1 1 1 1 1 1 1 1 1 1 1 1 1 1 1 1 1 1 1 1 1 1 1 1 1 1 1 1 1 1 1 1 1 1 1 1 1 1 1 1 1 1 1 1 1 1 1 1 1 1 1 1 1 1 1 1 1 1 1 1 1 1 1 1 1 1 1 1 1 1 
1 1 1 1 1 1 1 1 1 1 1 1 1 1 1 1 1 1 1 1 1 1 1 1 1 1 1 1 1 1 1 1 1 1 1 1 1 1 1 1 1 1 1 1 1 1 1 1 1 1 1 1 1 1 1 1 1 1 1 1 1 1 1 1 1 1 1 1 1 1 1 1 1 1 1 1 1 1 1 1 1 1 1 1 1 1 1 1 1 1 1 1 1 1 1 1 1 1 1 1 
1 1 1 1 1 1 1 1 1 1 1 1 1 1 1 1 1 1 1 1 1 1 1 1 1 1 1 1 1 1 1 1 1 1 1 1 1 1 1 1 1 1 1 1 1 1 1 1 1 1 1 1 1 1 1 1 1 1 1 1 1 1 1 1 1 1 1 1 1 1 1 1 1 1 1 1 1 1 1 1 1 1 1 1 1 1 1 1 1 1 1 1 1 1 1 1 1 1 1 1 
1 1 1 1 1 1 1 1 1 1 1 1 1 1 1 1 1 1 1 1 1 1 1 1 1 1 1 1 1 1 1 1 1 1 1 1 1 1 1 1 1 1 1 1 1 1 1 1 1 1 1 1 1 1 1 1 1 1 1 1 1 1 1 1 1 1 1 1 1 1 1 1 1 1 1 1 1 1 1 1 1 1 1 1 1 1 1 1 1 1 1 1 1 1 1 1 1 1 1 1 
1 1 1 1 1 1 1 1 1 1 1 1 1 1 1 1 1 1 1 1 1 1 1 1 1 1 1 1 1 1 1 1 1 1 1 1 1 1 1 1 1 1 1 1 1 1 1 1 1 1 1 1 1 1 1 1 1 1 1 1 1 1 1 1 1 1 1 1 1 1 1 1 1 1 1 1 1 1 1 1 1 1 1 1 1 1 1 1 1 1 1 1 1 1 1 1 1 1 1 1 
1 1 1 1 1 1 1 1 1 1 1 1 1 1 1 1 1 1 1 1 1 1 1 1 1 1 1 1 1 1 1 1 1 1 1 1 1 1 1 1 1 1 1 1 1 1 1 1 1 1 1 1 1 1 1 1 1 1 1 1 1 1 1 1 1 1 1 1 1 1 1 1 1 1 1 1 1 1 1 1 1 1 1 1 1 1 1 1 1 1 1 1 1 1 1 1 1 1 1 1 
1 1 1 1 1 1 1 1 1 1 1 1 1 1 1 1 1 1 1 1 1 1 1 1 1 1 1 1 1 1 1 1 1 1 1 1 1 1 1 1 1 1 1 1 1 1 1 1 1 1 1 1 1 1 1 1 1 1 1 1 1 1 1 1 1 1 1 1 1 1 1 1 1 1 1 1 1 1 1 1 1 1 1 1 1 1 1 1 1 1 1 1 1 1 1 1 1 1 1 1 
1 1 1 1 1 1 1 1 1 1 1 1 1 1 1 1 1 1 1 1 1 1 1 1 1 1 1 1 1 1 1 1 1 1 1 1 1 1 1 1 1 1 1 1 1 1 1 1 1 1 1 1 1 1 1 1 1 1 1 1 1 1 1 1 1 1 1 1 1 1 1 1 1 1 1 1 1 1 1 1 1 1 1 1 1 1 1 1 1 1 1 1 1 1 1 1 1 1 1 1 
1 1 1 1 1 1 1 1 1 1 1 1 1 1 1 1 1 1 1 1 1 1 1 1 1 1 1 1 1 1 1 1 1 1 1 1 1 1 1 1 1 1 1 1 1 1 1 1 1 1 1 1 1 1 1 1 1 1 1 1 1 1 1 1 1 1 1 1 1 1 1 1 1 1 1 1 1 1 1 1 1 1 1 1 1 1 1 1 1 1 1 1 1 1 1 1 1 1 1 1 
1 1 1 1 1 1 1 1 1 1 1 1 1 1 1 1 1 1 1 1 1 1 1 1 1 1 1 1 1 1 1 1 1 1 1 1 1 1 1 1 1 1 1 1 1 1 1 1 1 1 1 1 1 1 1 1 1 1 1 1 1 1 1 1 1 1 1 1 1 1 1 1 1 1 1 1 1 1 1 1 1 1 1 1 1 1 1 1 1 1 1 1 1 1 1 1 1 1 1 1 
1 1 1 1 1 1 1 1 1 1 1 1 1 1 1 1 1 1 1 1 1 1 1 1 1 1 1 1 1 1 1 1 1 1 1 1 1 1 1 1 1 1 1 1 1 1 1 1 1 1 1 1 1 1 1 1 1 1 1 1 1 1 1 1 1 1 1 1 1 1 1 1 1 1 1 1 1 1 1 1 1 1 1 1 1 1 1 1 1 1 1 1 1 1 1 1 1 1 1 1 
1 1 1 1 1 1 1 1 1 1 1 1 1 1 1 1 1 1 1 1 1 1 1 1 1 1 1 1 1 1 1 1 1 1 1 1 1 1 1 1 1 1 1 1 1 1 1 1 1 1 1 1 1 1 1 1 1 1 1 1 1 1 1 1 1 1 1 1 1 1 1 1 1 1 1 1 1 1 1 1 1 1 1 1 1 1 1 1 1 1 1 1 1 1 1 1 1 1 1 1 
1 1 1 1 1 1 1 1 1 1 1 1 1 1 1 1 1 1 1 1 1 1 1 1 1 1 1 1 1 1 1 1 1 1 1 1 1 1 1 1 1 1 1 1 1 1 1 1 1 1 1 1 1 1 1 1 1 1 1 1 1 1 1 1 1 1 1 1 1 1 1 1 1 1 1 1 1 1 1 1 1 1 1 1 1 1 1 1 1 1 1 1 1 1 1 1 1 1 1 1 
1 1 1 1 1 1 1 1 1 1 1 1 1 1 1 1 1 1 1 1 1 1 1 1 1 1 1 1 1 1 1 1 1 1 1 1 1 1 1 1 1 1 1 1 1 1 1 1 1 1 1 1 1 1 1 1 1 1 1 1 1 1 1 1 1 1 1 1 1 1 1 1 
0 0.734058 1.54436 1.41173 0 1.44983 3.82994 4.13605 0 4.32529 1.28829 4.00915 0 4.06674 4.07669 1.12552 0 6.89688 1.05691 1.4784 0 6.71179 3.77755 3.80812 0 9.55756 0.917334 3.91795 0 9.89543 3.71421 1.34981 0 12.0421 0.826224 1.4732 0 12.3002 3.9223 4.09815 0 15.0655 1.09041 4.4184 0 14.9846 3.56232 1.33315 0 17.6429 0.716987 1.03444 0 17.8224 3.28719 3.87544 0 20.3999 0.78107 3.65104 0 20.3476 3.39605 1.1577 0 22.9377 1.20131 1.16298 0 23.2889 3.96065 3.76931 0 25.7449 1.56689 3.55922 0 25.9359 4.03648 1.05887 0 28.9636 1.38677 1.35314 0 27.9234 4.47027 4.17606 0 31.3239 1.62296 3.99226 0 31.5956 3.99472 1.02084 0 34.4701 1.31829 1.00942 0 33.7398 4.18473 4.13904 0 37.3256 1.22257 4.48939 0 36.8419 4.44654 2.05508 0 1.08574 6.42197 1.15331 0 1.66499 9.48742 4.39123 0 3.86701 6.40037 4.09466 0 4.36155 9.35098 1.75635 0 6.95249 6.30539 1.55552 0 6.97163 9.24583 4.13734 0 9.61346 6.17273 4.28139 0 9.69521 9.2885 1.30745 0 12.56 6.42529 1.60456 0 12.1483 9.52875 3.6711 0 15.7452 6.73414 4.1024 0 15.2094 9.82827 1.54015 0 18.0467 6.37102 1.47226 0 18.104 9.81132 3.97742 0 20.3462 6.37123 4.22805 0 19.9442 9.37311 0.984034 0 22.9931 6.91358 0.929316 0 22.4189 9.69386 3.77838 0 25.1969 7.31926 3.57132 0 25.3047 9.50086 0.848653 0 28.391 7.11715 0.960485 0 28.2671 9.53011 3.85366 0 31.2966 7.16563 4.23694 0 31.519 8.92268 1.03983 0 34.4956 6.78817 0.877044 0 34.4128 9.05061 3.90201 0 37.7017 7.05255 4.12847 0 37.2432 9.46502 1.54582 0 1.587 12.445 1.28106 0 1.77255 15.3403 4.16434 0 4.11992 12.2792 3.71802 0 4.42164 15.0887 1.17473 0 7.07059 11.75 1.35985 0 7.00822 14.9197 3.85827 0 9.56832 12.0065 4.02963 0 9.50164 14.9229 1.46652 0 11.9455 12.23 1.38994 0 12.5526 15.0337 4.43539 0 14.7015 12.2911 3.91009 0 15.093 15.3758 1.65235 0 17.4661 12.6743 1.31582 0 17.5266 15.2614 3.83003 0 20.1619 12.8541 3.75855 0 20.1484 15.6991 1.43018 0 22.9022 12.237 0.959906 0 23.0776 15.2827 3.64372 0 25.4628 12.0322 3.39621 0 25.9156 14.4759 1.0003 0 29.1864 11.8648 1.19642 0 28.5919 14.4321 4.35987 0 31.4016 12.0315 4.43424 0 31.6954 14.7279 1.61047 0 34.1922 11.927 1.8941 0 33.9687 15.068 4.54747 0 37.2108 12.3738 4.3419 0 37.1393 14.6337 0.998902 0 2.05455 17.8266 1.65684 0 1.62468 20.2059 4.47618 0 4.48148 17.6344 4.19497 0 4.34524 20.7915 1.57938 0 7.28727 17.9208 1.36315 0 7.08484 20.6334 4.0841 0 9.86215 17.8839 4.1921 0 9.76477 20.6492 0.969245 0 12.0609 17.925 1.31906 0 11.7625 21.0126 4.2572 0 14.4619 18.3253 4.00014 0 14.3258 20.9793 1.09835 0 17.3643 18.3289 1.30807 0 17.3885 21.0806 3.82921 0 20.3326 17.6924 4.3578 0 20.4615 20.7461 1.62482 
0 23.2351 17.6813 1.16621 0 23.4606 20.2337 4.16285 0 25.8082 17.3711 4.18261 0 25.7014 20.4249 0.92739 0 28.5011 17.1135 1.68989 0 28.3368 20.4475 3.30198 0 31.1579 17.4937 4.13671 0 31.4634 20.2652 1.72727 0 34.1507 17.556 1.67995 0 34.3967 20.6385 4.14439 0 36.8719 18.0631 4.41303 0 37.1331 20.5382 1.35011 0 1.71291 23.2692 1.87665 0 1.57413 26.3313 3.7432 0 4.33121 23.4355 4.3939 0 4.75239 26.0589 1.40424 0 7.51428 23.8393 1.28647 0 6.81391 25.8597 4.38229 0 9.53784 23.5502 3.93866 0 9.48718 26.4178 1.27866 0 11.9795 23.4903 1.06435 0 12.273 26.1642 3.69371 0 14.7754 23.463 4.33337 0 14.7781 26.1023 0.950511 0 17.4468 23.5167 1.39957 0 17.6143 25.5879 4.52384 0 20.5213 23.41 4.13707 0 20.8529 25.766 1.40236 0 23.3799 23.0674 1.48626 0 23.6944 25.7295 3.96471 0 26.2185 23.5204 3.99798 0 26.3722 26.6357 1.20332 0 28.3025 23.1948 1.13876 0 28.906 26.6233 4.23005 0 30.8237 23.0804 3.88095 0 31.2632 25.8796 1.42156 0 33.7372 23.3313 1.42308 0 34.3573 26.0499 3.76091 0 37.1271 23.1185 3.83403 0 37.1063 25.9634 1.53684 0 1.59346 28.2976 0.930746 0 0.887042 31.6734 4.13895 0 4.11342 28.9475 4.07275 0 3.85054 31.9202 1.56541 0 6.85181 28.999 1.08368 0 6.31304 31.8926 4.09054 0 8.84714 29.2247 3.88879 0 9.61274 31.324 1.30724 0 12.1427 28.962 1.3515 0 12.1095 31.5611 4.09297 0 15.1367 28.5279 3.75894 0 14.7782 31.2757 1.51918 0 18.049 28.3712 1.44335 0 17.9662 31.2515 3.77371 0 20.7363 28.7101 4.31171 0 20.6234 31.1723 1.36387 0 23.3145 28.3645 1.66643 0 23.079 31.2686 4.18998 0 25.8422 28.5866 4.4274 0 25.8182 31.2135 1.36862 0 29.3011 28.7308 1.66668 0 29.0755 31.0573 4.47876 0 31.9701 28.7239 4.10066 0 31.5251 31.243 1.75382 0 34.4835 28.8438 1.6583 0 34.9864 31.4342 4.15685 0 37.2312 28.6097 4.13376 0 37.3743 31.0166 1.06438 0 1.03082 33.8215 1.35117 0 1.63633 37.5453 4.06145 0 3.94475 34.3888 4.4986 0 4.28528 36.4119 1.39509 0 6.79709 34.2335 1.24418 0 6.9635 37.0404 3.9975 0 9.38647 34.1547 4.03519 0 9.53698 36.7352 1.15084 0 12.1376 34.2411 1.16334 0 12.3637 36.4053 4.10068 0 15.3169 33.9737 4.00407 0 15.0297 36.6155 1.43655 0 17.5115 34.1401 1.16527 0 17.8056 36.5143 3.84882 0 20.4301 33.9517 4.26222 0 20.419 36.4973 1.27647 0 23.2944 33.7909 1.29959 0 23.131 36.6934 3.62248 0 26.1229 34.2684 4.46721 0 25.9653 36.9255 0.855385 0 28.8078 34.1582 1.5946 0 28.571 36.9793 3.64869 0 31.4724 33.9776 4.31277 0 31.8561 36.8264 1.36648 0 34.4392 33.9503 1.79152 0 34.0256 37.3545 4.382 0 36.5895 34.713 4.54587 0 36.6861 36.8237 1.43739 0 1.60268 1.25226 7.08373 0 1.09083 4.18919 9.90818 0 4.20631 1.9661 9.37319 0 4.22013 4.05411 6.47407 
0 7.03045 1.45526 6.74814 0 7.55385 3.82451 9.74686 0 9.57033 0.828143 9.26712 0 10.0704 3.78625 7.00641 0 12.2486 1.05401 6.85638 0 12.3719 3.7281 9.8877 0 15.0079 0.955628 9.3877 0 15.3214 4.35768 6.53212 0 18.0954 0.853654 6.6474 0 18.0286 3.64491 9.23617 0 20.7028 1.09834 9.62284 0 20.6823 3.6542 6.56837 0 23.1573 0.822041 6.2029 0 23.0381 4.16707 9.91815 0 25.8054 1.59153 9.45622 0 25.3683 3.9433 6.76325 0 28.1806 1.57109 6.71928 0 28.0571 4.25155 9.91241 0 31.0418 1.30409 9.48419 0 31.0509 4.41306 6.92426 0 33.6123 1.32008 6.64859 0 33.8513 4.03196 9.93007 0 36.4963 1.72459 9.71941 0 37.2571 3.95184 6.88281 0 1.43807 6.93339 7.02982 0 2.23077 9.67507 9.3447 0 4.65821 6.3167 9.68112 0 4.63506 9.28384 6.87825 0 6.82924 6.21717 6.71122 0 7.15338 9.45366 9.54299 0 9.90535 6.81163 9.69642 0 9.73492 9.45096 6.62207 0 12.1751 6.71726 6.96576 0 12.3132 9.49669 9.46705 0 15.0904 6.2996 9.74901 0 14.8895 8.93656 6.64179 0 18.1224 6.45751 7.11693 0 17.8043 9.17878 9.66051 0 20.3087 6.95056 9.93409 0 20.1171 9.41363 7.06935 0 22.6921 7.106 6.68115 0 22.7932 10.0481 9.49018 0 25.6515 7.56055 9.07134 0 25.274 9.75569 6.12557 0 28.3305 6.95497 6.84498 0 28.8217 9.2546 9.58124 0 31.2374 6.81827 9.62179 0 31.4907 9.58662 6.85399 0 34.505 6.65611 6.76199 0 34.4875 9.60623 9.49272 0 37.2394 6.76789 9.59168 0 37.3681 9.59374 6.79053 0 1.69059 12.5122 6.7912 0 1.56358 14.7342 9.5775 0 4.48774 12.2597 9.64856 0 4.57673 14.6929 6.57925 0 7.40045 12.3503 6.97031 0 6.95326 14.6634 9.54518 0 9.78248 12.2787 9.45395 0 9.65773 15.181 6.83682 0 12.5664 12.076 6.74839 0 12.4904 14.9607 8.94588 0 14.9972 12.1613 9.29999 0 15.3235 15.4674 6.70724 0 17.2565 12.2404 6.49829 0 17.7822 15.2152 9.17688 0 19.6484 12.3124 9.57358 0 20.14 14.7995 6.88661 0 22.791 12.1938 6.50006 0 22.8196 14.5941 9.58559 0 25.9859 12.1353 9.59326 0 25.5704 14.9877 6.98024 0 28.5113 11.6391 6.84151 0 28.3115 14.9909 9.34817 0 31.2591 12.348 9.22054 0 30.921 15.0421 6.83646 0 34.579 12.1668 6.33525 0 34.0637 14.2937 9.07911 0 37.5124 12.0755 9.1132 0 36.9999 15.0903 6.98654 0 1.94443 17.4877 6.93229 0 1.07626 20.4217 9.58514 0 4.35749 17.4919 9.49262 0 4.1169 20.3762 6.85747 0 6.80552 17.9256 6.96977 0 6.33751 20.5765 9.80647 0 9.57556 17.3008 9.53101 0 9.41575 20.1637 6.85031 0 12.1313 17.8409 6.74613 0 12.176 20.629 9.636 0 14.8179 17.8596 9.19962 0 14.5211 20.7347 6.45032 0 17.2594 18.2526 6.32433 0 17.4121 20.9689 9.5309 0 20.6307 17.6565 9.34548 0 20.4258 20.9341 6.50748 0 23.372 17.826 6.94892 0 23.1207 20.4502 9.49071 0 25.9697 17.8298 9.35712 0 25.724 20.3606 6.55764 
0 28.4029 17.4019 6.64028 0 28.4926 20.704 9.07744 0 31.2499 17.9964 9.18332 0 31.0592 20.323 6.35251 0 34.3167 17.6798 7.05808 0 34.103 20.4941 9.12064 0 37.091 17.8269 9.30099 0 37.1411 20.5552 6.75871 0 1.22298 23.4281 6.41831 0 1.22905 26.3437 9.27198 0 3.75388 23.1982 9.35557 0 3.70413 25.8868 6.73758 0 7.24007 22.9801 6.81413 0 6.49609 25.9067 9.57937 0 9.13013 23.0877 9.98979 0 9.53408 26.3855 7.08612 0 11.8921 23.4113 6.97777 0 12.1407 26.6027 9.47247 0 14.703 23.9018 9.66311 0 14.9627 26.6155 6.82496 0 17.6544 23.0147 6.76585 0 17.5105 25.9181 9.33637 0 20.2796 23.4864 9.52396 0 20.3552 25.9975 6.7752 0 23.2529 23.3024 6.8938 0 23.1335 25.7819 9.54765 0 25.9446 23.1804 9.51237 0 26.1754 26.1097 7.20789 0 28.4087 23.4225 6.92212 0 28.914 26.0341 9.6698 0 31.7483 23.2104 9.06213 0 31.3046 26.0411 6.73106 0 33.7828 23.4481 6.00478 0 34.4582 25.7686 8.89779 0 36.911 23.1879 9.40043 0 36.9446 25.8238 6.40666 0 1.6332 28.7658 6.82178 0 1.27299 31.6089 9.47553 0 4.05004 28.9462 9.56298 0 3.87404 31.5202 6.66248 0 6.5893 28.6834 6.61605 0 6.59391 31.8856 9.58657 0 8.94264 29.1141 9.4254 0 9.3225 31.5531 6.27964 0 12.1198 28.5597 6.42464 0 12.1402 31.3533 9.14821 0 14.9649 28.9352 9.14835 0 14.8694 31.6286 6.82056 0 18.0185 28.6909 6.89323 0 17.9329 31.2703 9.72981 0 21.0275 28.7158 9.52729 0 20.6693 31.2055 6.93268 0 23.3838 28.5844 6.92883 0 23.6369 31.6225 9.75259 0 25.7352 28.7262 10.1069 0 25.7011 31.4536 6.89654 0 28.8183 29.0181 7.4035 0 28.2165 31.4011 9.98586 0 31.5874 28.7727 10.0513 0 31.6304 31.3171 7.4757 0 34.59 29.1069 6.53982 0 34.2636 31.6496 9.84156 0 36.7899 28.8147 9.05831 0 36.7415 31.9325 7.23259 0 1.29135 34.4516 7.13247 0 1.45204 37.4874 9.79705 0 3.63419 34.8511 9.85901 0 4.37411 37.2684 6.85639 0 6.92684 34.2244 7.04769 0 6.59974 37.0888 9.62077 0 9.59652 34.5111 9.14614 0 9.63177 36.9271 6.50633 0 12.3269 34.0236 6.85018 0 12.5636 36.9163 9.23215 0 15.194 33.8973 9.33353 0 15.004 36.824 6.57092 0 18.0479 34.0409 6.86955 0 17.8627 36.5679 9.38895 0 20.8935 34.0476 9.42981 0 20.7468 36.9245 6.56464 0 23.2562 34.3454 6.81206 0 23.4481 36.8207 9.66155 0 26.2157 34.1782 9.09555 0 25.728 36.8556 6.92722 0 28.8596 33.844 6.83362 0 28.7978 36.9314 9.70089 0 31.1886 34.3831 9.56058 0 31.1397 36.7739 6.25394 0 33.8921 34.2959 7.15452 0 33.9095 37.5845 9.46172 0 37.1082 34.3513 9.83744 0 37.2157 36.9826 7.68366 0 0.691093 1.75902 12.4997 0 1.09454 4.42604 15.291 0 3.49479 1.53046 15.5465 0 4.13862 4.05581 12.5482 0 6.98629 1.29307 12.1957 0 6.89785 3.94106 15.1129 0 10.3307 0.788696 15.2736 0 9.87264 3.73608 12.7114 
0 12.8436 0.999584 12.3919 0 12.8055 3.98158 14.5778 0 15.535 1.07039 14.9242 0 15.7534 3.85438 12.1434 0 17.761 0.824369 11.9311 0 17.8808 3.80423 15.1005 0 20.3826 1.26973 15.2626 0 20.2792 4.06312 12.5471 0 23.0018 0.919402 12.2335 0 23.1088 3.75929 14.945 0 25.9217 1.23618 14.9817 0 25.6752 4.32051 12.3267 0 28.5666 1.57833 12.5 0 28.6937 4.41014 15.2553 0 31.1403 1.61469 15.2819 0 31.0701 4.07817 12.0749 0 33.7737 1.78098 12.6809 0 34.2466 4.34881 15.3161 0 36.722 1.49235 15.0871 0 36.5505 4.64614 12.6465 0 1.22901 7.12027 12.3487 0 0.937554 9.54159 15.1654 0 3.68685 7.12859 15.0343 0 4.17202 9.72407 12.3383 0 6.71667 6.6244 12.6306 0 6.35449 10.3169 14.9996 0 10.1211 6.72298 15.484 0 9.12949 9.4938 12.446 0 12.294 6.63943 12.4339 0 12.5618 9.31512 15.3759 0 15.1754 6.91214 15.3161 0 15.1692 9.40274 12.1962 0 17.6847 6.85454 12.9698 0 17.9805 9.61569 15.4014 0 20.5965 6.64843 15.248 0 20.0197 9.66989 12.1304 0 22.9424 6.86 12.2657 0 22.8056 9.86427 15.2491 0 25.6309 6.59926 15.1754 0 25.6893 9.21373 12.1838 0 28.7333 6.96731 12.5157 0 28.6663 9.5473 15.0579 0 31.4794 6.74283 15.3238 0 31.4914 9.91069 12.2532 0 34.1095 7.24537 12.4669 0 34.1366 9.6589 15.1133 0 36.3883 7.16882 15.558 0 37.0829 9.34421 12.0209 0 1.38717 12.2634 12.0128 0 1.01466 14.8145 14.4915 0 3.40165 12.2342 15.0522 0 4.12935 14.8338 12.1589 0 6.98836 12.395 12.1022 0 7.02953 15.0756 14.8108 0 9.23138 12.0651 15.3457 0 10.1712 15.032 12.1558 0 12.2615 12.1105 12.3027 0 12.8838 14.9343 14.8439 0 15.1689 12.2201 14.7828 0 15.162 15.1428 11.8725 0 17.5484 12.4344 12.5746 0 17.7369 15.598 14.9166 0 20.4419 12.4681 15.1038 0 20.1623 15.6233 12.2065 0 23.2933 12.0623 12.3899 0 23.2069 14.9409 14.666 0 25.8384 12.7929 15.0983 0 26.1338 15.1431 12.0722 0 28.4006 11.9776 12.28 0 28.6684 15.5235 14.4387 0 31.0641 12.4336 14.9713 0 31.6426 14.7554 11.834 0 34.1901 12.3222 12.1817 0 34.0132 15.1498 14.9191 0 36.6724 12.0929 14.5395 0 36.9574 14.9283 11.8405 0 1.03791 17.5419 11.8196 0 1.05521 20.3958 14.6487 0 4.14732 17.1949 14.8711 0 3.77889 20.3033 11.9142 0 6.79428 17.4662 12.1791 0 6.32026 20.1172 14.5672 0 9.87287 17.3362 15.0514 0 9.38778 20.2636 12.4439 0 12.3794 18.0592 12.2311 0 12.2346 20.8524 15.4482 0 15.1105 18.2511 15.2237 0 14.7202 21.2514 12.0191 0 17.4065 18.37 11.8713 0 17.7783 20.5619 14.8862 0 20.2284 18.071 15.0164 0 20.1113 21.1453 12.2488 0 23.1548 18.0767 12.5859 0 22.9431 20.8537 14.7113 0 26.0407 17.7771 14.7044 0 26.0089 20.5271 11.841 0 28.916 18.1339 11.7569 0 28.6047 20.4946 14.8939 0 31.3669 18.0802 14.5847 0 31.3046 20.5468 11.736 
0 34.1868 17.5082 11.6581 0 34.0787 20.4681 14.4872 0 37.0692 17.6957 14.9217 0 36.5657 20.3418 11.8502 0 1.24058 22.9212 12.1634 0 0.673361 25.7714 14.2922 0 3.86175 22.9198 14.814 0 3.96177 25.9743 12.2621 0 7.00978 23.408 12.7573 0 7.10095 26.6601 14.6621 0 9.70538 23.4706 14.7063 0 9.42102 26.3858 11.7659 0 12.1546 23.6935 12.4029 0 11.9504 26.6162 14.5932 0 15.0578 23.5521 14.9181 0 14.9829 26.5514 11.9912 0 17.4581 23.5027 12.1906 0 17.8821 26.2092 14.8162 0 20.6054 23.5235 15.1282 0 20.5381 26.2288 12.268 0 22.9023 23.4676 12.0269 0 23.4148 26.0572 14.88 0 26.5244 23.3843 14.4123 0 25.8186 25.6613 11.9127 0 28.8871 22.8994 11.7372 0 28.718 26.2928 15.1191 0 31.3078 23.2018 14.6707 0 31.266 25.8071 12.5714 0 34.0862 23.4421 11.7929 0 34.0267 25.8015 14.7714 0 36.6502 23.1819 14.6863 0 36.6946 26.0032 11.8008 0 1.47195 28.5585 11.877 0 0.745904 31.7804 15.0111 0 3.77389 28.9176 14.6069 0 3.48597 31.3616 12.0421 0 6.5909 29.1226 12.2599 0 6.75451 31.5582 14.7736 0 9.79318 29.5122 15.0197 0 9.34737 31.8831 11.9266 0 12.4433 29.3287 12.1361 0 12.7143 31.7619 15.1009 0 15.0235 29.0461 14.6775 0 15.0974 31.591 11.994 0 18.0395 28.653 12.201 0 17.9308 31.3586 14.7009 0 20.6619 28.9724 14.9377 0 20.7764 31.4346 12.3176 0 23.2855 28.7386 12.5179 0 22.9809 31.5618 15.1887 0 25.8719 28.8611 15.2903 0 25.8745 31.3891 12.5386 0 28.3881 28.6772 12.6039 0 28.5883 31.3441 15.059 0 31.3193 28.5546 15.2279 0 31.331 31.4739 12.1528 0 34.1827 28.8986 12.2769 0 33.9101 31.7864 14.9704 0 36.9507 28.8249 14.9974 0 36.8767 31.5872 12.136 0 1.4298 34.3808 12.5977 0 1.1679 37.2284 14.9115 0 3.9961 34.4097 15.2755 0 3.95373 37.5776 12.8502 0 6.2226 34.2811 12.6119 0 7.14659 36.6168 14.7616 0 9.84453 34.495 14.5493 0 9.11787 36.7087 11.9183 0 12.2421 33.8951 11.5642 0 12.7889 36.6335 14.65 0 15.5254 33.8108 15.0092 0 15.2403 36.3002 11.8765 0 18.0796 33.9375 12.0714 0 17.9298 36.8754 14.6488 0 20.3278 34.0676 14.9995 0 20.6592 36.6208 12.0747 0 23.4207 34.0366 12.2586 0 23.3781 36.7518 14.9569 0 25.8619 33.7889 15.1022 0 26.0482 36.4999 12.3191 0 28.9009 34.2266 12.5599 0 28.9073 37.1289 14.9275 0 31.6212 34.4477 15.1669 0 31.7244 37.3322 12.3766 0 34.1006 34.5086 11.7878 0 33.6394 37.7263 15.4926 0 36.6068 34.4056 15.1992 0 36.6401 37.4574 12.2464 0 0.931393 1.43253 17.7988 0 1.40138 4.54521 20.6901 0 3.92947 1.3873 19.6522 0 3.78427 4.70425 17.67 0 7.07335 0.86724 17.2641 0 6.99822 4.00111 20.0272 0 9.9776 1.36242 20.4898 0 9.81326 3.63702 17.571 0 13.0171 1.44196 17.8529 0 12.2088 4.01302 20.4018 0 15.2425 1.25946 21.0509 0 15.0933 4.42719 18.3325 
0 17.3592 1.49643 18.1759 0 17.4959 3.97263 20.9671 0 20.597 1.42776 20.7994 0 20.3429 3.71034 17.9863 0 23.2327 1.40057 17.949 0 23.0956 3.8746 21.0928 0 25.6187 1.3376 20.8284 0 25.7892 4.12523 18.0563 0 28.3912 1.50363 17.922 0 28.3113 4.82453 21.241 0 31.2283 1.52742 20.5299 0 31.0832 4.47188 18.2317 0 34.1033 2.01446 17.7509 0 33.6864 4.15309 20.9249 0 36.7108 1.78167 20.7982 0 36.7896 4.45637 18.1786 0 1.16721 6.92821 18.0241 0 1.08376 10.1879 20.4916 0 3.89822 7.49932 20.7924 0 3.6835 9.93502 17.7296 0 6.7185 7.43372 17.4229 0 7.09523 9.75406 20.8978 0 9.33394 6.70039 20.2495 0 9.78222 9.55774 18.114 0 12.4968 7.262 18.2452 0 12.7256 9.5252 21.0705 0 15.4119 6.87855 20.8683 0 15.4444 10.1367 17.5283 0 18.0102 6.90421 18.1658 0 17.9429 9.90263 20.2536 0 20.7729 6.64818 20.5283 0 20.623 9.19474 17.7068 0 23.2565 6.64333 17.8807 0 23.2797 9.90156 20.6703 0 25.3438 6.97835 20.831 0 25.8714 9.85607 17.4751 0 28.5309 6.80532 18.0854 0 28.8308 9.59209 20.8344 0 31.3954 6.92055 20.6593 0 31.0181 9.49067 17.7094 0 34.0345 7.27537 18.113 0 33.9822 9.88912 20.5586 0 37.3149 7.08572 20.9143 0 36.8476 9.86028 18.1393 0 1.06806 12.5832 17.4695 0 0.954179 14.8339 20.6934 0 3.85552 12.4721 20.2676 0 3.79659 15.032 17.4063 0 7.07397 12.6532 18.1379 0 6.83836 15.172 20.5365 0 9.72766 11.8485 20.7242 0 9.80213 14.8653 17.8642 0 12.9675 12.5355 17.7579 0 12.1702 14.7895 20.8274 0 15.0763 12.7659 20.5972 0 14.9378 15.3599 17.9282 0 17.7435 12.988 18.1978 0 17.5978 15.3161 20.7465 0 20.3909 12.3826 19.9711 0 20.807 15.2861 17.2362 0 23.2688 12.2771 17.6221 0 23.5653 15.0775 20.615 0 26.3316 12.4511 20.4117 0 26.1415 15.0156 17.8008 0 28.6051 12.4585 17.6628 0 28.6554 15.3164 20.2078 0 31.2927 12.2663 20.6417 0 31.0845 15.1493 17.2205 0 34.0559 12.4827 17.2592 0 34.2199 14.9836 19.8461 0 36.799 12.3751 20.7252 0 36.5933 15.1922 17.393 0 1.26626 17.8536 17.3681 0 1.24692 19.9671 20.5622 0 3.78387 17.6218 20.2904 0 3.94059 20.114 17.3093 0 6.53475 17.7736 17.4019 0 6.27773 20.1709 20.128 0 8.95221 17.9766 20.3499 0 9.5548 20.2727 17.6355 0 12.1366 17.5332 18.2591 0 12.2492 20.4118 20.8425 0 14.6678 17.8231 20.5344 0 15.2 20.6476 17.8223 0 17.6906 17.6033 17.6413 0 18.0396 20.6627 20.429 0 20.5597 18.0282 20.3996 0 20.4856 20.4724 17.4138 0 23.1895 17.3955 17.5962 0 23.2961 20.5128 20.1478 0 25.7097 18.0682 20.5457 0 25.6049 20.6698 17.3866 0 28.3579 18.3234 17.6784 0 28.6815 20.7113 20.4264 0 31.3824 17.7196 20.3222 0 31.3103 20.8024 17.5648 0 33.79 17.9539 17.5918 0 34.0573 20.6666 20.4949 0 36.3319 17.8393 20.0536 0 36.7177 20.5339 17.294 
0 0.98132 22.9061 17.4598 0 1.28541 25.5804 19.9401 0 4.13925 22.8882 19.7823 0 4.18411 26.0558 16.8863 0 6.89497 23.2473 17.1025 0 6.71889 25.7806 20.3076 0 9.40308 22.9069 20.2483 0 10.0692 26.4036 17.7588 0 12.4313 23.032 17.9101 0 12.2024 26.0723 20.4691 0 15.1858 22.9864 20.9343 0 15.2785 26.4454 17.5037 0 18.0314 23.3941 17.778 0 17.224 26.0684 20.3083 0 20.2662 23.34 20.4722 0 20.1872 26.1264 17.9328 0 23.2739 23.211 17.8121 0 23.1273 26.1398 20.196 0 25.9073 23.2329 20.7201 0 25.9155 26.0619 17.5181 0 29.0069 23.3805 17.3518 0 28.5237 25.8999 20.1862 0 31.4567 23.2615 20.1863 0 31.541 25.6301 17.4782 0 34.3169 23.383 17.6924 0 34.0943 25.6271 20.874 0 36.8445 22.5663 20.6562 0 36.7085 26.0558 17.4705 0 1.12709 28.4778 17.2351 0 0.960008 30.5992 20.6325 0 3.8043 28.1906 20.5679 0 4.02758 30.6358 17.8708 0 7.29766 28.983 17.4842 0 7.0544 31.5903 20.1044 0 9.40732 28.5064 20.711 0 10.2221 32.0413 18.0088 0 12.5782 28.8629 17.7346 0 12.392 31.1859 20.7617 0 14.9239 28.8027 20.4494 0 15.2021 31.7322 17.8556 0 17.7772 28.9326 17.9541 0 17.7508 31.3481 20.7096 0 20.2402 28.7135 20.3475 0 20.3642 31.8159 17.9621 0 23.2902 29.0816 17.801 0 23.2922 31.9419 20.6347 0 26.0953 28.8198 20.2978 0 25.7884 31.4661 17.9523 0 28.9431 28.9744 17.8692 0 28.6178 31.687 20.3074 0 31.5137 28.338 20.3361 0 31.0869 31.8361 17.8039 0 34.05 28.3441 17.343 0 34.2207 30.7496 20.7123 0 36.7991 28.2889 19.9333 0 36.6832 31.4229 17.5641 0 1.25003 33.7818 17.913 0 0.928925 37.3009 19.9402 0 4.18325 33.3118 20.6994 0 3.95823 36.4808 18.045 0 6.77689 33.9997 17.64 0 6.77692 35.914 20.5933 0 9.99196 34.0587 20.7729 0 10.0471 36.6654 17.8862 0 12.8927 34.5826 17.6856 0 12.5643 37.071 20.4935 0 15.1448 34.0267 20.4601 0 15.6281 37.02 17.5328 0 17.7999 34.2773 17.8294 0 17.617 36.8884 20.4513 0 20.0306 34.3712 20.5793 0 20.4711 36.7668 17.6458 0 23.239 34.139 17.5633 0 22.8566 36.9916 20.4625 0 26.0539 34.1918 20.6475 0 25.8198 37.083 17.9332 0 28.3629 34.4539 17.9769 0 28.7875 37.6883 20.5994 0 31.1564 34.4589 20.7397 0 31.1275 36.9939 17.8331 0 33.9836 34.4192 17.9348 0 34.7709 37.3128 20.1946 0 36.8862 33.6075 20.0839 0 36.8917 36.9495 17.4298 0 1.39291 1.53484 23.6034 0 1.65645 3.98908 26.4992 0 4.25098 1.17076 25.7191 0 4.20033 4.2897 23.232 0 6.52007 1.1846 22.4794 0 6.87312 4.23619 25.7289 0 9.19826 1.48605 25.4637 0 9.3446 3.89319 22.9697 0 12.285 1.64549 23.1215 0 11.9678 4.3527 26.0024 0 14.8821 1.10292 26.0415 0 14.8409 4.09807 23.4585 0 17.6264 0.845383 23.6502 0 17.636 3.91337 26.3319 0 20.3712 1.00185 26.4367 0 20.2612 3.72997 24.086 
0 23.0776 0.875341 23.5124 0 23.4122 3.89741 26.571 0 25.7016 1.10782 26.3761 0 25.5432 4.00108 23.6624 0 28.6434 1.85616 23.8049 0 28.7512 4.25234 26.4218 0 31.4738 1.50714 26.2308 0 31.3483 4.24369 23.9081 0 34.4088 2.02305 23.9092 0 34.1443 4.43177 26.4437 0 36.9719 2.17524 26.441 0 36.7941 4.54879 23.5298 0 1.40324 7.33295 23.3213 0 1.5494 9.67321 25.815 0 4.06162 6.72503 25.9216 0 4.57513 9.48267 23.6431 0 7.21386 7.15663 23.6441 0 6.97631 9.75827 26.342 0 9.74478 7.27467 26.2614 0 9.65816 9.65025 23.444 0 11.7319 6.38865 22.9079 0 12.5646 9.76701 26.4042 0 14.4962 7.0045 25.5754 0 15.6042 9.70264 23.296 0 18.0692 6.73831 23.5357 0 17.7672 9.89877 26.2162 0 20.2296 6.24996 26.6701 0 20.1993 10.2907 23.082 0 22.7388 6.58366 23.8044 0 22.8609 9.08354 26.2498 0 26.0093 6.68161 25.9121 0 25.8169 9.77563 23.2595 0 29.0271 7.18011 23.6557 0 28.9759 9.56121 26.0705 0 31.4774 6.90826 26.6002 0 31.4745 10.5497 23.4125 0 34.082 7.20027 23.0779 0 34.1135 9.41285 26.1442 0 36.9374 6.74885 25.8957 0 36.91 9.82455 23.5096 0 1.35419 12.1982 23.3569 0 1.17755 15.6689 26.3172 0 4.22553 12.1934 26.091 0 3.70789 14.7916 23.2633 0 6.80619 12.6682 23.1263 0 6.74385 14.7312 26.4795 0 9.6837 11.9169 26.3605 0 9.66046 14.5911 23.5866 0 12.6668 12.1812 23.4342 0 12.1234 14.8385 26.0138 0 15.1968 12.3881 26.4929 0 14.8254 15.0815 23.3378 0 17.4542 12.5795 23.606 0 17.9343 15.0505 26.1416 0 20.6592 12.5297 25.9058 0 20.6186 15.3271 23.004 0 23.1827 12.4577 23.3068 0 23.5997 14.7405 25.9659 0 25.5956 11.8617 25.9391 0 25.7207 15.2916 23.2123 0 28.4442 12.5232 23.3082 0 28.8461 14.9599 26.1481 0 31.845 12.6033 26.3082 0 31.7052 15.1579 23.2731 0 34.3487 12.6686 23.3769 0 33.8975 15.527 26.1002 0 36.837 12.6474 26.3104 0 36.8442 15.0253 23.5067 0 0.89123 17.4753 23.0679 0 1.86331 20.4206 26.3781 0 3.97832 17.4603 25.8961 0 3.84877 20.3151 23.3266 0 6.70494 17.2346 23.448 0 6.75994 20.3014 25.7805 0 9.33087 17.3635 26.2688 0 9.34166 20.2757 23.0258 0 12.1212 17.6746 23.3267 0 12.1173 20.3247 25.8164 0 14.8115 17.4098 25.9704 0 14.9946 20.3624 23.6895 0 17.9672 17.9414 23.5521 0 18.2384 20.7898 26.0001 0 20.5893 17.8704 25.8073 0 20.7194 20.6494 23.1084 0 23.0498 18.0275 23.2437 0 23.5252 20.5361 25.952 0 26.0155 17.7709 26.1174 0 25.9384 20.7279 23.2607 0 28.5836 17.594 22.8567 0 28.4844 20.4571 25.9038 0 31.3218 18.2923 26.193 0 31.1125 20.0614 23.1703 0 34.1643 18.2841 23.0363 0 33.8346 20.5386 25.8498 0 36.976 18.0037 26.3434 0 36.991 20.7554 23.5386 0 1.57039 23.2873 23.0218 0 0.847531 25.705 25.9083 0 4.34607 23.3904 26.0891 0 4.11685 26.0204 23.6344 
0 6.18995 22.9165 23.1193 0 6.81618 25.8448 26.099 0 8.96818 23.1842 25.6605 0 9.16743 25.5417 23.073 0 12.0999 23.2489 23.4018 0 12.1199 26.2417 25.7076 0 15.4695 23.2033 25.9806 0 15.0632 26.099 23.2844 0 17.9125 23.4165 23.6045 0 18.215 25.8536 26.3095 0 20.9137 23.3782 25.7724 0 20.8787 26.0083 23.4258 0 23.3385 23.5881 23.1968 0 23.6331 26.1503 25.9029 0 26.5605 23.8316 25.3649 0 25.7256 26.2565 22.7903 0 28.974 23.0878 22.9446 0 28.8153 26.3836 25.7093 0 31.2154 23.4045 25.8459 0 31.2584 26.1024 23.0811 0 33.9214 23.3088 23.4627 0 33.9871 25.9176 25.8056 0 36.5631 23.3203 26.1382 0 37.3282 25.4537 22.8373 0 0.880911 28.2369 23.2207 0 1.29561 31.2821 26.6887 0 3.16068 28.316 26.1424 0 3.82361 31.3391 23.4864 0 6.88701 28.5367 23.1471 0 7.01127 30.9565 26.0376 0 9.56606 28.6151 25.996 0 9.36669 31.5574 23.0622 0 12.0704 28.4942 23.1426 0 12.3516 31.6355 25.9719 0 15.066 28.5054 26.2746 0 15.2246 31.8418 23.6091 0 17.5049 28.7985 23.3443 0 17.8217 31.6795 25.651 0 20.6894 28.7758 25.982 0 20.7296 31.3629 23.0258 0 22.8616 28.7671 22.7671 0 23.4448 31.5264 25.7282 0 25.7928 28.9519 25.3505 0 25.6268 31.547 23.0576 0 28.9459 28.7392 22.7627 0 28.8672 31.4027 25.4352 0 31.8263 28.7154 25.384 0 31.3969 31.6583 22.7416 0 34.4734 28.4281 23.2152 0 33.9761 32.0088 25.8604 0 36.8966 28.4438 26.0078 0 37.3108 31.2446 23.7865 0 0.859262 34.3504 22.8411 0 0.811143 37.172 25.8888 0 3.77767 33.8937 25.8316 0 3.83456 36.9112 23.1661 0 6.85523 33.9879 23.7646 0 6.86151 36.7736 25.9487 0 9.7775 33.8872 26.0378 0 9.0781 37.069 23.2687 0 12.4763 34.2835 23.2448 0 11.7648 36.9082 25.5471 0 15.1113 34.5211 26.0792 0 14.742 37.0208 23.2154 0 17.8248 34.5181 23.1408 0 17.7469 36.7984 26.3575 0 20.5653 34.0585 25.969 0 20.5669 37.1986 23.6231 0 23.2027 34.9146 23.5663 0 23.2266 36.9556 26.3763 0 26.1992 34.4519 25.902 0 26.0283 37.2655 23.6345 0 28.5978 34.275 23.1682 0 28.701 37.078 26.3451 0 31.5913 34.4796 25.69 0 31.918 37.1264 22.7324 0 34.3316 33.7064 22.8134 0 34.1328 36.9728 25.7811 0 36.9761 34.3074 26.0676 0 36.9206 37.648 23.2377 0 1.34392 1.11857 28.6834 0 1.7366 3.7307 31.3079 0 4.34826 1.22302 31.4194 0 4.62601 3.5345 28.7187 0 7.12556 1.09417 28.1575 0 6.70031 3.75171 31.6542 0 9.17006 0.666001 31.3887 0 9.20422 3.72869 28.5776 0 11.88 1.43246 28.1321 0 12.6437 3.79224 31.1706 0 15.019 1.31835 31.4789 0 15.059 3.69791 28.6443 0 17.8039 1.09041 28.6606 0 17.4425 3.8788 31.7279 0 20.4475 1.19952 31.6148 0 20.6178 3.91696 28.9555 0 23.193 0.922453 28.8444 0 23.7608 3.9469 31.2553 0 26.1656 1.29974 31.7785 0 26.1432 3.87781 28.8285 
0 28.8584 1.38024 28.8091 0 28.9221 4.09522 31.9355 0 31.604 1.07553 31.8638 0 31.5364 4.16118 29.003 0 34.2147 1.14705 28.5266 0 34.3384 3.96134 31.8821 0 37.2137 1.39379 31.3714 0 37.0259 4.37252 29.2583 0 1.71798 6.67395 28.5005 0 1.24548 9.88173 31.3681 0 4.17043 6.52127 31.3048 0 3.81578 9.62793 28.9674 0 6.56857 6.77462 28.6936 0 6.50706 9.06717 31.5248 0 9.38118 6.52989 31.6057 0 9.2812 9.26842 29.2247 0 11.7349 6.57386 28.9474 0 12.2752 9.66132 31.8822 0 14.8622 6.87318 31.6961 0 15.1681 9.53924 29.0577 0 17.4162 6.44499 28.8569 0 17.6568 9.61997 31.571 0 20.2303 6.9921 31.3288 0 20.2132 9.39477 28.9155 0 23.2659 6.78924 29.0914 0 23.3199 9.68763 31.6981 0 26.2056 6.67402 31.7308 0 26.4897 9.21518 29.1712 0 28.9654 6.90967 28.9694 0 28.8598 9.8066 31.6745 0 31.9378 7.06914 31.3725 0 31.7871 9.98855 29.0522 0 34.5188 7.02827 28.8181 0 34.4818 9.55126 31.5303 0 37.5243 6.96386 31.4286 0 37.1882 9.92129 28.6593 0 1.01742 13.0287 28.6956 0 1.76348 14.9607 31.7842 0 3.93569 12.3619 31.8219 0 4.12663 14.7643 28.7674 0 6.67873 12.203 29.3766 0 7.03394 15.0574 31.4878 0 9.50267 11.873 31.8432 0 9.58361 14.8836 28.6904 0 12.407 12.3135 29.2956 0 12.2093 15.1017 31.608 0 14.8963 12.1948 31.4081 0 14.684 15.2073 28.6875 0 18.2393 12.4552 28.855 0 17.2905 15.5654 31.1784 0 20.7495 12.3564 31.3376 0 20.6003 15.2738 28.6559 0 23.6054 12.7676 28.9908 0 22.898 15.4704 31.6822 0 26.3787 12.6295 31.1605 0 26.1477 15.2473 28.5908 0 29.0839 12.1804 28.7822 0 28.5099 15.639 31.1188 0 31.8314 12.1844 31.976 0 31.7354 15.1036 29.2691 0 34.3446 12.8252 28.8652 0 34.2849 15.37 31.6013 0 36.8934 12.5828 31.5165 0 36.931 15.5519 28.9486 0 1.09296 17.8405 29.122 0 0.951031 20.3621 31.5954 0 4.61698 17.3814 31.3374 0 3.9974 20.9233 29.3124 0 6.58762 18.0641 28.5213 0 6.87852 20.4747 31.4191 0 9.63349 17.6601 31.509 0 9.4218 20.2918 28.6444 0 12.3303 17.9907 28.5618 0 12.3572 20.7417 31.273 0 14.825 17.9765 31.3889 0 14.7924 20.6536 28.587 0 18.0683 17.7201 28.243 0 17.797 20.9148 31.314 0 20.1959 17.7678 31.2292 0 21.0242 21.0977 28.7832 0 23.5497 18.0604 28.6556 0 23.8728 20.549 31.4949 0 25.8316 17.8345 31.507 0 26.1018 20.7473 28.9424 0 28.8221 18.1468 28.7034 0 28.5118 20.1576 31.738 0 31.4372 17.8975 31.7654 0 31.3542 20.8596 28.9136 0 33.6353 18.2274 28.6452 0 33.9771 20.5509 31.509 0 36.8172 18.2398 31.6781 0 36.6835 20.7407 28.635 0 1.04201 23.167 28.7651 0 1.40029 25.3848 31.512 0 4.15496 23.2578 32.3378 0 4.09697 25.0356 29.0273 0 6.91998 22.7546 28.5627 0 6.61662 25.7911 31.4854 0 9.13509 23.3 31.3082 0 9.39721 25.5283 28.5259 
0 12.268 23.1582 27.99 0 12.1537 25.9366 30.95 0 14.7931 23.279 31.316 0 15.0361 25.7387 28.6059 0 18.7 23.6749 28.7959 0 18.0222 26.2241 31.3408 0 21.1763 23.0504 31.7351 0 21.2057 26.1749 28.5406 0 24.077 23.5772 28.4074 0 23.5732 25.8766 31.4124 0 26.5105 23.4507 31.3151 0 25.96 26.4456 28.2612 0 28.6939 23.6972 28.258 0 29.0242 26.0472 31.345 0 30.8646 22.9998 31.9612 0 31.4261 26.323 28.7568 0 34.0276 23.8385 28.9568 0 34.3177 25.4498 31.7904 0 36.7456 23.1261 31.544 0 36.7203 25.8053 29.0011 0 1.10591 27.8967 29.1842 0 1.6822 31.12 30.8507 0 4.01447 28.4531 31.3904 0 4.3651 31.4276 28.346 0 6.37063 28.1106 28.5404 0 6.68562 31.0791 31.5294 0 9.36428 28.5012 31.3675 0 9.73469 31.2427 28.7058 0 12.325 28.5661 28.7028 0 12.2938 31.538 31.4702 0 15.2207 28.8717 31.0719 0 14.899 31.5062 28.3905 0 18.2145 28.7984 28.8413 0 17.8805 31.6455 31.5405 0 21.3024 28.6217 31.5861 0 21.0633 31.337 28.6727 0 23.3851 28.9013 28.3787 0 23.6783 31.1568 31.5497 0 26.4796 28.3986 30.9826 0 26.2656 31.4077 28.1443 0 29.2976 29.1135 28.1741 0 29.0305 31.2077 30.9048 0 31.5327 28.8224 31.3196 0 31.727 31.8448 28.5853 0 34.0927 28.9043 28.5802 0 34.1928 31.1901 31.2552 0 36.7594 28.5007 31.2515 0 36.9054 31.2901 28.8152 0 1.41867 34.0118 28.5787 0 1.44848 36.8097 31.1236 0 4.30825 33.6976 31.0202 0 4.26661 36.895 28.6177 0 7.11897 33.7621 28.7696 0 6.83931 36.4161 31.1527 0 9.33436 33.9602 31.7195 0 9.4674 36.7048 28.7063 0 12.1407 34.1869 28.9493 0 12.1328 37.0678 31.1561 0 15.4211 33.7544 31.5615 0 15.2014 36.8125 28.9389 0 17.992 33.5508 28.6137 0 17.9675 36.3018 31.5843 0 20.6482 33.8121 31.3771 0 20.4647 36.5524 28.9107 0 23.7622 34.1109 28.4575 0 23.2926 36.6025 31.6117 0 26.5278 33.9725 31.2597 0 25.9222 37.1402 29.1359 0 28.8491 34.1891 28.6526 0 28.7245 36.7007 31.5652 0 31.5029 34.2324 31.3547 0 31.3776 36.6717 29.0517 0 34.4493 34.3492 28.3647 0 34.3986 37.1634 31.755 0 36.6926 33.6887 31.3047 0 37.0915 36.8905 28.885 0 1.10169 0.960027 34.3623 0 1.31592 3.9979 36.6464 0 3.8636 0.980482 36.8987 0 4.2115 3.78557 34.6712 0 6.90966 1.09658 34.6445 0 6.86643 3.73301 36.958 0 9.48085 1.12597 36.8832 0 10.2615 3.79572 34.0141 0 12.7878 1.00826 34.095 0 12.1214 3.36009 37.0837 0 14.8751 0.527285 37.0682 0 15.2757 3.80075 34.833 0 17.6745 0.94041 34.5181 0 18.1307 4.12023 36.6846 0 20.7595 0.76208 36.8125 0 20.4846 3.45114 34.0791 0 23.9004 0.920008 34.2742 0 23.2902 3.76547 37.0534 0 25.8311 0.970922 37.0495 0 26.2684 3.76591 34.2203 0 28.5432 1.22545 34.5674 0 28.4301 4.07936 37.1063 0 32.0021 1.13611 36.8463 0 31.2017 3.95603 34.0923 
0 34.1952 1.1601 34.2905 0 34.8182 4.10099 36.8995 0 37.062 1.03141 37.0053 0 37.3902 3.72383 33.9565 0 1.44608 6.85051 34.0361 0 1.7096 9.3434 37.131 0 3.88922 6.69419 37.013 0 4.09315 9.39227 34.0976 0 7.00041 6.52345 34.2052 0 6.73113 9.31008 37.1404 0 9.67125 6.11606 37.069 0 9.44234 9.32262 34.9305 0 12.2464 6.73985 33.9562 0 12.5385 9.51756 37.3502 0 15.151 6.44178 37.573 0 15.0809 9.88475 34.5072 0 17.2883 6.85246 34.4271 0 17.2847 9.25041 37.0779 0 20.5708 6.5843 36.6162 0 20.0943 10.1961 34.1488 0 23.1795 6.61568 33.6469 0 22.5099 9.90294 36.5728 0 25.6402 6.80046 36.3431 0 26.4932 9.90705 34.0199 0 29.0163 6.8443 34.2357 0 28.7403 9.72801 36.6943 0 32.0865 6.46771 36.8317 0 31.7732 9.17601 34.3271 0 34.903 6.66805 34.3191 0 34.2829 9.59661 37.1059 0 37.3488 6.75834 36.7953 0 37.317 9.56513 34.4923 0 1.46684 12.3512 34.3391 0 1.54252 15.1987 37.2573 0 4.31159 11.8836 36.7475 0 4.18355 15.2872 34.6198 0 6.86325 12.3682 34.218 0 6.94206 14.2712 37.0499 0 9.6397 12.1913 37.0777 0 9.37896 14.7462 34.1 0 12.248 12.3455 34.2516 0 12.2555 15.6726 36.896 0 15.0323 12.5594 37.1909 0 15.1294 15.2473 34.1761 0 17.643 12.4993 33.6873 0 17.4795 15.3406 37.091 0 19.9857 12.9094 36.9198 0 20.1168 15.4235 34.512 0 22.9546 12.7011 34.0044 0 23.2587 15.2141 36.7757 0 25.8103 12.214 36.5486 0 25.7105 14.9964 33.9363 0 28.706 12.5085 34.4465 0 29.1569 15.0488 37.4411 0 31.6304 12.4308 36.8981 0 31.3727 15.0474 34.0977 0 34.8593 12.6051 34.372 0 34.1901 14.9977 36.6706 0 37.0679 11.8797 37.1872 0 37.3853 15.4407 34.1922 0 1.26425 18.1218 34.2561 0 1.21657 20.7329 37.2633 0 4.48059 17.8674 37.6087 0 4.01155 20.4726 34.573 0 7.00739 17.7473 34.6785 0 6.92215 20.5157 36.7902 0 9.8258 17.9982 36.8734 0 9.67752 20.518 33.7756 0 12.348 18.016 34.3234 0 11.8447 20.9918 36.4094 0 14.6452 18.1891 37.1373 0 14.9654 20.3415 34.2044 0 17.6084 17.8682 34.5344 0 17.6695 20.6923 37.0396 0 20.7052 17.9843 37.0574 0 19.9235 20.631 34.2465 0 22.8832 18.3066 34.2302 0 22.9169 20.6646 37.0717 0 25.9496 17.5922 37.085 0 25.731 20.6898 34.4951 0 28.5307 17.7295 34.2886 0 29.0081 20.063 37.4731 0 31.5415 17.3555 36.9642 0 31.4473 20.44 34.7198 0 34.3419 18.0672 34.4473 0 33.9994 20.3882 37.1599 0 36.9253 17.9709 37.2726 0 36.7293 20.7733 34.4056 0 1.32425 22.8938 34.238 0 1.61347 25.6519 37.1381 0 4.32762 23.214 37.2599 0 4.23334 26.234 34.42 0 7.12795 23.3602 34.5741 0 7.15158 26.3314 36.8776 0 9.60427 23.6193 36.9837 0 9.74459 25.9024 33.8184 0 12.0911 23.5197 33.7783 0 12.6908 26.2527 36.4939 0 14.4688 23.2459 37.0057 0 15.1477 25.6889 33.859 
0 18.025 23.4385 34.0143 0 17.6243 26.0523 36.8772 0 20.0829 23.3415 36.8568 0 20.9486 25.9595 34.1826 0 23.9136 23.5834 34.4172 0 23.5174 26.2185 36.8795 0 25.6052 23.2735 37.2615 0 26.6498 26.2968 34.2236 0 28.3563 23.04 34.4784 0 29.0043 26.0861 37.1158 0 31.2848 23.0582 37.3222 0 31.343 25.5197 34.5584 0 33.9478 23.1088 34.8555 0 34.3983 26.0682 37.617 0 37.1053 23.5574 36.9695 0 37.2938 25.8371 33.9469 0 1.45084 28.3647 34.0665 0 1.20643 30.9402 36.6212 0 4.20031 28.6299 36.8249 0 4.19363 31.1991 34.1407 0 7.16423 28.7779 34.2813 0 7.03146 31.428 37.1081 0 9.78121 28.5233 36.4309 0 9.53881 31.326 34.2208 0 12.4272 28.2937 33.5339 0 12.3057 31.4143 37.0498 0 14.8874 29.0312 37.0821 0 14.8632 31.3964 34.0571 0 17.4769 28.6539 34.0468 0 17.909 31.1893 37.0468 0 20.343 28.4385 36.929 0 20.5272 31.1295 34.6 0 23.9804 28.6467 34.0962 0 23.4951 31.4547 36.8728 0 26.5385 29.0887 37.1832 0 26.8177 31.2872 33.4795 0 29.3338 28.8094 33.9333 0 29.4067 31.1704 37.0025 0 31.9751 28.5483 37.4744 0 31.3961 31.736 33.8891 0 34.1098 28.3964 34.4372 0 33.8995 31.2367 37 0 37.2994 27.8175 36.654 0 36.808 30.7459 33.9627 0 1.39229 33.8741 33.3805 0 1.27241 36.6082 37.2764 0 3.91606 33.843 36.9341 0 3.86024 36.1318 33.7227 0 6.81612 33.9306 34.4481 0 6.61743 36.697 36.7567 0 9.54617 33.9482 36.8728 0 9.33726 36.6434 34.0602 0 12.2255 34.3424 33.8501 0 12.0403 36.5092 36.8921 0 15.2937 33.9636 36.907 0 15.3611 36.7481 33.954 0 17.8008 33.7239 34.4352 0 17.9419 36.4956 36.9553 0 20.447 33.7885 36.9257 0 20.438 36.3511 34.5231 0 23.7468 34.022 34.3327 0 23.5058 36.7021 36.9047 0 26.1985 33.6906 37.2004 0 26.0419 36.6875 33.9109 0 28.9656 33.96 34.6338 0 28.9476 36.8972 36.9548 0 31.6999 33.9283 36.8634 0 31.634 36.9081 34.561 0 34.3037 33.8285 34.3865 0 34.4277 36.2531 37.3182 0 37.2819 34.0206 36.7748 0 37.3881 36.6506 34.2933 
0.703564 0.655761 -2.24745 -0.291034 -2.34997 3.40972 -2.41003 -0.356246 0.466946 -0.345913 0.0256949 0.121374 0.668928 1.28725 1.31601 0.969862 -0.239057 -2.15929 -0.485165 1.95878 2.01066 -0.423099 2.53973 0.516903 0.819759 -0.775436 0.488027 -0.821332 0.0148871 -0.762445 -0.563744 1.01109 -0.265657 1.15962 0.0992239 -1.16315 -2.58026 -0.952477 -2.07825 -0.419675 -0.837192 0.96984 0.766656 0.796171 -1.88898 1.00683 -0.621568 0.635983 1.40159 0.740772 0.83613 -0.611292 0.655576 0.803201 -0.841717 2.76456 -0.564537 2.54965 -1.15813 -0.94162 0.00301455 -0.318804 -1.9303 -0.150362 0.541326 -1.39491 1.61744 0.658005 0.59936 1.1191 -0.366153 0.872609 -0.8403 -0.833793 -0.188218 0.472937 -0.292981 -1.83519 1.87063 -0.567061 -0.948193 2.18586 -1.24296 -0.408623 -0.613667 -0.0113054 -0.0660268 -2.73315 2.53176 1.30713 -0.574572 -0.235196 1.12334 0.62022 2.12082 -0.97239 -0.54578 -0.0178334 -0.771697 0.168544 1.26815 1.13159 -0.15489 0.102868 2.80131 -0.841106 1.20297 -0.145092 -1.10022 1.152 0.0131175 2.25983 -0.553303 -0.270187 0.0709706 -1.07607 -0.99982 0.951009 1.08211 0.751841 0.481557 1.82388 0.71512 -0.834664 1.03247 0.153873 0.0262586 -1.90117 1.11787 1.49785 -0.117783 -0.558622 -1.18116 -0.450856 -1.50498 1.25626 -0.25756 -1.05987 2.2058 -0.7083 -0.289661 -0.49857 1.10748 0.145636 -0.528331 0.472539 -2.09366 -0.32728 -0.616715 1.60015 0.315557 1.842 2.34364 0.414281 -0.0415352 -1.21573 -2.72196 -1.05504 0.109969 -0.0791296 2.27807 -0.153596 -0.0104356 0.994238 1.49359 0.447073 -0.382188 -1.13065 0.0298399 -3.74591 -0.519656 -1.06194 -1.11497 -0.0222839 -0.549892 -0.0331941 1.1917 0.536903 -0.886839 1.80867 -1.53226 0.873347 -0.115497 -0.124449 -0.917622 1.63645 1.05561 1.93286 0.0129695 0.62194 -0.270779 -0.547082 0.0410781 -1.08398 0.243532 -0.20144 2.01106 1.17851 0.740107 -0.071077 -0.481543 2.43362 -0.944728 -0.159204 -0.0866093 0.650368 1.8393 -1.7267 0.73406 -0.0095021 -0.0651202 0.102381 -1.46907 -1.88987 0.64692 -1.83332 0.729242 -0.292342 -1.60836 -0.983401 -0.227007 -1.96474 -0.296334 1.27722 -1.37405 2.39647 1.35447 1.28976 -2.60482 -1.00084 -0.619614 0.0829997 1.39002 1.08394 1.71498 -1.3581 0.354821 0.22403 0.111473 -0.752715 0.64865 1.32312 3.06321 -3.41201 -0.833513 -0.655627 -0.136696 1.06411 -0.108829 1.39109 0.357251 -0.176488 -0.760485 -0.93028 0.240964 0.757542 -1.0376 0.980872 1.32089 -0.237893 -1.72372 0.995728 -1.28778 0.0312983 0.211777 -0.840676 -0.253681 1.56339 1.36433 -0.231905 -1.67922 1.23595 0.617367 1.42838 0.874367 -1.48897 0.423363 1.37714 -0.963039 -1.99006 0.553458 -0.312816 -3.21747 0.0309014 2.55195 -0.0450883 -1.00617 -0.99933 -0.203725 -0.697311 2.17721 0.904544 -0.939967 -1.33826 -0.89874 -0.0948378 0.651981 -0.203829 -0.976029 2.81591 
1.36491 -0.613218 3.82502 -1.90307 1.37794 -0.43854 0.467503 1.36432 1.9311 -0.901484 -0.415335 -0.627691 1.47577 0.575557 1.41268 2.09741 0.660906 0.504888 2.12793 0.0608585 -0.224309 1.09197 -0.740723 -2.39467 1.81501 1.06736 -0.187101 -0.678143 -0.21168 0.66691 0.109506 -2.13634 2.17321 0.689271 0.118492 0.417491 -2.25077 0.110679 1.91031 -0.230833 1.05632 0.699911 -1.21954 -0.185967 0.40258 0.330409 -1.0999 0.614449 0.942554 0.0350173 -0.00830156 0.239423 0.0743096 0.935536 -1.68003 0.867589 2.50518 0.305856 -1.16783 -1.13938 0.324039 0.370056 -0.65448 1.58912 0.968225 -1.54643 1.05218 1.22881 -2.12058 2.95053 -0.536849 0.262059 -0.793332 0.737087 -1.6036 2.23277 0.103466 0.829081 0.179025 0.613208 0.463763 -1.63949 1.61891 -1.1577 -2.09291 -1.01621 -0.0398776 0.720367 -1.06808 -0.329351 -0.908558 0.127522 1.23888 1.33145 -0.456045 -1.56359 -0.806976 -1.49223 -2.05261 2.16642 -0.890452 1.55972 -0.230757 0.993867 -3.44325 0.357787 0.808037 -3.50654 1.72634 -1.45036 1.29137 -0.734963 -0.867487 -0.6715 -1.11741 -0.0469688 -0.563416 0.270711 -1.17272 -0.473599 1.85208 -2.47068 -1.3136 0.318088 -1.05499 -0.431685 0.912881 1.12097 1.21043 -1.03012 -1.71024 1.0211 -0.33301 0.922633 -1.35128 -0.995645 -0.727083 0.813377 1.51624 -0.0759655 -0.198615 -1.07416 -0.726693 0.275872 0.680707 2.44891 1.79047 0.633408 0.274623 -1.23749 3.10326 -0.528192 -0.672499 0.388229 0.454177 0.463118 1.10774 -0.0603308 -0.279863 0.608386 -0.195704 1.48744 1.90795 0.463528 2.62283 1.31637 0.807479 -1.24431 -1.18229 -0.141186 -1.10895 1.8561 -1.76483 -2.36558 1.96228 -0.835625 0.878481 0.699441 2.1839 0.845566 -1.21102 1.31644 -1.84852 0.132414 -0.550123 -1.05226 0.789017 0.749994 2.63019 -2.90495 -0.438858 -1.14029 0.995707 -0.366384 0.513681 -1.15758 -0.126914 -1.13511 0.269675 -0.741715 -0.419034 -0.418336 -1.17104 -1.55599 -0.66611 2.30205 0.159523 -0.258973 -0.704201 -1.67217 1.06386 1.09296 -0.764543 0.616654 1.56678 0.463861 -1.76759 -0.894769 -1.28475 -0.730006 -0.946976 0.367511 -1.75246 0.0973172 -0.672559 0.907069 -0.246511 2.45782 1.14848 0.0818989 -1.6264 -1.81609 -0.189187 -0.241165 -0.177274 -1.07073 0.701693 -2.95087 -1.7803 -0.872069 0.211669 1.24546 -1.02588 -1.48024 -0.818024 -0.915209 -2.19067 -1.8976 -2.42188 0.0485331 -0.926319 -1.91264 -1.32669 0.203155 0.235998 -0.131081 -1.01719 -1.38799 -2.80223 -0.0271707 0.316663 -0.346382 3.69578 -2.24435 0.445675 0.287541 2.18757 -1.55718 -0.145604 2.01347 -1.11539 -1.606 -9.64443e-05 0.451946 2.8064 -1.25585 -0.528874 -1.38141 -0.958695 -1.90346 0.503126 -0.155541 -1.21472 0.950896 2.03092 0.086076 1.96504 0.956421 -2.4901 1.94378 0.628728 0.902802 1.86176 2.65117 -1.59094 -1.6631 1.34987 -0.333768 1.32187 -0.822285 
0.144958 -1.9936 -0.972053 -1.23919 -1.28616 -2.33035 2.47355 -2.10646 2.62438 -0.22722 0.617962 0.552712 0.599626 1.70017 -1.93653 0.98759 1.91473 -1.2613 -0.22428 0.783865 0.266482 -1.3924 1.121 -0.342865 -0.272684 0.0572005 -0.799287 1.12117 -1.42122 -1.06757 -1.60655 1.60571 1.46947 -2.13801 0.437001 0.192544 0.341698 0.929545 0.179056 -0.732905 -0.27856 -0.211742 0.467801 0.474941 0.463593 1.36212 -2.51441 2.34496 -0.609453 0.740435 1.73441 1.19421 0.580901 -0.613645 -0.809366 1.42604 -0.156035 0.354336 0.0451032 -0.967247 -0.636743 -2.55896 -1.34906 -1.18299 -0.677898 -0.384872 1.76499 1.09223 1.15587 -0.232284 -2.44675 0.284502 0.815105 -1.51334 -2.08523 0.0748956 -0.69405 1.42644 1.10157 0.855898 3.88514 0.510997 0.943003 -0.590478 1.45914 0.979737 -0.961714 -0.825674 0.381307 -0.788279 0.210009 -2.2168 0.558667 -0.449038 1.03485 -1.42931 2.09832 0.565037 0.384997 -0.824238 -2.41944 0.863106 -0.0538746 2.345 -0.191855 -1.46364 -0.708014 -1.06046 -1.62124 1.64551 0.878077 -0.582305 -1.49115 -0.751276 1.10847 0.569029 0.843644 0.917167 -2.60683 -0.79968 -0.286835 0.587741 -0.638455 -0.144878 -1.38339 0.520146 0.00878364 1.22199 0.521609 1.05174 0.0885923 -0.920917 0.709647 0.40486 -1.17387 -1.06954 1.81895 1.17677 -0.587981 1.27193 -0.101643 1.9605 0.873985 1.05914 -0.771557 -1.53174 0.186783 -3.68002 1.04115 -2.37582 -0.875785 -0.548434 -0.225061 0.700077 0.0427567 -0.777622 0.649113 0.108145 -0.33413 -1.08319 -2.21624 -1.31367 -0.150884 -1.62068 -0.615174 -1.43215 1.60399 -1.90906 0.39017 -2.26525 -0.269726 -1.78101 0.944705 1.96196 1.87308 -0.388626 -0.15073 0.175928 1.83808 -1.32739 0.0658808 -0.66952 0.297683 0.820966 0.631186 0.638693 -2.20514 -0.16483 0.17572 -0.152877 -0.181609 1.02108 1.29763 -2.23594 2.12268 0.180936 0.40255 0.775901 -0.553282 -1.51725 -0.607724 -0.164316 -0.807281 0.515506 0.352706 -0.0278054 0.0633909 -2.86067 0.605095 0.597255 1.96365 0.400475 -1.38624 -1.15909 2.98544 0.0242513 2.51952 -1.33992 -1.17451 -0.633238 -2.59674 1.66548 -2.40869 -1.41887 -1.60503 -2.47676 1.52364 -0.239716 -0.236442 -1.42311 -0.42631 -1.68584 -0.921085 -3.70044 -0.417314 -0.661441 -0.762763 2.55588 -1.89993 -1.01211 -0.704621 0.442118 -0.367014 1.33716 -0.4507 0.130883 -0.302185 -2.05562 0.785815 -2.18286 -2.02308 -0.141626 -1.37164 -3.30634 -0.838755 0.782712 0.90806 1.47359 -0.305875 0.633432 -2.39825 -1.29783 0.204639 -0.290053 -1.89695 1.94987 -2.15031 0.761991 0.375654 -1.3796 -1.62175 -1.5015 1.59286 -1.23865 0.0309747 -0.81659 0.183173 0.320466 1.17523 -1.16227 0.132823 -0.242272 -0.409495 -2.42217 0.832388 -1.85458 0.477985 -1.71473 -0.488718 0.168378 -1.11303 1.89594 0.149126 -2.51678 1.26435 -1.12331 -0.985212 0.371004 -0.668599 0.073592 
0.699036 -1.7621 0.191945 0.918025 0.146938 0.167856 -0.462923 -0.902017 0.754043 -1.15553 -0.799673 -0.935727 -0.87366 -2.47491 -0.842431 1.97858 0.39709 -0.1251 2.36217 -0.534278 0.887136 -0.978206 -0.422775 -0.707284 0.777169 1.95202 -1.33237 0.479838 -1.05975 -0.573601 1.20816 1.333 1.27199 -0.493694 2.26474 -0.705548 0.606429 0.560282 0.324282 1.35408 1.90409 -1.18179 1.29825 -0.0663087 -0.624706 2.17929 2.75282 0.894796 2.2314 -1.28609 -3.92266 -1.02602 -0.304518 -0.507089 -0.456607 -1.23514 0.637563 -0.832976 -0.0490962 -0.61495 0.116026 -1.37899 -2.66124 -1.20306 -1.07732 -0.0514348 -0.922467 -0.126707 0.672656 0.382876 -1.08498 0.154069 -1.5841 -2.6193 -0.719543 1.03463 -1.43228 0.710132 -0.905403 -0.477232 0.00817036 -0.311258 -0.358789 -1.08696 1.02017 -0.648713 0.731207 -0.920962 -1.21952 0.69758 0.262297 -0.849692 0.809247 1.5411 1.52126 -2.65124 1.32725 0.957833 -1.24447 -0.421211 -3.70484 0.924288 1.19637 0.285413 0.741198 2.01903 1.16359 2.96611 -1.06874 0.933085 0.852351 -0.289753 -1.47834 1.56132 0.950386 0.910207 -0.0905021 1.08646 0.456794 1.19046 -0.853576 -2.05209 -0.0841369 0.515378 -1.0927 -2.46265 0.0555338 -0.311983 1.17967 0.116095 0.29763 0.955884 -1.11153 0.935193 0.265541 -2.01215 0.446592 0.27773 -1.36107 -0.550892 1.40487 1.34487 0.714236 -2.08392 0.941747 0.0177036 0.975665 0.232779 -1.05986 0.425792 1.51427 -0.624484 1.71083 0.0895094 1.01023 -3.27924 -2.95797 0.323156 1.27692 -0.00949457 3.47433 -2.4205 -2.01068 -1.14842 0.678989 0.58052 -1.07327 0.0558688 1.81868 1.1538 -3.04847 0.489257 -1.08918 -1.90947 2.37491 0.268139 0.295125 1.01371 0.198431 -0.24744 0.974053 0.74607 1.10978 -0.883563 -1.80455 -0.19622 0.784393 -0.79601 3.18823 -1.00822 -1.0222 -0.489367 1.24616 -1.41892 0.837293 -0.416145 -0.189447 -1.66907 1.99399 0.175655 -0.206187 1.3093 -0.419811 -0.59232 0.974721 -0.860401 -0.313418 0.13416 1.33819 -0.73154 0.890654 0.652193 0.956565 -1.27266 0.396127 0.522818 0.845966 -2.34462 0.406907 -0.157478 0.157435 -0.607376 0.0867629 -0.913421 -0.118881 -1.50537 -0.830723 -1.72741 -0.912957 0.0756073 -0.272805 -2.40301 0.52695 0.920965 0.515139 1.73187 2.20193 2.75341 -1.44506 2.38408 -0.245178 1.46601 0.665173 0.124307 -0.447136 -2.17567 -0.115668 0.073486 2.00553 1.56576 0.883171 -1.34119 -0.612635 -1.82087 0.778838 0.861329 0.788784 -0.159344 -1.63765 -1.90859 -1.11957 -0.886426 1.94022 1.87171 -0.958167 -0.427895 0.577605 1.60236 0.704271 -1.0447 -3.19283 -1.58073 -0.91633 1.32678 -1.73565 0.696016 0.785146 4.28448 -1.83075 -0.5171 -1.17638 -0.554082 0.312322 1.6929 -0.920942 2.61131 -1.06835 -0.204907 -0.497845 0.453606 0.760195 0.717108 -1.79076 0.649968 0.440496 1.25221 -0.441584 0.642563 1.72996 -2.8983 
1.75098 1.05345 3.459 2.00965 0.465166 0.260761 1.21045 -2.11993 0.125339 -0.495804 -0.249189 -0.552961 0.983781 0.271806 0.0779393 -1.13329 4.0301 -1.76727 0.59697 0.0315712 1.36208 1.58985 1.2222 0.6564 0.501058 -0.344326 1.21713 -1.75116 0.579777 0.210584 1.094 -1.38858 -0.127265 -1.38079 0.35974 1.48569 1.39338 0.0553875 -0.0982013 1.38652 0.386758 0.381132 0.879497 -2.79605 1.77638 3.4347 0.752614 -0.985301 -0.124019 -2.70515 0.12048 1.45513 3.97999 0.137455 2.03656 -1.44581 -0.156762 1.83113 0.719534 0.034208 -0.231144 1.45939 -0.149833 0.439049 0.112227 0.547894 -2.41803 -0.876496 -0.741851 -1.76699 -0.906122 0.825483 -0.901268 0.531321 1.94229 0.201695 0.587949 0.369162 1.31399 0.779984 1.83296 0.714406 0.481133 -0.135886 0.0552391 0.475397 0.888135 0.498203 1.89415 -0.571074 -1.64608 -0.705835 3.01588 0.195011 1.34864 0.686988 -0.88212 1.05025 -1.66808 1.07754 0.778642 0.43181 -0.662072 0.890724 0.893207 -0.344109 0.0418751 0.734763 1.03128 0.80242 -1.17815 -2.64312 1.63785 -0.6936 -2.02771 -0.403947 -0.616619 0.944049 0.434812 1.15187 -0.634493 0.124473 -1.75057 -0.654187 0.518547 -0.490567 -3.39068 1.82736 1.36231 -1.17878 1.2335 -1.30703 0.694843 -0.759072 -1.04405 -0.702461 0.935556 -2.76251 0.185571 -1.22886 -1.50639 -0.290197 -0.663539 0.00628075 0.829149 -3.43799 1.02502 -0.287403 -1.39385 -1.03779 2.54244 0.344477 -0.867969 0.887974 -1.39884 -1.60188 -1.25442 -1.14811 -1.18745 -0.188085 0.402055 -0.94907 -0.253597 -0.0814974 -0.687957 3.76289 -2.175 0.572846 -1.7314 1.1713 0.512122 -1.0981 -2.35654 -1.04862 -0.118758 0.115458 -0.142725 0.667402 -0.0769199 -1.68212 -0.101879 -0.0782374 -0.928742 0.182035 -0.390795 -0.700965 -0.762539 -2.1426 -1.45126 0.383583 -1.58108 -1.19947 -1.60004 1.52442 0.64793 0.264756 0.926501 -0.805675 1.90058 0.249293 3.41985 -2.14311 -1.75933 -2.17616 -1.88387 -0.960979 -0.309326 -3.6384 0.331955 -1.29922 -1.53557 3.15981 2.56163 0.521072 -0.922764 1.38421 2.01334 1.2444 -2.40764 -0.739064 0.299768 0.478705 -0.088575 -0.612283 0.765172 0.00991634 1.2228 0.209459 0.737383 0.40419 -0.887611 0.113439 0.805741 0.572027 -0.628612 0.076709 0.956175 0.589036 2.33422 0.679701 1.99463 0.359238 1.95064 0.0403762 -0.196303 -3.30002 0.582408 -0.870609 -0.0258728 0.972432 -0.0232708 0.172719 -2.03652 0.890713 0.907292 -1.16521 -0.121469 1.30331 -1.78979 -0.703013 1.38992 -2.21408 1.47076 -1.34227 1.69794 -0.498912 0.931439 -1.07736 0.420681 1.5985 0.950534 -0.946951 0.957574 -0.725832 3.38345 -1.17878 -0.127773 -0.676043 -2.20253 -0.332198 0.423277 -1.10064 -1.02169 -0.96817 -1.30609 1.52401 0.277819 0.100315 -0.571844 -1.43136 1.75962 0.719427 -0.614955 -0.963875 -3.83231 -0.776078 -0.68102 -0.542914 0.799372 -0.203609 
-1.78536 1.75076 1.82835 -1.3016 1.8775 -1.52406 -1.19163 0.785184 -1.09243 -0.809613 0.715853 0.271265 0.527393 -1.22528 1.48424 0.722123 0.622085 -0.170019 -0.0689625 -0.917465 1.51061 -1.14567 0.938976 1.55849 -0.804881 1.51708 -1.7404 -1.09029 -0.915794 -0.602447 -0.488483 -0.104571 0.31455 -0.182209 0.518513 0.653492 -1.28536 -0.858134 -1.39801 1.96601 -2.4354 -0.507425 0.183829 -1.37047 1.42921 0.171463 0.493494 -0.781625 -0.360984 -2.19681 0.0790902 -0.165668 1.92884 -1.82602 2.19522 1.70478 -1.11481 -2.56306 -0.345007 -0.0495648 -0.998967 -0.281079 -1.01085 -1.33467 -0.0122858 -0.272048 2.01469 -1.16392 0.925072 -1.23578 0.336169 1.39675 0.686537 0.0155197 0.876151 -1.68653 -0.514932 -0.592506 0.332558 -0.779987 1.97889 1.14874 0.301779 -0.352466 0.410346 0.639657 -0.759842 -0.94275 1.37647 -1.51822 0.650775 -0.628156 1.40692 1.2952 -0.482332 -1.222 -2.01633 0.353535 0.0534067 2.02258 -0.235963 1.28304 0.0517514 -0.615234 0.253299 -0.478782 1.52893 -0.460583 1.83107 -0.27756 -1.14667 0.498635 0.84055 -2.54104 -0.132983 -2.48215 1.42271 -1.3612 -0.803796 0.774791 -1.78677 0.845493 -1.12755 -3.0545 -1.81476 -0.395921 0.149636 0.581499 1.26992 -1.09815 -1.32646 -0.678787 -0.653488 0.856223 1.19107 0.754843 -1.87102 3.70006 1.05527 2.13689 1.91777 0.413739 2.64784 1.99341 0.339615 -1.07852 -0.87664 0.157066 1.23245 0.483137 0.244201 -0.174202 1.92998 -1.40921 0.701852 1.35301 -0.350978 -0.738296 0.860093 0.22969 4.29834 -0.143465 -1.12332 0.514297 0.594772 -2.58146 -0.0225246 0.717377 0.0178 -1.77393 -0.117947 2.79593 1.02943 -2.41155 0.67206 -1.10402 -0.291702 0.766228 -1.3955 -0.0620347 -1.37827 2.37317 -0.607961 1.89712 0.451109 0.276965 0.443845 -0.731854 0.675142 0.112091 0.117049 -0.836308 1.83055 1.14229 1.71594 0.345048 -0.630479 -0.332925 0.706495 2.12671 2.22761 -0.742544 -0.337661 0.00718758 -1.58021 -0.893387 1.98802 -0.234826 0.784288 1.53365 0.27128 -1.58832 1.42985 1.66227 0.0354579 1.21526 0.418805 -1.13076 -1.86786 0.797031 -1.33151 2.66489 -2.31912 -1.25187 0.94946 -2.37416 -1.06349 1.42651 0.45416 2.71379 1.43286 0.330066 0.258205 -0.269927 -0.0523489 -0.913994 0.479589 0.526255 0.911739 -3.49646 -0.697218 1.70523 1.34753 0.0739964 0.555906 0.64914 1.39 0.576004 -1.5645 -0.63857 -0.75147 -0.572831 -3.09305 -0.997227 -0.520107 0.225205 -0.901571 1.83642 -2.40607 -1.0061 -0.249033 -2.10821 -0.184232 0.678335 0.321166 -0.343911 -1.2011 0.674175 0.945821 2.15907 -1.92372 -0.0512033 -1.23376 -0.821091 -0.0627401 1.22036 -1.53978 -0.223293 -1.83603 -1.51329 -2.69561 2.15443 1.19057 0.209784 0.34137 0.391467 1.31195 -0.339198 1.63446 0.826348 0.500063 3.43805 -0.285893 1.03359 -0.266296 0.772296 1.12092 1.73776 2.08381 -1.32757 
-0.212337 2.84995 -0.408117 -1.361 0.0540147 -0.461817 -0.0767064 -0.725737 -1.7281 -0.694329 0.274538 0.0771305 0.664939 0.266481 -0.188599 0.89226 1.07973 -0.319051 0.141725 0.298637 -0.0983021 -0.970988 0.750186 2.91738 0.719022 -1.73713 1.41202 0.673746 0.210998 -0.195819 0.266327 -0.598543 -0.586998 -1.56529 1.29444 -1.39602 -0.968006 -0.293931 -2.17412 1.61501 0.791082 -0.228218 0.532428 3.43947 0.0427946 0.986807 -1.02549 0.299187 1.07887 0.977477 2.00662 0.698965 0.18861 -0.67771 1.00217 1.09929 1.40514 0.536519 -1.49347 0.386621 3.919 1.4539 0.549358 1.30612 0.792385 0.144768 -0.754196 -2.96968 0.340276 2.64317 -1.00776 -0.727729 -0.550935 -0.201509 0.154951 -0.977067 0.213276 -0.674069 -0.67612 -1.30485 0.228609 -1.34972 -1.29192 -0.668123 -0.966562 -2.70725 2.28854 -0.276712 0.0791786 1.33653 -0.693388 0.389228 1.11574 -1.21804 -3.03643 1.41003 -0.245593 -1.19408 1.40944 -2.24517 3.24872 0.730047 1.97277 0.389928 1.48896 -0.216001 0.199304 -2.53916 -0.733229 -1.37337 -0.502651 -0.987461 -0.229778 2.09389 0.766628 0.143898 0.960801 0.446269 0.0913668 0.778536 0.234142 0.995325 1.63368 -0.202599 0.454377 -0.546255 -0.699697 -1.11779 -0.893963 0.961937 -0.572997 -1.07001 1.75452 -0.167237 0.263936 -0.629505 0.671641 -1.71223 -1.59505 0.301929 -0.479824 0.723847 1.48294 -1.32364 3.25826 0.809268 2.47043 -0.100325 -0.234177 -1.31692 -0.032512 0.888598 0.0138648 1.35562 0.934937 2.32769 1.07732 -1.60739 -0.837799 -1.83901 -0.275608 0.820797 -0.153143 -0.62208 -1.15915 -0.949261 -1.91515 1.48173 -0.396227 0.279812 1.92355 0.512683 -1.03869 0.61366 -2.23237 -0.780717 1.38576 0.359482 3.74535 -1.2265 -0.485514 1.43509 1.52591 -0.53986 1.61623 1.18014 -0.436784 -0.425573 -0.238768 -0.734121 -0.829243 0.175471 0.945574 -1.98071 -1.14759 -0.843798 -0.693437 0.532554 0.111645 0.824161 -0.999339 -0.529594 0.0774456 0.172923 -0.645198 -1.27785 0.294754 0.0712392 -1.53744 0.193115 -0.470662 1.04979 0.123997 -2.63962 2.00333 0.548602 0.228849 -0.162613 0.47471 -2.12045 -0.9116 -1.08339 0.344168 -1.16819 -0.731304 -0.6823 3.01979 0.339289 -1.94021 -0.945482 -0.693523 -0.841908 0.059497 0.336253 0.787798 0.825033 -0.869886 2.77245 -0.951202 0.589996 0.850469 -0.393389 -0.343789 1.31133 -1.74433 -0.872965 0.260504 0.0225233 0.702055 0.0528704 -1.19172 -1.84405 -0.429637 -1.34017 -0.308179 2.20448 0.143379 -1.83228 -0.779285 -0.780452 -1.3241 0.497663 -0.604546 -1.29941 0.921648 -0.248983 1.40829 0.259729 1.87936 -1.91361 0.631353 0.67209 -0.829927 -1.0739 2.15516 -1.43656 -2.10851 1.68976 -0.370854 0.390996 -1.01451 1.01214 0.791254 -3.04181 -1.26921 0.314901 -0.180444 -0.773151 -1.12076 -0.963297 2.71315 1.65308 0.0688062 0.867564 -0.720801 0.455822 -0.627317 -0.901309 -0.411241 -0.072099 
0.965366 0.0868595 -2.06457 -2.06497 -0.306731 -1.87582 2.11732 -1.26196 0.694041 2.06148 1.48817 2.25308 1.47476 2.50481 1.34015 3.02913 1.69815 -2.02073 -2.32824 0.283776 -1.28129 1.01688 0.279645 -1.61721 1.11016 0.200055 0.0290191 -1.27221 0.508081 -1.71353 0.599171 1.29792 1.31707 -0.73744 1.94048 0.398926 -0.783809 -0.985297 -0.490981 0.885679 -0.0836663 0.295845 -0.368449 -0.0771811 -1.90136 1.68877 1.73313 0.535335 -0.544411 -0.453926 1.14244 -0.0699313 -0.209798 -0.840212 1.23917 2.30358 2.2057 0.914658 -1.05243 1.70827 1.48111 -0.50459 -0.824825 0.455067 3.05658 -0.482481 2.32831 1.43817 -1.62757 -2.96845 -0.949301 -1.55901 2.72225 -0.434991 -0.743167 -1.37895 0.773112 -0.566805 -2.24913 1.93144 -0.782365 0.706661 -1.46984 0.524009 -2.62049 0.783244 -1.82489 0.585531 -0.580219 -1.10766 0.445652 -2.31081 2.29688 -1.6039 -0.579769 1.67643 -2.01215 -1.98398 0.856035 -2.80215 1.69341 0.0326568 -0.550972 0.465879 1.45599 0.0219775 -1.58539 1.97302 0.0114497 -0.0362513 0.584971 -1.54802 0.811321 0.103949 0.439965 0.0797244 -0.994604 -1.49065 -2.03215 -1.40959 -1.0378 1.03587 2.5154 -0.0782328 1.28038 2.2196 -1.58865 -1.08123 1.41683 0.389479 -1.54692 1.52828 2.9971 -0.859643 -0.0935626 -2.12188 1.87918 2.41999 0.400575 1.97613 1.1602 -0.145274 0.901287 0.437911 0.885289 1.51868 -0.834957 0.956294 -0.0987408 1.91111 2.01429 -1.06236 -0.58483 -1.21041 0.688256 -0.9493 0.982057 0.286017 2.14247 0.097649 2.49408 -1.40772 3.18119 0.670567 0.690487 1.03225 -1.16337 0.476442 -0.454415 -1.11082 -1.35314 0.347486 0.27155 0.178219 -0.399644 -1.02331 -1.08502 1.17569 0.907667 0.483097 -1.85284 0.978385 2.20052 -0.304161 -0.834333 0.594494 -2.43982 -1.25299 -0.723019 -0.695154 -1.34445 0.720016 -0.71041 -0.251519 0.822406 -2.79984 -1.06154 -1.42959 0.528796 0.706276 3.34917 -1.0251 1.43287 0.994112 -2.81101 -0.828614 0.797935 0.259983 -0.889162 -0.652224 -0.315781 -1.48309 1.19359 1.02593 -0.582893 -1.85383 1.01778 -0.57466 1.92314 0.484537 0.261196 0.00707576 0.983214 1.02699 0.0150145 0.357229 -0.920315 -0.599915 0.357999 -0.336365 1.54549 -1.29568 0.308489 -2.18211 -1.35463 -0.673661 2.65669 -2.14426 1.42693 -1.07061 -1.10654 0.840322 -0.326059 -0.328482 -0.963257 0.50517 -2.07902 0.639232 0.164108 2.67166 -1.51492 0.264545 -1.28831 -0.606552 0.126953 0.153235 0.59402 0.128029 0.382516 0.0939917 -1.95623 0.607079 1.18694 -1.21706 0.916999 -0.160482 -0.428179 1.32035 -0.660819 -0.143612 0.237948 0.735417 0.989057 -1.04138 -0.41319 -1.39222 -0.273728 1.16369 0.882263 1.27832 -0.0961444 1.46759 -0.451065 -0.361454 0.275229 1.98263 1.46906 0.0498498 -0.701946 1.59787 -0.557942 -0.951024 2.01142 -1.57813 -1.17175 -0.0859106 -2.13132 0.206729 1.27862 -0.390619 
0.315584 1.16284 -1.01034 -0.139337 0.0110304 2.97089 1.564 -0.417815 -1.42679 -1.0203 2.99736 -0.940779 -0.462543 -2.06382 0.914573 -1.81007 -0.257936 0.954046 -1.32529 0.513559 0.295819 0.306081 1.42498 -0.982228 0.372881 -1.36825 0.667115 -1.17036 -1.13943 -0.601674 2.15011 0.344548 -0.646287 1.92435 0.902972 -0.508713 0.147388 -0.0547417 -0.287618 1.0839 0.130363 1.12732 -0.136843 -1.26419 -0.0795001 -0.384264 -0.570171 -1.17609 1.79027 0.281095 0.755919 -0.330074 -0.892515 -0.97848 3.23291 1.69593 1.64912 -0.94998 0.368964 -0.251524 0.175484 1.90573 3.23494 0.502461 2.17947 -0.511027 0.47078 2.35851 1.27889 -1.79903 0.220556 -0.395161 0.421701 1.44887 -0.933185 -0.386842 0.787745 1.08443 -1.07388 2.32958 0.108359 0.871614 -1.35345 1.9364 1.10679 -0.0787439 -0.952202 -0.257593 2.93627 2.41351 -1.02394 -2.11958 -1.29601 0.328909 0.216478 1.67573 -0.941788 -1.53108 -0.993254 -1.07301 -1.49185 2.26449 -1.70774 2.2444 0.695599 3.03241 -0.313602 1.46449 0.503685 0.340696 1.37661 -1.84018 0.353747 0.735294 -0.0918299 -0.0483719 1.10252 0.145399 -1.77084 -1.14506 0.845731 -0.468077 0.545799 -2.84771 -1.02978 -0.436751 0.74227 0.907558 1.28634 -0.960184 -0.533106 -0.613536 -1.18242 0.590568 0.286987 2.11052 -1.30961 2.853 0.376647 0.972774 -0.291397 -0.406081 -2.74871 -1.5032 -0.574312 2.79041 1.4561 0.139081 0.0823751 -0.142588 -1.83047 0.595407 -0.373843 0.587712 0.169569 0.218219 -1.18191 -2.12838 -0.0219051 1.19952 -0.876452 -0.30516 -1.31731 1.05151 0.720645 -0.00775629 -2.01009 0.825204 -2.5003 1.06005 0.710903 -1.19795 -1.08839 2.52493 0.0448628 -0.716319 0.315274 -1.37954 2.92794 1.16674 -1.9259 -2.13697 1.80233 -1.39947 -0.0912211 -0.535414 -1.06177 -2.34907 1.53303 -1.38099 -0.476989 -1.14814 0.867252 -1.1247 1.29242 1.94258 -0.462836 -0.821908 -1.02717 -0.427606 -0.31546 -1.51486 -1.14284 -0.996235 1.23271 -1.13386 0.202176 -0.313503 1.02378 0.308341 -1.90899 -1.25541 1.42634 0.939555 2.11516 0.815555 -0.214668 0.513451 -0.776992 0.612637 -0.0403657 1.11355 1.4877 -0.257433 -1.00487 -1.70669 0.480992 0.671276 -0.751143 0.617594 0.816319 0.588214 1.38316 0.0797703 0.186789 1.34299 -0.209391 0.0554671 0.980529 -1.34188 1.32485 -2.17733 3.03614 0.0544517 1.67699 1.62651 -1.35178 0.594337 -0.603979 1.92948 0.597481 -1.44756 0.543788 -0.411338 -0.167783 0.0642648 -0.216775 0.891612 -0.152706 -2.49158 -0.453073 -1.63819 1.37954 0.397385 -2.8315 -1.10934 0.881675 1.6652 -1.59028 0.662852 -1.89224 0.451651 1.63659 0.0630592 -0.746557 -0.0340925 0.364785 0.070062 0.950267 -0.330575 0.821036 -0.827541 1.43144 0.747389 0.327454 1.58834 0.184484 -1.40742 -1.04517 -0.834471 1.62999 -0.80199 1.55101 0.69579 0.809628 0.394802 1.45724 2.21957 -0.721772 0.10872 
2.21031 0.585553 -0.0503681 2.02191 0.31933 -1.48187 0.373398 1.45295 -2.5289 -0.9186 -0.287066 1.81461 -0.534716 -1.07515 -0.725509 1.33966 -2.13874 1.53991 0.0258246 -0.268589 -0.186918 0.697732 -1.13763 -1.03559 0.360493 0.443427 0.756667 -0.240808 -0.707449 0.289841 1.83027 -0.934714 0.630951 -0.0141261 -2.06594 -0.0663691 -0.318839 -0.934405 -0.414779 -0.285053 0.0849581 -1.64789 1.82177 -2.38919 1.39218 0.562469 1.81475 -1.30923 -0.772581 -1.01 -3.30212 -0.571813 -0.5559 1.53486 0.773089 1.03971 0.261911 0.515011 2.39485 0.374119 0.439759 -1.08206 -0.739961 -3.28402 0.337468 0.612415 0.0501657 -0.370094 0.195688 2.18784 -1.82981 0.728155 -0.534767 -0.83939 -0.575932 -2.67418 0.385095 -0.692906 -1.16005 -0.125277 -1.01156 1.99376 -0.0516668 0.341433 -0.195472 0.997373 -0.412423 -0.691762 -0.598952 2.11417 1.06854 -0.57543 0.811362 0.504014 1.15144 -0.217843 1.36513 -0.31941 1.90126 -0.0723531 2.12863 -0.546789 -1.2128 0.0229011 1.92157 -0.825176 1.52966 -2.35179 -3.52946 4.6418 -0.911136 -1.22037 0.592542 -1.19979 1.30049 2.31 1.06718 -0.565966 -0.310105 -0.453785 1.8457 2.45997 -2.63379 0.491414 -2.17206 1.17078 3.19108 1.16306 0.165429 -0.437441 0.765624 0.34499 1.84811 0.556917 1.65785 -0.897632 -2.12107 -0.593842 0.183754 -0.403915 0.818448 -0.471345 -1.0024 0.745072 -1.88051 -0.538971 -1.13492 -1.47069 0.716231 -1.66554 -1.91226 0.672796 -2.51668 -2.37077 0.737056 -2.77516 -0.389827 -2.84246 -1.43643 -1.6408 0.285936 -1.75061 1.03022 2.28076 -0.531649 0.64209 -2.17613 1.37236 -0.868795 0.372984 -5.27226 0.396632 -0.581025 -0.288291 0.933598 -4.76297 0.351491 -1.70263 1.464 0.220731 1.24578 -1.76992 2.08798 0.76997 0.120329 -0.671027 -3.69084 2.33083 -0.603919 0.591216 -0.237738 -0.337161 0.899217 -0.187387 -0.754093 0.210222 0.533691 0.045036 0.870688 0.185825 -0.738976 1.16347 -0.637025 -1.01933 2.07699 -1.88135 -1.12136 0.372408 0.763541 0.952831 1.11907 -1.86169 1.30746 1.44458 -0.839933 -0.455052 0.423144 -1.12932 0.0902154 2.66815 -1.11301 0.149574 -0.157263 1.25919 1.65579 0.632367 1.22043 0.381325 1.27491 1.16121 1.41168 -0.264391 -1.56154 -0.729947 -0.664625 -0.0102546 0.383631 -0.0871378 1.3194 0.203288 -0.425672 -0.8037 0.773193 1.16643 -0.357659 -1.62458 1.13617 0.768145 -0.26249 1.11193 0.976319 0.432766 0.758947 1.74536 0.290637 -0.70562 -1.47063 -0.193366 1.49035 1.61827 1.61656 1.5433 -0.372226 -0.150616 0.161169 1.12324 0.653775 1.11648 0.0338619 0.392141 0.10347 -0.48906 -0.326116 1.43147 0.347297 0.737674 0.133255 -0.105296 -1.40986 0.368566 -0.499689 -0.818585 1.41009 -0.355769 -0.0418355 1.30764 -1.23317 -1.9426 -1.07615 0.999016 0.671801 0.239325 0.117947 -0.704935 -0.454387 -1.04091 0.927491 1.34762 1.32206 -1.99646 
0.872341 0.483518 -0.602214 -0.0684177 -1.82758 0.781645 -0.453527 -2.45726 -1.29621 -1.1079 -0.859231 1.54532 0.336658 -0.294481 0.339775 2.05003 1.81873 -1.29596 3.03342 1.51464 -1.40912 0.309343 0.70278 0.173432 2.6164 -0.337523 -0.745245 0.1982 1.94668 -0.963222 -0.0629072 -2.02956 -0.0144209 1.0452 1.06666 0.085274 1.17532 2.86555 -0.759461 0.844016 0.203716 -3.0824 -0.172151 -0.180673 -0.601934 0.645158 -0.396228 -1.11155 -0.0802609 -0.463755 0.47436 1.33541 -1.20135 -0.699904 -0.537623 -0.649803 1.49512 -1.23825 -0.271655 0.169505 2.50385 -2.67987 -0.356686 0.753409 -1.58397 1.45802 0.0283342 1.09773 -1.2512 1.41242 0.999283 -1.43147 0.750399 -1.2077 -0.779964 2.93362 0.590975 0.890047 -0.170386 0.0446499 0.431559 1.02203 -0.325929 1.05532 0.31722 -1.50703 -0.245297 -1.46092 -0.759056 -1.14753 0.615691 -0.262377 -1.24176 -0.295308 -1.32875 -0.130617 0.558434 0.633303 0.783382 -1.26514 1.23923 -0.664555 1.60847 0.199031 2.05675 -0.580763 -0.959632 -0.15954 -0.630347 1.24608 0.0390605 -1.22376 0.624443 -0.930898 -0.338266 -0.377314 0.632698 0.939282 1.06717 -0.693368 -0.630531 1.16555 -2.37834 -0.335808 -1.35454 0.225486 1.13009 1.26591 -1.63877 -1.39104 -0.744285 -1.58444 -1.90184 1.35964 0.580866 1.33361 1.05922 0.0588513 -0.913055 0.0116172 0.493635 0.507086 -2.06815 -3.40091 -0.462384 -0.100264 2.51437 0.887778 0.910445 0.164768 0.742373 -2.70476 0.326316 -1.12805 -0.459761 -1.34297 0.233602 2.64415 -0.374182 1.21907 0.674449 -1.49147 1.55768 -1.10865 -1.95711 0.477509 1.52485 -0.999873 -1.00948 -0.0351334 -0.865545 -0.345443 -0.813114 -0.246981 -2.1997 -0.57096 0.947507 0.121177 -0.489942 -0.643029 -0.826021 0.152458 0.508752 0.289444 0.644163 1.5352 -0.0963335 1.2429 1.88347 0.854122 -2.30272 1.84646 0.40906 0.192107 0.396166 2.11495 0.414016 -1.73818 2.72381 0.955121 2.88184 0.178669 -1.17659 -1.32428 1.0705 0.111281 -1.37836 -0.395937 -0.776444 0.138584 -0.8541 0.271797 0.288515 0.464089 -0.560199 1.48742 -0.871313 -0.749942 0.86747 0.824738 0.293335 1.49518 -1.63869 -1.38721 0.146262 1.3276 2.02245 -0.168474 0.310757 -0.469687 0.160441 -2.50285 -0.636035 -2.33383 -2.53237 -1.17591 -0.0456542 0.380693 0.733225 0.222916 0.428767 -0.0259838 -1.72568 0.880953 1.29694 0.944841 0.729369 -0.858208 1.51544 0.611837 -1.82268 -1.71529 -0.325435 -0.65447 0.532108 -1.33055 -1.36235 -0.0214124 -0.484261 2.52171 -0.746417 -1.15263 -0.162088 -0.107903 0.905939 0.572646 1.17999 -0.130381 1.1685 -0.0275736 1.4378 -0.442273 0.855629 -0.367119 -0.0180858 -0.977911 -0.738217 0.77773 -0.271232 1.37423 0.0950589 0.0084432 -2.38801 0.991519 -2.24078 2.65543 3.78303 -0.194644 0.0434434 -0.33428 1.01172 -0.0223183 -1.44118 1.33303 -2.18664 0.731949 -0.375637 0.820982 0.276492 0.323713 
0.90114 -0.7819 -0.911949 -2.38383 0.158383 -1.17015 0.720126 1.23429 1.33715 -1.502 -0.342989 -1.49053 -0.563996 -0.515275 -0.239744 0.334798 -1.48673 -1.44907 -0.0294696 -2.8809 0.637154 1.11233 -0.176912 0.913733 -0.144343 0.019208 0.0292552 -0.00277802 -0.890626 -1.55562 -0.033555 0.713643 0.985399 0.873049 1.52514 -1.47016 -1.90939 -1.03323 0.107264 1.11281 0.902476 0.340547 0.906443 -0.730786 -1.24416 0.962233 -0.555843 -0.21409 2.62474 0.0247976 0.897748 -0.137469 0.0375201 -0.560127 1.26554 -2.80208 0.0317604 -0.776794 0.0679841 -0.241953 -1.39091 2.28415 -2.61179 -1.16475 -0.810889 -0.400058 2.34952 -0.417473 1.01349 -0.730294 0.36198 -0.992924 1.12856 0.187867 2.40961 -0.384676 -0.635065 1.17918 1.19554 -1.64427 -0.728965 -3.86554 -0.632191 -0.90263 0.119779 1.71886 -0.405773 -0.627458 1.33331 -0.386551 0.684111 -1.64851 -1.96924 1.0884 -0.0727298 -1.27984 -1.39571 0.0343464 -1.93757 -0.637012 -0.458144 -1.62465 -1.96807 -0.269184 1.16275 0.929941 0.479414 -0.0278252 -0.169363 -1.31598 1.20014 0.823221 -0.242871 1.46804 -1.76119 -1.96218 -0.118795 -0.393517 2.26532 0.00452319 -0.161378 0.560856 0.219433 2.69581 1.80909 0.0968918 1.46668 1.04579 -1.34053 -0.339798 -3.16848 -0.00256917 0.141694 -1.24719 -2.19292 0.690194 -0.115541 -0.822209 0.238344 0.487768 0.893581 -0.162857 -0.49105 0.0123266 -1.38537 0.765531 0.572231 -0.891819 -0.525119 1.04139 -0.849794 0.650959 -2.37384 -1.42165 -1.24119 -2.2033 -1.66047 -1.63145 0.323464 -0.243392 -0.625124 1.55706 -0.0745897 0.144837 -2.69083 0.559237 -0.00475447 1.33339 -1.26393 0.443133 -1.28089 -1.02649 -1.03859 -0.0180755 1.52446 -1.22102 0.941694 0.878039 0.315844 -0.703737 -0.580633 -1.66956 -0.528144 0.802606 -0.165727 -0.764085 -0.729091 0.893716 3.36305 -0.658797 1.00576 -0.432584 -0.248078 -0.816616 0.816257 0.691127 0.0706044 1.56436 0.877539 2.74665 -1.1322 1.92799 1.02569 0.20895 0.451809 -0.791663 2.18907 -0.590733 -0.921468 0.500776 -1.31429 0.499196 1.32147 0.792123 -1.88071 -2.5053 -0.563783 0.319007 -1.99807 -0.826917 -1.91832 1.26666 0.866874 1.5676 -0.230334 0.302961 -0.333043 -0.15718 -1.15457 -1.02197 1.20021 0.0733931 -0.045373 0.719954 -0.768935 1.09874 -0.916613 -1.25747 1.05914 -0.103097 0.534067 -1.41925 -0.111103 0.663338 0.477287 -0.0485442 0.842685 0.65531 1.79446 -1.28779 -0.0995578 0.121506 -3.02415 -1.31837 -1.8136 -0.512369 -0.819946 -1.80273 0.0952641 -0.602666 1.45778 -0.742512 2.6404 0.76636 0.596017 -1.11718 0.817569 -0.573792 -3.26732 -1.23057 2.68524 1.02816 -1.78861 0.507771 -1.73604 -0.078552 -0.177966 0.960796 -0.236112 -1.72974 -1.10143 1.08653 1.34075 -0.464908 0.728936 -0.244902 0.927357 0.215133 0.930582 -1.27901 -2.75392 -0.299512 1.29392 0.849325 1.88758 0.863794 -2.28775 1.01558 0.0459455 -1.82254 
-0.193277 2.35976 0.947733 -1.1545 -1.54526 0.786225 1.34246 2.25863 -1.46297 -0.825841 -0.711336 -0.612005 0.501417 -0.260821 0.325773 2.09632 0.0979845 0.155754 2.31537 -1.47692 -0.308151 -0.516671 -0.418097 -1.27582 2.39686 -0.566003 -0.621494 -1.08981 0.855506 -1.54245 0.423384 2.59597 0.113502 -0.702459 0.761372 -0.613025 -0.539388 0.684323 1.07464 3.15325 -1.13059 -2.91122 -0.432349 -2.45156 -0.838467 1.41557 0.669022 -0.882302 -0.853416 1.15564 0.852115 1.30292 -0.335152 0.309068 -1.66497 0.155894 2.64768 -1.0171 -0.346907 0.214485 0.18462 1.55824 -1.17014 -0.713638 0.6984 0.191061 0.826693 1.93638 0.0506764 -0.821561 -0.38125 -0.641301 -0.448204 -1.6692 1.27048 -1.04436 1.91381 1.31253 -1.76805 1.27644 -0.123706 -0.245979 -0.223458 -1.05209 -2.28862 1.26148 0.649352 -1.53588 0.097507 1.06837 0.160013 1.67784 -0.553475 -0.111936 -1.71438 -0.0336864 -0.901184 -0.728998 1.46639 -0.261044 1.23511 0.274859 2.77987 -1.0001 -0.442028 0.857852 0.0522879 0.448481 1.22051 0.383647 0.320991 1.41762 -1.14772 0.456882 2.095 -0.582475 -0.0681084 2.08576 -0.337747 1.4287 2.39093 -1.00106 -0.911268 -1.82399 0.990528 -0.997826 0.75024 -0.575239 -2.46645 -0.312572 0.172617 -0.643432 -0.74011 -0.18182 1.22217 -0.830914 0.801093 -0.0986384 -1.06586 -2.1713 -0.15526 -0.850074 -0.92088 -0.235349 3.05572 -0.985319 -0.281135 -0.993773 -0.981049 -0.245912 -0.704012 -0.777302 1.50883 0.848845 -0.37805 1.8739 1.64561 0.0528766 -0.345824 1.22603 -0.768163 -0.775422 0.720944 -0.615782 0.399443 -1.8436 -0.322038 0.123033 -0.241828 1.76106 1.1621 0.413024 -2.08098 2.63839 -3.55606 -0.306105 0.443641 0.925218 0.536958 0.393438 -3.44906 -1.06215 0.871705 -0.127677 0.864127 -0.971408 -0.728514 0.748972 -0.851327 -1.32339 1.36809 -0.98361 -0.394455 1.40181 -0.859089 -0.764137 -0.0212374 1.11157 -1.88661 -0.515029 0.657298 -0.832096 0.399716 1.56561 -0.527203 0.188634 -0.828073 1.04882 0.69179 3.53918 -0.306031 -2.52913 -0.884283 -1.49642 0.131995 -3.89809 0.938519 -1.09718 -2.80974 -1.23722 2.10436 0.984579 0.0704612 -1.01664 0.78225 -0.726335 0.850843 -0.801649 -0.040127 -0.82297 1.66584 -2.89555 3.40332 0.966068 -0.875447 -0.375013 1.79625 -0.895977 0.342824 0.534108 -2.60031 1.34383 -1.05155 -1.97202 -0.678343 -0.0888617 -1.02819 -2.53562 -0.588146 0.960874 3.79717 0.44538 -0.444039 -2.8231 0.562729 -2.98304 -0.814755 1.77487 2.68203 1.84567 0.921989 0.17511 0.865493 -0.0783805 0.193167 0.110547 1.01079 1.15541 -2.069 -0.228046 -0.765116 -1.53024 1.09096 1.60688 -0.185699 -0.794081 1.95301 -3.78198 2.64774 1.84996 -0.0748705 0.414106 0.136378 -0.922165 3.11321 1.26396 -0.738403 -0.491329 -0.179778 -0.00214094 2.41362 0.845915 -1.12678 1.55047 2.29132 2.16899 0.726229 -1.1285 0.372368 -1.21555 
-1.79216 -0.285533 0.511387 0.901402 -0.200895 -0.0396555 -0.556403 0.511356 1.06454 0.727977 -0.788059 0.584415 0.537934 -1.12642 -1.46392 -0.0597675 0.0280601 0.671489 -1.37402 3.11621 0.023444 2.23631 1.21253 -0.967765 -0.346585 0.644307 -1.12575 1.43594 1.92584 1.586 -0.0588929 1.66432 -0.913125 -0.327563 -1.17682 0.178787 -0.636385 0.287734 0.694311 -2.02203 0.366779 -0.641881 1.34954 -0.683612 0.46704 1.60687 -2.0539 -1.53276 -0.348959 0.715336 -0.706415 0.585162 3.58074 -1.44256 -0.149844 2.39414 1.51412 -0.68738 0.70808 -1.41973 1.73134 -0.0937262 2.05298 0.104561 0.23625 -2.2984 -0.281909 -1.54516 0.135347 1.27175 -0.177297 0.60305 2.30908 -0.642077 0.989538 1.43994 0.454244 1.7048 1.05536 -1.64796 1.69481 -0.571131 0.983131 -2.4215 -1.51342 0.775446 -0.78629 -0.911144 -0.19527 -0.218279 -0.179444 -1.99521 1.47831 0.772698 -2.07551 0.0733213 -0.383676 -1.35107 -1.06978 -0.327823 0.529096 1.90013 1.61622 -0.978181 -1.16369 -1.24586 -0.549973 1.94761 2.98545 -0.193253 -0.893782 -1.99748 1.35473 -0.024195 0.948506 -1.49514 -1.3581 -1.35908 -0.640321 -1.37117 -1.6684 -0.205726 -0.0370992 -0.467998 1.69636 -0.87922 0.919491 0.78651 -0.40889 -0.445378 -1.39056 -1.81182 -0.360972 0.698166 -1.67589 0.0805814 1.99591 -0.572123 -0.162859 1.08017 0.237135 -0.959637 -2.11382 0.258041 0.754072 -0.530805 2.25475 -0.378026 1.01165 -0.987434 -0.852664 0.676221 -0.590893 0.141893 -1.15086 1.66284 -0.392418 0.475206 -0.688848 -0.215548 -0.326966 -0.851557 -0.69923 -1.22485 0.0790943 3.39592 1.36561 1.14383 1.15651 -1.94567 -0.164188 -0.987636 -0.597439 -0.164014 0.298431 -1.09064 -1.8167 -2.54289 0.196908 -1.49028 -1.40222 2.0047 1.71901 0.35252 1.42841 -2.77087 2.00858 -0.574105 -0.428752 0.218946 0.745251 0.685311 2.09587 0.082121 -0.771689 0.399046 3.81826 1.44747 -0.403039 -0.84993 1.48314 0.876128 -0.0409857 0.421736 -1.39774 -1.2805 1.54804 -1.50069 -0.326831 -0.19263 -1.8346 0.613287 0.888807 -0.626609 0.499567 0.805653 