500 101.001
29.697 29.697 29.697 
14 14 14 
1 1 1 1 1 1 1 1 1 1 1 1 1 1 1 1 1 1 1 1 1 1 1 1 1 1 1 1 1 1 1 1 1 1 1 1 1 1 1 1 1 1 1 1 1 1 1 1 1 1 1 1 1 1 1 1 1 1 1 1 1 1 1 1 1 1 1 1 1 1 1 1 1 1 1 1 1 1 1 1 1 1 1 1 1 1 1 1 1 1 1 1 1 1 1 1 1 1 1 1 
1 1 1 1 1 1 1 1 1 1 1 1 1 1 1 1 1 1 1 1 1 1 1 1 1 1 1 1 1 1 1 1 1 1 1 1 1 1 1 1 1 1 1 1 1 1 1 1 1 1 1 1 1 1 1 1 1 1 1 1 1 1 1 1 1 1 1 1 1 1 1 1 1 1 1 1 1 1 1 1 1 1 1 1 1 1 1 1 1 1 1 1 1 1 1 1 1 1 1 1 
1 1 1 1 1 1 1 1 1 1 1 1 1 1 1 1 1 1 1 1 1 1 1 1 1 1 1 1 1 1 1 1 1 1 1 1 1 1 1 1 1 1 1 1 1 1 1 1 1 1 1 1 1 1 1 1 1 1 1 1 1 1 1 1 1 1 1 1 1 1 1 1 1 1 1 1 1 1 1 1 1 1 1 1 1 1 1 1 1 1 1 1 1 1 1 1 1 1 1 1 
1 1 1 1 1 1 1 1 1 1 1 1 1 1 1 1 1 1 1 1 1 1 1 1 1 1 1 1 1 1 1 1 1 1 1 1 1 1 1 1 1 1 1 1 1 1 1 1 1 1 1 1 1 1 1 1 1 1 1 1 1 1 1 1 1 1 1 1 1 1 1 1 1 1 1 1 1 1 1 1 1 1 1 1 1 1 1 1 1 1 1 1 1 1 1 1 1 1 1 1 
1 1 1 1 1 1 1 1 1 1 1 1 1 1 1 1 1 1 1 1 1 1 1 1 1 1 1 1 1 1 1 1 1 1 1 1 1 1 1 1 1 1 1 1 1 1 1 1 1 1 1 1 1 1 1 1 1 1 1 1 1 1 1 1 1 1 1 1 1 1 1 1 1 1 1 1 1 1 1 1 1 1 1 1 1 1 1 1 1 1 1 1 1 1 1 1 1 1 1 1 

0 1.10813 25.5718 26.4956 0 29.5078 15.8802 3.48743 0 4.378 7.37111 0.758833 0 12.3752 10.5179 2.09759 0 14.6296 20.4711 23.2717 0 6.94806 0.66335 28.8474 0 14.6378 6.20598 10.6195 0 2.45674 10.3886 27.1198 0 28.3552 5.76404 23.522 0 10.6196 10.7421 5.75443 0 8.32612 5.41409 3.45658 0 15.9984 5.66622 2.65947 0 18.8715 2.6676 27.0585 0 17.0223 1.83814 4.7507 0 21.7336 4.4817 2.5651 0 26.5663 2.10927 24.0491 0 1.78663 22.9059 5.90158 0 26.9326 13.2935 4.10245 0 3.10112 0.489055 28.2533 0 0.338713 6.63238 29.5289 0 4.53317 12.9288 6.41854 0 27.3777 5.55181 5.47124 0 4.35164 6.68478 4.37843 0 22.8736 18.7105 3.72298 0 11.8097 7.31787 4.15288 0 3.98876 13.323 10.4906 0 8.45737 6.27565 29.1079 0 10.5738 10.8509 26.8186 0 17.9304 10.7306 0.489122 0 13.5707 10.2881 7.4128 0 11.9007 8.23703 29.3319 0 22.3748 10.6825 1.12441 0 27.4069 10.7584 0.879408 0 19.862 11.7844 4.74934 0 15.1005 6.37403 6.20813 0 28.8385 8.32614 26.6192 0 2.98147 5.3377 7.43463 0 24.4625 16.3663 28.502 0 24.6685 2.42748 2.552 0 27.0251 18.8334 10.7147 0 7.87843 9.82486 29.388 0 2.5695 21.4098 10.1666 0 1.10633 10.9952 10.4161 0 0.568691 19.2989 0.395107 0 11.5798 14.6423 13.7358 0 16.4279 11.9017 8.50089 0 10.0503 16.301 2.15999 0 7.24583 23.6195 0.564851 0 14.0878 10.2051 21.9224 0 13.0959 18.9489 9.25067 0 17.6885 15.189 3.63767 0 15.3368 18.0666 3.46725 0 18.3066 17.0568 26.6285 0 18.827 22.0999 4.80004 0 15.5305 11.6404 4.05965 0 25.4917 19.0992 19.4806 0 26.6998 17.2956 6.01213 0 0.835903 17.8445 9.52301 0 24.2303 15.3294 3.97284 0 25.4235 23.4502 0.00617131 0 7.03184 18.5846 3.01098 0 26.3356 23.4362 9.32473 0 9.07934 20.5659 0.0947559 0 6.16696 13.0146 14.2795 0 7.31106 20.5716 26.6772 0 8.01302 16.6552 13.2533 0 12.144 21.3691 3.26591 0 9.52503 12.7542 1.02909 0 10.7613 14.7235 27.6978 0 12.9079 18.1078 0.745418 0 17.9203 20.4827 21.1387 0 16.1556 25.6869 22.8473 0 19.8475 13.2829 22.7595 0 17.8008 25.0224 26.081 0 19.6226 16.1976 9.52149 0 19.1836 17.083 22.8336 0 20.4327 22.9444 27.2008 0 16.2265 17.6482 0.199313 0 3.89349 17.5799 6.78764 0 28.5117 20.2029 7.30529 0 27.4636 26.3007 28.3822 0 2.61142 4.19768 27.9607 0 7.60858 19.3491 8.64428 0 3.35487 25.6229 3.11204 0 5.24046 25.1487 22.7384 0 2.95916 21.7185 2.82098 0 8.9698 27.6068 28.0041 0 12.0223 25.0974 28.5931 0 29.5282 22.9066 28.7982 0 12.7528 25.3131 3.58323 0 4.19087 19.7876 29.6575 0 16.4646 25.2214 4.04419 0 17.7438 23.4947 8.06765 0 22.3446 22.5248 3.86555 0 23.7639 26.6983 8.11434 0 19.938 26.7487 29.219 0 5.83047 14.6915 2.44193 0 22.1173 0.230676 1.66363 0 1.75747 26.6944 0.20462 0 5.03143 20.8907 6.38734 
0 6.77369 8.66691 22.5564 0 29.5223 3.56916 8.30848 0 27.6379 0.617305 8.8569 0 3.44248 29.3434 2.14606 0 8.38494 9.61514 8.20765 0 9.53737 1.95696 16.0482 0 1.93898 29.2293 9.36005 0 10.244 6.43608 10.9719 0 9.15532 2.99775 5.91281 0 21.9947 29.0252 5.69258 0 5.33417 1.53241 6.61345 0 18.281 28.909 2.8823 0 14.2461 1.07863 7.54228 0 20.1416 27.4248 17.8908 0 28.8095 3.93027 26.4865 0 20.0492 2.15605 7.03238 0 20.9963 6.14923 25.9854 0 26.1409 29.333 4.42344 0 27.6172 26.8981 6.92005 0 4.32235 9.03642 8.18371 0 3.02421 3.13664 2.69454 0 2.90476 6.85783 10.7676 0 7.83171 12.8522 4.94245 0 10.5478 13.6273 9.43013 0 6.01114 6.17962 12.1979 0 10.7373 6.74077 7.49456 0 8.53226 0.971775 12.6267 0 11.2986 13.9476 4.32705 0 6.52688 1.02857 3.02084 0 18.709 0.988519 17.8607 0 10.7217 3.528 8.88104 0 17.3347 8.46899 4.5651 0 14.2418 14.8003 2.09908 0 1.13977 7.54534 3.61196 0 24.5471 7.00439 2.55547 0 16.7432 4.39495 17.2097 0 28.928 14.7426 10.958 0 25.0811 13.268 13.4073 0 26.87 9.39638 5.00241 0 3.85716 15.8612 13.6022 0 28.8526 21.8666 11.076 0 5.01692 22.8954 14.0705 0 4.99431 6.01569 18.4596 0 10.1935 16.9967 8.33547 0 3.74288 2.71125 9.5368 0 14.0961 14.5941 6.33539 0 15.8642 16.487 9.20264 0 8.00432 22.2009 3.7855 0 11.7698 3.46553 12.5971 0 11.4801 10.5475 10.3082 0 8.35349 5.68026 15.2305 0 21.1304 8.79478 6.2926 0 23.8956 11.3167 4.38227 0 22.4941 13.5761 7.04306 0 22.3124 7.02897 29.1541 0 13.5656 6.75679 19.2307 0 21.4384 17.6504 28.8334 0 1.24893 14.0538 7.95975 0 25.1885 12.5452 9.66659 0 28.0571 12.2684 7.80322 0 0.150825 24.7896 9.97336 0 7.40935 15.0695 17.1636 0 2.65562 12.1224 13.502 0 11.5823 17.9786 4.70358 0 5.36214 9.77723 11.6014 0 10.0755 22.5218 6.7435 0 3.42223 25.1679 8.89102 0 11.0423 18.125 12.3066 0 12.3013 24.9389 12.7269 0 17.7957 8.62194 8.42166 0 21.0702 16.8812 6.03404 0 16.6796 20.0177 9.5799 0 23.288 19.0306 10.8216 0 25.0969 16.519 9.22742 0 22.3873 15.0047 11.1412 0 18.0199 23.3737 0.491563 0 6.99946 15.264 8.10273 0 16.9877 13.6526 12.4724 0 21.1369 16.1096 14.3295 0 4.75311 17.8537 10.652 0 1.42576 26.3715 5.67001 0 0.283076 2.32109 0.742849 0 27.6548 23.1576 5.66599 0 5.86323 3.52448 0.759876 0 13.5806 22.6059 9.36636 0 7.15991 6.14055 7.95427 0 9.72894 26.4762 6.54112 0 11.7928 28.4212 1.13165 0 15.0005 21.2985 5.89088 0 2.78838 26.1979 11.9745 0 3.6148 24.0045 29.6814 0 12.6772 21.7456 28.8404 0 24.7958 24.7104 5.4368 0 14.7632 28.6766 3.52929 0 16.9368 27.7593 6.53191 0 11.7303 28.8644 9.36824 0 23.4304 26.5902 28.5852 0 24.5459 9.01517 7.86731 0 23.9356 2.48979 7.65757 0 29.3259 28.4069 2.52647 
0 27.0616 2.06217 12.5085 0 6.71607 27.6212 15.0991 0 4.51942 1.04093 22.2239 0 1.50129 2.64018 12.2906 0 7.36769 25.8566 9.30588 0 5.02606 28.5256 10.401 0 5.71401 2.57665 16.8992 0 10.3628 29.4612 4.43286 0 13.3392 2.39539 3.00209 0 9.09781 26.9043 12.2679 0 12.6857 28.8941 13.4297 0 12.5043 7.51149 25.8124 0 13.0078 26.5962 7.02164 0 23.0029 5.76983 5.58052 0 23.4802 25.2948 17.7241 0 25.3963 6.59872 12.4277 0 17.9121 1.49796 14.4217 0 20.411 23.6698 19.8019 0 23.2241 24.9637 11.5437 0 24.1182 28.1797 14.5964 0 28.8493 6.14894 11.408 0 28.7013 14.2972 14.8864 0 1.22318 0.0470507 15.0807 0 2.33961 16.5347 23.4122 0 7.39764 9.47679 15.4393 0 11.3791 16.2417 19.4409 0 11.2164 4.77026 17.4627 0 7.51729 13.0247 10.9582 0 15.2504 13.3758 15.4024 0 3.1355 5.20485 15.0384 0 27.3071 10.4882 11.2934 0 19.0119 4.75336 4.62886 0 15.6821 9.49181 11.6674 0 16.6496 9.22608 15.3974 0 22.5386 10.8996 17.1614 0 13.9379 2.15994 15.5152 0 14.9215 1.16571 11.7132 0 15.4559 13.5674 22.3791 0 26.6207 6.79019 15.9145 0 22.9375 6.54612 16.2619 0 22.2459 20.1683 14.3267 0 26.6948 22.9708 18.9093 0 29.2875 4.76828 15.0772 0 2.40821 16.5303 17.0277 0 27.9522 10.8295 15.099 0 25.1012 19.4871 22.7152 0 9.8256 17.4951 16.4971 0 11.425 8.83521 17.1192 0 8.7812 9.30385 12.1529 0 14.7092 6.08845 14.5388 0 21.3436 6.96461 10.7385 0 10.6341 14.351 23.6243 0 18.3226 6.62644 13.1843 0 18.6322 12.731 16.4374 0 28.9836 29.4543 27.9544 0 24.8001 9.72293 14.6031 0 20.9182 28.991 8.85687 0 19.9164 7.67586 17.4786 0 23.3105 9.93366 11.2445 0 25.8248 10.0398 18.4054 0 2.9608 21.2372 17.1234 0 19.0368 29.3138 25.083 0 9.01024 21.1573 16.8793 0 5.81139 15.3335 23.7864 0 11.7299 13.8865 16.9671 0 9.03111 23.6002 19.9325 0 3.8894 9.46507 15.0984 0 6.32495 22.8826 9.95866 0 21.5929 17.7932 20.2902 0 16.2608 20.3009 13.1203 0 20.1637 11.8937 9.30441 0 18.4114 14.364 6.92362 0 15.4381 16.7874 12.5833 0 19.5237 18.6641 12.1131 0 20.2532 22.0885 11.4122 0 24.8908 21.8585 12.7062 0 21.3669 12.7167 13.6293 0 21.5819 0.825596 20.491 0 25.7197 25.0752 14.5103 0 22.8754 22.7842 8.88084 0 24.6908 20.6557 6.30105 0 2.1416 0.644873 5.56142 0 4.43774 1.166 13.6865 0 25.4962 28.5567 10.7684 0 8.45006 20.5966 13.591 0 6.24866 18.7976 17.3977 0 3.01339 29.3168 18.5452 0 5.3733 27.6834 5.78 0 15.1716 25.9328 9.5981 0 13.0903 26.0908 17.6405 0 12 20.5719 14.9311 0 9.93722 22.9784 10.7449 0 9.67652 1.86985 1.42927 0 20.524 3.95391 16.4239 0 18.1161 17.4753 19.1992 0 21.8625 23.6928 14.8181 0 20.0216 20.8516 8.09845 0 28.7269 26.9422 13.0239 0 18.2092 23.5836 14.7843 0 20.7422 25.5813 6.60951 
0 27.7693 22.9154 22.2819 0 28.1911 3.89281 20.2473 0 29.1631 29.5545 21.0339 0 13.0722 0.277242 18.6666 0 6.22733 27.1128 1.23031 0 9.00534 3.04207 27.3172 0 12.0048 1.01762 27.8617 0 8.56924 3.23414 23.5689 0 20.6747 6.56755 22.3293 0 12.0486 3.83799 25.1238 0 20.3586 10.738 27.1269 0 15.6046 9.75756 26.8791 0 20.178 27.7656 13.5359 0 20.1882 9.35459 14.1312 0 27.8384 1.40284 17.9358 0 22.8318 1.2287 10.8932 0 25.3076 1.9661 20.7916 0 18.689 4.89266 19.8862 0 2.49826 28.4216 24.5981 0 22.8936 9.11768 20.4134 0 24.8205 1.75744 15.6383 0 4.02058 11.9725 23.4886 0 5.96787 11.9577 20.394 0 11.7117 6.07051 22.4303 0 4.79909 5.19359 22.2292 0 1.35234 2.99071 18.1287 0 0.659996 13.1596 0.194205 0 1.63561 2.32093 24.3977 0 15.1949 6.94368 22.6268 0 17.8155 10.3905 23.1156 0 10.43 0.302116 24.6999 0 13.5159 12.4853 25.3196 0 18.6341 3.76387 10.8257 0 15.6798 7.86785 29.6199 0 14.0772 0.893597 22.7954 0 25.6426 6.46542 19.8276 0 22.8009 4.47765 13.0976 0 22.9061 4.38721 19.4356 0 0.92892 10.1253 23.7213 0 0.835249 8.33012 13.2395 0 28.2717 17.7747 17.2783 0 24.9434 14.0375 17.4021 0 15.3341 11.5037 18.7061 0 26.7462 11.9159 21.8065 0 2.90666 18.9652 20.0652 0 8.10508 18.0175 24.2403 0 8.98211 11.3229 18.7045 0 12.314 9.81526 13.7469 0 13.6675 17.2525 15.9318 0 17.6584 13.2371 25.2887 0 15.1209 4.27852 28.5795 0 6.07809 21.2374 20.2249 0 14.4893 18.2181 20.8053 0 13.7602 12.711 11.808 0 21.0802 15.2094 26.0494 0 0.935445 11.2595 19.8792 0 3.60889 12.5193 17.5549 0 23.0566 8.7089 24.6887 0 26.4059 8.41144 23.4816 0 28.3004 14.0261 18.5976 0 27.7589 18.9463 26.983 0 1.6304 22.7036 13.366 0 5.74714 24.2859 6.09929 0 4.52798 19.1016 23.2173 0 8.37056 14.9318 21.0521 0 29.53 20.4943 19.5716 0 8.45983 18.6751 20.8034 0 16.5766 24.8527 18.6278 0 16.4562 23.2265 11.4845 0 15.3607 15.2704 18.6714 0 18.1997 17.9019 15.5656 0 14.6081 23.0397 15.6512 0 27.9857 20.8723 14.736 0 21.1053 20.5336 22.533 0 23.9135 22.2372 20.9913 0 24.507 28.8185 18.2541 0 23.3886 18.0697 16.8689 0 24.6517 12.5373 24.9113 0 23.307 13.0645 20.5885 0 26.9411 16.3305 21.3728 0 21.3668 1.23637 14.4294 0 0.881213 18.7455 13.1677 0 4.44176 19.1133 14.4224 0 27.434 26.5569 20.1897 0 9.44193 25.1317 15.4363 0 11.9882 27.1325 20.9435 0 6.55459 24.0012 17.307 0 9.12898 27.7451 18.1506 0 15.7451 28.2706 16.428 0 14.4268 27.868 27.3999 0 15.8177 20.089 17.6507 0 15.9906 26.6077 13.1574 0 19.3485 27.3619 21.5704 0 28.337 22.4566 25.7576 0 24.2544 29.1626 23.0447 0 18.9952 25.5713 10.7878 0 25.388 25.7759 25.0885 0 0.127189 24.5932 19.1267 0 29.6798 26.004 22.8292 0 26.3217 5.72861 9.19745 
0 24.5314 0.244201 26.773 0 8.28088 9.5696 3.32978 0 2.23153 6.00433 24.8542 0 28.7776 8.38314 8.15823 0 6.60963 28.9743 24.7873 0 5.44267 27.0761 19.3873 0 4.8594 2.54888 25.7442 0 8.67308 6.68321 24.751 0 8.11159 5.10321 20.2044 0 15.0527 0.404719 0.0413925 0 16.2386 26.925 0.719126 0 11.6416 4.3787 29.6163 0 22.9297 3.47262 27.7647 0 20.1474 8.06116 2.43412 0 24.8516 6.26832 26.7191 0 25.6328 26.5621 2.34071 0 27.909 28.6252 24.2776 0 15.5572 1.47169 26.3663 0 26.3217 3.23455 29.1546 0 21.4445 0.0430173 27.8571 0 28.1586 12.0869 26.8257 0 29.5389 13.8084 23.1425 0 4.71874 10.5607 3.51515 0 23.0291 13.278 28.2673 0 3.72564 8.88359 20.1745 0 13.5803 12.9083 28.8387 0 3.80078 14.292 26.7447 0 7.61811 12.2027 23.6521 0 12.2051 12.6751 20.51 0 11.12 2.77065 21.2341 0 14.9429 15.6297 26.9936 0 18.6676 6.04163 29.0944 0 17.41 18.2962 6.19867 0 22.2813 18.4695 25.1087 0 24.4988 5.15738 22.8148 0 25.0212 9.72867 28.0013 0 21.9772 2.37885 24.1507 0 0.464943 7.14789 20.884 0 0.351685 7.78375 17.3454 0 2.4245 16.0499 29.4824 0 29.1703 19.5485 23.9395 0 7.93247 16.5313 28.7431 0 6.15618 9.62626 26.2595 0 5.2123 12.1843 29.478 0 29.3176 15.4074 26.1335 0 5.79387 5.80865 26.5105 0 7.70409 13.2773 27.5107 0 9.6122 8.27212 20.6296 0 16.8441 8.43094 19.7873 0 15.5055 19.7353 26.5413 0 10.8286 10.6255 23.1733 0 17.1725 14.2817 29.4313 0 21.3014 15.1763 17.9319 0 20.2789 20.2661 18.1251 0 22.4873 15.4345 22.6455 0 26.2358 16.0013 25.0879 0 1.53426 10.3949 6.59565 0 28.0398 16.2882 29.5423 0 25.9131 19.391 1.62568 0 20.7982 14.1095 2.17745 0 2.03372 9.9955 1.07502 0 5.18042 17.8821 26.8945 0 11.6972 17.8532 23.6449 0 4.19564 22.3442 26.0177 0 4.33609 15.3105 20.2762 0 3.15287 17.7291 3.00984 0 7.84386 22.3112 23.4141 0 2.2871 21.9156 22.7534 0 12.8687 23.1127 21.698 0 12.9695 26.3164 24.154 0 10.6043 18.3892 27.2959 0 15.5246 28.4292 20.4649 0 11.9084 20.0462 18.4735 0 18.6661 20.0193 28.7384 0 18.3084 20.4759 24.7854 0 23.8044 21.5225 17.3645 0 19.9921 11.4139 19.592 0 23.7172 22.492 25.9541 0 22.8633 20.8348 29.3727 0 27.3541 27.8354 16.3064 0 1.7836 18.1832 26.8801 0 21.7012 26.5061 25.395 0 5.0433 26.2482 26.9474 0 8.56974 26.1522 22.9676 0 3.61387 23.782 19.8075 0 9.15642 25.6561 2.97712 0 29.4447 24.8344 3.00018 0 8.30911 24.69 26.1962 0 15.4396 3.66385 20.8671 0 14.1939 22.9054 25.5715 0 15.6141 21.1493 2.01409 0 8.36608 29.5473 21.6522 0 17.6674 0.972356 22.011 0 17.7112 3.92426 23.7377 0 19.1195 18.4012 2.65162 0 20.0608 23.8645 23.3438 0 22.7728 26.3748 21.2358 0 25.8845 29.396 0.293067 0 2.43219 25.8021 16.1556 0 29.1585 20.7389 3.69202 

-0.307715 -1.61004 1.71688 0.101406 1.51354 0.0889354 -1.55783 -2.68852 -0.0599223 1.34646 -0.587981 -0.598992 2.00422 -0.752717 1.2945 -0.0311921 1.75546 -0.617902 0.123051 0.852104 0.298931 1.28408 0.965479 0.0362991 -0.976878 -1.27356 1.30047 -1.39706 1.77131 1.19923 1.17624 -1.902 -0.572652 -1.26613 -2.5357 0.270625 -2.55278 -0.058704 1.64837 -0.290734 1.44756 0.700632 0.847909 -0.702027 2.00909 -1.97045 2.10356 -0.586799 0.325943 -1.46239 1.14116 1.88092 0.956118 2.19639 0.344205 1.26848 -2.37433 -0.103395 1.46721 -0.424448 1.01296 -1.33203 0.5871 0.515043 2.36847 1.90729 1.68998 1.36961 1.681 -0.143081 -1.20972 0.296399 -0.34169 0.880474 1.14241 1.29696 -2.90898 0.278352 -0.169186 -1.18488 0.120166 0.0721867 0.760828 -0.784238 1.47487 1.85385 1.91948 0.666006 0.476488 -2.01831 1.2681 -0.819136 2.01982 2.51772 -0.130469 -3.39032 -0.611454 -0.528499 0.729796 -1.4101 -0.825629 0.207498 -1.93683 -1.03565 -1.44869 1.77994 -0.000112084 -3.95699 -0.79415 -0.842152 -0.663192 0.893029 3.04732 -1.91415 -1.74694 0.494075 0.451811 -2.05475 -1.24527 0.0615449 -0.503645 1.99342 -0.0997281 0.219513 -0.206943 -0.456024 -3.15732 -1.12557 2.09598 0.303765 -0.504683 -0.302294 -1.14766 -0.215078 0.791254 0.472651 -0.769087 -0.424176 -1.16384 0.518509 1.56935 -0.44265 1.62413 -0.229358 -1.4793 3.45988 0.369607 -2.03667 1.22387 1.17967 1.47131 -1.04419 -0.789165 -2.52291 0.441915 0.426245 -0.488328 3.19641 1.93169 -0.366229 -0.615586 -0.673254 1.19651 2.02572 -1.28224 -0.936995 0.735802 -1.38829 1.1073 -0.0411074 -0.0542103 1.38236 -1.79413 0.082186 0.0482909 0.855985 0.908031 0.490176 -0.978253 -0.185215 0.525789 0.283524 -0.278935 -2.20187 0.270274 -0.997326 -1.52634 2.14698 -2.0836 -1.24297 -0.388958 -2.97397 3.56866 0.748518 -1.18112 -0.0970363 0.320661 0.250926 0.656118 0.399903 -0.578984 1.81285 -0.75225 -2.16269 0.168133 0.7439 2.25473 -0.493621 -0.562486 -2.09053 0.643799 0.765445 -1.53438 -1.45111 0.766651 -1.38532 0.287213 0.726059 -0.761441 0.759716 -2.24698 1.32667 0.0103994 -0.192943 -1.821 0.446713 -1.01043 -2.04149 -0.59096 0.102716 1.94347 0.673681 0.0762694 0.57606 -1.00049 0.457325 -1.51409 -2.52891 2.41436 -1.16114 0.362906 -0.400934 0.596528 -0.616615 -0.570747 2.93728 -0.183461 -0.227569 3.29453 -3.36489 2.63979 -1.37725 -0.393228 0.834753 -0.525702 -0.799495 0.118789 0.530492 -0.596842 2.4504 -0.963104 -0.441896 1.10067 -0.743583 -1.50907 -0.735787 -1.24422 0.232444 -0.0455656 -0.0482019 0.196647 0.57635 0.848508 -0.955945 0.630695 1.35068 -3.45579 1.41756 -0.863181 0.367951 -0.479616 2.2619 0.352133 0.0239941 -2.18192 -1.14407 0.945052 0.95457 3.03959 -0.9971 -2.67333 1.82518 -1.79569 1.71101 0.837577 0.477904 -1.95714 -0.780501 0.673314 1.03402 
-2.50789 0.646465 -3.09387 -3.01751 0.815101 -0.568082 -0.281866 -1.13539 1.29151 1.91977 -0.973044 -0.323541 3.07486 0.423044 1.66048 -0.137038 0.11404 -1.07771 -1.81563 0.158534 2.14178 2.87834 1.94063 -0.507779 1.22591 0.500359 0.244133 0.356457 -1.91091 -0.47718 2.75956 -2.55557 0.439189 -0.596996 1.13097 0.893306 -0.559253 -0.36874 -1.6646 -0.248859 -0.563979 2.02818 2.04725 1.76816 -3.06643 0.0188774 -0.104494 -0.713497 -0.722362 -3.65779 -1.11574 -1.11611 0.0279169 -0.638497 0.634263 0.731666 0.0139229 -0.222692 1.88238 0.508197 -0.591026 0.566163 -2.13867 2.15957 -0.136338 1.59331 -2.06893 0.649088 -4.24966 1.53044 -2.10609 0.604681 0.71298 1.2805 2.84484 0.529748 -1.48235 0.0171397 -1.43027 0.0059196 -1.88397 -0.303767 -1.64187 1.58657 -1.16657 -0.537833 1.60299 0.872662 0.551237 0.717228 -1.62691 -0.328905 -1.40585 -0.120461 -0.607019 0.195235 -0.233063 -2.14839 -1.41763 -1.57509 0.808895 -0.307658 0.487077 0.204891 0.533542 1.8529 0.610062 -0.311551 -0.283896 -0.0974413 0.524946 0.824002 1.74927 1.11997 1.77526 -0.327625 -1.2901 0.54204 -3.05401 1.34906 1.05384 1.23272 1.04946 1.72008 -1.49278 0.373051 -0.951828 -1.2758 -0.390492 1.19515 -1.10281 0.72557 0.119097 1.27095 -1.36675 -0.58166 -0.217017 -1.34558 3.18201 0.855818 -1.09325 1.65343 -0.546095 -1.47593 0.516731 1.84297 2.48183 -0.611591 1.89518 2.27351 -1.50277 -1.44859 1.10453 -1.59538 -1.44446 -1.62632 -1.66765 -0.376846 1.80875 2.2243 0.24853 0.429632 -1.93945 -2.80699 -2.74496 -0.31057 0.218226 -0.054896 -3.18487 -0.262527 1.79087 0.347189 2.43827 3.05257 -2.42667 -2.20904 0.34956 1.98741 0.36916 0.983023 -1.60993 0.333978 2.51734 2.36372 -0.364322 1.54927 -1.07109 -0.185437 -1.89551 -1.65574 0.900867 0.538493 -0.907638 0.491044 -1.20578 1.36508 1.46463 -1.71479 -2.0358 0.413657 -1.17852 -2.28938 -1.25546 -0.858405 -1.07752 -0.336618 2.30279 -0.0869818 -0.686706 1.21678 -0.545232 -0.687538 -2.38038 -0.125687 3.17721 0.841898 -0.747835 1.97624 -1.88787 -0.634455 -0.324376 -0.910826 -0.756068 1.85099 -0.925595 3.77549 0.94484 0.495214 -0.380138 -0.164586 0.265624 0.688374 1.25346 1.65423 0.0639029 -1.24582 0.629925 -1.25387 -0.178471 0.587128 0.0502037 -0.738835 0.847257 1.46325 -0.340266 -2.17041 -0.940327 0.728363 0.894437 1.5881 -0.489738 1.58987 0.95019 -1.80293 0.810286 1.29983 0.75331 -0.197338 0.161193 -1.22638 -0.404838 -0.943086 0.639502 0.0517259 0.657005 1.53848 2.32355 0.965929 -0.267148 -0.35023 -1.34029 1.5003 0.10243 -0.759598 1.02817 -0.157639 1.05386 1.35756 -0.267235 0.931951 2.03834 -0.78278 -1.80256 -0.923371 1.07009 -0.0334021 0.0340594 3.30863 -2.92443 -1.43093 1.06664 2.92861 2.76074 -1.50031 -2.8893 1.59737 -0.502563 -0.336063 -0.455316 0.594063 
1.65574 0.190045 0.11672 2.74403 -0.203357 0.949972 -0.851867 0.174518 -0.569369 -0.473322 -0.36965 -1.3015 0.738402 1.55384 -1.48029 1.6753 -0.430993 0.89909 1.31316 1.5878 0.507415 0.0697281 1.44885 1.57515 -0.149707 -0.281761 -1.06623 0.795238 0.562693 1.87523 -0.575912 1.39719 -1.19248 0.401112 0.319191 0.78692 0.221266 1.06683 2.65123 0.749017 0.00419186 0.290129 -0.053294 2.67265 1.68943 -0.282068 0.0839082 0.224203 -0.588695 -0.813436 -0.315354 -2.18788 -0.622533 -0.978457 -0.311858 -4.36641 -0.772645 -1.14022 -1.03703 -0.684022 1.66259 -2.6734 2.42119 -0.135451 0.310685 3.08714 0.175655 -0.0966597 -1.3804 1.18459 -0.436114 0.961169 0.0888445 -0.17701 1.64186 -1.74482 2.49166 0.517934 0.425058 -0.243164 -1.27481 -0.91891 -1.65967 3.34315 1.88359 -0.270034 -1.33532 -0.263837 0.0895721 -0.0606964 -3.65542 0.0823837 1.21522 0.330264 -0.266471 -2.30838 -2.02495 -1.27319 -1.06805 -0.508983 1.02207 0.505868 0.00333399 1.46764 -0.342885 1.67612 -0.324093 -1.34653 -0.943027 0.149752 -1.74737 -1.60038 2.88394 1.03627 -0.570401 0.297598 -0.640932 -0.565584 0.764902 -0.2344 -0.34791 1.07372 0.446259 -0.26012 -0.1628 1.01731 -1.97079 -1.90163 0.80868 -1.64323 3.01158 -0.581164 -0.14025 0.764556 -2.02509 3.46961 0.386266 -1.1829 -2.58569 0.419472 -1.30283 0.633194 2.79419 -1.64185 1.94995 0.51855 0.309154 -0.144885 1.01056 -0.134015 3.31016 -2.1432 0.625265 -2.43297 -1.10261 1.25177 1.24857 -0.623038 -0.164685 1.99496 -2.5689 0.117638 1.04842 -0.81906 -2.13021 -1.16921 -0.685714 -0.252859 0.968793 -0.0771878 -0.62729 -1.55536 -0.724304 -1.62909 0.742239 -0.457052 1.45759 -1.04718 0.800353 0.8277 0.104986 3.41184 0.41342 0.379567 -0.331834 0.990334 1.31359 -1.7616 0.832831 1.08126 -2.95198 0.505395 2.21076 0.527423 0.279986 -1.92193 0.565035 -0.403525 -0.76093 -1.34527 1.00964 -0.15001 -0.643799 -1.37113 0.0550293 0.232492 -0.290787 1.0041 2.60506 -0.144378 -2.2759 -0.0758268 0.645051 0.489915 1.01097 -1.88277 0.658075 1.28114 1.06007 -0.254234 -0.380944 -0.919742 -0.462833 0.0637061 -0.193318 -1.9545 1.38371 -1.90347 0.708028 -1.77003 -1.3878 -0.0983358 1.30575 3.23075 -0.704929 2.42493 -2.58307 0.405102 0.882888 -3.10078 -2.23106 0.484199 0.428543 1.59202 -2.55479 0.227269 1.32625 0.976138 -0.793759 1.43016 0.192572 -1.29301 1.49572 -2.69826 0.434389 -0.148999 1.61503 1.47434 -0.137922 -1.96738 1.96144 0.531213 1.30762 -0.458151 0.0149965 -1.45531 1.75091 -1.60108 -1.63632 0.903281 -0.62528 -0.313594 1.15443 -0.33715 -0.654629 0.124809 1.21382 1.85126 1.31034 -1.00817 -0.683803 -0.576903 -0.931333 4.85865 2.18819 0.447641 0.932196 1.35155 0.0280641 0.792506 -0.356501 -0.726434 2.01948 0.854123 0.343218 -1.3331 1.75988 0.0140735 -1.31559 -2.52448 
0.0425282 -0.88964 -1.41436 0.0951906 -0.141047 0.0848818 2.38182 -0.0835538 0.951647 -2.12829 1.08293 -0.595892 -1.30236 0.679079 0.950584 2.1784 -0.669576 0.45897 0.730812 -2.34489 1.67233 1.55617 -2.28699 -0.411556 3.54883 1.67557 -0.593068 -1.49122 -1.11964 -0.594131 -0.369251 1.91265 0.242288 2.07454 2.42322 2.79701 1.69197 -1.53543 0.502084 -0.170287 0.873511 -0.771091 -1.97223 2.10779 -1.19039 0.144169 -0.923716 -2.25691 -1.42764 -2.30355 -0.130983 -0.169599 -0.800179 -0.225913 -1.76798 -1.35492 0.223416 -0.748746 0.378056 -1.23439 0.60349 -1.66773 -0.234606 -3.62622 0.636472 2.27511 -0.413686 -0.209988 1.12433 0.246098 -2.75993 2.4068 -0.740126 -0.091089 0.78819 -0.955463 -2.01069 -1.4048 -0.374598 -0.036205 0.473501 -0.370935 0.225668 -1.08147 0.881269 0.533926 2.479 0.073609 -1.63082 -2.65943 0.755827 -1.33407 0.886146 -1.76224 -0.398157 -3.40735 -2.9366 -2.40457 -1.92294 0.884422 -0.555866 1.00052 0.222006 -1.93616 -3.16674 1.20544 -1.17833 -1.87937 -1.18475 -0.394979 0.198947 0.804774 0.854078 -0.120935 0.729857 2.41055 -0.0361607 -0.576852 -0.763885 -3.59379 2.12547 0.982236 -3.57283 0.14772 -2.38476 -2.37129 -2.65067 1.42643 -1.1531 0.319279 0.408728 -0.74286 -0.398183 0.88708 -0.441537 0.382615 -1.40492 -0.0655778 0.345743 1.56705 -0.215184 2.79788 0.766124 -1.15067 1.3059 -0.584339 2.84894 0.430522 -0.472435 1.2302 -0.935287 -1.12563 0.32208 1.05273 -1.6554 0.291774 1.31657 -0.583028 0.71094 1.30482 -2.90948 -1.00168 -1.69595 1.70146 -0.65615 -0.646567 1.3536 -0.28378 -0.574703 0.311359 -0.631134 -0.864505 1.03763 1.38824 2.45938 -1.44075 -0.939725 0.378502 -0.324199 -0.240022 0.540853 0.604567 2.85372 1.36994 -1.12174 1.01162 -1.23456 -2.48675 1.38242 -0.98155 0.488249 -0.0846014 -1.99561 0.021201 0.388657 -0.891189 1.97787 -1.12186 -0.133219 -1.17808 -0.422673 0.739866 0.989612 0.836367 0.636981 -2.1088 0.388843 -0.0249891 -0.31434 0.93588 1.75086 0.275747 1.11936 0.40005 -2.71555 2.57614 2.55097 -0.696035 -1.68269 -2.00951 -0.0644507 -2.15452 -0.804585 0.437115 0.27118 0.673871 -0.667717 0.175197 -0.50018 0.711102 -0.635573 -0.468966 -1.24543 -1.22727 -1.57375 0.400247 -1.58796 -0.863937 -0.169759 2.18995 1.51417 -0.342769 3.22605 -1.81492 -0.366136 0.518272 -1.40335 -2.15092 0.0730734 3.16896 -1.02017 -0.924322 -0.606565 -1.83372 -1.93276 0.385304 -0.893793 0.347008 -0.426566 1.13483 1.21259 -0.666157 0.624634 -0.692477 0.424566 0.781684 -0.501035 0.177898 1.63374 -0.428237 0.941777 2.76421 0.287676 -0.565992 -0.704268 -1.86017 -0.443137 2.06688 -0.247686 0.318764 -1.51087 -0.976805 0.885121 0.991792 -0.377779 -2.19331 0.515196 0.315291 -1.76202 -1.23348 2.20058 0.568283 1.0705 1.82388 -1.42154 -1.08006 1.51938 1.55872 -1.75152 -1.14696 
0.649 -0.214088 -2.87524 1.73594 1.03987 -1.97817 0.728494 0.212729 -2.89557 -3.10536 -0.908409 0.135438 1.09391 -1.42277 1.00396 1.47521 0.180269 -1.44683 -1.61573 0.556053 1.95289 -0.709675 2.08517 -0.120491 -1.70835 -0.819175 -0.126989 1.39454 0.76291 -1.75118 0.384331 1.96666 1.53097 -1.22641 -0.242367 1.24815 -0.769656 -0.330862 -0.375997 -0.151316 -0.0810506 -1.72524 -1.41188 1.53833 -1.10235 0.974698 -2.2238 -0.953047 -1.6981 0.530426 -1.62897 0.776689 0.501482 0.586169 -0.488111 0.0946232 -0.211949 2.519 -1.24831 -1.07626 2.23512 0.72729 2.12121 -1.89904 -2.2628 -0.404997 2.19654 1.33559 -0.513245 -0.0287079 -1.37744 0.101079 0.402268 -2.60044 -3.39832 2.16995 0.234822 -0.594274 1.18714 -1.24883 -0.0204523 -4.1096 -0.139123 -0.583883 -3.01363 -1.36679 2.96065 0.843156 -2.79453 -0.284097 3.20008 0.535012 -2.16663 1.83355 -1.67659 -1.60433 1.09673 -2.43687 -0.0963917 -0.512595 -0.683785 0.707423 0.0860297 -1.61447 -0.894777 -0.115743 -0.18514 0.353372 2.05465 -0.0432027 0.566248 1.75689 -0.800511 -2.89797 0.430221 1.27789 -2.34577 -1.7614 -0.336401 3.97882 1.42633 -1.45196 -0.611532 -0.429881 -0.0791585 -1.10933 -0.373827 0.420012 0.421828 -1.13851 0.426234 -0.923212 1.42559 -1.0995 2.0151 0.111389 1.08065 3.24491 1.64299 -0.635295 -3.99772 -2.50248 -0.656961 -2.83344 0.669107 -0.823941 0.7663 -2.06162 -0.317011 1.69505 0.51846 0.626228 0.815212 -1.71946 0.751593 -0.864133 0.371177 -2.08238 2.69256 0.758014 -0.0471036 0.812414 0.0897195 1.60241 2.3591 -1.64492 2.30741 1.23798 0.803663 1.43424 -0.426598 0.567987 -0.183375 1.91231 0.462721 -0.59979 3.12349 -0.236647 -0.780818 1.22238 1.81199 0.38494 0.256442 2.50153 0.907772 -0.228886 -0.59746 -0.608745 -0.495062 -1.79764 0.871436 1.67687 -1.17631 3.86608 0.0467035 -1.43057 -1.57626 -0.280812 -0.689747 0.525041 1.83656 0.837616 -0.220072 -1.08207 -0.25389 0.167396 2.41455 -1.32311 -1.23229 -2.30568 -2.1552 -0.0778976 2.53498 0.790541 0.408335 -0.118716 0.701411 2.42511 0.0547522 1.56759 -1.62505 1.53555 -1.7792 2.86895 -2.68781 0.984271 2.01735 0.305484 2.39688 0.248117 -1.567 0.87545 -2.23082 -1.02874 -0.125889 0.380666 -0.192701 -0.270086 1.95118 0.942299 1.0461 -0.747758 0.243166 -0.65278 -0.22972 -0.307685 -1.2526 0.509086 0.75874 1.06336 -0.285413 0.182347 -1.63713 -0.933632 0.317223 2.05955 0.20532 -1.97901 -0.0216156 0.994472 -1.84304 -0.818414 -0.88575 -0.131011 0.75774 3.50083 -0.304338 1.20994 -0.951255 0.406561 0.723114 0.434117 0.936167 -0.351014 0.257658 1.04168 -0.454256 -1.06958 -0.183333 1.33876 -0.93962 -0.318596 2.6253 -0.156349 2.29759 0.601499 -1.72883 2.02804 0.0407048 1.84683 -0.476328 -0.258094 -1.99416 -0.067775 -0.294658 -0.479689 1.68201 3.39111 -1.90604 -2.32058 
