1280 0
23.12 23.12 115.6 
11.56 11.56 57.8 
1 1 1 1 1 1 1 1 1 1 1 1 1 1 1 1 1 1 1 1 1 1 1 1 1 1 1 1 1 1 1 1 1 1 1 1 1 1 1 1 1 1 1 1 1 1 1 1 1 1 1 1 1 1 1 1 1 1 1 1 1 1 1 1 1 1 1 1 1 1 1 1 1 1 1 1 1 1 1 1 1 1 1 1 1 1 1 1 1 1 1 1 1 1 1 1 1 1 1 1 
1 1 1 1 1 1 1 1 1 1 1 1 1 1 1 1 1 1 1 1 1 1 1 1 1 1 1 1 1 1 1 1 1 1 1 1 1 1 1 1 1 1 1 1 1 1 1 1 1 1 1 1 1 1 1 1 1 1 1 1 1 1 1 1 1 1 1 1 1 1 1 1 1 1 1 1 1 1 1 1 1 1 1 1 1 1 1 1 1 1 1 1 1 1 1 1 1 1 1 1 
1 1 1 1 1 1 1 1 1 1 1 1 1 1 1 1 1 1 1 1 1 1 1 1 1 1 1 1 1 1 1 1 1 1 1 1 1 1 1 1 1 1 1 1 1 1 1 1 1 1 1 1 1 1 1 1 1 1 1 1 1 1 1 1 1 1 1 1 1 1 1 1 1 1 1 1 1 1 1 1 1 1 1 1 1 1 1 1 1 1 1 1 1 1 1 1 1 1 1 1 
1 1 1 1 1 1 1 1 1 1 1 1 1 1 1 1 1 1 1 1 1 1 1 1 1 1 1 1 1 1 1 1 1 1 1 1 1 1 1 1 1 1 1 1 1 1 1 1 1 1 1 1 1 1 1 1 1 1 1 1 1 1 1 1 1 1 1 1 1 1 1 1 1 1 1 1 1 1 1 1 1 1 1 1 1 1 1 1 1 1 1 1 1 1 1 1 1 1 1 1 
1 1 1 1 1 1 1 1 1 1 1 1 1 1 1 1 1 1 1 1 1 1 1 1 1 1 1 1 1 1 1 1 1 1 1 1 1 1 1 1 1 1 1 1 1 1 1 1 1 1 1 1 1 1 1 1 1 1 1 1 1 1 1 1 1 1 1 1 1 1 1 1 1 1 1 1 1 1 1 1 1 1 1 1 1 1 1 1 1 1 1 1 1 1 1 1 1 1 1 1 
1 1 1 1 1 1 1 1 1 1 1 1 1 1 1 1 1 1 1 1 1 1 1 1 1 1 1 1 1 1 1 1 1 1 1 1 1 1 1 1 1 1 1 1 1 1 1 1 1 1 1 1 1 1 1 1 1 1 1 1 1 1 1 1 1 1 1 1 1 1 1 1 1 1 1 1 1 1 1 1 1 1 1 1 1 1 1 1 1 1 1 1 1 1 1 1 1 1 1 1 
1 1 1 1 1 1 1 1 1 1 1 1 1 1 1 1 1 1 1 1 1 1 1 1 1 1 1 1 1 1 1 1 1 1 1 1 1 1 1 1 1 1 1 1 1 1 1 1 1 1 1 1 1 1 1 1 1 1 1 1 1 1 1 1 1 1 1 1 1 1 1 1 1 1 1 1 1 1 1 1 1 1 1 1 1 1 1 1 1 1 1 1 1 1 1 1 1 1 1 1 
1 1 1 1 1 1 1 1 1 1 1 1 1 1 1 1 1 1 1 1 1 1 1 1 1 1 1 1 1 1 1 1 1 1 1 1 1 1 1 1 1 1 1 1 1 1 1 1 1 1 1 1 1 1 1 1 1 1 1 1 1 1 1 1 1 1 1 1 1 1 1 1 1 1 1 1 1 1 1 1 1 1 1 1 1 1 1 1 1 1 1 1 1 1 1 1 1 1 1 1 
1 1 1 1 1 1 1 1 1 1 1 1 1 1 1 1 1 1 1 1 1 1 1 1 1 1 1 1 1 1 1 1 1 1 1 1 1 1 1 1 1 1 1 1 1 1 1 1 1 1 1 1 1 1 1 1 1 1 1 1 1 1 1 1 1 1 1 1 1 1 1 1 1 1 1 1 1 1 1 1 1 1 1 1 1 1 1 1 1 1 1 1 1 1 1 1 1 1 1 1 
1 1 1 1 1 1 1 1 1 1 1 1 1 1 1 1 1 1 1 1 1 1 1 1 1 1 1 1 1 1 1 1 1 1 1 1 1 1 1 1 1 1 1 1 1 1 1 1 1 1 1 1 1 1 1 1 1 1 1 1 1 1 1 1 1 1 1 1 1 1 1 1 1 1 1 1 1 1 1 1 1 1 1 1 1 1 1 1 1 1 1 1 1 1 1 1 1 1 1 1 
1 1 1 1 1 1 1 1 1 1 1 1 1 1 1 1 1 1 1 1 1 1 1 1 1 1 1 1 1 1 1 1 1 1 1 1 1 1 1 1 1 1 1 1 1 1 1 1 1 1 1 1 1 1 1 1 1 1 1 1 1 1 1 1 1 1 1 1 1 1 1 1 1 1 1 1 1 1 1 1 1 1 1 1 1 1 1 1 1 1 1 1 1 1 1 1 1 1 1 1 
1 1 1 1 1 1 1 1 1 1 1 1 1 1 1 1 1 1 1 1 1 1 1 1 1 1 1 1 1 1 1 1 1 1 1 1 1 1 1 1 1 1 1 1 1 1 1 1 1 1 1 1 1 1 1 1 1 1 1 1 1 1 1 1 1 1 1 1 1 1 1 1 1 1 1 1 1 1 1 1 1 1 1 1 1 1 1 1 1 1 1 1 1 1 1 1 1 1 1 1 
1 1 1 1 1 1 1 1 1 1 1 1 1 1 1 1 1 1 1 1 1 1 1 1 1 1 1 1 1 1 1 1 1 1 1 1 1 1 1 1 1 1 1 1 1 1 1 1 1 1 1 1 1 1 1 1 1 1 1 1 1 1 1 1 1 1 1 1 1 1 1 1 1 1 1 1 1 1 1 1 
3 1.445 1.445 1.445 3 1.445 4.335 4.335 3 4.335 1.445 4.335 3 4.335 4.335 1.445 3 7.225 1.445 1.445 3 7.225 4.335 4.335 3 10.115 1.445 4.335 3 10.115 4.335 1.445 3 13.005 1.445 1.445 3 13.005 4.335 4.335 3 15.895 1.445 4.335 3 15.895 4.335 1.445 3 18.785 1.445 1.445 3 18.785 4.335 4.335 3 21.675 1.445 4.335 3 21.675 4.335 1.445 3 1.445 7.225 1.445 3 1.445 10.115 4.335 3 4.335 7.225 4.335 3 4.335 10.115 1.445 3 7.225 7.225 1.445 3 7.225 10.115 4.335 3 10.115 7.225 4.335 3 10.115 10.115 1.445 3 13.005 7.225 1.445 3 13.005 10.115 4.335 3 15.895 7.225 4.335 3 15.895 10.115 1.445 3 18.785 7.225 1.445 3 18.785 10.115 4.335 3 21.675 7.225 4.335 3 21.675 10.115 1.445 3 1.445 13.005 1.445 3 1.445 15.895 4.335 3 4.335 13.005 4.335 3 4.335 15.895 1.445 3 7.225 13.005 1.445 3 7.225 15.895 4.335 3 10.115 13.005 4.335 3 10.115 15.895 1.445 3 13.005 13.005 1.445 3 13.005 15.895 4.335 3 15.895 13.005 4.335 3 15.895 15.895 1.445 3 18.785 13.005 1.445 3 18.785 15.895 4.335 3 21.675 13.005 4.335 3 21.675 15.895 1.445 3 1.445 18.785 1.445 3 1.445 21.675 4.335 3 4.335 18.785 4.335 3 4.335 21.675 1.445 3 7.225 18.785 1.445 3 7.225 21.675 4.335 3 10.115 18.785 4.335 3 10.115 21.675 1.445 3 13.005 18.785 1.445 3 13.005 21.675 4.335 3 15.895 18.785 4.335 3 15.895 21.675 1.445 3 18.785 18.785 1.445 3 18.785 21.675 4.335 3 21.675 18.785 4.335 3 21.675 21.675 1.445 0 1.445 1.445 7.225 0 1.445 4.335 10.115 0 4.335 1.445 10.115 0 4.335 4.335 7.225 0 7.225 1.445 7.225 0 7.225 4.335 10.115 0 10.115 1.445 10.115 0 10.115 4.335 7.225 0 13.005 1.445 7.225 0 13.005 4.335 10.115 0 15.895 1.445 10.115 0 15.895 4.335 7.225 0 18.785 1.445 7.225 0 18.785 4.335 10.115 0 21.675 1.445 10.115 0 21.675 4.335 7.225 0 1.445 7.225 7.225 0 1.445 10.115 10.115 0 4.335 7.225 10.115 0 4.335 10.115 7.225 0 7.225 7.225 7.225 0 7.225 10.115 10.115 0 10.115 7.225 10.115 0 10.115 10.115 7.225 0 13.005 7.225 7.225 0 13.005 10.115 10.115 0 15.895 7.225 10.115 0 15.895 10.115 7.225 0 18.785 7.225 7.225 0 18.785 10.115 10.115 0 21.675 7.225 10.115 0 21.675 10.115 7.225 0 1.445 13.005 7.225 0 1.445 15.895 10.115 0 4.335 13.005 10.115 0 4.335 15.895 7.225 
0 7.225 13.005 7.225 0 7.225 15.895 10.115 0 10.115 13.005 10.115 0 10.115 15.895 7.225 0 13.005 13.005 7.225 0 13.005 15.895 10.115 0 15.895 13.005 10.115 0 15.895 15.895 7.225 0 18.785 13.005 7.225 0 18.785 15.895 10.115 0 21.675 13.005 10.115 0 21.675 15.895 7.225 0 1.445 18.785 7.225 0 1.445 21.675 10.115 0 4.335 18.785 10.115 0 4.335 21.675 7.225 0 7.225 18.785 7.225 0 7.225 21.675 10.115 0 10.115 18.785 10.115 0 10.115 21.675 7.225 0 13.005 18.785 7.225 0 13.005 21.675 10.115 0 15.895 18.785 10.115 0 15.895 21.675 7.225 0 18.785 18.785 7.225 0 18.785 21.675 10.115 0 21.675 18.785 10.115 0 21.675 21.675 7.225 0 1.445 1.445 13.005 0 1.445 4.335 15.895 0 4.335 1.445 15.895 0 4.335 4.335 13.005 0 7.225 1.445 13.005 0 7.225 4.335 15.895 0 10.115 1.445 15.895 0 10.115 4.335 13.005 0 13.005 1.445 13.005 0 13.005 4.335 15.895 0 15.895 1.445 15.895 0 15.895 4.335 13.005 0 18.785 1.445 13.005 0 18.785 4.335 15.895 0 21.675 1.445 15.895 0 21.675 4.335 13.005 0 1.445 7.225 13.005 0 1.445 10.115 15.895 0 4.335 7.225 15.895 0 4.335 10.115 13.005 0 7.225 7.225 13.005 0 7.225 10.115 15.895 0 10.115 7.225 15.895 0 10.115 10.115 13.005 0 13.005 7.225 13.005 0 13.005 10.115 15.895 0 15.895 7.225 15.895 0 15.895 10.115 13.005 0 18.785 7.225 13.005 0 18.785 10.115 15.895 0 21.675 7.225 15.895 0 21.675 10.115 13.005 0 1.445 13.005 13.005 0 1.445 15.895 15.895 0 4.335 13.005 15.895 0 4.335 15.895 13.005 0 7.225 13.005 13.005 0 7.225 15.895 15.895 0 10.115 13.005 15.895 0 10.115 15.895 13.005 0 13.005 13.005 13.005 0 13.005 15.895 15.895 0 15.895 13.005 15.895 0 15.895 15.895 13.005 0 18.785 13.005 13.005 0 18.785 15.895 15.895 0 21.675 13.005 15.895 0 21.675 15.895 13.005 0 1.445 18.785 13.005 0 1.445 21.675 15.895 0 4.335 18.785 15.895 0 4.335 21.675 13.005 0 7.225 18.785 13.005 0 7.225 21.675 15.895 0 10.115 18.785 15.895 0 10.115 21.675 13.005 0 13.005 18.785 13.005 0 13.005 21.675 15.895 0 15.895 18.785 15.895 0 15.895 21.675 13.005 0 18.785 18.785 13.005 0 18.785 21.675 15.895 0 21.675 18.785 15.895 0 21.675 21.675 13.005 0 1.445 1.445 18.785 0 1.445 4.335 21.675 0 4.335 1.445 21.675 0 4.335 4.335 18.785 0 7.225 1.445 18.785 0 7.225 4.335 21.675 0 10.115 1.445 21.675 0 10.115 4.335 18.785 
0 13.005 1.445 18.785 0 13.005 4.335 21.675 0 15.895 1.445 21.675 0 15.895 4.335 18.785 0 18.785 1.445 18.785 0 18.785 4.335 21.675 0 21.675 1.445 21.675 0 21.675 4.335 18.785 0 1.445 7.225 18.785 0 1.445 10.115 21.675 0 4.335 7.225 21.675 0 4.335 10.115 18.785 0 7.225 7.225 18.785 0 7.225 10.115 21.675 0 10.115 7.225 21.675 0 10.115 10.115 18.785 0 13.005 7.225 18.785 0 13.005 10.115 21.675 0 15.895 7.225 21.675 0 15.895 10.115 18.785 0 18.785 7.225 18.785 0 18.785 10.115 21.675 0 21.675 7.225 21.675 0 21.675 10.115 18.785 0 1.445 13.005 18.785 0 1.445 15.895 21.675 0 4.335 13.005 21.675 0 4.335 15.895 18.785 0 7.225 13.005 18.785 0 7.225 15.895 21.675 0 10.115 13.005 21.675 0 10.115 15.895 18.785 0 13.005 13.005 18.785 0 13.005 15.895 21.675 0 15.895 13.005 21.675 0 15.895 15.895 18.785 0 18.785 13.005 18.785 0 18.785 15.895 21.675 0 21.675 13.005 21.675 0 21.675 15.895 18.785 0 1.445 18.785 18.785 0 1.445 21.675 21.675 0 4.335 18.785 21.675 0 4.335 21.675 18.785 0 7.225 18.785 18.785 0 7.225 21.675 21.675 0 10.115 18.785 21.675 0 10.115 21.675 18.785 0 13.005 18.785 18.785 0 13.005 21.675 21.675 0 15.895 18.785 21.675 0 15.895 21.675 18.785 0 18.785 18.785 18.785 0 18.785 21.675 21.675 0 21.675 18.785 21.675 0 21.675 21.675 18.785 0 1.445 1.445 24.565 0 1.445 4.335 27.455 0 4.335 1.445 27.455 0 4.335 4.335 24.565 0 7.225 1.445 24.565 0 7.225 4.335 27.455 0 10.115 1.445 27.455 0 10.115 4.335 24.565 0 13.005 1.445 24.565 0 13.005 4.335 27.455 0 15.895 1.445 27.455 0 15.895 4.335 24.565 0 18.785 1.445 24.565 0 18.785 4.335 27.455 0 21.675 1.445 27.455 0 21.675 4.335 24.565 0 1.445 7.225 24.565 0 1.445 10.115 27.455 0 4.335 7.225 27.455 0 4.335 10.115 24.565 0 7.225 7.225 24.565 0 7.225 10.115 27.455 0 10.115 7.225 27.455 0 10.115 10.115 24.565 0 13.005 7.225 24.565 0 13.005 10.115 27.455 0 15.895 7.225 27.455 0 15.895 10.115 24.565 0 18.785 7.225 24.565 0 18.785 10.115 27.455 0 21.675 7.225 27.455 0 21.675 10.115 24.565 0 1.445 13.005 24.565 0 1.445 15.895 27.455 0 4.335 13.005 27.455 0 4.335 15.895 24.565 0 7.225 13.005 24.565 0 7.225 15.895 27.455 0 10.115 13.005 27.455 0 10.115 15.895 24.565 0 13.005 13.005 24.565 0 13.005 15.895 27.455 0 15.895 13.005 27.455 0 15.895 15.895 24.565 
0 18.785 13.005 24.565 0 18.785 15.895 27.455 0 21.675 13.005 27.455 0 21.675 15.895 24.565 0 1.445 18.785 24.565 0 1.445 21.675 27.455 0 4.335 18.785 27.455 0 4.335 21.675 24.565 0 7.225 18.785 24.565 0 7.225 21.675 27.455 0 10.115 18.785 27.455 0 10.115 21.675 24.565 0 13.005 18.785 24.565 0 13.005 21.675 27.455 0 15.895 18.785 27.455 0 15.895 21.675 24.565 0 18.785 18.785 24.565 0 18.785 21.675 27.455 0 21.675 18.785 27.455 0 21.675 21.675 24.565 0 1.445 1.445 30.345 0 1.445 4.335 33.235 0 4.335 1.445 33.235 0 4.335 4.335 30.345 0 7.225 1.445 30.345 0 7.225 4.335 33.235 0 10.115 1.445 33.235 0 10.115 4.335 30.345 0 13.005 1.445 30.345 0 13.005 4.335 33.235 0 15.895 1.445 33.235 0 15.895 4.335 30.345 0 18.785 1.445 30.345 0 18.785 4.335 33.235 0 21.675 1.445 33.235 0 21.675 4.335 30.345 0 1.445 7.225 30.345 0 1.445 10.115 33.235 0 4.335 7.225 33.235 0 4.335 10.115 30.345 0 7.225 7.225 30.345 0 7.225 10.115 33.235 0 10.115 7.225 33.235 0 10.115 10.115 30.345 0 13.005 7.225 30.345 0 13.005 10.115 33.235 0 15.895 7.225 33.235 0 15.895 10.115 30.345 0 18.785 7.225 30.345 0 18.785 10.115 33.235 0 21.675 7.225 33.235 0 21.675 10.115 30.345 0 1.445 13.005 30.345 0 1.445 15.895 33.235 0 4.335 13.005 33.235 0 4.335 15.895 30.345 0 7.225 13.005 30.345 0 7.225 15.895 33.235 0 10.115 13.005 33.235 0 10.115 15.895 30.345 0 13.005 13.005 30.345 0 13.005 15.895 33.235 0 15.895 13.005 33.235 0 15.895 15.895 30.345 0 18.785 13.005 30.345 0 18.785 15.895 33.235 0 21.675 13.005 33.235 0 21.675 15.895 30.345 0 1.445 18.785 30.345 0 1.445 21.675 33.235 0 4.335 18.785 33.235 0 4.335 21.675 30.345 0 7.225 18.785 30.345 0 7.225 21.675 33.235 0 10.115 18.785 33.235 0 10.115 21.675 30.345 0 13.005 18.785 30.345 0 13.005 21.675 33.235 0 15.895 18.785 33.235 0 15.895 21.675 30.345 0 18.785 18.785 30.345 0 18.785 21.675 33.235 0 21.675 18.785 33.235 0 21.675 21.675 30.345 0 1.445 1.445 36.125 0 1.445 4.335 39.015 0 4.335 1.445 39.015 0 4.335 4.335 36.125 0 7.225 1.445 36.125 0 7.225 4.335 39.015 0 10.115 1.445 39.015 0 10.115 4.335 36.125 0 13.005 1.445 36.125 0 13.005 4.335 39.015 0 15.895 1.445 39.015 0 15.895 4.335 36.125 0 18.785 1.445 36.125 0 18.785 4.335 39.015 0 21.675 1.445 39.015 0 21.675 4.335 36.125 
0 1.445 7.225 36.125 0 1.445 10.115 39.015 0 4.335 7.225 39.015 0 4.335 10.115 36.125 0 7.225 7.225 36.125 0 7.225 10.115 39.015 0 10.115 7.225 39.015 0 10.115 10.115 36.125 0 13.005 7.225 36.125 0 13.005 10.115 39.015 0 15.895 7.225 39.015 0 15.895 10.115 36.125 0 18.785 7.225 36.125 0 18.785 10.115 39.015 0 21.675 7.225 39.015 0 21.675 10.115 36.125 0 1.445 13.005 36.125 0 1.445 15.895 39.015 0 4.335 13.005 39.015 0 4.335 15.895 36.125 0 7.225 13.005 36.125 0 7.225 15.895 39.015 0 10.115 13.005 39.015 0 10.115 15.895 36.125 0 13.005 13.005 36.125 0 13.005 15.895 39.015 0 15.895 13.005 39.015 0 15.895 15.895 36.125 0 18.785 13.005 36.125 0 18.785 15.895 39.015 0 21.675 13.005 39.015 0 21.675 15.895 36.125 0 1.445 18.785 36.125 0 1.445 21.675 39.015 0 4.335 18.785 39.015 0 4.335 21.675 36.125 0 7.225 18.785 36.125 0 7.225 21.675 39.015 0 10.115 18.785 39.015 0 10.115 21.675 36.125 0 13.005 18.785 36.125 0 13.005 21.675 39.015 0 15.895 18.785 39.015 0 15.895 21.675 36.125 0 18.785 18.785 36.125 0 18.785 21.675 39.015 0 21.675 18.785 39.015 0 21.675 21.675 36.125 0 1.445 1.445 41.905 0 1.445 4.335 44.795 0 4.335 1.445 44.795 0 4.335 4.335 41.905 0 7.225 1.445 41.905 0 7.225 4.335 44.795 0 10.115 1.445 44.795 0 10.115 4.335 41.905 0 13.005 1.445 41.905 0 13.005 4.335 44.795 0 15.895 1.445 44.795 0 15.895 4.335 41.905 0 18.785 1.445 41.905 0 18.785 4.335 44.795 0 21.675 1.445 44.795 0 21.675 4.335 41.905 0 1.445 7.225 41.905 0 1.445 10.115 44.795 0 4.335 7.225 44.795 0 4.335 10.115 41.905 0 7.225 7.225 41.905 0 7.225 10.115 44.795 0 10.115 7.225 44.795 0 10.115 10.115 41.905 0 13.005 7.225 41.905 0 13.005 10.115 44.795 0 15.895 7.225 44.795 0 15.895 10.115 41.905 0 18.785 7.225 41.905 0 18.785 10.115 44.795 0 21.675 7.225 44.795 0 21.675 10.115 41.905 0 1.445 13.005 41.905 0 1.445 15.895 44.795 0 4.335 13.005 44.795 0 4.335 15.895 41.905 0 7.225 13.005 41.905 0 7.225 15.895 44.795 0 10.115 13.005 44.795 0 10.115 15.895 41.905 0 13.005 13.005 41.905 0 13.005 15.895 44.795 0 15.895 13.005 44.795 0 15.895 15.895 41.905 0 18.785 13.005 41.905 0 18.785 15.895 44.795 0 21.675 13.005 44.795 0 21.675 15.895 41.905 0 1.445 18.785 41.905 0 1.445 21.675 44.795 0 4.335 18.785 44.795 0 4.335 21.675 41.905 
0 7.225 18.785 41.905 0 7.225 21.675 44.795 0 10.115 18.785 44.795 0 10.115 21.675 41.905 0 13.005 18.785 41.905 0 13.005 21.675 44.795 0 15.895 18.785 44.795 0 15.895 21.675 41.905 0 18.785 18.785 41.905 0 18.785 21.675 44.795 0 21.675 18.785 44.795 0 21.675 21.675 41.905 0 1.445 1.445 47.685 0 1.445 4.335 50.575 0 4.335 1.445 50.575 0 4.335 4.335 47.685 0 7.225 1.445 47.685 0 7.225 4.335 50.575 0 10.115 1.445 50.575 0 10.115 4.335 47.685 0 13.005 1.445 47.685 0 13.005 4.335 50.575 0 15.895 1.445 50.575 0 15.895 4.335 47.685 0 18.785 1.445 47.685 0 18.785 4.335 50.575 0 21.675 1.445 50.575 0 21.675 4.335 47.685 0 1.445 7.225 47.685 0 1.445 10.115 50.575 0 4.335 7.225 50.575 0 4.335 10.115 47.685 0 7.225 7.225 47.685 0 7.225 10.115 50.575 0 10.115 7.225 50.575 0 10.115 10.115 47.685 0 13.005 7.225 47.685 0 13.005 10.115 50.575 0 15.895 7.225 50.575 0 15.895 10.115 47.685 0 18.785 7.225 47.685 0 18.785 10.115 50.575 0 21.675 7.225 50.575 0 21.675 10.115 47.685 0 1.445 13.005 47.685 0 1.445 15.895 50.575 0 4.335 13.005 50.575 0 4.335 15.895 47.685 0 7.225 13.005 47.685 0 7.225 15.895 50.575 0 10.115 13.005 50.575 0 10.115 15.895 47.685 0 13.005 13.005 47.685 0 13.005 15.895 50.575 0 15.895 13.005 50.575 0 15.895 15.895 47.685 0 18.785 13.005 47.685 0 18.785 15.895 50.575 0 21.675 13.005 50.575 0 21.675 15.895 47.685 0 1.445 18.785 47.685 0 1.445 21.675 50.575 0 4.335 18.785 50.575 0 4.335 21.675 47.685 0 7.225 18.785 47.685 0 7.225 21.675 50.575 0 10.115 18.785 50.575 0 10.115 21.675 47.685 0 13.005 18.785 47.685 0 13.005 21.675 50.575 0 15.895 18.785 50.575 0 15.895 21.675 47.685 0 18.785 18.785 47.685 0 18.785 21.675 50.575 0 21.675 18.785 50.575 0 21.675 21.675 47.685 0 1.445 1.445 53.465 0 1.445 4.335 56.355 0 4.335 1.445 56.355 0 4.335 4.335 53.465 0 7.225 1.445 53.465 0 7.225 4.335 56.355 0 10.115 1.445 56.355 0 10.115 4.335 53.465 0 13.005 1.445 53.465 0 13.005 4.335 56.355 0 15.895 1.445 56.355 0 15.895 4.335 53.465 0 18.785 1.445 53.465 0 18.785 4.335 56.355 0 21.675 1.445 56.355 0 21.675 4.335 53.465 0 1.445 7.225 53.465 0 1.445 10.115 56.355 0 4.335 7.225 56.355 0 4.335 10.115 53.465 0 7.225 7.225 53.465 0 7.225 10.115 56.355 0 10.115 7.225 56.355 0 10.115 10.115 53.465 
0 13.005 7.225 53.465 0 13.005 10.115 56.355 0 15.895 7.225 56.355 0 15.895 10.115 53.465 0 18.785 7.225 53.465 0 18.785 10.115 56.355 0 21.675 7.225 56.355 0 21.675 10.115 53.465 0 1.445 13.005 53.465 0 1.445 15.895 56.355 0 4.335 13.005 56.355 0 4.335 15.895 53.465 0 7.225 13.005 53.465 0 7.225 15.895 56.355 0 10.115 13.005 56.355 0 10.115 15.895 53.465 0 13.005 13.005 53.465 0 13.005 15.895 56.355 0 15.895 13.005 56.355 0 15.895 15.895 53.465 0 18.785 13.005 53.465 0 18.785 15.895 56.355 0 21.675 13.005 56.355 0 21.675 15.895 53.465 0 1.445 18.785 53.465 0 1.445 21.675 56.355 0 4.335 18.785 56.355 0 4.335 21.675 53.465 0 7.225 18.785 53.465 0 7.225 21.675 56.355 0 10.115 18.785 56.355 0 10.115 21.675 53.465 0 13.005 18.785 53.465 0 13.005 21.675 56.355 0 15.895 18.785 56.355 0 15.895 21.675 53.465 0 18.785 18.785 53.465 0 18.785 21.675 56.355 0 21.675 18.785 56.355 0 21.675 21.675 53.465 1 1.445 1.445 59.245 1 1.445 4.335 62.135 1 4.335 1.445 62.135 1 4.335 4.335 59.245 1 7.225 1.445 59.245 1 7.225 4.335 62.135 1 10.115 1.445 62.135 1 10.115 4.335 59.245 1 13.005 1.445 59.245 1 13.005 4.335 62.135 1 15.895 1.445 62.135 1 15.895 4.335 59.245 1 18.785 1.445 59.245 1 18.785 4.335 62.135 1 21.675 1.445 62.135 1 21.675 4.335 59.245 1 1.445 7.225 59.245 1 1.445 10.115 62.135 1 4.335 7.225 62.135 1 4.335 10.115 59.245 1 7.225 7.225 59.245 1 7.225 10.115 62.135 1 10.115 7.225 62.135 1 10.115 10.115 59.245 1 13.005 7.225 59.245 1 13.005 10.115 62.135 1 15.895 7.225 62.135 1 15.895 10.115 59.245 1 18.785 7.225 59.245 1 18.785 10.115 62.135 1 21.675 7.225 62.135 1 21.675 10.115 59.245 1 1.445 13.005 59.245 1 1.445 15.895 62.135 1 4.335 13.005 62.135 1 4.335 15.895 59.245 1 7.225 13.005 59.245 1 7.225 15.895 62.135 1 10.115 13.005 62.135 1 10.115 15.895 59.245 1 13.005 13.005 59.245 1 13.005 15.895 62.135 1 15.895 13.005 62.135 1 15.895 15.895 59.245 1 18.785 13.005 59.245 1 18.785 15.895 62.135 1 21.675 13.005 62.135 1 21.675 15.895 59.245 1 1.445 18.785 59.245 1 1.445 21.675 62.135 1 4.335 18.785 62.135 1 4.335 21.675 59.245 1 7.225 18.785 59.245 1 7.225 21.675 62.135 1 10.115 18.785 62.135 1 10.115 21.675 59.245 1 13.005 18.785 59.245 1 13.005 21.675 62.135 1 15.895 18.785 62.135 1 15.895 21.675 59.245 
1 18.785 18.785 59.245 1 18.785 21.675 62.135 1 21.675 18.785 62.135 1 21.675 21.675 59.245 1 1.445 1.445 65.025 1 1.445 4.335 67.915 1 4.335 1.445 67.915 1 4.335 4.335 65.025 1 7.225 1.445 65.025 1 7.225 4.335 67.915 1 10.115 1.445 67.915 1 10.115 4.335 65.025 1 13.005 1.445 65.025 1 13.005 4.335 67.915 1 15.895 1.445 67.915 1 15.895 4.335 65.025 1 18.785 1.445 65.025 1 18.785 4.335 67.915 1 21.675 1.445 67.915 1 21.675 4.335 65.025 1 1.445 7.225 65.025 1 1.445 10.115 67.915 1 4.335 7.225 67.915 1 4.335 10.115 65.025 1 7.225 7.225 65.025 1 7.225 10.115 67.915 1 10.115 7.225 67.915 1 10.115 10.115 65.025 1 13.005 7.225 65.025 1 13.005 10.115 67.915 1 15.895 7.225 67.915 1 15.895 10.115 65.025 1 18.785 7.225 65.025 1 18.785 10.115 67.915 1 21.675 7.225 67.915 1 21.675 10.115 65.025 1 1.445 13.005 65.025 1 1.445 15.895 67.915 1 4.335 13.005 67.915 1 4.335 15.895 65.025 1 7.225 13.005 65.025 1 7.225 15.895 67.915 1 10.115 13.005 67.915 1 10.115 15.895 65.025 1 13.005 13.005 65.025 1 13.005 15.895 67.915 1 15.895 13.005 67.915 1 15.895 15.895 65.025 1 18.785 13.005 65.025 1 18.785 15.895 67.915 1 21.675 13.005 67.915 1 21.675 15.895 65.025 1 1.445 18.785 65.025 1 1.445 21.675 67.915 1 4.335 18.785 67.915 1 4.335 21.675 65.025 1 7.225 18.785 65.025 1 7.225 21.675 67.915 1 10.115 18.785 67.915 1 10.115 21.675 65.025 1 13.005 18.785 65.025 1 13.005 21.675 67.915 1 15.895 18.785 67.915 1 15.895 21.675 65.025 1 18.785 18.785 65.025 1 18.785 21.675 67.915 1 21.675 18.785 67.915 1 21.675 21.675 65.025 1 1.445 1.445 70.805 1 1.445 4.335 73.695 1 4.335 1.445 73.695 1 4.335 4.335 70.805 1 7.225 1.445 70.805 1 7.225 4.335 73.695 1 10.115 1.445 73.695 1 10.115 4.335 70.805 1 13.005 1.445 70.805 1 13.005 4.335 73.695 1 15.895 1.445 73.695 1 15.895 4.335 70.805 1 18.785 1.445 70.805 1 18.785 4.335 73.695 1 21.675 1.445 73.695 1 21.675 4.335 70.805 1 1.445 7.225 70.805 1 1.445 10.115 73.695 1 4.335 7.225 73.695 1 4.335 10.115 70.805 1 7.225 7.225 70.805 1 7.225 10.115 73.695 1 10.115 7.225 73.695 1 10.115 10.115 70.805 1 13.005 7.225 70.805 1 13.005 10.115 73.695 1 15.895 7.225 73.695 1 15.895 10.115 70.805 1 18.785 7.225 70.805 1 18.785 10.115 73.695 1 21.675 7.225 73.695 1 21.675 10.115 70.805 
1 1.445 13.005 70.805 1 1.445 15.895 73.695 1 4.335 13.005 73.695 1 4.335 15.895 70.805 1 7.225 13.005 70.805 1 7.225 15.895 73.695 1 10.115 13.005 73.695 1 10.115 15.895 70.805 1 13.005 13.005 70.805 1 13.005 15.895 73.695 1 15.895 13.005 73.695 1 15.895 15.895 70.805 1 18.785 13.005 70.805 1 18.785 15.895 73.695 1 21.675 13.005 73.695 1 21.675 15.895 70.805 1 1.445 18.785 70.805 1 1.445 21.675 73.695 1 4.335 18.785 73.695 1 4.335 21.675 70.805 1 7.225 18.785 70.805 1 7.225 21.675 73.695 1 10.115 18.785 73.695 1 10.115 21.675 70.805 1 13.005 18.785 70.805 1 13.005 21.675 73.695 1 15.895 18.785 73.695 1 15.895 21.675 70.805 1 18.785 18.785 70.805 1 18.785 21.675 73.695 1 21.675 18.785 73.695 1 21.675 21.675 70.805 1 1.445 1.445 76.585 1 1.445 4.335 79.475 1 4.335 1.445 79.475 1 4.335 4.335 76.585 1 7.225 1.445 76.585 1 7.225 4.335 79.475 1 10.115 1.445 79.475 1 10.115 4.335 76.585 1 13.005 1.445 76.585 1 13.005 4.335 79.475 1 15.895 1.445 79.475 1 15.895 4.335 76.585 1 18.785 1.445 76.585 1 18.785 4.335 79.475 1 21.675 1.445 79.475 1 21.675 4.335 76.585 1 1.445 7.225 76.585 1 1.445 10.115 79.475 1 4.335 7.225 79.475 1 4.335 10.115 76.585 1 7.225 7.225 76.585 1 7.225 10.115 79.475 1 10.115 7.225 79.475 1 10.115 10.115 76.585 1 13.005 7.225 76.585 1 13.005 10.115 79.475 1 15.895 7.225 79.475 1 15.895 10.115 76.585 1 18.785 7.225 76.585 1 18.785 10.115 79.475 1 21.675 7.225 79.475 1 21.675 10.115 76.585 1 1.445 13.005 76.585 1 1.445 15.895 79.475 1 4.335 13.005 79.475 1 4.335 15.895 76.585 1 7.225 13.005 76.585 1 7.225 15.895 79.475 1 10.115 13.005 79.475 1 10.115 15.895 76.585 1 13.005 13.005 76.585 1 13.005 15.895 79.475 1 15.895 13.005 79.475 1 15.895 15.895 76.585 1 18.785 13.005 76.585 1 18.785 15.895 79.475 1 21.675 13.005 79.475 1 21.675 15.895 76.585 1 1.445 18.785 76.585 1 1.445 21.675 79.475 1 4.335 18.785 79.475 1 4.335 21.675 76.585 1 7.225 18.785 76.585 1 7.225 21.675 79.475 1 10.115 18.785 79.475 1 10.115 21.675 76.585 1 13.005 18.785 76.585 1 13.005 21.675 79.475 1 15.895 18.785 79.475 1 15.895 21.675 76.585 1 18.785 18.785 76.585 1 18.785 21.675 79.475 1 21.675 18.785 79.475 1 21.675 21.675 76.585 1 1.445 1.445 82.365 1 1.445 4.335 85.255 1 4.335 1.445 85.255 1 4.335 4.335 82.365 
1 7.225 1.445 82.365 1 7.225 4.335 85.255 1 10.115 1.445 85.255 1 10.115 4.335 82.365 1 13.005 1.445 82.365 1 13.005 4.335 85.255 1 15.895 1.445 85.255 1 15.895 4.335 82.365 1 18.785 1.445 82.365 1 18.785 4.335 85.255 1 21.675 1.445 85.255 1 21.675 4.335 82.365 1 1.445 7.225 82.365 1 1.445 10.115 85.255 1 4.335 7.225 85.255 1 4.335 10.115 82.365 1 7.225 7.225 82.365 1 7.225 10.115 85.255 1 10.115 7.225 85.255 1 10.115 10.115 82.365 1 13.005 7.225 82.365 1 13.005 10.115 85.255 1 15.895 7.225 85.255 1 15.895 10.115 82.365 1 18.785 7.225 82.365 1 18.785 10.115 85.255 1 21.675 7.225 85.255 1 21.675 10.115 82.365 1 1.445 13.005 82.365 1 1.445 15.895 85.255 1 4.335 13.005 85.255 1 4.335 15.895 82.365 1 7.225 13.005 82.365 1 7.225 15.895 85.255 1 10.115 13.005 85.255 1 10.115 15.895 82.365 1 13.005 13.005 82.365 1 13.005 15.895 85.255 1 15.895 13.005 85.255 1 15.895 15.895 82.365 1 18.785 13.005 82.365 1 18.785 15.895 85.255 1 21.675 13.005 85.255 1 21.675 15.895 82.365 1 1.445 18.785 82.365 1 1.445 21.675 85.255 1 4.335 18.785 85.255 1 4.335 21.675 82.365 1 7.225 18.785 82.365 1 7.225 21.675 85.255 1 10.115 18.785 85.255 1 10.115 21.675 82.365 1 13.005 18.785 82.365 1 13.005 21.675 85.255 1 15.895 18.785 85.255 1 15.895 21.675 82.365 1 18.785 18.785 82.365 1 18.785 21.675 85.255 1 21.675 18.785 85.255 1 21.675 21.675 82.365 1 1.445 1.445 88.145 1 1.445 4.335 91.035 1 4.335 1.445 91.035 1 4.335 4.335 88.145 1 7.225 1.445 88.145 1 7.225 4.335 91.035 1 10.115 1.445 91.035 1 10.115 4.335 88.145 1 13.005 1.445 88.145 1 13.005 4.335 91.035 1 15.895 1.445 91.035 1 15.895 4.335 88.145 1 18.785 1.445 88.145 1 18.785 4.335 91.035 1 21.675 1.445 91.035 1 21.675 4.335 88.145 1 1.445 7.225 88.145 1 1.445 10.115 91.035 1 4.335 7.225 91.035 1 4.335 10.115 88.145 1 7.225 7.225 88.145 1 7.225 10.115 91.035 1 10.115 7.225 91.035 1 10.115 10.115 88.145 1 13.005 7.225 88.145 1 13.005 10.115 91.035 1 15.895 7.225 91.035 1 15.895 10.115 88.145 1 18.785 7.225 88.145 1 18.785 10.115 91.035 1 21.675 7.225 91.035 1 21.675 10.115 88.145 1 1.445 13.005 88.145 1 1.445 15.895 91.035 1 4.335 13.005 91.035 1 4.335 15.895 88.145 1 7.225 13.005 88.145 1 7.225 15.895 91.035 1 10.115 13.005 91.035 1 10.115 15.895 88.145 
1 13.005 13.005 88.145 1 13.005 15.895 91.035 1 15.895 13.005 91.035 1 15.895 15.895 88.145 1 18.785 13.005 88.145 1 18.785 15.895 91.035 1 21.675 13.005 91.035 1 21.675 15.895 88.145 1 1.445 18.785 88.145 1 1.445 21.675 91.035 1 4.335 18.785 91.035 1 4.335 21.675 88.145 1 7.225 18.785 88.145 1 7.225 21.675 91.035 1 10.115 18.785 91.035 1 10.115 21.675 88.145 1 13.005 18.785 88.145 1 13.005 21.675 91.035 1 15.895 18.785 91.035 1 15.895 21.675 88.145 1 18.785 18.785 88.145 1 18.785 21.675 91.035 1 21.675 18.785 91.035 1 21.675 21.675 88.145 1 1.445 1.445 93.925 1 1.445 4.335 96.815 1 4.335 1.445 96.815 1 4.335 4.335 93.925 1 7.225 1.445 93.925 1 7.225 4.335 96.815 1 10.115 1.445 96.815 1 10.115 4.335 93.925 1 13.005 1.445 93.925 1 13.005 4.335 96.815 1 15.895 1.445 96.815 1 15.895 4.335 93.925 1 18.785 1.445 93.925 1 18.785 4.335 96.815 1 21.675 1.445 96.815 1 21.675 4.335 93.925 1 1.445 7.225 93.925 1 1.445 10.115 96.815 1 4.335 7.225 96.815 1 4.335 10.115 93.925 1 7.225 7.225 93.925 1 7.225 10.115 96.815 1 10.115 7.225 96.815 1 10.115 10.115 93.925 1 13.005 7.225 93.925 1 13.005 10.115 96.815 1 15.895 7.225 96.815 1 15.895 10.115 93.925 1 18.785 7.225 93.925 1 18.785 10.115 96.815 1 21.675 7.225 96.815 1 21.675 10.115 93.925 1 1.445 13.005 93.925 1 1.445 15.895 96.815 1 4.335 13.005 96.815 1 4.335 15.895 93.925 1 7.225 13.005 93.925 1 7.225 15.895 96.815 1 10.115 13.005 96.815 1 10.115 15.895 93.925 1 13.005 13.005 93.925 1 13.005 15.895 96.815 1 15.895 13.005 96.815 1 15.895 15.895 93.925 1 18.785 13.005 93.925 1 18.785 15.895 96.815 1 21.675 13.005 96.815 1 21.675 15.895 93.925 1 1.445 18.785 93.925 1 1.445 21.675 96.815 1 4.335 18.785 96.815 1 4.335 21.675 93.925 1 7.225 18.785 93.925 1 7.225 21.675 96.815 1 10.115 18.785 96.815 1 10.115 21.675 93.925 1 13.005 18.785 93.925 1 13.005 21.675 96.815 1 15.895 18.785 96.815 1 15.895 21.675 93.925 1 18.785 18.785 93.925 1 18.785 21.675 96.815 1 21.675 18.785 96.815 1 21.675 21.675 93.925 1 1.445 1.445 99.705 1 1.445 4.335 102.595 1 4.335 1.445 102.595 1 4.335 4.335 99.705 1 7.225 1.445 99.705 1 7.225 4.335 102.595 1 10.115 1.445 102.595 1 10.115 4.335 99.705 1 13.005 1.445 99.705 1 13.005 4.335 102.595 1 15.895 1.445 102.595 1 15.895 4.335 99.705 
1 18.785 1.445 99.705 1 18.785 4.335 102.595 1 21.675 1.445 102.595 1 21.675 4.335 99.705 1 1.445 7.225 99.705 1 1.445 10.115 102.595 1 4.335 7.225 102.595 1 4.335 10.115 99.705 1 7.225 7.225 99.705 1 7.225 10.115 102.595 1 10.115 7.225 102.595 1 10.115 10.115 99.705 1 13.005 7.225 99.705 1 13.005 10.115 102.595 1 15.895 7.225 102.595 1 15.895 10.115 99.705 1 18.785 7.225 99.705 1 18.785 10.115 102.595 1 21.675 7.225 102.595 1 21.675 10.115 99.705 1 1.445 13.005 99.705 1 1.445 15.895 102.595 1 4.335 13.005 102.595 1 4.335 15.895 99.705 1 7.225 13.005 99.705 1 7.225 15.895 102.595 1 10.115 13.005 102.595 1 10.115 15.895 99.705 1 13.005 13.005 99.705 1 13.005 15.895 102.595 1 15.895 13.005 102.595 1 15.895 15.895 99.705 1 18.785 13.005 99.705 1 18.785 15.895 102.595 1 21.675 13.005 102.595 1 21.675 15.895 99.705 1 1.445 18.785 99.705 1 1.445 21.675 102.595 1 4.335 18.785 102.595 1 4.335 21.675 99.705 1 7.225 18.785 99.705 1 7.225 21.675 102.595 1 10.115 18.785 102.595 1 10.115 21.675 99.705 1 13.005 18.785 99.705 1 13.005 21.675 102.595 1 15.895 18.785 102.595 1 15.895 21.675 99.705 1 18.785 18.785 99.705 1 18.785 21.675 102.595 1 21.675 18.785 102.595 1 21.675 21.675 99.705 1 1.445 1.445 105.485 1 1.445 4.335 108.375 1 4.335 1.445 108.375 1 4.335 4.335 105.485 1 7.225 1.445 105.485 1 7.225 4.335 108.375 1 10.115 1.445 108.375 1 10.115 4.335 105.485 1 13.005 1.445 105.485 1 13.005 4.335 108.375 1 15.895 1.445 108.375 1 15.895 4.335 105.485 1 18.785 1.445 105.485 1 18.785 4.335 108.375 1 21.675 1.445 108.375 1 21.675 4.335 105.485 1 1.445 7.225 105.485 1 1.445 10.115 108.375 1 4.335 7.225 108.375 1 4.335 10.115 105.485 1 7.225 7.225 105.485 1 7.225 10.115 108.375 1 10.115 7.225 108.375 1 10.115 10.115 105.485 1 13.005 7.225 105.485 1 13.005 10.115 108.375 1 15.895 7.225 108.375 1 15.895 10.115 105.485 1 18.785 7.225 105.485 1 18.785 10.115 108.375 1 21.675 7.225 108.375 1 21.675 10.115 105.485 1 1.445 13.005 105.485 1 1.445 15.895 108.375 1 4.335 13.005 108.375 1 4.335 15.895 105.485 1 7.225 13.005 105.485 1 7.225 15.895 108.375 1 10.115 13.005 108.375 1 10.115 15.895 105.485 1 13.005 13.005 105.485 1 13.005 15.895 108.375 1 15.895 13.005 108.375 1 15.895 15.895 105.485 1 18.785 13.005 105.485 1 18.785 15.895 108.375 1 21.675 13.005 108.375 1 21.675 15.895 105.485 
1 1.445 18.785 105.485 1 1.445 21.675 108.375 1 4.335 18.785 108.375 1 4.335 21.675 105.485 1 7.225 18.785 105.485 1 7.225 21.675 108.375 1 10.115 18.785 108.375 1 10.115 21.675 105.485 1 13.005 18.785 105.485 1 13.005 21.675 108.375 1 15.895 18.785 108.375 1 15.895 21.675 105.485 1 18.785 18.785 105.485 1 18.785 21.675 108.375 1 21.675 18.785 108.375 1 21.675 21.675 105.485 3 1.445 1.445 111.265 3 1.445 4.335 114.155 3 4.335 1.445 114.155 3 4.335 4.335 111.265 3 7.225 1.445 111.265 3 7.225 4.335 114.155 3 10.115 1.445 114.155 3 10.115 4.335 111.265 3 13.005 1.445 111.265 3 13.005 4.335 114.155 3 15.895 1.445 114.155 3 15.895 4.335 111.265 3 18.785 1.445 111.265 3 18.785 4.335 114.155 3 21.675 1.445 114.155 3 21.675 4.335 111.265 3 1.445 7.225 111.265 3 1.445 10.115 114.155 3 4.335 7.225 114.155 3 4.335 10.115 111.265 3 7.225 7.225 111.265 3 7.225 10.115 114.155 3 10.115 7.225 114.155 3 10.115 10.115 111.265 3 13.005 7.225 111.265 3 13.005 10.115 114.155 3 15.895 7.225 114.155 3 15.895 10.115 111.265 3 18.785 7.225 111.265 3 18.785 10.115 114.155 3 21.675 7.225 114.155 3 21.675 10.115 111.265 3 1.445 13.005 111.265 3 1.445 15.895 114.155 3 4.335 13.005 114.155 3 4.335 15.895 111.265 3 7.225 13.005 111.265 3 7.225 15.895 114.155 3 10.115 13.005 114.155 3 10.115 15.895 111.265 3 13.005 13.005 111.265 3 13.005 15.895 114.155 3 15.895 13.005 114.155 3 15.895 15.895 111.265 3 18.785 13.005 111.265 3 18.785 15.895 114.155 3 21.675 13.005 114.155 3 21.675 15.895 111.265 3 1.445 18.785 111.265 3 1.445 21.675 114.155 3 4.335 18.785 114.155 3 4.335 21.675 111.265 3 7.225 18.785 111.265 3 7.225 21.675 114.155 3 10.115 18.785 114.155 3 10.115 21.675 111.265 3 13.005 18.785 111.265 3 13.005 21.675 114.155 3 15.895 18.785 114.155 3 15.895 21.675 111.265 3 18.785 18.785 111.265 3 18.785 21.675 114.155 3 21.675 18.785 114.155 3 21.675 21.675 111.265 
0 0 0 0 0 0 0 0 0 0 0 0 0 0 0 0 0 0 0 0 0 0 0 0 0 0 0 0 0 0 0 0 0 0 0 0 0 0 0 0 0 0 0 0 0 0 0 0 0 0 0 0 0 0 0 0 0 0 0 0 0 0 0 0 0 0 0 0 0 0 0 0 0 0 0 0 0 0 0 0 0 0 0 0 0 0 0 0 0 0 0 0 0 0 0 0 0 0 0 0 0 0 0 0 0 0 0 0 0 0 0 0 0 0 0 0 0 0 0 0 0 0 0 0 0 0 0 0 0 0 0 0 0 0 0 0 0 0 0 0 0 0 0 0 0 0 0 0 0 0 0 0 0 0 0 0 0 0 0 0 0 0 0 0 0 0 0 0 0 0 0 0 0 0 0 0 0 0 0 0 0 0 0 0 0 0 0 0 0 0 0 0 0 0 0 0 0 0 0 0 0 0 0 0 0 0 0 0 0 0 0 0 0 0 0 0 0 0 0 0 0 0 0 0 0 0 0 0 0 0 0 0 0 0 0 0 0 0 0 0 0 0 0 0 0 0 0 0 0 0 0 0 0 0 0 0 0 0 0 0 0 0 0 0 0 0 0 0 0 0 0 0 0 0 0 0 0 0 0 0 0 0 0 0 0 0 0 0 0 0 0 0 0 0 0 0 0 0 0 0 
0 0 0 0 0 0 0 0 0 0 0 0 0 0 0 0 0 0 0 0 0 0 0 0 0 0 0 0 0 0 0 0 0 0 0 0 0 0 0 0 0 0 0 0 0 0 0 0 0 0 0 0 0 0 0 0 0 0 0 0 0 0 0 0 0 0 0 0 0 0 0 0 0 0 0 0 0 0 0 0 0 0 0 0 0 0 0 0 0 0 0 0 0 0 0 0 0 0 0 0 0 0 0 0 0 0 0 0 0 0 0 0 0 0 0 0 0 0 0 0 0 0 0 0 0 0 0 0 0 0 0 0 0 0 0 0 0 0 0 0 0 0 0 0 0 0 0 0 0 0 0 0 0 0 0 0 0 0 0 0 0 0 0 0 0 0 0 0 0 0 0 0 0 0 0 0 0 0 0 0 0 0 0 0 0 0 0 0 0 0 0 0 0 0 0 0 0 0 0 0 0 0 0 0 0 0 0 0 0 0 0 0 0 0 0 0 0 0 0 0 0 0 0 0 0 0 0 0 0 0 0 0 0 0 0 0 0 0 0 0 0 0 0 0 0 0 0 0 0 0 0 0 0 0 0 0 0 0 0 0 0 0 0 0 0 0 0 0 0 0 0 0 0 0 0 0 0 0 0 0 0 0 0 0 0 0 0 0 0 0 0 0 0 0 0 0 0 0 0 0 
0 0 0 0 0 0 0 0 0 0 0 0 0 0 0 0 0 0 0 0 0 0 0 0 0 0 0 0 0 0 0 0 0 0 0 0 0 0 0 0 0 0 0 0 0 0 0 0 0 0 0 0 0 0 0 0 0 0 0 0 0 0 0 0 0 0 0 0 0 0 0 0 0 0 0 0 0 0 0 0 0 0 0 0 0 0 0 0 0 0 0 0 0 0 0 0 0 0 0 0 0 0 0 0 0 0 0 0 0 0 0 0 0 0 0 0 0 0 0 0 0 0 0 0 0 0 0 0 0 0 0 0 0 0 0 0 0 0 0 0 0 0 0 0 0 0 0 0 0 0 0 0 0 0 0 0 0 0 0 0 0 0 0 0 0 0 0 0 0 0 0 0 0 0 0 0 0 0 0 0 0 0 0 0 0 0 0 0 0 0 0 0 0 0 0 0 0 0 0 0 0 0 0 0 0 0 0 0 0 0 0 0 0 0 0 0 0 0 0 0 0 0 0 0 0 0 0 0 0 0 0 0 0 0 0 0 0 0 0 0 0 0 0 0 0 0 0 0 0 0 0 0 0 0 0 0 0 0 0 0 0 0 0 0 0 0 0 0 0 0 0 0 0 0 0 0 0 0 0 0 0 0 0 0 0 0 0 0 0 0 0 0 0 0 0 0 0 0 0 0 
0 0 0 0 0 0 0 0 0 0 0 0 0 0 0 0 0 0 0 0 0 0 0 0 0 0 0 0 0 0 0 0 0 0 0 0 0 0 0 0 0 0 0 0 0 0 0 0 0 0 0 0 0 0 0 0 0 0 0 0 0 0 0 0 0 0 0 0 0 0 0 0 0 0 0 0 0 0 0 0 0 0 0 0 0 0 0 0 0 0 0 0 0 0 0 0 0 0 0 0 0 0 0 0 0 0 0 0 0 0 0 0 0 0 0 0 0 0 0 0 0 0 0 0 0 0 0 0 0 0 0 0 0 0 0 0 0 0 0 0 0 0 0 0 0 0 0 0 0 0 0 0 0 0 0 0 0 0 0 0 0 0 0 0 0 0 0 0 0 0 0 0 0 0 0 0 0 0 0 0 0 0 0 0 0 0 0 0 0 0 0 0 0 0 0 0 0 0 0 0 0 0 0 0 0 0 0 0 0 0 0 0 0 0 0 0 0 0 0 0 0 0 0 0 0 0 0 0 0 0 0 0 0 0 0 0 0 0 0 0 0 0 0 0 0 0 0 0 0 0 0 0 0 0 0 0 0 0 0 0 0 0 0 0 0 0 0 0 0 0 0 0 0 0 0 0 0 0 0 0 0 0 0 0 0 0 0 0 0 0 0 0 0 0 0 0 0 0 0 0 
0 0 0 0 0 0 0 0 0 0 0 0 0 0 0 0 0 0 0 0 0 0 0 0 0 0 0 0 0 0 0 0 0 0 0 0 0 0 0 0 0 0 0 0 0 0 0 0 0 0 0 0 0 0 0 0 0 0 0 0 0 0 0 0 0 0 0 0 0 0 0 0 0 0 0 0 0 0 0 0 0 0 0 0 0 0 0 0 0 0 0 0 0 0 0 0 0 0 0 0 0 0 0 0 0 0 0 0 0 0 0 0 0 0 0 0 0 0 0 0 0 0 0 0 0 0 0 0 0 0 0 0 0 0 0 0 0 0 0 0 0 0 0 0 0 0 0 0 0 0 0 0 0 0 0 0 0 0 0 0 0 0 0 0 0 0 0 0 0 0 0 0 0 0 0 0 0 0 0 0 0 0 0 0 0 0 0 0 0 0 0 0 0 0 0 0 0 0 0 0 0 0 0 0 0 0 0 0 0 0 0 0 0 0 0 0 0 0 0 0 0 0 0 0 0 0 0 0 0 0 0 0 0 0 0 0 0 0 0 0 0 0 0 0 0 0 0 0 0 0 0 0 0 0 0 0 0 0 0 0 0 0 0 0 0 0 0 0 0 0 0 0 0 0 0 0 0 0 0 0 0 0 0 0 0 0 0 0 0 0 0 0 0 0 0 0 0 0 0 0 
0 0 0 0 0 0 0 0 0 0 0 0 0 0 0 0 0 0 0 0 0 0 0 0 0 0 0 0 0 0 0 0 0 0 0 0 0 0 0 0 0 0 0 0 0 0 0 0 0 0 0 0 0 0 0 0 0 0 0 0 0 0 0 0 0 0 0 0 0 0 0 0 0 0 0 0 0 0 0 0 0 0 0 0 0 0 0 0 0 0 0 0 0 0 0 0 0 0 0 0 0 0 0 0 0 0 0 0 0 0 0 0 0 0 0 0 0 0 0 0 0 0 0 0 0 0 0 0 0 0 0 0 0 0 0 0 0 0 0 0 0 0 0 0 0 0 0 0 0 0 0 0 0 0 0 0 0 0 0 0 0 0 0 0 0 0 0 0 0 0 0 0 0 0 0 0 0 0 0 0 0 0 0 0 0 0 0 0 0 0 0 0 0 0 0 0 0 0 0 0 0 0 0 0 0 0 0 0 0 0 0 0 0 0 0 0 0 0 0 0 0 0 0 0 0 0 0 0 0 0 0 0 0 0 0 0 0 0 0 0 0 0 0 0 0 0 0 0 0 0 0 0 0 0 0 0 0 0 0 0 0 0 0 0 0 0 0 0 0 0 0 0 0 0 0 0 0 0 0 0 0 0 0 0 0 0 0 0 0 0 0 0 0 0 0 0 0 0 0 0 
0 0 0 0 0 0 0 0 0 0 0 0 0 0 0 0 0 0 0 0 0 0 0 0 0 0 0 0 0 0 0 0 0 0 0 0 0 0 0 0 0 0 0 0 0 0 0 0 0 0 0 0 0 0 0 0 0 0 0 0 0 0 0 0 0 0 0 0 0 0 0 0 0 0 0 0 0 0 0 0 0 0 0 0 0 0 0 0 0 0 0 0 0 0 0 0 0 0 0 0 0 0 0 0 0 0 0 0 0 0 0 0 0 0 0 0 0 0 0 0 0 0 0 0 0 0 0 0 0 0 0 0 0 0 0 0 0 0 0 0 0 0 0 0 0 0 0 0 0 0 0 0 0 0 0 0 0 0 0 0 0 0 0 0 0 0 0 0 0 0 0 0 0 0 0 0 0 0 0 0 0 0 0 0 0 0 0 0 0 0 0 0 0 0 0 0 0 0 0 0 0 0 0 0 0 0 0 0 0 0 0 0 0 0 0 0 0 0 0 0 0 0 0 0 0 0 0 0 0 0 0 0 0 0 0 0 0 0 0 0 0 0 0 0 0 0 0 0 0 0 0 0 0 0 0 0 0 0 0 0 0 0 0 0 0 0 0 0 0 0 0 0 0 0 0 0 0 0 0 0 0 0 0 0 0 0 0 0 0 0 0 0 0 0 0 0 0 0 0 0 
0 0 0 0 0 0 0 0 0 0 0 0 0 0 0 0 0 0 0 0 0 0 0 0 0 0 0 0 0 0 0 0 0 0 0 0 0 0 0 0 0 0 0 0 0 0 0 0 0 0 0 0 0 0 0 0 0 0 0 0 0 0 0 0 0 0 0 0 0 0 0 0 0 0 0 0 0 0 0 0 0 0 0 0 0 0 0 0 0 0 0 0 0 0 0 0 0 0 0 0 0 0 0 0 0 0 0 0 0 0 0 0 0 0 0 0 0 0 0 0 0 0 0 0 0 0 0 0 0 0 0 0 0 0 0 0 0 0 0 0 0 0 0 0 0 0 0 0 0 0 0 0 0 0 0 0 0 0 0 0 0 0 0 0 0 0 0 0 0 0 0 0 0 0 0 0 0 0 0 0 0 0 0 0 0 0 0 0 0 0 0 0 0 0 0 0 0 0 0 0 0 0 0 0 0 0 0 0 0 0 0 0 0 0 0 0 0 0 0 0 0 0 0 0 0 0 0 0 0 0 0 0 0 0 0 0 0 0 0 0 0 0 0 0 0 0 0 0 0 0 0 0 0 0 0 0 0 0 0 0 0 0 0 0 0 0 0 0 0 0 0 0 0 0 0 0 0 0 0 0 0 0 0 0 0 0 0 0 0 0 0 0 0 0 0 0 0 0 0 0 
0 0 0 0 0 0 0 0 0 0 0 0 0 0 0 0 0 0 0 0 0 0 0 0 0 0 0 0 0 0 0 0 0 0 0 0 0 0 0 0 0 0 0 0 0 0 0 0 0 0 0 0 0 0 0 0 0 0 0 0 0 0 0 0 0 0 0 0 0 0 0 0 0 0 0 0 0 0 0 0 0 0 0 0 0 0 0 0 0 0 0 0 0 0 0 0 0 0 0 0 0 0 0 0 0 0 0 0 0 0 0 0 0 0 0 0 0 0 0 0 0 0 0 0 0 0 0 0 0 0 0 0 0 0 0 0 0 0 0 0 0 0 0 0 0 0 0 0 0 0 0 0 0 0 0 0 0 0 0 0 0 0 0 0 0 0 0 0 0 0 0 0 0 0 0 0 0 0 0 0 0 0 0 0 0 0 0 0 0 0 0 0 0 0 0 0 0 0 0 0 0 0 0 0 0 0 0 0 0 0 0 0 0 0 0 0 0 0 0 0 0 0 0 0 0 0 0 0 0 0 0 0 0 0 0 0 0 0 0 0 0 0 0 0 0 0 0 0 0 0 0 0 0 0 0 0 0 0 0 0 0 0 0 0 0 0 0 0 0 0 0 0 0 0 0 0 0 0 0 0 0 0 0 0 0 0 0 0 0 0 0 0 0 0 0 0 0 0 0 0 
0 0 0 0 0 0 0 0 0 0 0 0 0 0 0 0 0 0 0 0 0 0 0 0 0 0 0 0 0 0 0 0 0 0 0 0 0 0 0 0 0 0 0 0 0 0 0 0 0 0 0 0 0 0 0 0 0 0 0 0 0 0 0 0 0 0 0 0 0 0 0 0 0 0 0 0 0 0 0 0 0 0 0 0 0 0 0 0 0 0 0 0 0 0 0 0 0 0 0 0 0 0 0 0 0 0 0 0 0 0 0 0 0 0 0 0 0 0 0 0 0 0 0 0 0 0 0 0 0 0 0 0 0 0 0 0 0 0 0 0 0 0 0 0 0 0 0 0 0 0 0 0 0 0 0 0 0 0 0 0 0 0 0 0 0 0 0 0 0 0 0 0 0 0 0 0 0 0 0 0 0 0 0 0 0 0 0 0 0 0 0 0 0 0 0 0 0 0 0 0 0 0 0 0 0 0 0 0 0 0 0 0 0 0 0 0 0 0 0 0 0 0 0 0 0 0 0 0 0 0 0 0 0 0 0 0 0 0 0 0 0 0 0 0 0 0 0 0 0 0 0 0 0 0 0 0 0 0 0 0 0 0 0 0 0 0 0 0 0 0 0 0 0 0 0 0 0 0 0 0 0 0 0 0 0 0 0 0 0 0 0 0 0 0 0 0 0 0 0 0 
0 0 0 0 0 0 0 0 0 0 0 0 0 0 0 0 0 0 0 0 0 0 0 0 0 0 0 0 0 0 0 0 0 0 0 0 0 0 0 0 0 0 0 0 0 0 0 0 0 0 0 0 0 0 0 0 0 0 0 0 0 0 0 0 0 0 0 0 0 0 0 0 0 0 0 0 0 0 0 0 0 0 0 0 0 0 0 0 0 0 0 0 0 0 0 0 0 0 0 0 0 0 0 0 0 0 0 0 0 0 0 0 0 0 0 0 0 0 0 0 0 0 0 0 0 0 0 0 0 0 0 0 0 0 0 0 0 0 0 0 0 0 0 0 0 0 0 0 0 0 0 0 0 0 0 0 0 0 0 0 0 0 0 0 0 0 0 0 0 0 0 0 0 0 0 0 0 0 0 0 0 0 0 0 0 0 0 0 0 0 0 0 0 0 0 0 0 0 0 0 0 0 0 0 0 0 0 0 0 0 0 0 0 0 0 0 0 0 0 0 0 0 0 0 0 0 0 0 0 0 0 0 0 0 0 0 0 0 0 0 0 0 0 0 0 0 0 0 0 0 0 0 0 0 0 0 0 0 0 0 0 0 0 0 0 0 0 0 0 0 0 0 0 0 0 0 0 0 0 0 0 0 0 0 0 0 0 0 0 0 0 0 0 0 0 0 0 0 0 0 
0 0 0 0 0 0 0 0 0 0 0 0 0 0 0 0 0 0 0 0 0 0 0 0 0 0 0 0 0 0 0 0 0 0 0 0 0 0 0 0 0 0 0 0 0 0 0 0 0 0 0 0 0 0 0 0 0 0 0 0 0 0 0 0 0 0 0 0 0 0 0 0 0 0 0 0 0 0 0 0 0 0 0 0 0 0 0 0 0 0 0 0 0 0 0 0 0 0 0 0 0 0 0 0 0 0 0 0 0 0 0 0 0 0 0 0 0 0 0 0 0 0 0 0 0 0 0 0 0 0 0 0 0 0 0 0 0 0 0 0 0 0 0 0 0 0 0 0 0 0 0 0 0 0 0 0 0 0 0 0 0 0 0 0 0 0 0 0 0 0 0 0 0 0 0 0 0 0 0 0 0 0 0 0 0 0 0 0 0 0 0 0 0 0 0 0 0 0 0 0 0 0 0 0 0 0 0 0 0 0 0 0 0 0 0 0 0 0 0 0 0 0 0 0 0 0 0 0 0 0 0 0 0 0 0 0 0 0 0 0 0 0 0 0 0 0 0 0 0 0 0 0 0 0 0 0 0 0 0 0 0 0 0 0 0 0 0 0 0 0 0 0 0 0 0 0 0 0 0 0 0 0 0 0 0 0 0 0 0 0 0 0 0 0 0 0 0 0 0 0 
0 0 0 0 0 0 0 0 0 0 0 0 0 0 0 0 0 0 0 0 0 0 0 0 0 0 0 0 0 0 0 0 0 0 0 0 0 0 0 0 0 0 0 0 0 0 0 0 0 0 0 0 0 0 0 0 0 0 0 0 0 0 0 0 0 0 0 0 0 0 0 0 0 0 0 0 0 0 0 0 0 0 0 0 0 0 0 0 0 0 0 0 0 0 0 0 0 0 0 0 0 0 0 0 0 0 0 0 0 0 0 0 0 0 0 0 0 0 0 0 0 0 0 0 0 0 0 0 0 0 0 0 0 0 0 0 0 0 0 0 0 0 0 0 0 0 0 0 0 0 0 0 0 0 0 0 0 0 0 0 0 0 0 0 0 0 0 0 0 0 0 0 0 0 0 0 0 0 0 0 0 0 0 0 0 0 0 0 0 0 0 0 0 0 0 0 0 0 0 0 0 0 0 0 0 0 0 0 0 0 0 0 0 0 0 0 0 0 0 0 0 0 0 0 0 0 0 0 0 0 0 0 0 0 0 0 0 0 0 0 