1280 1.00001
23.3347 23.3347 115.6 
11.56 11.56 57.8 
1 1 1 1 1 1 1 1 1 1 1 1 1 1 1 1 1 1 1 1 1 1 1 1 1 1 1 1 1 1 1 1 1 1 1 1 1 1 1 1 1 1 1 1 1 1 1 1 1 1 1 1 1 1 1 1 1 1 1 1 1 1 1 1 1 1 1 1 1 1 1 1 1 1 1 1 1 1 1 1 1 1 1 1 1 1 1 1 1 1 1 1 1 1 1 1 1 1 1 1 
1 1 1 1 1 1 1 1 1 1 1 1 1 1 1 1 1 1 1 1 1 1 1 1 1 1 1 1 1 1 1 1 1 1 1 1 1 1 1 1 1 1 1 1 1 1 1 1 1 1 1 1 1 1 1 1 1 1 1 1 1 1 1 1 1 1 1 1 1 1 1 1 1 1 1 1 1 1 1 1 1 1 1 1 1 1 1 1 1 1 1 1 1 1 1 1 1 1 1 1 
1 1 1 1 1 1 1 1 1 1 1 1 1 1 1 1 1 1 1 1 1 1 1 1 1 1 1 1 1 1 1 1 1 1 1 1 1 1 1 1 1 1 1 1 1 1 1 1 1 1 1 1 1 1 1 1 1 1 1 1 1 1 1 1 1 1 1 1 1 1 1 1 1 1 1 1 1 1 1 1 1 1 1 1 1 1 1 1 1 1 1 1 1 1 1 1 1 1 1 1 
1 1 1 1 1 1 1 1 1 1 1 1 1 1 1 1 1 1 1 1 1 1 1 1 1 1 1 1 1 1 1 1 1 1 1 1 1 1 1 1 1 1 1 1 1 1 1 1 1 1 1 1 1 1 1 1 1 1 1 1 1 1 1 1 1 1 1 1 1 1 1 1 1 1 1 1 1 1 1 1 1 1 1 1 1 1 1 1 1 1 1 1 1 1 1 1 1 1 1 1 
1 1 1 1 1 1 1 1 1 1 1 1 1 1 1 1 1 1 1 1 1 1 1 1 1 1 1 1 1 1 1 1 1 1 1 1 1 1 1 1 1 1 1 1 1 1 1 1 1 1 1 1 1 1 1 1 1 1 1 1 1 1 1 1 1 1 1 1 1 1 1 1 1 1 1 1 1 1 1 1 1 1 1 1 1 1 1 1 1 1 1 1 1 1 1 1 1 1 1 1 
1 1 1 1 1 1 1 1 1 1 1 1 1 1 1 1 1 1 1 1 1 1 1 1 1 1 1 1 1 1 1 1 1 1 1 1 1 1 1 1 1 1 1 1 1 1 1 1 1 1 1 1 1 1 1 1 1 1 1 1 1 1 1 1 1 1 1 1 1 1 1 1 1 1 1 1 1 1 1 1 1 1 1 1 1 1 1 1 1 1 1 1 1 1 1 1 1 1 1 1 
1 1 1 1 1 1 1 1 1 1 1 1 1 1 1 1 1 1 1 1 1 1 1 1 1 1 1 1 1 1 1 1 1 1 1 1 1 1 1 1 1 1 1 1 1 1 1 1 1 1 1 1 1 1 1 1 1 1 1 1 1 1 1 1 1 1 1 1 1 1 1 1 1 1 1 1 1 1 1 1 1 1 1 1 1 1 1 1 1 1 1 1 1 1 1 1 1 1 1 1 
1 1 1 1 1 1 1 1 1 1 1 1 1 1 1 1 1 1 1 1 1 1 1 1 1 1 1 1 1 1 1 1 1 1 1 1 1 1 1 1 1 1 1 1 1 1 1 1 1 1 1 1 1 1 1 1 1 1 1 1 1 1 1 1 1 1 1 1 1 1 1 1 1 1 1 1 1 1 1 1 1 1 1 1 1 1 1 1 1 1 1 1 1 1 1 1 1 1 1 1 
1 1 1 1 1 1 1 1 1 1 1 1 1 1 1 1 1 1 1 1 1 1 1 1 1 1 1 1 1 1 1 1 1 1 1 1 1 1 1 1 1 1 1 1 1 1 1 1 1 1 1 1 1 1 1 1 1 1 1 1 1 1 1 1 1 1 1 1 1 1 1 1 1 1 1 1 1 1 1 1 1 1 1 1 1 1 1 1 1 1 1 1 1 1 1 1 1 1 1 1 
1 1 1 1 1 1 1 1 1 1 1 1 1 1 1 1 1 1 1 1 1 1 1 1 1 1 1 1 1 1 1 1 1 1 1 1 1 1 1 1 1 1 1 1 1 1 1 1 1 1 1 1 1 1 1 1 1 1 1 1 1 1 1 1 1 1 1 1 1 1 1 1 1 1 1 1 1 1 1 1 1 1 1 1 1 1 1 1 1 1 1 1 1 1 1 1 1 1 1 1 
1 1 1 1 1 1 1 1 1 1 1 1 1 1 1 1 1 1 1 1 1 1 1 1 1 1 1 1 1 1 1 1 1 1 1 1 1 1 1 1 1 1 1 1 1 1 1 1 1 1 1 1 1 1 1 1 1 1 1 1 1 1 1 1 1 1 1 1 1 1 1 1 1 1 1 1 1 1 1 1 1 1 1 1 1 1 1 1 1 1 1 1 1 1 1 1 1 1 1 1 
1 1 1 1 1 1 1 1 1 1 1 1 1 1 1 1 1 1 1 1 1 1 1 1 1 1 1 1 1 1 1 1 1 1 1 1 1 1 1 1 1 1 1 1 1 1 1 1 1 1 1 1 1 1 1 1 1 1 1 1 1 1 1 1 1 1 1 1 1 1 1 1 1 1 1 1 1 1 1 1 1 1 1 1 1 1 1 1 1 1 1 1 1 1 1 1 1 1 1 1 
1 1 1 1 1 1 1 1 1 1 1 1 1 1 1 1 1 1 1 1 1 1 1 1 1 1 1 1 1 1 1 1 1 1 1 1 1 1 1 1 1 1 1 1 1 1 1 1 1 1 1 1 1 1 1 1 1 1 1 1 1 1 1 1 1 1 1 1 1 1 1 1 1 1 1 1 1 1 1 1 
3 1.35106 1.35106 1.445 3 1.35106 4.2679 4.335 3 4.2679 1.35106 4.335 3 4.2679 4.2679 1.445 3 7.18474 1.35106 1.445 3 7.18474 4.2679 4.335 3 10.1016 1.35106 4.335 3 10.1016 4.2679 1.445 3 13.0184 1.35106 1.445 3 13.0184 4.2679 4.335 3 15.9353 1.35106 4.335 3 15.9353 4.2679 1.445 3 18.8521 1.35106 1.445 3 18.8521 4.2679 4.335 3 21.7689 1.35106 4.335 3 21.7689 4.2679 1.445 3 1.35106 7.18474 1.445 3 1.35106 10.1016 4.335 3 4.2679 7.18474 4.335 3 4.2679 10.1016 1.445 3 7.18474 7.18474 1.445 3 7.18474 10.1016 4.335 3 10.1016 7.18474 4.335 3 10.1016 10.1016 1.445 3 13.0184 7.18474 1.445 3 13.0184 10.1016 4.335 3 15.9353 7.18474 4.335 3 15.9353 10.1016 1.445 3 18.8521 7.18474 1.445 3 18.8521 10.1016 4.335 3 21.7689 7.18474 4.335 3 21.7689 10.1016 1.445 3 1.35106 13.0184 1.445 3 1.35106 15.9353 4.335 3 4.2679 13.0184 4.335 3 4.2679 15.9353 1.445 3 7.18474 13.0184 1.445 3 7.18474 15.9353 4.335 3 10.1016 13.0184 4.335 3 10.1016 15.9353 1.445 3 13.0184 13.0184 1.445 3 13.0184 15.9353 4.335 3 15.9353 13.0184 4.335 3 15.9353 15.9353 1.445 3 18.8521 13.0184 1.445 3 18.8521 15.9353 4.335 3 21.7689 13.0184 4.335 3 21.7689 15.9353 1.445 3 1.35106 18.8521 1.445 3 1.35106 21.7689 4.335 3 4.2679 18.8521 4.335 3 4.2679 21.7689 1.445 3 7.18474 18.8521 1.445 3 7.18474 21.7689 4.335 3 10.1016 18.8521 4.335 3 10.1016 21.7689 1.445 3 13.0184 18.8521 1.445 3 13.0184 21.7689 4.335 3 15.9353 18.8521 4.335 3 15.9353 21.7689 1.445 3 18.8521 18.8521 1.445 3 18.8521 21.7689 4.335 3 21.7689 18.8521 4.335 3 21.7689 21.7689 1.445 0 2.37677 1.31386 8.09331 0 1.056 2.92537 10.8604 0 5.14363 1.33931 10.0975 0 4.45501 4.55178 6.39523 0 7.77436 1.17873 6.8551 0 7.09299 3.90658 9.05253 0 9.9679 0.691614 9.94858 0 10.4473 4.49316 6.97676 0 12.7779 1.73813 6.87442 0 11.9378 3.6158 9.97874 0 16.7638 0.84758 11.1434 0 15.2526 4.45398 7.04205 0 18.229 0.561874 7.95244 0 18.2033 4.07559 10.3142 0 21.4764 0.590382 8.65139 0 21.1398 3.74972 7.57881 0 0.833493 5.2167 8.43846 0 0.785255 8.76486 9.35305 0 4.19227 5.49267 10.7573 0 3.18008 8.24593 7.15397 0 7.28601 7.30977 6.84414 0 5.54885 9.92743 9.19527 0 9.60571 6.68211 9.68427 0 9.48738 9.72097 6.91386 0 12.8895 7.20848 6.77183 0 12.1372 9.09272 9.56763 0 16.0294 7.22395 9.27868 0 17.3892 10.822 8.6799 0 19.0106 7.68896 6.76842 0 20.566 9.19216 9.75747 0 22.0508 6.17237 11.9919 0 22.1143 12.5177 7.90318 0 3.143 12.4776 9.09834 0 1.02031 15.5601 9.61171 0 7.02301 14.3655 9.82435 0 4.43184 15.3506 7.16093 
0 7.42549 12.389 6.85736 0 8.69216 17.5676 9.69329 0 10.0153 12.7084 9.33706 0 10.7218 15.78 7.07017 0 12.5321 12.2876 6.88488 0 11.6129 15.9173 10.6567 0 13.5156 12.9834 10.2392 0 14.494 15.4743 7.44212 0 17.8064 14.071 7.50584 0 17.5387 17.4513 9.18666 0 20.8686 14.0515 12.4671 0 21.4768 16.2037 7.1165 0 1.86175 18.3212 6.81613 0 2.79436 21.5458 10.1852 0 5.21535 18.4948 8.88997 0 4.11944 21.8649 7.03505 0 7.28246 18.7499 6.19679 0 6.89348 21.8984 9.26545 0 10.6007 20.1708 9.91618 0 10.0088 21.9583 6.55784 0 12.5009 19.2633 6.99744 0 13.1574 22.1992 9.61757 0 14.2473 18.2062 10.6463 0 15.9317 21.7357 7.07275 0 20.3341 19.494 7.12435 0 18.7018 20.912 9.62507 0 22.0418 18.783 9.84883 0 23.2408 21.5153 7.4016 0 1.29025 1.07814 13.7017 0 1.59372 3.51095 16.2691 0 4.54893 1.05299 15.8118 0 5.29735 3.18744 13.1042 0 7.37203 23.2471 12.6164 0 7.46549 3.31533 16.0441 0 10.7791 0.916184 15.2538 0 8.75688 3.59428 11.9786 0 12.9034 1.51394 12.4936 0 13.6767 3.81497 15.4655 0 15.1282 0.242081 14.9149 0 16.5218 3.76455 13.7183 0 20.9938 23.2261 12.1249 0 19.1333 3.67745 16.8132 0 21.9421 0.00900701 15.6002 0 21.705 3.5515 14.2765 0 1.68196 7.33821 12.4711 0 1.30354 11.6782 15.6033 0 4.01136 7.96899 15.0176 0 3.45192 10.9466 12.2365 0 7.67858 7.52413 12.4598 0 6.80349 9.80169 16.0836 0 10.5789 5.35683 14.842 0 10.2572 9.07114 14.4558 0 13.0316 6.08964 11.8528 0 12.2016 8.78607 17.1294 0 14.6893 7.16908 14.9013 0 14.8828 9.74434 11.424 0 18.8391 6.49784 13.4918 0 19.9025 8.95305 16.6722 0 22.3455 6.5678 16.214 0 22.4763 10.4829 12.7704 0 2.63577 14.5955 13.8163 0 1.89809 16.655 18.0413 0 4.99275 12.7418 15.1609 0 5.22328 16.7283 12.2681 0 7.18077 11.3558 12.0949 0 6.97495 15.7206 16.4617 0 8.59849 12.8181 15.1849 0 8.48212 15.8518 12.6012 0 14.1826 11.6265 14.3575 0 11.4727 14.1718 13.9197 0 17.1893 11.7164 16.309 0 17.3846 14.5999 12.0637 0 19.0031 10.4682 13.1181 0 18.3739 15.4687 15.8589 0 21.306 12.081 15.4475 0 23.2041 16.4762 14.8651 0 2.19425 18.167 11.9429 0 2.35229 20.5404 16.9309 0 4.68177 18.5546 15.2734 0 4.50584 21.2762 13.1475 0 7.3956 19.118 12.9565 0 7.71961 21.7999 15.5666 0 9.6632 18.8951 18.0554 0 10.6946 22.1561 12.7612 0 10.5814 18.4414 13.6282 0 12.6965 21.2403 16.0176 0 14.7543 17.0772 14.5817 0 14.0645 20.6937 12.8126 0 19.0813 18.7414 13.894 0 18.4193 0.348572 16.2032 0 21.6735 20.0058 16.6011 0 0.699604 20.9129 13.5693 0 2.0212 0.870276 18.7956 0 2.41908 4.13022 21.0746 0 4.88857 1.39628 21.3454 0 4.94254 4.82702 17.5625 0 6.96348 0.505596 18.8999 0 7.13691 3.68007 20.8354 0 11.2077 1.62738 21.4563 0 10.0746 2.22902 18.3047 
0 13.6157 1.2423 17.7867 0 13.4292 4.32884 22.0784 0 15.504 1.38087 21.8544 0 15.962 4.08148 18.103 0 18.8656 1.4464 19.5618 0 19.0972 4.60786 20.6975 0 21.725 1.74714 22.2397 0 21.874 3.75264 19.0315 0 0.91043 7.48987 18.8784 0 1.79417 9.76991 22.2123 0 4.66491 6.67101 20.4884 0 4.40459 10.026 18.6887 0 7.83971 6.94776 18.4494 0 7.71844 8.09784 21.7566 0 10.629 5.78835 21.5884 0 9.27348 10.68 19.7592 0 12.2479 4.78746 18.4961 0 12.0865 9.65859 22.4739 0 14.162 7.17632 19.4707 0 15.158 10.6137 19.0481 0 18.0668 8.00149 20.0402 0 18.4942 11.167 21.6661 0 21.5132 7.98068 21.4987 0 21.7016 10.7735 19.2862 0 1.19804 13.1912 19.0096 0 22.9758 16.3571 21.7662 0 5.63392 12.0475 21.5726 0 4.48706 13.9686 19.1137 0 8.08669 13.8327 19.4845 0 6.29821 15.3622 21.7992 0 10.6663 13.2539 22.1081 0 11.2956 15.5179 19.1882 0 11.9567 11.9768 17.8012 0 13.5758 16.9141 21.8138 0 15.6274 13.9527 22.0554 0 16.2661 17.1483 18.0256 0 18.619 13.6603 19.001 0 19.4116 15.8712 21.8836 0 22.823 12.6762 23.1871 0 21.3495 16.0617 18.4176 0 0.633658 19.2828 20.2989 0 1.3364 22.8713 22.044 0 4.27714 18.4307 20.9542 0 4.07517 21.6588 19.7457 0 6.39116 18.8403 18.4924 0 7.83221 22.2167 22.0557 0 8.09826 18.5998 22.1359 0 10.5204 22.2004 18.4582 0 13.1169 19.5869 19.0275 0 13.9889 21.1396 21.9857 0 17.3829 18.747 22.1631 0 15.5577 22.2818 19.2109 0 19.5278 19.974 19.0751 0 18.4911 21.9428 22.4131 0 20.4793 19.015 22.9979 0 21.7841 22.4352 19.4695 0 1.09753 1.16385 25.6199 0 1.77235 3.9691 27.3789 0 3.68487 0.569751 28.5961 0 4.09535 3.71168 24.182 0 7.16539 1.52284 23.942 0 6.5417 3.46433 26.6291 0 9.77535 1.14988 26.4392 0 9.88568 4.73593 26.8494 0 12.6115 2.57845 25.4265 0 13.0125 5.7555 28.0579 0 15.8911 0.898631 27.7695 0 16.0562 5.42363 24.2202 0 18.5503 1.77838 24.1681 0 18.7566 5.98749 26.8277 0 21.7094 3.03132 27.5667 0 22.2857 4.31957 24.3702 0 1.52775 6.85752 24.5822 0 2.14177 9.33678 26.9436 0 4.30403 6.33401 26.7931 0 4.40955 9.01865 24.1733 0 7.962 4.96909 23.8396 0 7.82505 10.4305 29.1186 0 10.1705 8.12928 28.5551 0 8.69899 9.33318 25.3665 0 12.0728 7.60556 25.3973 0 12.6883 10.3054 27.8828 0 15.3896 7.73103 27.1569 0 15.3902 8.7498 23.251 0 19.1477 8.40703 23.7829 0 18.0687 9.77809 26.8729 0 22.6947 6.48263 27.155 0 22.6452 10.044 25.2215 0 3.23922 12.069 24.9814 0 3.29953 15.4191 27.1 0 6.06166 13.831 28.0749 0 2.70051 15.8568 23.5101 0 8.13499 13.1298 24.4765 0 7.83108 17.1071 26.7539 0 9.69292 12.9342 27.8183 0 11.4285 14.6526 25.1248 0 14.8302 12.1759 25.1785 0 12.878 13.7093 28.6988 0 17.6949 13.1288 28.0075 0 15.2781 15.8741 25.4685 
0 19.0095 13.3157 24.9564 0 18.5678 16.9696 26.9814 0 21.3074 13.0599 27.411 0 22.0772 15.8287 25.1803 0 1.92567 19.738 23.9651 0 1.35859 21.1576 27.4684 0 4.77063 19.1088 27.6619 0 4.47381 23.0527 24.4381 0 5.53943 17.6672 24.3116 0 6.80974 22.4573 27.2395 0 9.25485 20.1432 27.1212 0 10.8219 21.2019 23.6434 0 11.5009 18.0106 25.808 0 12.3283 21.6803 28.1048 0 14.6579 19.2027 27.4304 0 15.3652 22.8679 24.6671 0 18.5742 19.9686 25.6996 0 19.0553 22.8814 27.684 0 21.724 19.6639 28.1726 0 21.6737 22.2205 24.7586 0 1.12401 2.73445 31.7246 0 0.313838 4.68248 34.5466 0 4.56845 1.35389 32.7052 0 4.20857 3.94297 30.1269 0 7.33734 1.34635 29.8021 0 6.86758 4.60228 33.1889 0 12.0426 1.74868 34.9207 0 9.16837 4.49416 30.0742 0 12.0945 2.5247 29.4225 0 12.9984 5.33658 33.6964 0 15.7799 0.428712 32.5291 0 15.4646 3.3281 30.2976 0 19.2062 2.24012 30.2457 0 18 4.43342 32.9107 0 20.7175 1.80601 33.6869 0 22.0809 5.04522 30.5891 0 1.70231 7.21635 29.8359 0 1.67695 9.85524 32.0559 0 4.47391 7.58151 32.8852 0 4.29343 9.8439 29.9721 0 6.45179 7.01408 29.8779 0 6.97918 10.4097 32.3001 0 9.73112 7.09058 32.204 0 10.4498 10.6544 32.0912 0 12.8243 7.93914 30.9899 0 13.0618 9.43508 34.0265 0 15.9987 7.56263 32.5132 0 17.0385 10.5007 30.6284 0 19.2769 7.30484 30.2464 0 19.0794 10.2958 33.2171 0 21.9751 8.32443 32.9151 0 20.9111 9.7617 28.5852 0 1.63938 12.7259 29.1033 0 1.58839 14.8772 33.5395 0 4.35078 13.5599 31.7126 0 4.44505 17.0005 30.7834 0 7.58354 13.9984 30.9166 0 7.58981 16.9264 32.784 0 10.8022 13.8428 32.4133 0 10.0718 16.2865 30.1156 0 13.7497 11.6365 31.1356 0 14.318 14.9701 32.3364 0 17.3152 13.3464 32.3317 0 16.1944 17.9763 30.8667 0 19.2655 15.1452 30.3181 0 21.0751 17.8572 33.2698 0 21.9499 11.8263 31.3249 0 22.7345 15.0603 30.7324 0 1.28662 17.7763 29.5514 0 1.1728 23.0532 34.2275 0 2.11028 18.3807 33.2362 0 3.22233 20.7949 30.3735 0 7.28607 19.1189 29.9835 0 5.49539 20.8239 33.4047 0 9.71704 19.4045 34.3892 0 10.542 21.4452 30.9535 0 12.8533 18.9847 30.4556 0 12.7881 21.8732 33.6298 0 16.0423 20.0382 34.152 0 17.008 21.4195 30.2618 0 19.4469 19.1754 30.5588 0 19.379 22.0149 32.5186 0 22.9861 20.3169 32.0561 0 0.226934 23.2922 29.9674 0 4.54485 22.6972 36.8072 0 22.5861 4.50225 39.8442 0 4.19158 1.97205 39.3737 0 3.23463 4.5773 36.808 0 7.61532 2.4964 36.0002 0 7.64848 5.58971 38.7233 0 9.0615 1.74497 39.422 0 10.9196 4.89187 36.5826 0 12.9719 2.72946 38.6453 0 13.1331 7.00131 39.1445 0 16.8664 1.18226 39.4984 0 16.3053 2.51934 36.3168 0 19.6877 0.360894 37.4406 0 18.7636 4.2206 38.9493 0 0.837953 1.6008 37.0503 0 21.0102 3.958 35.9146 
0 1.59051 7.77975 35.0266 0 1.08241 10.956 38.7027 0 2.97334 8.08275 37.9426 0 3.9745 10.7788 35.2677 0 6.73248 7.52309 35.4642 0 6.23178 9.73466 38.8614 0 9.87698 8.4515 38.1735 0 8.91084 11.3055 35.9343 0 15.4964 6.07452 36.6337 0 12.5405 10.2768 37.221 0 17.5423 9.16836 39.0748 0 16.0801 9.75723 35.7918 0 18.4215 6.90324 35.1678 0 20.242 10.3483 40.2492 0 22.3287 7.67072 37.5791 0 20.5929 11.0322 36.4041 0 0.476763 11.9813 34.8074 0 0.816442 17.0922 39.5087 0 3.44237 13.4513 38.6437 0 3.87628 14.9559 35.7028 0 6.68403 13.48 34.4632 0 6.56419 15.7405 37.9415 0 9.38099 12.5559 39.0444 0 9.82661 16.349 36.0415 0 12.7704 14.0375 35.7982 0 13.0385 15.7612 38.8222 0 15.6366 12.9232 38.3713 0 16.6751 16.3125 34.2294 0 18.2075 13.8637 35.7534 0 18.9243 15.246 38.9133 0 22.442 14.2273 39.1635 0 21.2057 14.0355 33.8091 0 0.192578 17.5094 36.1766 0 0.180974 20.8887 38.2845 0 4.2991 18.0686 40.1994 0 3.09998 19.6835 37.269 0 6.74638 19.4069 36.3568 0 6.7127 22.228 39.9951 0 10.5112 19.6065 38.0897 0 7.93611 22.4468 36.421 0 13.111 18.442 35.6346 0 12.5977 22.8298 38.3367 0 16.2228 17.5445 37.9109 0 15.9293 22.7415 36.1452 0 20.146 18.544 37.9235 0 17.9802 21.4156 39.4421 0 20.9499 20.4356 40.8945 0 21.4554 21.1581 35.3871 0 1.46152 2.43586 41.5147 0 3.47136 4.82218 43.5294 0 4.0318 0.855171 44.6789 0 4.70621 5.46364 40.4248 0 6.50841 2.20321 42.7637 0 7.39539 5.40532 44.5622 0 9.8546 0.685627 44.4888 0 10.6138 4.80091 41.2624 0 14.0663 2.35645 42.2276 0 13.972 4.78756 45.5259 0 14.6408 1.17911 45.6436 0 17.3364 4.28936 43.0764 0 20.8124 1.45912 40.3409 0 18.0101 2.385 45.9415 0 22.5651 2.45416 45.1129 0 22.7838 5.3861 43.1319 0 1.66127 6.79791 40.5965 0 1.05845 10.9366 45.0666 0 4.1648 8.99565 44.4058 0 3.4451 10.1938 41.5347 0 7.09956 7.79532 41.9472 0 6.41297 11.1523 45.7614 0 10.6265 7.23534 45.195 0 9.61669 10.5951 42.0429 0 13.9165 7.50594 42.7766 0 12.0345 10.1236 44.6458 0 17.5083 5.75286 46.6418 0 15.8654 10.476 42.4886 0 19.9495 6.9273 41.4519 0 19.3569 10.1605 44.024 0 20.6857 7.02149 45.7179 0 23.2283 9.44113 42.2585 0 0.981998 12.6944 41.5738 0 1.01443 15.518 45.3199 0 3.74881 13.8018 46.066 0 3.50996 15.5947 42.7254 0 6.42497 12.4331 41.963 0 8.6521 16.379 43.7953 0 9.47535 13.252 44.2393 0 11.6649 15.9978 42.3509 0 12.6098 12.8331 40.7341 0 11.6102 16.1114 45.6506 0 15.7559 13.4964 45.5113 0 15.8694 15.8473 41.439 0 18.0208 13.054 41.2398 0 20.9974 15.6802 45.3222 0 21.1007 12.9538 42.713 0 21.1507 16.8977 42.0223 0 1.57666 19.3933 43.0169 0 0.954489 22.6658 45.401 0 4.30869 19.5172 45.2735 0 3.01895 22.4514 41.2501 
0 7.77346 18.8616 40.5918 0 7.21701 21.6629 43.9718 0 8.04593 18.1823 47.0355 0 10.0738 22.2557 41.1922 0 13.9268 19.1841 39.2153 0 12.773 22.4092 43.7102 0 14.5355 17.9256 44.0013 0 15.7808 22.5958 42.2311 0 18.115 18.4722 42.3634 0 19.2675 22.9179 43.663 0 21.5977 19.8074 44.8841 0 22.4877 23.0393 42.7099 0 1.9701 3.58164 49.2817 0 0.422658 3.73771 52.8449 0 2.5779 1.24294 52.0823 0 4.93397 4.55321 46.6799 0 6.70901 0.826362 46.9763 0 5.34971 3.79917 50.2251 0 8.39201 1.98997 50.3521 0 8.29584 4.6234 48.2857 0 12.066 0.0883736 47.2661 0 11.9956 3.61051 51.289 0 13.581 0.258907 52.8666 0 15.4004 3.46314 48.8074 0 18.8665 22.7206 47.6431 0 19.3446 4.71139 51.3192 0 20.8226 1.27635 50.9142 0 20.4506 4.0008 48.0384 0 1.56364 7.02682 45.7506 0 1.40416 10.2127 51.5142 0 3.03472 7.28963 49.596 0 4.46538 10.279 48.7619 0 6.74685 7.57014 48.0657 0 8.94618 11.2928 52.2373 0 10.9898 6.78012 51.8653 0 9.53042 10.3783 47.1943 0 12.0898 6.28192 48.5367 0 14.1328 9.45527 48.8018 0 16.2542 6.52692 50.4654 0 16.0575 9.41402 45.8613 0 19.3098 8.44979 48.8315 0 18.9112 11.4495 50.8342 0 22.741 6.32975 50.2339 0 22.2372 10.5084 48.9801 0 1.00644 13.2237 48.2529 0 1.60473 15.9624 50.9163 0 4.87373 13.8417 49.5086 0 4.41798 17.09 48.1267 0 7.22143 14.4455 46.908 0 8.10923 16.3714 49.986 0 12.1044 13.4367 51.8031 0 11.7231 15.9901 49.0073 0 12.1728 12.6712 48.19 0 14.278 17.4665 50.83 0 16.2692 12.6737 48.9617 0 15.6307 16.4497 47.1638 0 19.4415 12.4168 47.1702 0 18.7065 15.5372 49.5179 0 21.6451 13.9329 50.4637 0 22.0042 17.7974 47.9418 0 1.65817 19.2677 47.706 0 0.517456 21.5113 51.8398 0 4.22401 19.2366 51.1075 0 3.23288 22.841 48.4438 0 6.237 20.9418 48.8977 0 5.3641 22.4034 51.652 0 10.6582 19.1412 49.3396 0 9.00652 21.5983 46.6518 0 12.5264 19.4224 46.8103 0 14.3809 21.4908 50.2176 0 16.8409 19.3245 49.235 0 16.2812 20.6631 45.1753 0 18.9135 18.5598 46.6537 0 18.4283 22.2115 51.1924 0 21.0218 20.6644 49.7098 0 22.5255 23.3119 48.5015 0 0.219676 0.320869 54.4145 0 0.797196 3.71275 56.234 0 3.26279 1.84491 57.2735 0 4.53965 4.73444 53.7292 0 6.02697 1.2864 53.9288 0 7.00983 4.69378 58.2193 0 10.2977 3.41456 57.8978 0 8.43118 4.73172 53.3738 0 9.37551 1.43849 54.1141 0 13.1995 4.44772 55.1288 0 14.9839 0.81304 56.1323 0 15.7413 3.55015 52.5197 0 18.2057 1.24184 53.586 0 17.7771 4.04652 56.4246 0 21.0597 1.54747 55.8358 0 20.8392 5.76212 54.7291 0 0.437438 7.53017 53.9082 0 1.69698 11.4897 55.7608 0 3.7902 7.12335 55.7128 0 5.14516 10.7365 51.9543 0 7.52942 7.83481 51.5842 0 6.9443 9.90527 55.3241 0 8.51863 6.98156 56.3349 0 11.9864 10.0256 53.34 
0 14.6844 7.34319 54.3465 0 13.4291 9.38537 57.9666 0 15.6501 6.18911 58.54 0 15.6402 10.5886 52.468 0 18.7429 7.96554 52.6526 0 17.0957 9.8695 56.0919 0 21.5333 8.4002 57.179 0 21.6334 10.4135 53.5298 0 2.63126 13.1581 52.2807 0 1.9347 16.0285 56.6661 0 5.05553 12.8077 55.051 0 4.21401 16.212 53.2507 0 7.17499 14.4498 52.3191 0 5.81595 15.0382 57.319 0 9.37204 13.644 56.2823 0 9.86484 16.3965 53.9285 0 13.5191 12.6383 55.467 0 13.3479 16.8141 55.989 0 16.5702 13.5324 56.5946 0 15.9015 14.8899 52.1597 0 18.703 12.3905 54.1353 0 18.9507 16.1702 54.6244 0 22.4722 13.4489 55.0439 0 21.2469 16.632 52.475 0 0.923976 19.2932 54.6431 0 0.459555 22.1914 57.1912 0 5.5246 18.5737 56.4392 0 4.33327 21.4242 54.6441 0 7.06244 18.7532 53.3104 0 7.64959 23.0705 56.6978 0 9.49741 19.2009 56.1514 0 10.3301 22.1537 50.3839 0 12.0697 19.2697 53.1729 0 12.3109 21.9866 55.5761 0 15.7088 19.0809 57.0722 0 16.2033 21.2268 53.8008 0 17.2087 18.1745 52.48 0 18.3521 21.9632 56.2276 0 20.5437 18.0967 57.0571 0 20.6074 20.2932 54.1107 1 22.9815 1.62057 58.8872 1 1.09836 4.32693 62.0338 1 2.49378 1.24522 61.0755 1 3.06357 5.20738 59.1516 1 6.19631 0.771699 60.815 1 5.52062 4.48484 61.469 1 10.415 2.01632 61.0601 1 9.21062 5.6285 61.4593 1 14.5611 0.858573 60.6509 1 12.9917 5.25171 61.9638 1 15.1667 2.20438 63.6073 1 17.5165 3.84459 60.399 1 19.44 1.55245 58.6649 1 20.9751 4.26404 61.8007 1 21.5567 0.758861 61.9253 1 20.9918 4.85933 58.1598 1 0.564111 7.58842 59.2482 1 2.04044 10.9609 60.9694 1 3.66523 7.67783 61.6232 1 3.65183 10.236 58.0919 1 7.3227 8.21112 59.8013 1 6.64937 12.9379 63.1224 1 10.8571 8.77734 60.9295 1 10.3485 10.4528 57.6207 1 11.8801 6.50337 58.1391 1 13.7349 10.4745 61.6699 1 16.1415 6.93516 62.0908 1 17.0739 11.3909 59.885 1 18.8346 8.19574 59.1601 1 19.1195 9.47168 62.202 1 22.2589 8.37579 62.1184 1 20.1552 11.2909 57.3783 1 0.0978413 13.6564 58.5294 1 2.09307 16.5285 61.3397 1 3.99912 13.7259 59.9562 1 4.58885 18.1918 59.7897 1 7.29498 11.8845 58.3032 1 8.1737 15.7377 61.1513 1 10.3719 12.9721 60.3504 1 10.0281 16.3275 58.1067 1 13.474 12.7813 59.0085 1 11.3495 16.17 62.1735 1 16.3656 14.3851 62.3941 1 15.6743 16.518 59.3292 1 18.9309 14.8171 59.1151 1 20.3347 15.3849 62.616 1 21.2798 12.431 61.1926 1 22.144 16.7018 59.4822 1 1.39344 19.1435 58.7044 1 0.709233 21.7475 61.0298 1 3.41257 19.9402 62.9788 1 4.47308 21.4638 58.7529 1 7.56197 19.6436 59.6428 1 7.69226 21.7411 62.8436 1 10.402 19.8057 62.833 1 10.6015 22.7978 58.4253 1 12.2572 19.0606 58.8727 1 13.1238 22.4335 63.1522 1 14.212 19.0568 61.6237 1 16.2874 21.0332 59.8163 
1 18.8659 18.1114 60.4385 1 19.1007 21.1688 62.0879 1 22.1096 19.1242 61.8574 1 20.5297 21.505 59.0974 1 0.038802 1.81417 64.7788 1 0.0271393 4.50322 67.1803 1 3.71511 1.55466 68.5352 1 3.08541 3.12905 64.2044 1 7.65092 2.06294 64.9867 1 6.71569 2.9972 69.2582 1 9.66386 1.63004 68.3011 1 7.84569 5.22646 66.5336 1 12.6398 1.98383 65.6333 1 12.2695 4.81007 67.6677 1 16.7131 0.512835 67.3113 1 16.1345 4.63583 65.9199 1 18.1423 23.3164 64.4729 1 19.5703 5.32154 68.5296 1 21.1206 0.499784 67.4888 1 19.8824 2.96775 64.834 1 1.30032 7.25087 65.5219 1 3.06506 10.8837 68.6563 1 4.46376 5.75036 66.0512 1 4.29452 10.6869 64.2577 1 7.4009 8.27869 63.8758 1 5.96598 9.30896 67.1572 1 10.4366 8.23683 67.5251 1 10.0568 10.306 64.5939 1 13.5799 7.60003 64.947 1 13.6297 10.1471 67.2638 1 17.6268 7.90084 66.9359 1 15.7875 9.97286 64.5281 1 18.9098 6.26059 64.1313 1 19.8204 11.2154 67.7316 1 21.3936 8.34672 66.5404 1 22.7357 11.5112 65.2136 1 1.32368 13.9221 63.1852 1 0.86138 16.6243 68.6617 1 3.91289 13.5145 66.6242 1 5.71365 16.2244 63.4078 1 7.73666 12.4731 67.2957 1 5.74643 16.9178 67.9527 1 11.1885 12.3166 67.6438 1 9.9963 15.9768 65.7443 1 12.675 13.488 64.1019 1 12.628 16.0739 67.6439 1 15.5392 13.5293 66.4151 1 14.6418 16.4811 64.6679 1 18.3509 12.3141 64.3049 1 17.4384 16.4005 66.5669 1 23.0069 12.8209 69.0351 1 20.6643 14.7351 66.4327 1 1.08985 18.6707 64.9385 1 1.13523 22.6614 67.3888 1 4.28924 19.7513 66.742 1 4.88007 23.2304 64.0395 1 7.78667 18.8199 64.753 1 6.65851 22.3984 67.481 1 9.60292 19.5107 68.013 1 10.1645 22.4394 65.6742 1 12.4026 19.7009 65.9472 1 13.0509 22.579 67.6523 1 15.42 18.9358 67.9229 1 16.1944 19.5396 64.416 1 19.6393 18.6488 64.0811 1 19.057 20.8024 67.5153 1 22.3872 19.415 67.8578 1 21.6491 21.5145 64.9424 1 0.362687 1.42729 70.7994 1 0.58338 3.17397 73.6135 1 3.40714 0.782404 74.0181 1 4.79783 4.61759 71.5037 1 7.77402 22.6659 73.0735 1 7.5515 3.1975 73.4836 1 10.8386 1.14935 72.751 1 10.1141 3.91338 71.0339 1 14.0439 1.41061 70.2249 1 13.6652 4.75129 72.3923 1 15.807 1.5935 73.1116 1 15.9245 4.38036 69.7534 1 18.6259 0.819574 70.5195 1 18.2323 4.2963 72.4747 1 21.0378 1.38642 73.6463 1 21.6019 4.03721 71.1413 1 3.03403 7.10623 69.1913 1 22.9239 9.35017 74.2475 1 2.38927 6.52198 73.4311 1 3.40596 10.2516 72.1098 1 6.76533 7.83728 70.427 1 7.04344 10.4577 73.0132 1 10.119 7.22886 71.5644 1 9.15194 10.7033 70.3184 1 13.406 7.50469 70.1502 1 12.7405 10.8898 72.2882 1 15.6523 7.51542 73.2265 1 16.9131 10.9567 69.3413 1 19.5133 8.19248 71.1687 1 19.3334 8.14263 75.1456 1 21.774 5.76208 74.3776 1 0.217581 7.86306 70.8004 
1 1.49412 12.9074 73.257 1 0.815457 15.453 75.667 1 4.55023 14.2799 74.2384 1 3.43985 14.8288 70.3549 1 6.67447 13.3008 71.1006 1 7.13289 16.5607 73.4604 1 10.1635 13.6468 72.9368 1 9.34633 16.2651 70.4582 1 13.7919 13.8744 70.7229 1 13.6483 16.7286 72.7441 1 17.2527 10.6115 73.5566 1 16.641 16.8587 70.3523 1 20.2484 12.4783 71.0807 1 17.4842 16.4803 73.6644 1 21.5987 12.9892 74.9729 1 22.7272 15.7585 72.0665 1 1.61076 19.0515 70.7178 1 2.10014 20.9053 73.5393 1 2.9705 17.1453 73.5178 1 4.62022 20.9106 70.9104 1 7.96875 19.8477 71.1671 1 5.8447 19.916 74.4729 1 9.85452 17.9775 73.9755 1 11.2502 21.6129 71.4118 1 12.4329 18.8271 69.6294 1 13.9771 22.2176 73.9656 1 16.0244 19.7467 73.3818 1 16.9162 21.1854 70.541 1 20.455 17.0225 69.8279 1 18.8765 21.8267 74.2317 1 22.2853 19.4226 73.5543 1 21.4136 21.4019 70.9638 1 1.61252 23.1688 76.9369 1 1.80908 6.52807 80.3344 1 3.54685 2.70497 78.6596 1 5.75602 5.01485 76.4319 1 8.91625 2.669 77.2915 1 6.66546 5.22297 80.5259 1 10.0503 1.11464 81.161 1 10.1139 5.04289 74.6409 1 12.764 2.8052 76.4469 1 11.3591 4.08975 79.4141 1 15.8155 2.89862 79.2635 1 16.8899 4.54884 76.207 1 19.2345 1.32635 77.2055 1 19.3017 4.18172 80.3088 1 21.6879 0.971481 79.5741 1 23.0239 4.10739 77.9375 1 0.647403 7.44318 76.9799 1 2.96934 10.5033 80.382 1 5.19514 8.67487 78.9198 1 3.66488 8.84813 75.6363 1 6.80828 6.77817 73.9051 1 7.66104 9.4346 81.8814 1 8.70139 6.71637 77.5746 1 11.8432 11.7136 76.3265 1 12.2852 7.63562 75.9014 1 13.3546 9.41643 79.5021 1 16.5643 7.26473 79.1554 1 15.9756 9.30288 76.5831 1 20.6239 6.67757 78.4705 1 16.8332 10.3511 80.0955 1 22.5793 8.97161 80.8714 1 21.5671 10.2878 77.6866 1 1.53603 11.5969 77.2279 1 0.84637 15.2462 79.1661 1 5.67671 13.4944 78.0755 1 4.38068 17.073 76.6377 1 8.59429 12.3051 76.2999 1 5.73649 16.6358 79.6701 1 10.2404 10.8083 79.6469 1 11.7188 15.5014 76.0458 1 14.3855 13.1857 74.1246 1 13.4595 15.701 79.6827 1 14.9409 12.7254 78.1778 1 15.1402 16.9059 76.0311 1 18.8837 12.8297 78.2867 1 17.2201 16.0914 78.7726 1 21.6525 13.0619 80.7821 1 20.9531 16.66 75.2178 1 0.914034 19.0115 76.5528 1 1.31192 21.0687 79.4053 1 4.12224 20.6017 77.8932 1 6.40754 23.0988 76.8003 1 8.32407 17.2582 77.2973 1 7.91598 20.661 79.3917 1 11.03 18.6873 79.0883 1 9.83352 22.5306 75.9146 1 12.5472 19.4626 75.6934 1 12.2959 22.2173 78.0953 1 14.3262 18.8562 79.0138 1 16.4185 22.5373 76.5866 1 17.8643 19.3862 76.3847 1 18.2942 0.966906 80.9755 1 20.9723 19.2469 78.9844 1 21.5847 21.6993 76.3266 1 1.38967 0.345889 82.7023 1 2.02631 4.37154 87.2659 1 2.8134 22.2541 85.7197 1 3.76234 4.14226 83.8395 
1 6.64979 1.2389 80.6465 1 5.74472 1.67472 85.5934 1 11.1893 0.435709 84.8667 1 9.41408 5.4813 83.1746 1 13.2998 2.68685 81.7258 1 13.6318 4.99706 85.5586 1 15.7159 1.86088 85.7146 1 17.1941 4.47795 83.6422 1 19.6457 0.50466 84.9871 1 19.3915 3.97636 86.4949 1 22.8391 0.029547 86.7504 1 21.9718 2.87325 82.5224 1 0.412862 6.22397 83.6212 1 1.94431 9.09231 86.1404 1 6.28412 5.63083 85.7518 1 4.97917 11.2104 85.1383 1 4.05954 8.04852 82.4372 1 7.83022 8.40836 85.1981 1 11.4859 7.6059 85.3079 1 10.7141 10.7531 83.6419 1 12.7557 6.29491 81.7511 1 12.9902 10.9361 86.3051 1 15.8528 7.66455 86.5013 1 15.2639 9.207 82.9884 1 18.8712 7.45397 81.8188 1 19.4593 8.39243 85.5622 1 22.2588 6.28892 86.485 1 19.4527 11.0632 82.5272 1 0.765094 11.9797 83.1921 1 0.317854 15.0939 84.941 1 3.64998 14.4006 85.9208 1 3.72888 13.4163 82.1775 1 7.64352 13.1239 83.1947 1 7.37418 15.9071 86.2152 1 9.89406 13.1946 86.1423 1 9.72894 14.84 79.21 1 11.233 14.8315 83.2794 1 11.9058 16.6063 86.2252 1 17.68 11.5004 85.509 1 16.1312 16.4064 83.4215 1 17.4933 14.0484 81.3319 1 19.8094 15.6017 85.3556 1 21.2142 11.8589 85.299 1 21.2891 16.2777 81.7621 1 3.12328 17.2199 81.7589 1 0.727823 20.2575 83.6269 1 6.92741 18.9534 83.1029 1 4.58502 22.0526 81.398 1 9.94004 17.6797 82.1604 1 7.58808 22.3177 83.4348 1 8.07603 19.7357 86.2752 1 12.1154 21.349 82.8915 1 13.4385 18.0631 82.853 1 14.2664 21.7372 85.6123 1 15.1429 17.8118 86.3138 1 15.5124 22.1249 80.9853 1 17.9248 19.0332 81.5388 1 17.9752 20.7186 85.081 1 21.25 18.8747 84.7678 1 20.6631 21.7633 81.8379 1 2.26672 0.647629 90.1336 1 0.898715 3.27266 92.0607 1 4.52377 2.65823 92.3962 1 4.78575 4.94651 89.3051 1 7.61447 2.61459 88.5052 1 8.40818 4.71517 91.1184 1 10.3556 1.76197 90.6717 1 10.867 3.22916 87.4426 1 13.8149 0.766887 88.2977 1 13.0002 5.16315 91.2375 1 15.6225 2.18925 91.3314 1 15.6877 4.37153 88.6455 1 18.4537 0.666867 89.0232 1 18.3912 4.80592 91.5787 1 22.089 0.432116 90.6438 1 21.3435 4.32789 89.8148 1 0.623932 6.83072 89.3745 1 1.78055 10.4645 92.2027 1 3.64915 7.78116 91.7417 1 3.84846 10.5717 88.3746 1 8.69119 6.23332 88.197 1 7.22619 10.4482 90.5358 1 9.66764 7.97709 91.1782 1 10.0472 9.76203 87.6788 1 12.9463 7.1654 88.4669 1 13.8725 10.0547 90.4743 1 15.8489 7.1306 91.351 1 17.1478 9.49178 88.9155 1 19.5491 7.31751 89.1767 1 18.3042 10.505 92.1131 1 20.5497 7.35978 92.4597 1 23.0961 9.93059 89.1844 1 1.68043 13.2225 89.1186 1 0.986493 16.9057 91.3301 1 4.65532 12.6086 91.4952 1 4.35257 16.1393 89.4764 1 6.55909 13.4943 88.7308 1 7.13226 16.3679 91.8566 1 10.4514 12.1031 90.3426 1 9.61002 15.6608 88.927 
1 13.5429 13.3876 89.1554 1 13.3608 16.9035 89.6957 1 16.6495 13.1852 91.0813 1 17.6172 14.6216 87.9662 1 19.8461 11.7537 89.2597 1 19.5741 15.513 91.0345 1 21.9429 12.5607 91.9243 1 21.7531 16.5691 88.6565 1 23.2937 19.6352 87.7105 1 0.68517 21.2244 91.3282 1 4.33876 18.9421 91.3298 1 4.76254 19.0857 87.2816 1 7.42902 19.8542 89.4771 1 6.88313 23.0027 91.3827 1 10.8606 19.2045 90.8036 1 10.2537 22.0675 88.2858 1 13.2053 19.8978 87.9499 1 13.701 22.3925 91.1842 1 16.1305 18.5543 90.4143 1 16.3626 21.2405 88.3251 1 18.3569 18.1106 87.8413 1 17.3815 21.3434 91.3952 1 21.5284 19.0807 92.0687 1 20.17 20.4643 89.2645 1 23.2421 0.548666 93.9963 1 0.187477 4.29652 96.2405 1 3.11579 2.62229 96.4555 1 4.65206 5.3789 94.4629 1 8.77629 2.70769 93.8339 1 8.10338 5.1789 96.7641 1 9.89 1.41218 97.1578 1 10.6193 5.17574 94.2127 1 12.3529 2.10439 94.2002 1 12.3691 5.40886 97.3489 1 15.8835 0.516932 97.5766 1 15.0237 3.94631 94.5155 1 18.2552 1.07695 94.8558 1 17.8627 4.12518 97.2454 1 21.1174 1.48734 97.0011 1 20.6288 3.61757 94.4306 1 0.670325 7.07155 93.8007 1 0.796296 9.44535 97.3077 1 2.46585 6.45881 98.4184 1 4.16354 8.93055 95.4221 1 6.94568 7.45439 93.4183 1 7.2809 10.1918 97.5038 1 10.4801 8.55701 99.0631 1 9.86945 8.82873 95.1919 1 12.8671 7.5848 94.2511 1 13.5573 9.94882 97.2933 1 15.4902 7.33111 98.0912 1 15.4625 10.6121 93.5882 1 18.0032 7.50772 95.2179 1 17.7868 10.4702 96.9115 1 21.075 6.42157 96.6832 1 20.7365 9.92938 94.5172 1 2.2705 12.265 95.4346 1 1.0436 15.9221 96.6491 1 5.61596 12.7673 95.4498 1 3.09649 15.4295 93.5916 1 8.76346 12.474 93.774 1 7.6855 15.6606 96.5524 1 10.529 12.7994 97.1787 1 10.6879 15.0425 92.2016 1 12.171 11.7798 93.5427 1 13.0607 15.8642 95.5216 1 16.0632 13.3882 96.0681 1 16.0791 16.2432 93.4725 1 18.8874 13.7428 93.9485 1 19.0875 15.8045 96.863 1 22.0212 13.088 95.7209 1 21.76 15.9498 93.5915 1 1.78098 18.9415 93.9126 1 0.691107 21.5357 96.2204 1 4.78594 18.4214 96.7842 1 4.38211 21.7423 93.7447 1 7.38696 19.2347 93.6653 1 7.40204 0.00345167 95.0857 1 11.1769 18.4428 94.3827 1 10.1281 22.156 93.3249 1 14.5245 19.5264 92.9561 1 12.7254 21.3489 95.5769 1 16.2337 18.0805 96.5715 1 15.4432 22.6876 94.3221 1 18.2822 18.8711 93.8752 1 18.5253 20.6653 97.5252 1 21.9455 18.6751 96.3101 1 20.5651 21.6068 94.8781 1 1.60487 1.12169 99.5233 1 0.629666 4.22398 102.726 1 5.99078 23.2209 102.276 1 4.09533 3.44861 101.081 1 6.41396 2.47001 98.7159 1 6.44456 3.32032 103.739 1 9.61838 1.02705 102.123 1 10.0597 3.79779 99.681 1 13.1793 1.43682 99.8711 1 12.0468 3.94173 102.843 1 16.2269 1.21569 102.554 1 15.6165 4.2994 100.337 
1 19.0015 1.89481 99.8539 1 18.2677 4.12967 102.454 1 21.4676 1.69397 102.662 1 21.5945 4.21784 99.6658 1 22.0742 7.76628 101.138 1 2.03114 9.73465 102.135 1 3.8444 6.32301 103.113 1 3.73051 11.4875 98.9698 1 6.52842 7.00165 100.397 1 8.15723 10.2896 101.231 1 8.73153 5.50548 102.489 1 12.1872 11.5792 100.21 1 12.7578 6.53313 100.417 1 11.6671 8.63616 102.862 1 15.9432 6.53064 103.103 1 15.5384 11.6803 99.3253 1 18.7596 6.54596 99.4335 1 17.6272 10.0434 100.849 1 19.4855 8.23185 104.619 1 20.8389 9.86037 98.0626 1 22.8574 11.6947 100.07 1 0.850111 14.2391 102.936 1 5.15838 10.9957 102.644 1 3.01404 16.5774 101.048 1 6.95956 13.4725 99.7687 1 9.21957 16.1477 102.407 1 12.0145 13.8664 102.846 1 10.4133 16.8155 98.3399 1 13.0232 15.067 99.2984 1 12.6124 17.6613 101.707 1 16.6365 12.7036 102.459 1 16.3849 15.8322 99.8422 1 19.6168 13.1869 98.9036 1 19.8287 15.2546 104.709 1 20.3481 13.4119 102.022 1 21.9685 16.2892 99.5297 1 2.385 19.9705 99.2192 1 3.08858 20.4986 102.816 1 6.73951 18.2466 103.548 1 4.87107 22.8801 97.2784 1 9.40699 20.4143 96.4212 1 6.50405 20.9758 99.6076 1 9.67367 19.7216 101.893 1 10.4941 22.0486 99.5139 1 13.9019 20.4273 98.7249 1 12.6286 21.6654 102.583 1 16.0485 18.4506 102.736 1 17.1094 21.5288 100.453 1 19.2213 18.4448 100.063 1 18.5676 20.815 103.694 1 21.4654 19.2659 104.824 1 22.8215 19.5644 101.115 1 1.88079 1.09487 103.965 1 1.21101 4.18163 108.804 1 4.16305 1.28876 109.301 1 2.96232 4.23056 105.69 1 7.73481 0.460035 105.934 1 7.38538 4.01201 108.387 1 10.5069 0.406479 108.508 1 9.4321 3.53935 105.57 1 12.2133 0.936185 104.458 1 13.0168 3.09777 107.7 1 15.3713 0.710515 108.761 1 15.7803 2.5169 105.534 1 18.8656 1.10048 104.695 1 18.4694 4.61477 108.945 1 22.0567 1.93098 108.547 1 22.2895 3.94108 105.581 1 0.295445 8.01454 105.714 1 1.0443 10.7942 108.897 1 3.15674 7.30278 108.43 1 3.68638 10.1576 105.507 1 6.09282 6.77908 106.246 1 7.36567 10.0749 108.621 1 10.0499 6.80007 108.271 1 9.70918 9.67516 105.737 1 11.9376 6.04241 105.419 1 12.5618 9.3737 108.394 1 15.2052 5.98562 108.065 1 14.7222 9.53394 105.439 1 17.9915 4.98724 105.622 1 17.2022 8.83405 108.173 1 21.555 7.08378 108.638 1 21.6465 10.8479 104.541 1 1.58951 12.7669 105.556 1 1.44101 16.307 108.999 1 4.57598 13.4528 108.169 1 4.50688 14.6092 104.576 1 7.11765 12.1124 105.594 1 7.52956 15.1363 108.361 1 9.76238 12.732 109.007 1 10.352 15.3715 105.446 1 12.4584 12.8302 106.544 1 14.3427 16.0964 108.215 1 16.1007 12.8631 108.594 1 15.07 14.8972 104.966 1 17.977 11.9785 105.421 1 18.0128 15.963 108.306 1 20.3556 10.1625 107.75 1 21.9872 13.9787 106.727 
1 1.89615 17.965 106.121 1 0.89783 22.0751 107.673 1 3.95018 20.1382 108.431 1 4.42493 22.5569 105.749 1 6.60646 18.9295 106.787 1 6.67311 21.818 108.833 1 11.0442 17.5856 108.83 1 9.66882 20.6883 105.904 1 13.322 18.6254 105.264 1 13.044 21.7211 107.398 1 16.0023 19.5026 108.92 1 15.7237 22.1364 105.251 1 17.6134 18.3709 105.71 1 18.5895 22.2674 108.242 1 22.005 19.3954 108.452 1 21.7383 22.7383 105.196 3 1.35106 1.35106 111.265 3 1.35106 4.2679 114.155 3 4.2679 1.35106 114.155 3 4.2679 4.2679 111.265 3 7.18474 1.35106 111.265 3 7.18474 4.2679 114.155 3 10.1016 1.35106 114.155 3 10.1016 4.2679 111.265 3 13.0184 1.35106 111.265 3 13.0184 4.2679 114.155 3 15.9353 1.35106 114.155 3 15.9353 4.2679 111.265 3 18.8521 1.35106 111.265 3 18.8521 4.2679 114.155 3 21.7689 1.35106 114.155 3 21.7689 4.2679 111.265 3 1.35106 7.18474 111.265 3 1.35106 10.1016 114.155 3 4.2679 7.18474 114.155 3 4.2679 10.1016 111.265 3 7.18474 7.18474 111.265 3 7.18474 10.1016 114.155 3 10.1016 7.18474 114.155 3 10.1016 10.1016 111.265 3 13.0184 7.18474 111.265 3 13.0184 10.1016 114.155 3 15.9353 7.18474 114.155 3 15.9353 10.1016 111.265 3 18.8521 7.18474 111.265 3 18.8521 10.1016 114.155 3 21.7689 7.18474 114.155 3 21.7689 10.1016 111.265 3 1.35106 13.0184 111.265 3 1.35106 15.9353 114.155 3 4.2679 13.0184 114.155 3 4.2679 15.9353 111.265 3 7.18474 13.0184 111.265 3 7.18474 15.9353 114.155 3 10.1016 13.0184 114.155 3 10.1016 15.9353 111.265 3 13.0184 13.0184 111.265 3 13.0184 15.9353 114.155 3 15.9353 13.0184 114.155 3 15.9353 15.9353 111.265 3 18.8521 13.0184 111.265 3 18.8521 15.9353 114.155 3 21.7689 13.0184 114.155 3 21.7689 15.9353 111.265 3 1.35106 18.8521 111.265 3 1.35106 21.7689 114.155 3 4.2679 18.8521 114.155 3 4.2679 21.7689 111.265 3 7.18474 18.8521 111.265 3 7.18474 21.7689 114.155 3 10.1016 18.8521 114.155 3 10.1016 21.7689 111.265 3 13.0184 18.8521 111.265 3 13.0184 21.7689 114.155 3 15.9353 18.8521 114.155 3 15.9353 21.7689 111.265 3 18.8521 18.8521 111.265 3 18.8521 21.7689 114.155 3 21.7689 18.8521 114.155 3 21.7689 21.7689 111.265 
0 0 0 0 0 0 0 0 0 0 0 0 0 0 0 0 0 0 0 0 0 0 0 0 0 0 0 0 0 0 0 0 0 0 0 0 0 0 0 0 0 0 0 0 0 0 0 0 0 0 0 0 0 0 0 0 0 0 0 0 0 0 0 0 0 0 0 0 0 0 0 0 0 0 0 0 0 0 0 0 0 0 0 0 0 0 0 0 0 0 0 0 0 0 0 0 0 0 0 0 0 0 0 0 0 0 0 0 0 0 0 0 0 0 0 0 0 0 0 0 0 0 0 0 0 0 0 0 0 0 0 0 0 0 0 0 0 0 0 0 0 0 0 0 0 0 0 0 0 0 0 0 0 0 0 0 0 0 0 0 0 0 0 0 0 0 0 0 0 0 0 0 0 0 0 0 0 0 0 0 0 0 0 0 0 0 0 0 0 0 0 0 -0.187437 1.81382 1.23212 -0.853358 -3.82108 1.60508 -0.581281 3.24572 0.757251 -1.94714 -1.70721 0.448642 0.588565 -2.07335 1.43732 -0.974151 1.02394 0.465944 2.96159 -0.625523 4.34465 -0.432671 -1.52005 -0.516884 -1.53067 2.31265 -3.90701 2.15227 2.95994 0.1713 0.400822 2.52462 -1.39288 2.0607 -0.629184 1.06958 0.140842 2.72143 2.39648 -4.29938 -2.56662 -1.42777 -2.43389 -3.33423 1.29494 -2.58242 0.466205 0.572209 -2.08614 -0.205383 3.97321 0.576208 -0.00804866 -0.530663 0.74174 -3.63245 3.07086 -2.86159 2.85496 0.30215 0.532359 -1.30276 1.46236 -3.62427 -3.4939 -0.0521157 0.150187 0.733281 1.29102 0.981822 0.688681 2.03825 2.16545 0.473338 -2.34269 -0.045176 -1.45646 -1.02904 -1.39807 -1.19637 0.202271 0.985295 -0.95848 -2.84556 -1.16049 0.256345 -2.79242 1.67406 0.726233 1.18153 0.890626 2.02389 0.118031 -1.94174 1.93523 4.25005 -0.586492 1.50543 0.472579 1.31439 0.245585 -2.41803 0.446231 0.135925 1.06876 0.916689 1.86824 1.6831 
-1.67213 -1.33757 -1.07378 -2.82536 2.46396 2.57247 0.560236 -0.186091 0.981309 -1.72267 0.406831 -1.61701 1.77407 -0.702026 -1.8749 1.67748 -0.168157 -3.15754 -2.0312 1.54239 3.46108 -2.96947 1.12629 1.60636 -0.377146 -2.3182 1.47023 2.86268 0.472607 0.333089 -0.868926 2.01748 4.05558 1.91393 -2.10842 0.244209 2.20448 0.828961 -0.787697 0.515514 -0.886117 3.52271 0.065922 -1.35829 0.235515 0.240044 -1.46671 0.768666 -0.846652 1.17322 -1.63842 0.400897 0.602386 0.120724 -0.216901 0.896417 1.75273 2.1752 1.66202 2.96664 -0.883819 -1.96822 0.566694 -0.159174 1.89638 0.110645 1.58444 -1.10756 0.0717214 1.91189 1.17823 -6.28479 -1.58562 -0.698316 2.43141 -1.31694 -1.74166 4.05816 -1.48133 -1.50429 3.41783 0.0687743 -0.956235 0.630633 1.37238 -1.64814 3.577 1.32957 -2.74278 1.52643 2.41569 -1.71264 -1.13277 -3.63044 1.23603 -2.55011 -0.963512 1.10519 -1.70234 -0.264697 2.47086 -1.53769 2.28805 1.56766 -1.15249 1.75174 3.62222 -2.09739 -0.257885 0.110105 -2.05922 1.92505 -0.469169 -1.51867 2.55509 -2.75635 -2.12719 1.4991 -0.0805169 -0.306511 1.1032 -0.147197 -1.92081 -0.733789 0.441627 2.85863 1.02178 -3.93105 -0.87795 0.63597 -2.49435 -1.10656 2.94198 1.07828 -1.67659 -0.222493 1.93096 0.675871 0.13949 -0.332402 0.514934 2.69719 0.522638 2.9144 -0.0158818 2.59732 -0.172287 0.147933 -3.31534 -0.377771 -2.54632 0.241407 -1.46432 1.04579 -2.65115 -0.360562 0.672631 -0.214084 0.26465 -1.36478 -0.585276 1.19942 -1.70712 -0.527236 0.895976 0.299781 -0.98646 -2.7356 1.42422 -2.49978 -1.7168 -1.01528 -0.472168 1.56246 -0.0167215 0.418895 -2.795 0.484525 -0.0392988 1.96022 1.77627 -2.34635 -0.547549 -0.616844 3.45159 3.17617 -0.86684 0.989203 -1.6441 -0.82849 -0.52711 -2.27908 -0.121151 -2.25507 0.0590195 0.718569 -0.81281 -2.01384 -0.615428 -0.534546 -1.18096 -0.0753603 0.0883288 0.508795 -3.23825 1.04719 -0.867606 3.40051 -2.55185 -1.4363 2.46445 1.55715 2.06595 2.22632 0.113291 0.276521 1.12413 -4.1976 -0.189894 -0.0240594 -2.40415 -0.42755 -1.60125 0.202106 2.13005 0.659568 1.66841 -0.694015 -1.79716 -1.90568 -1.72749 1.8568 -0.212501 0.684931 1.73334 0.428962 -0.541819 1.73254 -0.502009 -0.807039 -0.303228 -0.167631 2.12949 0.00600557 0.009084 -2.56303 1.74891 -1.35436 2.07093 1.39378 -0.618112 -4.25309 -0.743808 -2.44532 1.52125 -1.54181 -2.11971 -0.416386 -0.234529 -0.952361 -1.27283 -0.664646 -0.396355 -0.673167 -2.94505 -0.453926 3.81386 0.644916 1.62534 0.00452846 -3.16045 -1.62678 1.33794 -0.418134 1.39799 3.1371 0.716025 -0.223654 -2.10049 -0.844356 -0.315724 -0.758047 -0.701315 1.89963 1.56115 -0.206629 -0.356805 0.224193 -0.776988 -3.46857 -3.06652 -3.14486 2.52397 -2.23982 1.70625 2.07774 -2.20653 -0.997898 -1.30336 -0.115176 
0.715426 0.195161 2.14697 -1.22151 2.73959 3.68937 0.0597167 -0.687355 -2.24162 2.08281 3.34759 -0.656774 -1.47472 2.13434 -1.33837 1.06926 -0.671219 -2.50656 0.2214 3.30681 -2.02891 -1.40535 -1.86122 0.535699 -1.24175 1.30596 0.798772 0.518545 -1.25241 0.64974 -0.270491 1.77759 0.589358 0.583852 -1.85628 1.44006 2.11528 -0.786335 -1.8933 0.754994 -1.97499 1.34458 1.07846 -0.811332 -1.21203 -0.176485 -2.57342 1.28583 0.647158 2.59636 -0.837482 -0.415027 1.13672 2.3528 2.43769 -1.49695 0.153578 -0.531929 -0.847487 1.3755 -0.746897 0.617508 -4.34346 -2.91966 0.185199 1.48223 1.30126 1.21621 1.72841 3.61518 0.767604 -0.480001 -0.246501 -0.0541221 -0.291386 -5.41927 0.132896 -0.720868 1.26783 -0.793652 -1.76279 0.824783 -0.424677 3.9646 0.568953 -1.03155 1.26487 1.36095 -1.6461 -0.707066 1.16721 -0.63177 -2.78447 2.46896 0.214887 -0.0291047 -1.0391 -0.405955 0.425307 -1.51803 -0.269643 2.4715 -1.43362 1.01754 -4.33881 0.122429 -1.15359 0.820161 -1.42268 2.4706 -0.590101 -2.0968 -0.231314 -2.53335 0.278014 0.189405 1.66883 -1.98233 0.310562 0.860487 1.1222 -0.705985 -4.23428 -0.0932743 0.597356 -2.37225 -4.25958 -0.150359 2.58249 -0.886768 -0.501024 0.54202 0.882329 -0.551172 -0.914687 0.828188 -0.432217 1.29108 -1.33724 0.155769 2.21509 -1.13456 -2.92598 0.111014 0.542074 -0.561808 3.4853 -0.00191878 -3.98613 0.357254 1.64971 -5.30601 -1.13105 -1.98204 -1.06932 1.00592 1.06227 -1.64521 1.22683 -0.866643 0.916219 -1.31348 -3.30996 -1.09886 3.50778 1.45342 1.44488 -1.39028 0.600603 1.05299 0.261583 1.33322 0.797934 0.0314298 -2.57446 -0.833598 1.62842 0.14011 1.17437 -2.73438 -3.10005 1.5008 1.52275 0.207992 -1.1626 -2.76944 0.0537168 1.62012 0.833657 1.36714 -0.0863471 -0.750955 0.649117 -0.586802 0.934684 -0.22602 -0.828991 -2.67444 -1.70245 4.48416 2.67544 -0.765399 -1.27511 -0.184697 -0.538595 1.5468 -0.850202 1.71137 2.23804 -1.94845 -3.48481 1.80166 -3.27806 4.33416 1.54931 1.73959 -0.373018 1.28294 0.757886 -0.912047 2.225 3.34487 3.0049 0.531427 -2.4894 0.108314 -0.425875 -4.41073 -1.92549 2.87177 1.44237 3.38113 -1.04858 -2.12668 2.57015 -4.68364 4.90097 3.2526 -0.834675 1.58257 0.484284 -1.73588 1.10269 -0.321253 3.03809 -0.356867 -0.138375 1.9502 -1.37334 -2.75093 -0.297512 1.23987 0.840086 3.43172 -1.04626 -2.35863 1.35858 -0.36778 -5.74724 0.394843 0.975107 -1.41804 -3.54521 1.58371 0.213641 0.79302 -1.09075 2.40944 0.590887 -2.0354 -0.191173 3.1724 0.612622 -1.87757 2.3527 -1.41099 0.872183 -2.67875 0.512375 0.578862 0.712042 2.85558 1.51075 1.96381 0.579518 0.887114 -1.33027 -0.799154 1.2314 -1.65782 -1.01347 -0.423788 -1.60943 0.969993 2.02277 -0.00757697 3.34658 0.0951552 1.24412 1.27688 
2.28661 -0.499876 -1.92037 2.36513 1.16764 0.618353 -1.5198 0.258407 -1.48983 -0.769834 -1.85574 -0.503662 1.56897 -1.67617 1.7007 0.506811 -0.986891 0.482995 2.02514 -0.665079 1.37741 2.64598 -1.59982 0.29561 0.545131 -2.89681 -1.73482 0.0249631 0.484343 -0.812733 -0.508232 1.62783 -1.23177 -0.806197 -0.453193 -0.712764 -0.90511 -0.579201 -0.00689647 1.30876 0.500533 -2.35458 -1.44695 0.953943 -0.953646 1.08872 3.74775 -2.03355 1.75135 1.53244 -2.06831 1.15498 -1.34079 1.01355 -1.34223 -1.86538 0.985898 0.387095 -1.15039 1.72836 0.0475267 3.50728 2.49715 2.02506 -1.45973 1.19686 0.0521408 2.1851 0.921948 0.653808 0.161312 2.17862 2.12793 -2.28077 0.861478 -3.43987 1.69988 2.20763 2.40198 -1.0365 -1.70242 -0.0302985 1.87516 4.33192 -2.07588 -0.0821581 -0.217919 0.675495 0.331046 -0.556575 -0.524547 2.21795 1.19229 -0.295227 0.78408 2.57929 -2.42766 -1.0486 1.99867 3.34224 1.93545 0.582668 0.24944 -1.29814 1.39616 -2.20695 3.20165 0.390984 -0.692951 -1.61019 -2.45356 -1.18622 0.0887324 -1.53869 -0.768546 -1.04657 0.795517 0.0326914 -1.92818 -0.135828 4.06283 1.38189 2.25474 0.837081 3.68666 3.61641 -1.20775 -2.562 -0.1165 0.622845 -0.893297 -1.7107 0.734072 0.902245 1.12053 -2.39021 -0.732359 0.412008 -1.87521 0.0319733 0.375525 4.42617 0.33549 -3.18527 -0.596049 0.684537 0.309836 2.37968 1.37595 -1.53221 0.719306 0.0779914 -0.712487 -0.462296 -1.94403 -0.127627 0.737254 -0.689641 -1.86923 4.06734 -0.218999 -1.34238 1.22412 -1.6121 -1.08423 -0.895178 5.10924 -0.318657 -1.60542 -0.790724 -3.97688 1.37236 -1.34503 0.80228 -1.90813 0.466675 -0.278004 -2.35527 -0.086043 -2.39007 -0.788034 0.719199 0.988446 2.14581 -0.430799 -1.60576 -0.196484 0.898897 -2.28335 -1.66666 -0.758585 1.94943 0.301958 1.56663 0.261527 4.25287 0.293452 0.0211795 0.454881 0.557826 -3.62198 -2.00773 -1.30258 0.640307 -1.86494 0.269677 -3.23941 0.758866 -0.426642 -0.778226 -0.653751 -0.27293 1.68302 1.69324 -0.0955494 1.82219 -0.954767 -0.429653 2.29125 -2.5263 3.15141 -2.82326 -3.72474 -1.6074 1.91243 -0.614931 0.0316886 3.1153 -0.891541 1.4169 1.8956 -4.04823 -0.758157 1.90522 1.72539 3.54073 -2.71935 2.23644 -4.29296 -2.22054 1.17893 -1.3337 -0.346011 0.722518 1.37469 -2.00594 -0.399541 2.74734 0.232378 -1.3101 -0.157931 -1.08942 2.0606 -2.68327 1.41201 -0.57272 0.953869 0.486472 1.15863 -1.06708 -0.145865 -4.8382 -4.96386 -2.0444 0.43821 1.99275 1.22868 2.53649 0.234469 -3.62537 -0.467951 -3.56406 -3.32435 -1.18449 1.64691 -2.41028 0.662728 1.74633 4.06097 0.802967 1.81068 -0.85088 1.57465 -1.01007 0.0533522 2.05355 0.921354 1.21545 -1.91301 -1.63879 2.7651 -0.980779 1.93554 0.445744 3.13346 2.29008 -0.732684 -0.363013 -3.42008 -3.13232 
1.63443 0.22264 1.25755 -0.721463 2.78061 1.27713 0.382229 -1.33659 0.427981 -0.952947 1.99518 -1.73106 -0.873652 -1.4999 -0.461392 1.76223 0.402658 -0.238123 -0.473828 1.12621 0.698772 -1.8278 0.920227 1.25402 -1.62294 -1.72066 2.7058 -0.404061 1.26486 0.0174401 4.56936 0.567261 -1.13896 -0.658229 -0.919872 -1.96301 -0.900721 0.473629 -1.47168 0.244425 3.04444 0.900226 1.8577 2.03091 0.783124 -3.23966 1.20015 2.20669 -3.09731 -0.311506 -2.51061 0.500349 -1.16225 -0.713758 -0.806436 -4.20893 0.401729 -0.673073 -1.977 2.39086 0.388288 0.670802 -4.18444 -0.907901 -5.19122 1.64383 -2.29026 -0.838529 -1.95975 1.50242 -0.104839 -3.36968 1.14379 -0.929387 -0.704342 0.993136 0.261439 0.433615 1.48222 0.572114 -1.12611 2.60757 0.697828 -1.98114 1.13119 0.484572 -1.41343 0.305631 0.570411 -0.205208 -0.104462 1.03975 1.05364 -4.30128 0.17617 -4.61833 -2.42445 -1.74154 -2.45862 -3.32158 -0.346889 1.64605 0.822291 -2.53372 0.399691 -2.07194 0.0139643 2.31035 -0.161034 1.56942 2.11181 3.62196 0.152921 -1.05032 1.13988 5.28747 0.2575 -1.83615 0.749857 0.257277 0.590467 -1.15844 1.14373 -1.72815 1.06187 1.272 3.7522 2.29524 -0.865085 2.59413 -0.887198 0.782889 0.789602 -0.252548 -0.5824 -0.609394 -2.42624 2.66371 0.434781 4.63849 -0.0350458 1.91836 0.0583806 -3.5381 2.23169 -0.361769 1.4634 -1.11435 3.97973 -2.22146 -0.600165 1.25613 1.65847 0.627585 3.49844 -3.94061 -1.90495 1.27052 0.705362 -0.54395 -3.76981 -0.640743 -0.830617 -0.269891 -3.5042 -2.13226 0.708862 -0.763945 0.198549 -0.389505 -0.855868 0.366261 0.17937 -0.568561 -1.11649 1.16351 -1.46917 -0.408275 -2.50688 -0.632668 -1.51256 -2.50599 0.904708 0.0392165 -0.992825 -0.565324 1.75884 -0.966971 1.04677 0.190256 2.70977 0.331046 1.62815 1.94618 -1.13807 -0.631112 3.55082 -0.396424 -0.344489 0.898164 1.99711 -1.12596 -2.32038 1.7096 -4.10923 1.38339 -1.81838 -1.1375 -2.71838 0.047694 4.3264 -0.629341 0.9786 0.402737 -0.718915 0.0830467 0.958295 0.356008 0.76731 -1.52172 1.02805 1.36773 -0.631841 -1.34121 1.71431 -0.935989 0.840955 2.06964 1.8872 -0.558546 -1.23339 1.75502 1.55999 -1.13599 -0.35583 0.227538 1.40502 0.520885 -0.782178 -3.19464 -1.24637 2.16079 1.58366 2.71715 1.90029 4.28497 -1.37075 0.403449 -1.35659 0.271066 2.4816 -0.108523 1.28615 -1.36945 0.233178 1.076 0.99282 0.683041 -0.52699 0.117246 0.40854 -3.98481 -1.18693 0.745471 0.100323 -0.201972 0.839947 -3.02558 -1.02504 3.07129 0.258237 -1.60659 0.333992 -2.36924 0.245159 -2.54291 1.30245 -1.21533 0.873324 0.183683 -2.09496 -0.345629 0.869305 -0.737838 -0.722758 3.03472 1.46077 -0.298845 0.372877 -0.0479603 -0.330043 -0.307883 1.43148 3.23196 -0.87863 1.06513 1.48907 -1.61115 -3.32834 -4.673 
0.743562 -1.01215 -1.41347 0.561141 -0.908233 -2.15629 2.78984 -0.568625 -0.575447 0.338132 1.79306 -1.3796 2.99241 2.03555 1.21678 1.12565 -2.14775 -1.69166 1.67499 -0.683275 1.44276 -0.0101014 1.83886 -0.987847 -1.63177 -0.108124 -0.0802762 -3.94894 -0.871894 -2.49011 1.5296 1.10735 3.11536 -1.20203 -0.469021 -1.49816 0.0114012 -2.90234 -1.02843 -0.999746 -1.61594 1.21947 1.32358 0.644914 1.847 -1.4342 3.90109 -0.948874 0.40505 -1.96922 3.87257 -1.29367 3.91411 0.195033 -0.353966 0.987771 -0.708041 -6.21682 -1.16464 -0.879037 1.07132 2.31116 1.88733 -0.706708 0.403368 0.368954 -3.99763 2.29925 0.0943908 0.534868 -1.04364 5.07209 0.013263 1.25495 -6.20286 1.97022 -0.041236 2.56505 0.980304 0.701663 3.47848 -0.50217 -2.40942 -0.568576 0.246759 -2.54326 -1.40753 0.16345 3.46726 -0.412829 0.702755 1.12868 -3.15857 -1.60039 1.77542 1.91075 2.41855 -0.639311 3.0907 -0.70674 0.357389 1.42977 0.264577 2.20251 0.880088 2.6593 0.714836 1.23541 2.41675 -0.492965 1.79394 -1.99624 2.29489 0.309112 0.0289161 -3.76535 0.861273 -0.207931 0.0979512 0.854887 -1.73089 -0.55539 1.48439 -2.08686 3.39965 3.4805 1.6713 0.898844 0.0543457 3.5637 -2.90952 3.14744 0.19746 2.90691 -0.489429 2.80244 -1.13882 -0.534181 -1.93565 -1.1711 -0.598404 -0.431541 3.4404 1.01694 1.61553 -2.31573 1.8763 -0.0790799 0.842339 -1.64372 -0.766711 3.81294 1.33867 -0.670609 -0.0675574 -1.52758 -3.01532 1.13165 1.9821 1.13884 1.08635 -2.51843 0.459681 1.31914 1.28604 -4.33684 2.42716 -0.626613 -2.95915 0.858588 -3.90435 -1.8287 -0.958753 -0.18131 2.62566 -0.262143 -1.37977 0.356665 -0.0987224 0.736403 0.0971085 1.20745 0.885036 1.66781 3.04354 -0.886766 1.1035 0.955827 0.727724 -0.598864 -0.826204 -3.19849 -0.327745 2.90857 0.701618 -3.38985 -1.10888 1.51329 1.46873 1.91213 -4.41994 -0.352988 1.84348 -1.15656 0.335079 1.21534 -0.929337 0.253658 2.28108 0.807851 -1.00683 -4.08315 -2.83505 0.35579 1.94148 2.09866 0.411888 1.38618 1.08888 -2.95574 -0.839257 -1.85343 0.346084 -2.36609 -2.94328 0.609567 -0.99146 -0.0870918 0.241406 -0.586713 -1.25991 0.129845 1.48092 -0.714328 0.851697 0.564244 -0.0118583 0.328466 0.167208 -0.404461 -3.70004 -0.160564 0.114739 0.101108 -1.2489 0.777295 -2.80597 -0.552101 0.424123 -1.70091 -0.262684 0.776257 -0.627457 -0.595146 1.06869 -1.11629 -2.14692 -1.89644 0.161935 3.16113 -0.651787 -2.43722 -1.07001 -2.91155 -2.01005 -0.418686 -2.76255 -3.60712 2.53677 0.816374 0.788723 0.793775 0.307668 1.61776 3.47643 2.45941 -0.534133 -0.177893 -0.784056 -2.73923 1.64465 3.71126 2.01344 -1.7982 -0.768944 2.42022 0.427458 0.461531 1.15661 0.906759 -1.96477 3.59888 -0.0876393 -0.358703 -0.894626 1.83098 0.296419 -2.23958 0.163976 -0.964125 
0.358811 -2.34474 5.24378 0.867199 -1.81934 1.23556 0.806529 0.774581 2.0643 2.25336 -1.41621 -0.215087 1.28246 1.42317 -0.592682 -2.26898 1.94305 0.0199294 0.314215 -0.689994 -1.57023 1.07562 -0.300504 -4.22187 2.00086 1.52397 -1.66028 -0.621804 0.760646 0.247418 0.397906 -1.7192 -1.90161 0.660485 -1.01696 -3.65836 0.14163 -0.814722 1.43495 -2.81899 -0.760693 1.63995 0.891983 1.49964 -4.05249 0.687296 -4.45377 0.567225 1.49144 -0.122362 -0.485099 -0.795654 0.85552 -2.48151 3.10441 -0.454748 -2.00895 -0.479717 0.6351 -0.716619 0.445726 -0.457082 1.62678 1.08984 0.694238 0.366185 -2.06585 1.53891 0.403301 -2.47461 2.58024 -0.975787 0.621562 -0.840193 -0.169893 1.53662 3.71257 -0.653436 2.2586 2.0966 0.609953 -1.94622 -1.62384 1.47776 -0.636881 2.97239 -2.26992 -0.270499 0.276337 1.56405 0.48399 -4.68802 -0.0355336 1.83907 0.750843 -1.96787 1.30037 0.862945 3.61497 -0.686946 -2.10106 0.732355 2.30351 -2.71555 1.35491 -2.98161 -0.790157 -1.49923 0.966706 2.74242 1.07042 -0.984438 1.66712 -3.74532 -2.35455 -0.606686 -2.22796 -0.946129 -3.34831 -0.961159 -1.17826 -0.827758 0.495173 1.10342 -2.7106 0.691056 -3.22767 -1.8656 0.741415 0.443159 1.21259 2.81733 -0.880063 1.58174 -2.54578 0.0417486 2.95973 2.2878 -0.425242 -0.295933 0.0527725 0.480017 0.0348154 3.11683 0.719643 -0.0648571 0.245253 -3.94032 1.88843 -0.0425319 -2.54884 2.10182 0.652788 2.35991 3.85365 4.26594 -0.0546042 -6.62167 0.489631 -0.2484 -0.645958 0.535182 0.423638 3.06185 3.06841 0.512092 -0.589396 -0.612399 -1.77528 -1.77664 0.372111 -0.591941 -0.0394626 1.01323 0.0807581 -1.19201 -0.314112 0.0116702 2.7671 -0.189695 -0.104181 0.596476 -1.13279 -2.74584 -1.9792 -1.84576 -0.760185 -0.968554 -2.01159 -0.64212 -0.810521 0.534556 -1.64179 2.14075 0.367726 -0.151748 -0.108458 0.972496 4.03443 0.513398 -1.60951 -1.35395 -0.791627 1.28296 -1.69224 3.39312 1.43723 -3.44898 -4.76404 1.34026 3.19504 1.75417 0.193607 1.1024 2.69478 -4.62186 -2.971 -1.60594 -1.40499 3.60667 -1.73199 3.25875 0.103644 2.09802 -1.57387 -0.15453 0.420191 2.56135 -1.61683 0.543011 0.625086 -0.545857 0.510459 -3.3969 1.69728 1.24519 -1.31682 1.16714 -0.0436615 -0.86158 3.03511 2.79944 2.57291 1.75542 -0.135176 -0.699701 2.33521 -0.44937 0.69297 -1.05897 3.87602 -0.35097 -1.56402 -0.397502 -2.24716 2.22196 -4.85122 3.077 -0.31576 -1.21893 -2.6408 2.73663 -2.31941 -2.53093 -0.553287 0.500388 0.00728734 0.169041 2.75799 -1.42786 0.256757 0.157003 2.77425 -2.01656 -1.65983 0.973712 5.07942 2.31771 0.91091 -1.81843 -1.41499 0.416496 -1.62553 2.27766 1.69969 -0.286358 2.91659 1.91126 -1.71092 -0.1591 -1.61524 0.554369 -2.66979 0.247653 -3.11078 0.846037 -1.85085 -3.92718 3.25757 2.75518 
1.86126 1.26053 0.896786 -1.92564 0.929821 -0.291295 -1.03414 0.233729 3.39427 -1.04346 0.608212 -0.333789 1.36882 -0.0555123 0.730046 3.49253 -0.477695 -2.37484 -0.145634 1.35876 -2.05599 -4.23011 -1.97123 -1.75526 2.51163 2.02108 1.10678 1.27471 -1.56497 -0.106693 -1.58314 2.19335 -2.78965 0.109702 -0.296513 0.457728 0.140202 0.554365 -0.009768 -0.997767 0.486461 0.5706 -0.728193 3.37006 -1.85818 -1.23564 2.22596 -0.0513849 -0.160513 0.349532 -2.43217 2.45322 -0.743394 -1.04956 0.908581 -0.192087 0.916213 -4.0448 0.512648 1.10022 -0.755508 0.413902 1.1381 2.52122 0.738163 -1.59173 0.559231 1.57706 -0.992551 -0.182562 1.81046 -1.06701 -1.57643 -1.277 0.6421 1.52436 -2.28369 -0.584094 0.923186 1.19889 3.41459 -0.0812852 -0.671728 -1.10477 -3.11545 1.61121 2.3342 1.23286 -0.302253 -1.20761 -0.434718 -1.67691 -1.57852 1.75823 2.42385 -2.24996 -1.92554 2.03132 1.6259 -0.915432 -0.904918 -1.52183 -4.1986 0.075026 -0.562817 1.12382 -0.436248 -2.70601 -0.808206 2.24039 -0.551165 -1.78965 0.892333 -0.0704739 -0.221883 -2.65974 -3.21872 0.273386 0.763021 1.80881 -0.0856431 1.07314 -2.06217 -0.599897 1.61754 0.208086 1.9804 0.362857 -2.55964 0.198112 4.19525 3.55106 -1.66228 0.805525 2.70509 1.60209 5.42805 -0.862616 0.664605 -1.83068 -0.589603 -2.01383 2.76133 1.05239 1.71315 -2.26427 -1.54608 -2.86073 -0.570387 1.04817 0.604142 1.43127 1.83625 -0.144835 0.0289089 -0.478707 2.83212 -4.28114 0.67876 -1.17813 -0.725964 -4.05398 2.48915 0.10867 0.386003 1.50812 2.3507 -2.55003 1.73108 0.0893308 0.924547 -2.00456 -1.26344 -0.0993568 -2.25244 1.32054 -0.116459 1.26786 -0.643389 -0.500519 -0.286965 0.709862 0.0211553 -0.54323 -3.16269 -1.76426 1.32915 -0.608862 1.04492 -0.956073 -3.58014 -1.39938 0.459328 -1.56261 -0.381451 -0.932059 2.34852 -1.70954 0.545851 4.94315 -0.570441 -1.58334 2.90294 2.25938 -0.34988 -3.68655 -1.98354 -2.48656 -1.71688 1.47401 1.04653 -2.07156 0.0670266 0.500696 -1.28276 1.41661 -2.41776 0.629147 3.91969 1.64458 -0.444493 0.303217 -2.67074 -3.0437 -0.586635 1.56119 1.86558 -1.82422 1.04211 -0.730738 1.47234 -2.17985 -2.21449 -1.0067 -1.14995 0.584384 -2.25168 0.649485 2.92197 1.01182 -2.85555 -1.45082 -2.9297 1.92274 2.05268 -4.2666 -2.71027 -0.0207079 4.28987 2.21652 -2.05235 0.290571 1.20731 -0.35281 0.966201 -1.57242 -2.25816 -0.178843 -2.04442 -1.7642 -0.476698 3.0323 0.68764 -4.42975 -0.620455 0.932539 -4.29885 1.62574 -0.578512 1.48258 -0.299531 2.5917 -3.30447 0.884881 -3.8042 -0.767085 -0.920643 0.583586 -0.00160485 2.29461 2.47699 -0.289407 0.783348 1.02635 -3.26852 0.0498138 3.50202 -0.780132 -0.205144 3.59069 2.03924 1.69692 -3.19207 3.81108 0.317718 -5.86163 0.342456 2.37913 -0.81509 -0.265931 
0.916536 2.01418 -1.98888 -0.376448 -0.786759 -0.144609 1.11407 -1.95731 -2.20591 -3.06015 -4.09034 -0.581243 -0.211858 -0.508118 2.89292 1.12981 2.45572 2.04923 0.500287 -0.0980453 -1.21517 3.77738 -1.92178 -0.787976 2.48992 0.362545 1.80517 -5.1272 1.64342 -3.27949 -3.56621 -2.36436 0.997701 0.853973 -3.08943 1.07271 1.07339 -0.914183 -0.756415 -0.0209417 0.773218 -0.158694 -0.594009 2.49266 3.10623 3.30971 0.153338 -0.262491 1.03307 -0.489794 0.33871 1.72484 -0.819881 -0.415912 -1.37466 -2.69774 1.00406 0.996057 0.0150094 -0.104247 -2.81516 -3.17149 -2.29414 0.0507555 0.0348995 -2.7581 1.16967 -1.29223 1.39974 -2.11161 -2.15772 -0.241298 -3.61865 -0.469526 -0.462285 2.84842 6.13152 0.0210376 -1.33249 -1.94754 -0.108996 -1.84614 0.555285 3.3799 2.04288 2.19975 -1.00611 -3.71237 5.22396 -0.280529 1.37132 -0.0800622 1.28543 -1.16701 0.445172 2.16456 -2.55866 -4.74909 1.64275 -0.583568 1.3064 -1.59209 1.64451 2.0581 0.908604 0.45544 2.04433 1.26804 -0.990778 -0.340046 -2.1929 -3.16205 0.963791 1.7126 -2.36774 1.4902 0.124405 2.64256 -0.14463 -3.32223 1.80667 2.41183 0.36487 -0.845085 2.23802 0.427066 0.13041 -1.25004 0.0190189 -2.72924 -1.16062 0.806027 -0.398071 4.45205 -0.259807 0.161244 2.57519 1.12343 -1.79873 3.66538 -0.669567 -0.758937 -2.75132 0.499344 1.54276 3.68688 -2.74476 -1.07553 -0.974272 0.754472 0.0919181 -1.99413 0.131517 3.484 -0.23436 1.49031 -2.93656 -0.796284 -0.700571 1.43078 -1.53545 0.98365 0.238996 -2.6672 0.251593 2.7609 2.32497 1.13403 1.77471 1.35611 -0.869705 -1.13996 -3.29097 0.27749 0.947234 -0.916131 -1.30322 1.02295 1.77348 1.87366 -1.34141 -1.0027 3.54497 0.19774 0.961688 2.91148 -0.00484803 2.94189 4.15357 0.347226 0.630014 0.849163 -0.580446 -3.70427 1.69636 -0.353232 -3.13831 0.73167 0.686397 0.414408 2.45585 -0.239457 3.50705 -1.10616 0.310331 -0.106202 0.0940253 2.21417 -0.222258 1.89886 -1.93609 1.2859 0.0356737 4.2445 -4.97062 -2.51275 -0.75285 2.08914 -0.592794 -1.54243 -1.13407 2.63545 -1.71921 0.352361 2.67088 -0.524327 -0.750569 -2.69793 -0.39014 -0.266214 -0.114097 -0.565601 0.622558 -1.42391 1.77704 2.1 0.802949 1.29616 -0.508904 -2.61889 1.78134 -0.728075 1.55677 -0.512726 -0.915144 1.08138 2.29785 1.83918 -1.9998 -0.470467 1.89597 0.479443 -0.35589 -3.18577 -0.876187 1.96998 -0.0961844 -0.0131258 -1.26858 -2.05816 -0.945696 0.501888 -0.437832 0.125311 -0.709961 1.05865 -0.537399 -1.03919 0.735908 -0.770693 0.512291 -1.77268 0.896195 -0.240247 1.3969 2.88838 -3.04794 1.37182 -2.21536 -1.58039 -0.848768 2.86094 -1.76334 2.89981 0.351305 0.355647 1.04778 0.621955 -2.0319 -2.30891 -0.335576 -3.47439 1.10654 1.11067 2.07165 -2.84816 1.11001 1.02823 0.0789941 -0.680209 
-0.29147 -0.236708 0.482209 -2.39379 0.708231 0.655197 -0.340837 -1.4805 0.803532 -3.84819 0.672143 2.37494 2.09675 -0.19477 1.18553 1.64621 -0.561749 1.69348 -1.44119 0.174526 1.60336 0.295593 1.39384 -0.593891 2.26311 -0.205058 1.36059 2.28973 1.24437 0.219683 -1.637 -1.4092 4.58122 2.13523 -1.23857 0.0224195 -0.989153 -1.70378 -1.7054 2.51781 -0.900165 -0.102151 2.41269 -2.61039 -3.15192 2.82231 0.915324 4.02246 2.95865 2.04143 2.65597 -1.42828 1.3776 -0.175939 1.58172 -1.57161 -3.12809 -0.147926 -0.891245 -0.528482 2.02662 -0.375663 0.622137 0.135627 0.946842 -0.389354 0.0186092 -1.17385 -1.62136 -0.362331 0.596012 1.22634 1.63016 -0.630435 -2.72566 -0.0313876 -0.538425 0.161526 -1.04497 1.09945 1.84598 -0.566304 -2.60151 0.804027 1.90871 -2.94553 -1.9664 1.4363 0.224766 -2.9153 1.93347 0.391407 0.979291 2.40776 2.492 3.87684 -4.22022 0.255292 0.79777 -1.12083 2.62458 0.773109 -1.42786 1.99344 2.32167 0.97714 -0.243618 -1.93994 -0.150159 -1.81145 -0.612918 -1.73777 0.0199331 -4.30872 -0.128397 -3.37706 1.28114 0.648772 1.45005 1.74844 -2.33805 -0.334347 1.47187 -0.462758 2.26905 -3.25318 -0.771836 -0.0498967 2.38992 -1.50416 0.250594 -0.219779 1.89264 -0.891 2.90015 2.56488 0.14845 0.405172 1.78012 1.38831 -0.697539 0.738627 1.10713 1.90557 -2.02591 0.154667 -1.34368 2.514 -1.62386 1.07462 0.958017 2.55556 0.743272 1.87396 -3.13873 0.420835 3.18177 -1.81369 0.0777859 -1.07037 -0.163344 -3.6108 -1.90851 -1.10159 0.992731 0.294646 3.29865 0.152817 1.40804 -0.511897 1.6184 -0.728988 -0.148455 -1.13726 -1.21987 0.281413 -0.365765 -1.32814 -1.10712 -0.809441 0.569465 -0.0597336 1.05956 0.192978 0.483348 1.93828 -0.118299 -0.518851 0.832674 -0.828998 3.52514 -0.244151 2.34077 2.03188 -0.9419 -0.328351 -0.298515 -2.26984 -0.991417 2.31043 -0.222145 -2.28443 3.9044 -1.10678 2.78175 -0.441753 0.275712 -0.234746 2.45156 0.340825 0.500635 2.86659 -0.872338 1.64063 -1.54013 -2.59703 -0.376278 0.139591 2.37115 0.638794 2.08745 -1.57728 2.13525 0.720091 -1.3754 1.76777 0.688814 -0.0885394 -0.754118 0.380716 -0.656295 -0.173096 3.02177 2.1776 0.137539 -0.828238 0.650201 -1.16556 -1.30407 -1.61514 -1.57472 -1.87442 0.36049 1.87364 -1.61155 -1.19806 0.884982 1.74948 -1.38433 0.522392 -1.15226 -0.136404 1.20821 0.259083 -1.31957 -0.97933 -0.0259274 -0.607251 -1.06204 -1.35901 1.47522 0.307174 -2.53821 -2.99614 1.15189 -1.14101 0.928886 0.704879 2.03444 2.02226 1.50724 0.624715 -0.117213 0.925479 0.305251 -0.717471 2.14338 -3.91802 -0.240923 -0.277458 -1.85709 -2.68092 0.722134 -0.980587 -3.19757 -0.684001 -0.456018 0.428866 0.933091 2.73765 -1.74472 -3 -0.654382 2.4094 4.26857 -1.0808 -0.0443739 -6.20944 1.89254 -1.45023 
0.759923 -0.479774 2.47605 0.242386 0.592134 -1.64245 2.05731 -1.89535 -3.58614 0.335461 -0.69565 -1.56309 1.51523 1.75493 2.17351 1.74302 -4.27732 3.96082 -0.196436 -1.14112 -0.660389 0.0349654 2.05161 -1.15465 -1.98499 0.241711 0.92653 3.52903 -1.35433 0.264716 -2.70558 0.00168813 -0.418171 1.07656 -5.24624 -2.24554 -0.0287173 1.45262 1.03298 1.51429 -0.803421 -3.69538 0.589898 -2.14611 -0.960788 0.0389028 -2.99199 -1.56059 0.151157 2.3095 1.29403 0.637805 -2.56131 1.03131 -1.8826 -1.43987 -1.85566 -1.26257 -0.774112 -0.774803 -2.20811 -0.575475 -0.320091 -0.453577 1.37366 1.65154 -0.250778 -0.247219 -0.368164 1.73775 -0.349374 1.13737 -2.15733 -0.917146 2.07384 -1.14704 0.790668 -0.302147 0.985237 1.70579 1.41525 0.613265 -0.491121 2.18314 -5.04444 -1.65941 0.177253 -0.302356 2.60712 0.359375 -2.99551 -2.82038 -0.939013 -3.91909 -0.940342 0.703132 0.626986 -0.0529214 -0.0796843 -3.33013 2.17757 2.20353 1.84416 2.19155 2.34313 -0.721699 0.719161 -0.64008 -0.525805 1.8681 1.96667 -1.25997 -0.987512 1.48458 -1.73937 2.91611 -0.86419 -0.413109 -2.31988 -0.79288 0.457114 1.10744 3.66974 -1.48967 -1.71407 0.346276 -1.118 -0.805686 2.01844 0.602417 -0.549578 0.0568203 1.051 -0.721078 0.920981 -0.108434 -0.0999728 0.304742 -3.29175 1.24215 1.01801 -0.583566 0.303198 1.90346 0.403661 -1.41162 -1.12404 -0.564847 0.259975 1.01531 0.561152 -0.629295 -2.45573 -1.84384 1.2884 -3.67891 -1.26513 1.51623 0.729158 3.80316 2.75384 2.18307 -3.43953 4.72193 -0.761219 0.598068 2.96161 1.0665 1.74059 -0.387614 2.48514 -1.26549 -1.0371 0.586163 0.612652 -3.68287 -0.0204272 -2.93662 2.88204 0.463554 0.546498 -2.21938 -1.9699 -2.86164 -1.13797 -1.62387 -0.445731 1.43451 0.0726014 -0.650665 -5.86431 3.57929 0.245982 -3.66344 0.274306 2.17112 0.866719 -0.84366 -1.65634 0.257701 -0.374818 0.453895 0.933329 -1.69716 -1.03266 1.12347 1.16165 0.647508 0.902778 -0.910862 -2.31881 -0.921957 -2.01007 2.34661 0.227702 -1.66097 2.26791 -1.71466 -2.05905 -0.762473 2.68136 0.99864 3.61615 2.41913 1.94201 -0.290023 2.11409 2.36834 3.77626 -1.13349 2.30381 1.98503 2.49963 -1.21385 -0.044608 1.87646 0.400858 0.187423 0.366004 -3.60627 0.906014 -0.160856 1.472 1.58152 1.82566 -2.50833 -2.17352 2.1856 2.29788 0.211459 -1.02591 1.06803 -1.17966 -2.0876 4.15723 -2.94295 -2.97609 1.17762 0.45648 0.54364 0.449294 -0.651178 -1.29669 2.6822 0.611797 -0.3985 -3.98585 -2.81244 -1.00557 -2.41772 0.423212 -0.111299 0.650625 -1.22184 -1.11854 -2.14508 -1.79359 -1.35965 -1.06586 -2.71802 -1.29233 1.1902 -0.404343 1.74101 -0.0552801 0.781934 2.51395 3.99118 1.60945 2.23281 -0.275544 -3.71864 0.10127 0.0491038 0.054721 -0.553683 -1.85719 1.8727 2.25845 0.154123 
-1.07681 0.664725 -0.926528 3.00458 1.20807 1.36291 -0.30981 0.426244 -0.449789 2.26032 0.537984 -1.11641 -3.22573 -1.05986 0.275207 -0.933283 -0.0721125 0.0812926 1.6173 -3.19992 0.727258 2.24081 -0.218433 1.24098 1.80232 -0.45584 0.105808 -2.31334 1.39963 -1.8156 -0.780078 -0.165008 -0.0523292 1.24297 -3.82468 -2.27378 1.2759 -0.216521 -1.4477 0.0824324 -1.35237 0.868865 -1.15219 -2.13183 4.35009 -0.0433236 4.64902 -1.45512 0.651964 -1.98382 1.66622 0.0656509 0.529382 -2.77084 0.638686 1.35717 4.83005 -2.34135 -3.67249 1.21872 -0.928999 -0.725645 0.213349 -2.51519 0.163534 0.0760777 2.69171 -1.63795 -1.73256 0.817956 -1.57399 -2.54202 0.886805 2.47177 3.36118 3.21226 -1.02895 -1.01935 2.64044 2.67241 1.90944 -0.606005 3.78812 -0.539321 3.22314 1.68449 -0.494672 0.290177 -1.58841 0.0927604 0.754737 1.39174 -1.18631 -0.556448 -0.545758 -2.62699 -2.49185 -0.275657 0.841681 -0.163935 -3.13495 0.508091 -4.66579 3.67926 -0.556259 0.863352 -0.33066 0.923769 0.949032 -1.96407 -0.252194 -0.321592 -1.14198 0.075689 1.71337 -3.01271 -3.85245 -0.343384 -2.69063 2.38317 -3.44826 1.13214 -1.48602 -1.24861 -1.78658 0.413638 -0.93836 -1.86765 2.54148 -1.28003 -2.52797 -2.53155 0.482217 0.177742 1.56011 -2.94237 -2.3859 -4.22187 0.513177 -2.15233 0.451677 0.630852 0.52994 -0.567077 2.46243 -0.281858 1.45458 -4.75345 -1.31735 2.21416 0.0407418 0.304789 -1.4628 0.194688 -2.95582 1.20275 1.62174 1.96143 -1.11747 1.66878 2.10454 -1.006 -0.463633 -0.827434 -1.49847 -1.83026 -1.87627 -1.28446 -0.538362 -1.14631 -0.403012 2.32749 0.731997 -0.366559 0.344092 0.13714 2.11789 0.544703 3.36502 2.28712 1.84873 -0.153804 3.32335 1.38454 2.98899 -1.41922 -0.371474 -0.124956 1.30728 -0.822063 0.219161 -1.05905 3.10258 -0.27699 -3.41158 -4.86252 3.77737 -0.600016 -1.00716 0.409966 1.47936 -2.00613 1.3336 -2.1862 0.690238 1.74488 0.903785 -1.0291 0.365046 0.831844 -1.82732 -0.729925 2.64002 1.01902 0.385718 -3.00185 1.8335 -0.764065 1.42589 -0.637594 0.321987 -0.927444 0.232543 -3.71298 2.15077 0.726847 2.85476 -0.766546 -0.283488 0.532061 -0.0250888 -3.31872 -3.24939 0.852793 -0.377206 1.88849 0.14351 1.42688 -0.919801 -0.00322475 -2.16873 1.89148 0.713601 0.423255 1.48678 1.69613 -1.23696 -1.97175 2.89036 -0.851074 -1.16076 0.295967 0.514723 2.98339 -0.417017 -0.734696 -2.3794 -0.435795 -2.6595 0.701401 1.87349 1.46283 -0.464227 0.740214 0.265323 0.477395 -0.886961 -0.461817 -0.812793 1.12043 -3.00053 -2.48042 -2.71501 1.04791 2.20783 -1.23608 0.752931 -0.601055 -0.622958 -1.1662 -0.943392 -3.38412 3.38963 0.544613 -0.726395 -1.94438 4.30571 -0.233771 1.15387 0.826447 -3.49426 -3.12114 0.170839 0.148903 2.02362 -0.765931 -0.176073 2.1172 -5.27017 -2.20747 
-0.751942 -1.33007 -0.753932 -0.879401 -1.28588 3.47332 -0.753612 4.9405 -0.304417 -1.31319 0.878516 2.19693 -1.14153 -3.4826 -1.70251 2.6499 2.37105 -3.43094 1.18702 1.43419 2.84097 1.02237 -0.13591 -4.85204 2.79532 -1.23554 2.21568 0.900995 0.497866 3.50343 -0.73459 -0.240048 -0.0209137 0.299705 -1.4913 0.906524 0.53954 -0.0900569 1.65775 1.96734 -2.29588 1.29206 0.290448 1.73381 2.68337 2.95423 -0.0701175 0.810165 0 0 0 0 0 0 0 0 0 0 0 0 0 0 0 0 0 0 0 0 0 0 0 0 0 0 0 0 0 0 0 0 0 0 0 0 0 0 0 0 0 0 0 0 0 0 0 0 0 0 0 0 0 0 0 0 0 0 0 0 0 0 0 0 0 0 0 0 0 0 0 0 0 0 0 0 0 0 0 0 0 0 0 0 0 0 0 0 0 0 0 0 0 0 0 0 0 0 0 0 0 0 0 0 0 0 0 0 0 0 0 0 0 0 0 0 0 0 0 0 0 0 0 0 0 0 0 0 0 0 0 0 0 0 0 0 0 0 0 0 0 0 0 0 0 0 0 0 0 0 0 0 0 0 0 0 0 0 0 0 0 0 0 0 0 0 0 0 0 0 0 0 0 0 0 0 0 0 0 0 0 0 0 0 0 0 0 0 0 0 0 0 