500 101.001
27.644 27.644 27.644 
14 14 14 
1 1 1 1 1 1 1 1 1 1 1 1 1 1 1 1 1 1 1 1 1 1 1 1 1 1 1 1 1 1 1 1 1 1 1 1 1 1 1 1 1 1 1 1 1 1 1 1 1 1 1 1 1 1 1 1 1 1 1 1 1 1 1 1 1 1 1 1 1 1 1 1 1 1 1 1 1 1 1 1 1 1 1 1 1 1 1 1 1 1 1 1 1 1 1 1 1 1 1 1 
1 1 1 1 1 1 1 1 1 1 1 1 1 1 1 1 1 1 1 1 1 1 1 1 1 1 1 1 1 1 1 1 1 1 1 1 1 1 1 1 1 1 1 1 1 1 1 1 1 1 1 1 1 1 1 1 1 1 1 1 1 1 1 1 1 1 1 1 1 1 1 1 1 1 1 1 1 1 1 1 1 1 1 1 1 1 1 1 1 1 1 1 1 1 1 1 1 1 1 1 
1 1 1 1 1 1 1 1 1 1 1 1 1 1 1 1 1 1 1 1 1 1 1 1 1 1 1 1 1 1 1 1 1 1 1 1 1 1 1 1 1 1 1 1 1 1 1 1 1 1 1 1 1 1 1 1 1 1 1 1 1 1 1 1 1 1 1 1 1 1 1 1 1 1 1 1 1 1 1 1 1 1 1 1 1 1 1 1 1 1 1 1 1 1 1 1 1 1 1 1 
1 1 1 1 1 1 1 1 1 1 1 1 1 1 1 1 1 1 1 1 1 1 1 1 1 1 1 1 1 1 1 1 1 1 1 1 1 1 1 1 1 1 1 1 1 1 1 1 1 1 1 1 1 1 1 1 1 1 1 1 1 1 1 1 1 1 1 1 1 1 1 1 1 1 1 1 1 1 1 1 1 1 1 1 1 1 1 1 1 1 1 1 1 1 1 1 1 1 1 1 
1 1 1 1 1 1 1 1 1 1 1 1 1 1 1 1 1 1 1 1 1 1 1 1 1 1 1 1 1 1 1 1 1 1 1 1 1 1 1 1 1 1 1 1 1 1 1 1 1 1 1 1 1 1 1 1 1 1 1 1 1 1 1 1 1 1 1 1 1 1 1 1 1 1 1 1 1 1 1 1 1 1 1 1 1 1 1 1 1 1 1 1 1 1 1 1 1 1 1 1 

0 1.38869 1.33988 1.32219 0 1.40681 4.13699 4.15676 0 4.29293 1.57347 4.30289 0 4.1241 4.18764 1.09032 0 7.12915 1.94617 1.16007 0 6.87053 4.31862 3.84292 0 9.5329 1.84594 4.1226 0 9.38538 5.27109 1.3133 0 12.4994 1.9682 1.95638 0 12.9267 4.80558 4.02319 0 15.2675 1.71614 4.22867 0 15.6447 4.49522 1.73929 0 17.9163 1.67764 1.96047 0 18.0829 4.61845 4.33729 0 20.5803 1.48928 4.51759 0 20.5699 4.18148 1.63885 0 23.7475 1.34501 1.77557 0 23.7795 4.33456 3.99484 0 26.3206 1.40253 4.24149 0 26.5768 4.20204 1.38816 0 1.15529 7.15358 1.84422 0 1.23058 10.5791 4.83365 0 4.40989 7.23209 4.05775 0 3.89869 10.0053 1.29928 0 6.59997 7.50648 1.27307 0 7.63725 10.3671 4.74818 0 9.90092 7.05873 4.37884 0 10.4159 10.0128 1.87755 0 12.9051 7.17451 1.32706 0 12.6431 9.37731 4.95849 0 15.3779 7.10869 5.01598 0 15.3213 9.80904 2.24478 0 17.7985 7.19505 1.42984 0 17.8757 9.46577 4.83816 0 20.5998 6.93979 4.94764 0 20.7675 9.68375 1.96734 0 23.6287 7.02317 1.21854 0 23.3247 9.73866 4.61072 0 25.7656 6.99604 3.96505 0 26.1214 9.94045 1.99589 0 1.70208 12.9415 1.58188 0 1.34302 15.5518 3.62285 0 4.60587 11.79 4.17752 0 4.48549 15.4364 1.81026 0 7.26903 12.5511 1.8309 0 7.21671 15.7882 4.41833 0 10.2156 12.9446 4.10341 0 10.0265 15.62 1.54751 0 12.7739 12.6637 1.64858 0 12.7417 16.0574 4.47209 0 15.2453 12.7177 4.78009 0 15.7011 15.3774 2.08515 0 18.2425 12.1475 2.18327 0 18.2264 14.922 4.44314 0 21.1237 12.4014 4.73331 0 20.8359 14.6511 1.966 0 23.712 12.6901 1.74268 0 23.8034 15.4767 4.44342 0 26.4365 13.1713 3.7941 0 26.2937 15.8755 1.09758 0 1.54885 18.5259 1.33926 0 1.30189 21.2094 4.29119 0 4.35407 18.0976 4.26282 0 4.2038 20.9671 1.31872 0 6.9057 18.1982 1.31197 0 7.21311 20.7742 4.21853 0 10.1103 18.3206 4.44608 0 10.0915 20.3189 1.55073 0 13.3601 18.4138 1.90651 0 12.485 21.4271 4.43235 0 15.7453 18.117 4.40618 0 15.3465 21.5086 2.07793 0 18.257 18.1431 1.85116 0 18.3514 20.8125 4.84119 0 21.0281 18.4797 4.13844 0 20.6862 21.1738 1.49845 0 23.2592 17.6452 1.6532 0 23.8241 20.5712 4.79648 0 26.7753 18.4043 4.24232 0 26.2673 20.7625 1.59857 0 1.08556 23.7073 1.44855 0 1.4629 26.4942 4.29072 0 4.25627 23.5509 3.96226 0 4.13067 26.1384 1.1037 0 6.9894 23.61 1.33693 0 6.53531 26.3542 3.96465 0 9.45152 24.0344 3.67847 0 9.71081 26.9069 1.46971 0 12.5953 23.7351 1.5335 0 12.1847 26.4779 4.59764 0 15.1742 23.8315 4.63165 0 14.8682 26.4757 1.6763 0 17.7694 24.4138 1.12189 0 17.9514 26.8868 4.16207 0 20.4519 24.4396 3.97434 0 20.7539 26.7956 1.03969 0 23.6924 23.4878 1.8117 0 23.7569 26.6666 4.89131 0 26.5143 23.6585 4.77144 0 26.4093 26.3689 1.48126 
0 1.96384 2.02913 7.18843 0 2.46235 3.84528 10.0382 0 4.22704 1.17405 10.0405 0 4.89664 4.55536 7.0625 0 7.1603 1.277 7.67925 0 6.94045 4.1157 10.4953 0 9.66348 1.30581 10.3748 0 9.18787 3.90418 6.80591 0 12.4963 1.9094 6.77487 0 12.3482 3.90591 9.71849 0 15.6038 1.56371 9.64169 0 15.7452 4.1277 7.06856 0 18.2927 1.32375 7.19994 0 18.0839 4.20006 10.0808 0 21.1982 1.63918 10.3423 0 20.9195 3.90705 7.69537 0 23.7858 1.97159 7.38079 0 23.7013 4.38443 10.0221 0 26.8209 1.88711 9.83491 0 26.5663 4.24057 7.17748 0 1.75493 7.05838 7.48203 0 1.42644 9.9909 9.64332 0 4.54623 6.87612 9.92991 0 4.46441 9.6548 7.46587 0 7.1467 7.10057 6.98737 0 7.27603 10.0519 10.026 0 9.49596 6.61803 9.65078 0 10.2045 9.93824 7.53004 0 12.4809 6.68487 7.50216 0 12.2915 9.17649 9.97391 0 15.3083 6.73046 9.70883 0 15.1013 9.66875 7.66419 0 17.9582 6.96976 7.72004 0 18.0191 9.5956 10.2452 0 20.9433 6.74859 10.4235 0 20.7176 9.67999 7.35353 0 23.5997 6.7391 7.23283 0 23.7945 9.70515 9.65883 0 26.7648 7.22451 9.98165 0 26.4749 9.83877 7.05533 0 1.6973 13.2814 6.88865 0 1.6465 15.4352 9.60371 0 4.09526 12.4536 9.64075 0 4.22723 15.5315 6.29235 0 6.51873 13.0771 7.0727 0 6.36273 15.6807 9.42881 0 9.22618 12.9823 9.89452 0 10.1689 15.6388 6.70073 0 12.5437 12.6526 7.41689 0 12.265 15.6659 9.86886 0 15.5617 12.462 10.0456 0 15.1825 15.8276 7.17557 0 17.9984 12.7885 7.41696 0 17.7871 15.2471 9.79644 0 21.0427 12.13 9.89569 0 20.9322 15.7102 6.88153 0 23.6175 12.3623 7.12135 0 23.6685 15.123 9.25588 0 26.5983 12.6301 9.47713 0 26.5892 16.0099 7.21258 0 1.5348 18.43 6.81259 0 1.63913 21.005 10.0396 0 4.04363 18.3994 9.70274 0 4.47559 21.0331 7.28007 0 7.03352 18.505 7.10188 0 6.99155 21.2327 9.84335 0 9.91261 18.2714 9.76022 0 9.66424 20.93 7.15306 0 12.722 18.3165 7.04275 0 12.5757 21.0125 9.70568 0 15.1315 18.1265 10.0864 0 15.5491 20.9879 6.99571 0 18.1905 17.9214 7.22032 0 17.9493 20.8573 9.8792 0 20.8279 17.84 9.74222 0 20.844 20.5575 7.15478 0 23.4904 18.1073 7.27507 0 23.8522 20.9544 10.0242 0 26.5201 18.6791 9.78026 0 26.7201 20.9069 7.1873 0 1.86392 24.0887 7.08875 0 1.73798 26.3594 10.0677 0 4.30989 23.2431 9.90026 0 4.00869 26.6667 6.91241 0 6.51137 23.9288 6.67358 0 7.03627 25.7751 9.96324 0 9.88737 23.4792 9.53575 0 9.57318 26.385 7.60236 0 12.7307 23.6803 7.08608 0 12.6577 25.9453 9.76826 0 15.3518 23.4638 10.166 0 15.5103 26.6651 7.34195 0 18.6725 23.4176 7.53402 0 18.0385 26.5849 10.0705 0 21.4005 23.9615 10.0889 0 21.0935 26.5784 7.23613 0 23.5294 23.3895 7.23678 0 23.8343 26.4725 9.91904 0 26.8117 23.6228 9.96294 0 26.5782 26.4829 7.45592 
0 1.80083 1.57555 12.8239 0 1.42191 4.07534 15.1768 0 4.26236 0.889491 15.5166 0 4.5671 4.06582 13.0317 0 6.75537 0.817022 12.7648 0 7.31647 3.77757 15.5896 0 9.86144 1.41858 15.3405 0 9.75577 4.02699 12.9178 0 12.4801 1.38744 12.6997 0 12.9571 4.03674 15.0235 0 15.4905 1.26466 15.6803 0 15.8174 4.38016 12.634 0 18.1711 1.60316 13.2627 0 18.0808 4.74252 15.8832 0 21.0717 1.5591 15.5791 0 20.5707 4.25623 12.8521 0 23.7635 1.59493 12.9343 0 23.8257 4.49454 15.2411 0 26.3074 1.96071 15.5091 0 26.1274 4.30104 12.3062 0 1.90677 6.92848 12.7528 0 1.67821 10.3539 15.2774 0 5.06459 6.83096 14.9889 0 4.37013 9.84678 12.5484 0 7.29702 7.40759 12.1876 0 7.11535 9.90962 14.7325 0 10.2809 6.87193 14.9327 0 9.99142 9.60984 12.5266 0 12.8445 6.23514 12.2608 0 12.7597 10.1127 14.9159 0 15.1717 7.30819 15.5165 0 15.2598 9.78136 12.5061 0 18.091 7.03479 12.8072 0 17.8757 9.72742 15.2288 0 20.6868 7.19565 15.661 0 20.6454 9.46538 12.7566 0 24.1054 7.29385 12.7268 0 23.5949 10.1524 15.3541 0 26.6047 6.58725 15.5221 0 27.0228 9.63477 12.5884 0 1.58766 12.7289 12.3244 0 1.36552 15.4545 14.9305 0 4.27125 12.9004 15.2805 0 4.47918 15.7223 12.479 0 6.79494 12.9967 12.3772 0 7.38752 15.2981 15.4487 0 9.76245 12.4561 15.1768 0 9.91459 15.4407 12.6493 0 12.441 12.5574 11.3652 0 12.5542 14.9893 15.5831 0 15.4438 12.4842 15.8043 0 15.5446 14.9587 12.738 0 18.2522 12.532 12.5033 0 18.2495 15.3821 15.1532 0 20.9031 12.6218 15.1784 0 21.2765 15.0739 12.4199 0 23.9209 12.3502 12.241 0 23.6039 14.9161 15.2768 0 26.4449 12.6428 15.234 0 26.7144 15.5948 12.219 0 1.73158 18.1457 12.7627 0 1.19918 20.5047 15.4208 0 4.23225 18.1101 15.7456 0 4.75177 20.5879 12.7037 0 7.25338 17.8675 12.0834 0 7.07467 20.8579 15.9554 0 9.57632 18.0906 15.1269 0 9.87821 21.1093 12.2505 0 12.7633 17.5925 13.2039 0 12.0195 21.1771 15.0084 0 15.3991 17.825 15.7368 0 14.8683 20.7522 12.7224 0 17.6312 18.1045 12.6616 0 18.21 20.3509 15.1945 0 20.9884 17.7403 14.6085 0 20.7648 21.1218 12.4509 0 23.8837 17.8853 12.5307 0 23.8673 20.6995 15.2526 0 26.4032 18.0699 15.0061 0 26.7766 20.9996 12.6013 0 1.40039 23.5753 12.9502 0 1.61203 26.2112 15.5651 0 4.12192 22.6639 15.6742 0 4.10575 25.9412 12.9674 0 7.1778 23.5286 12.7503 0 6.98508 25.8577 15.5344 0 9.64186 23.7797 15.2851 0 10.0884 26.5733 12.5422 0 12.5163 23.994 12.6236 0 12.8916 26.3415 15.4709 0 15.5981 23.3526 15.2641 0 15.2049 26.521 12.582 0 18.3534 24.0294 12.4741 0 18.3849 26.4815 15.5607 0 21.1267 23.591 15.1849 0 21.2623 26.33 12.5036 0 23.8912 23.9697 12.8831 0 23.6602 26.553 15.8108 0 26.463 23.8414 15.9023 0 26.5941 26.6189 13.2193 
0 1.65718 1.9417 17.9315 0 1.53237 4.29801 20.8807 0 4.41591 1.15595 20.5877 0 4.7155 4.59447 17.7036 0 7.20917 1.20322 17.988 0 7.15391 4.12121 20.8343 0 9.67964 1.18971 20.3808 0 10.0505 4.38456 17.9678 0 12.5727 0.898301 18.0088 0 12.5455 3.7424 20.8636 0 15.2307 1.47193 20.784 0 15.2015 4.01162 17.7953 0 18.3362 1.97774 18.1226 0 18.2724 4.44097 20.7537 0 21.1066 1.8989 20.6878 0 21.1693 4.48486 17.9593 0 23.4499 1.47957 18.1344 0 23.4185 4.66518 20.8739 0 26.6542 1.79477 20.9331 0 26.645 4.13871 18.2894 0 1.28351 7.06961 18.4213 0 1.10862 9.89632 20.8614 0 4.54093 7.25323 21.1384 0 4.34338 9.73347 17.6916 0 7.32066 6.78556 17.794 0 6.51948 10.3052 20.8128 0 9.30144 7.06935 20.8942 0 9.5013 9.56215 17.6505 0 12.3447 6.98464 18.0189 0 12.47 9.81205 20.6421 0 15.4598 6.66778 20.7432 0 15.4021 9.79379 18.2123 0 18.0473 7.26467 17.8988 0 18.4424 9.82378 20.2547 0 20.8615 6.86055 20.3834 0 21.3106 10.245 18.1409 0 23.5435 7.32919 18.1854 0 23.7312 10.0184 20.7767 0 25.9185 7.34063 21.4276 0 26.515 9.84162 18.3499 0 0.687553 12.7932 17.9836 0 1.35502 15.448 21.0503 0 4.15743 12.9892 20.8612 0 4.06451 15.6435 18.5407 0 6.63842 12.2488 17.8406 0 7.24887 15.7447 20.7417 0 10.3901 13.0125 21.3952 0 9.73587 15.3821 18.1638 0 12.8485 12.4489 18.1632 0 12.8264 15.1677 21.0374 0 15.4347 12.12 20.816 0 15.4406 14.9825 18.3701 0 18.5204 12.8425 18.0532 0 18.5634 15.6605 20.6374 0 20.7901 12.9394 20.829 0 21.0879 15.787 17.6336 0 23.8406 12.8632 18.211 0 23.461 15.8561 20.6505 0 26.1931 12.6707 20.8509 0 26.4892 15.8367 17.9378 0 1.46994 18.2247 18.0468 0 1.26818 20.8094 20.9596 0 4.23901 17.8801 21.1264 0 4.36273 20.6405 18.8423 0 7.16574 18.4562 18.6193 0 7.64024 20.8587 21.5101 0 10.0183 18.0761 21.1796 0 10.1014 20.5797 18.0357 0 12.4292 18.1929 17.9596 0 12.66 20.7378 20.8712 0 15.5533 18.5487 20.9266 0 15.1762 20.5475 18.0695 0 18.0776 17.944 17.8295 0 18.4377 21.0444 21.0388 0 20.7916 18.3752 20.4275 0 21.1657 20.6168 17.6749 0 23.9076 17.9151 17.6661 0 23.352 20.7676 20.73 0 26.5136 17.98 20.7034 0 26.0656 20.968 17.9238 0 1.46374 23.3931 18.2349 0 1.58678 26.0692 21.0581 0 4.5227 23.8229 20.8804 0 4.09161 26.0112 18.3344 0 7.3167 23.5617 18.5446 0 7.10649 26.3185 20.7278 0 10.0718 23.7446 21.1818 0 10.1186 25.678 18.13 0 12.5107 23.2012 18.1417 0 12.7447 26.1153 20.7332 0 15.4605 23.1117 20.6411 0 15.5658 26.1132 18.1598 0 18.1237 23.364 17.8158 0 18.1871 26.3301 21.0647 0 20.7972 23.7617 20.4181 0 20.9338 26.7273 18.4078 0 23.734 23.8403 18.2814 0 23.8002 26.789 20.6102 0 26.4477 23.8728 20.5889 0 26.5728 26.8607 18.5029 
0 1.59298 0.834273 23.5302 0 1.69653 4.49255 26.0444 0 4.42506 1.47524 26.0859 0 4.38154 3.94302 23.2805 0 7.57756 1.67046 23.6453 0 6.85005 4.48934 26.0387 0 10.1374 1.8759 26.3234 0 9.80159 4.50645 23.7083 0 12.5854 1.39376 23.6553 0 12.7129 4.15277 26.2906 0 15.4604 1.53818 26.407 0 15.1602 3.90827 23.7216 0 18.0851 1.74532 23.4384 0 17.9099 4.45761 26.7642 0 20.719 1.72084 26.4616 0 20.3958 4.81658 23.6681 0 23.6157 1.98934 23.7528 0 23.5832 3.97043 27.1477 0 26.4696 1.85888 26.0962 0 26.5526 4.46412 23.5523 0 1.45691 7.07297 23.4182 0 0.990767 9.9741 26.7224 0 4.20156 7.31884 26.2326 0 4.23553 10.5469 23.8925 0 7.20346 8.00493 23.5104 0 7.03639 10.0466 26.4004 0 9.73074 7.49261 26.1948 0 10.0164 10.2225 23.8329 0 12.6707 6.92079 23.6283 0 12.5347 10.1881 26.4654 0 15.3381 6.90517 26.0989 0 15.268 9.56286 23.7567 0 18.13 7.49331 22.9615 0 18.211 9.54125 26.4699 0 20.9059 6.76849 26.7806 0 20.8535 9.72938 23.9313 0 23.1785 7.01486 23.6577 0 23.8366 9.95711 26.667 0 26.3896 7.11662 26.6872 0 26.3183 9.89522 23.9612 0 1.29662 12.664 23.8723 0 1.53536 15.3736 26.6761 0 4.23288 12.8817 27.0058 0 4.45405 14.8248 23.79 0 7.35381 12.7566 23.1872 0 7.29132 15.3113 26.6123 0 10.1333 12.7108 26.729 0 9.96139 15.5122 24.1515 0 13.108 12.6937 24.1171 0 13.1186 15.7051 26.212 0 15.3677 12.2363 26.9789 0 15.4738 15.3787 23.4564 0 18.0925 12.2559 23.4266 0 18.1207 15.5386 26.0421 0 20.9935 12.6061 26.7987 0 20.8955 15.0149 23.7673 0 23.8195 12.2315 24.0186 0 23.796 15.3976 26.2082 0 26.4568 13.0438 26.5547 0 26.712 15.6447 23.6252 0 1.53702 18.3785 23.7787 0 1.56357 21.105 26.467 0 4.48387 18.0061 25.9194 0 4.83044 20.7841 23.8228 0 7.04946 17.8272 23.6041 0 7.6751 21.4178 26.3824 0 9.50963 18.4906 26.1865 0 10.5118 20.9065 23.8197 0 12.6304 18.0333 23.545 0 12.388 20.9043 26.5549 0 15.7949 18.2867 26.393 0 15.3028 21.0289 23.6572 0 18.499 18.0009 23.3452 0 18.282 20.8319 25.9249 0 21.0023 18.0271 26.4071 0 21.2081 20.832 23.8925 0 23.5419 18.1883 23.1864 0 23.3964 20.6903 27.0579 0 26.3083 18.6075 25.776 0 26.0417 20.7673 23.2954 0 1.04447 23.6631 24.1114 0 1.26438 26.4292 26.3524 0 4.04648 23.6215 26.2273 0 4.60929 26.5605 23.6186 0 7.56425 23.9033 23.6683 0 7.35345 26.8804 26.2584 0 10.1307 24.1858 26.6008 0 9.87877 26.4789 23.7087 0 12.6126 23.8232 24.0108 0 12.7579 26.6069 26.3948 0 15.3608 23.5683 26.2257 0 15.0903 26.5389 23.3737 0 17.9761 24.1184 23.5774 0 17.9791 26.7437 25.8313 0 20.4529 23.7641 26.3994 0 21.2053 26.9234 23.7585 0 23.4101 23.768 23.1366 0 23.6551 25.7664 26.6326 0 26.2346 23.3104 26.81 0 26.396 26.3981 23.4169 

-0.681529 1.87342 0.509923 0.90377 0.995404 0.123982 0.439996 0.205561 0.32817 1.10596 -0.0335644 -0.865378 -0.454673 0.438924 0.81133 0.367728 0.482381 0.412548 1.52106 0.680155 -1.48489 1.03214 1.08753 -0.474796 -2.38955 0.144141 -3.12642 -1.14357 2.28637 -1.12223 -0.989734 1.06556 -1.25154 0.613938 -1.53892 2.59678 1.92845 0.37559 -1.08523 -0.20048 1.22135 -0.883881 0.0774387 0.0406047 0.591167 -0.314168 0.0289625 -0.0650214 0.0891045 1.88601 -0.395471 1.31189 2.39926 -0.381635 0.394624 -1.0917 -1.16651 -2.20612 1.32787 0.622875 0.567318 -1.39004 0.848412 -0.282344 0.354055 0.110273 1.25383 1.13953 -1.57309 0.863375 -0.234181 -3.08847 -2.24183 0.553069 1.7751 0.113344 -1.05053 -1.12751 -1.80564 -0.64207 -3.80321 2.22614 -0.261001 0.625841 0.568555 -1.08142 -0.580469 0.390973 -1.42205 -1.43506 0.805015 0.323908 -0.461833 1.83279 0.41041 -1.63672 1.45743 0.346042 -2.63259 -0.834979 -2.58778 0.408456 -1.19564 1.45933 -1.65788 -0.676496 -0.688029 0.911847 -1.058 -1.11508 0.979822 0.815217 -1.23081 -0.76759 0.209171 0.123142 -0.439818 -0.843827 -0.350199 1.65442 0.0981126 2.32516 -0.543389 1.76466 0.463957 -0.628756 -0.0251154 0.780037 0.810306 0.548478 -0.848588 0.185612 -2.6654 -1.06234 1.17908 -2.065 -1.26567 0.446623 -0.433062 -1.42376 -1.1348 -0.366427 1.32106 -0.069398 0.181833 -0.713205 -0.867968 2.38856 1.07654 -0.467386 -0.367101 0.167821 -0.198721 -0.625655 0.117687 0.880471 1.11382 -0.445939 0.100787 -2.08906 -0.176387 0.312114 -0.651009 1.55681 -1.21866 1.60939 -1.87256 1.79285 -1.05964 -0.877803 -1.36244 -0.248856 -0.142827 -0.351792 -0.659954 0.0572781 -1.07961 2.11201 1.50194 -0.157691 -1.32207 0.901202 0.185755 1.35494 -0.171338 -0.991214 0.213147 1.20997 -0.200457 -3.02458 -0.598258 -1.79085 -0.962633 2.17114 0.274698 -0.92075 0.217603 -0.597362 -0.426908 -1.47949 0.246521 3.05808 1.37472 1.46477 0.431097 1.22716 -0.608508 -0.922239 -1.76601 -1.00794 -2.24568 -2.05065 -1.83621 -1.65764 0.900783 -1.0778 0.0255883 0.32207 -0.0222541 1.05989 0.290345 -0.422799 1.70863 -0.150713 0.724752 -2.82366 -0.292807 0.510815 -1.12831 0.0358288 1.05968 -1.20622 2.09612 2.46795 1.48325 -0.108277 -0.930804 -0.386219 0.919142 0.136489 -0.946762 -0.884307 1.12374 2.1643 -0.544335 2.0974 1.75558 0.397448 0.16982 -0.632859 -0.39516 0.136658 1.4582 -0.157793 2.08245 0.704608 -1.72654 -0.0189026 -0.320024 -1.74371 -1.23561 1.00566 0.515993 -0.925406 1.8568 0.329238 -0.0907164 -2.81448 -0.476692 3.41037 0.917577 -1.50177 -2.85723 -1.74952 0.0336834 0.49834 -0.301129 0.582347 0.665115 0.794334 -0.959473 2.22797 1.53703 0.095692 -1.37822 -0.145594 2.00884 -0.689644 -1.59644 0.563466 -0.825109 0.25169 -0.569159 0.671396 -0.0134761 -2.18541 0.0729935 -0.401082 -1.29771 -0.595197 
0.231605 1.24464 0.475735 -3.12184 -1.63361 -2.52687 0.412989 0.906161 0.0367159 -0.327942 -0.972274 -0.308652 -0.373449 -1.00978 -0.0570018 -2.98613 -2.42612 -0.163483 -1.19184 -1.68497 1.40167 -1.40599 -2.0328 -1.57135 0.322025 -1.20866 -1.21151 0.0803905 0.570506 -0.297937 -1.51164 0.276555 -1.03347 0.482186 1.13059 -0.69237 -0.356451 -0.488998 -1.17782 1.91006 -0.681913 0.442632 2.25739 2.2984 0.968751 0.0627829 0.456294 -1.02432 2.36995 0.725499 -1.58948 1.11943 0.725283 -1.168 -0.00189134 0.233803 1.44093 -0.901668 -0.713433 -0.48724 -0.329052 -0.752642 0.580543 0.999788 1.80063 0.491664 -1.16221 -1.22868 1.61143 2.49945 -0.338022 1.60712 0.959455 -1.29473 0.550447 -0.594896 -0.124657 -1.03811 2.38951 -1.5535 -2.22584 -0.908637 -0.551213 -2.3752 -3.1938 1.77165 0.969298 -0.0305216 1.80745 0.334743 -0.418802 -1.20666 -0.44416 0.82681 -0.486894 0.343924 1.42534 -1.89906 0.117138 0.570669 3.05501 2.59178 -1.02606 -0.828705 1.33751 0.791445 0.763855 0.450034 1.23906 1.61959 1.54411 -2.25263 0.108568 -0.815724 -1.3611 0.690504 0.403648 0.00696186 0.0550512 -0.630151 2.29093 0.405004 0.0735249 1.29095 -1.31203 0.626302 0.497398 -1.39954 0.38039 1.0915 -0.469733 -2.20808 -1.33992 -0.344094 -0.0657248 1.69604 0.761266 0.215971 -0.984207 -1.37328 1.08723 -1.35841 -0.718903 -0.620648 -1.6385 -1.06302 0.879766 0.473416 0.438787 1.97008 -1.01366 0.899472 -0.172808 -1.11738 3.30234 -0.790779 0.850532 2.18217 1.50792 -0.0604157 -1.39996 0.515193 -0.253036 1.65474 -0.291243 0.097237 -0.419874 1.23183 -0.62722 -0.755797 -1.35881 -1.59516 -0.998857 -1.75203 -1.45883 0.889182 1.00302 0.430202 -0.683453 -1.53938 0.214808 3.65851 2.21616 -0.304729 -1.05006 -1.39587 -0.159983 0.0895422 1.09545 2.0909 -1.86356 0.121235 0.714173 0.315006 -2.54485 -1.63882 -0.547744 0.713938 -1.50041 -0.0182036 0.171281 1.90974 -0.196892 1.88832 -0.694917 0.665573 1.05016 0.625246 -0.105984 -2.24582 -1.16517 0.781973 -0.263686 -1.3646 -1.23676 2.94034 0.400572 0.221651 2.01519 -2.56581 -0.454385 1.72801 -1.19658 -1.02572 0.588649 1.22831 0.395201 -1.00949 0.791448 -0.164381 -0.948023 -0.395477 -2.27182 -0.6339 -0.836919 -0.0810071 -0.64223 0.139842 -1.32337 -0.942774 -1.28831 -0.466117 2.9659 0.389747 -0.0775736 0.757228 -1.76256 0.572063 -0.273124 -1.39422 -2.44568 0.057016 0.0495374 -1.75921 -0.92903 1.89727 -0.778615 -3.05325 -1.9519 -0.995586 0.593494 1.50841 1.85934 1.08144 0.727197 0.097727 0.591789 -0.156351 0.064448 -0.387422 -0.261804 -0.856875 0.910791 0.0580163 -0.663582 -0.817042 -0.646219 0.973321 1.49964 2.51164 -0.711814 0.427672 -1.85966 -2.09509 1.67236 0.173193 0.823319 1.2132 -0.638207 -0.0149689 1.92287 -0.405475 1.19083 0.943918 -0.890023 0.466867 0.100715 1.35162 2.58705 -0.0569785 
0.329466 0.944526 -1.01586 0.187299 1.40235 -0.406698 -1.56282 -1.52622 1.9218 1.4918 0.106976 -1.04731 2.51662 -1.68702 -0.615459 -2.91777 -0.0128566 0.217593 0.0405891 0.324461 -3.20774 2.04364 1.81757 -2.62527 -1.47176 0.425343 -2.23381 -1.25664 1.10503 0.782594 -0.461466 -1.33799 0.742793 0.592895 0.517992 0.743972 -0.186957 1.90298 0.368459 0.41545 -0.0279075 -1.36096 0.0178966 -0.153147 1.23261 1.49432 -0.0784951 1.3933 0.781042 0.645143 0.110414 0.335479 -1.28151 0.554987 -0.15007 0.783186 0.956555 2.05509 -0.742957 -0.295201 0.789839 -0.707221 0.0131838 1.46203 -0.776365 0.756409 -2.20954 -0.918507 1.6377 1.05073 -0.0124346 -1.41933 -0.0360757 0.970662 -0.653816 -2.43132 -1.84707 -0.0422 0.925619 -1.70705 -0.287017 -0.151431 -0.432073 -0.364369 1.58054 -0.352066 -0.224523 0.0620455 0.694959 3.32591 -0.116607 -2.10248 0.772887 -1.47205 1.48852 0.520179 1.3317 2.74199 0.62283 2.41388 0.714248 -1.29435 -1.41504 0.472369 -0.237772 -0.903025 -0.712357 -2.01795 -1.03197 -0.17115 0.201372 2.97502 -0.33 -0.912192 -1.67112 2.62104 -1.37242 0.6016 1.01334 1.0124 -0.083812 -0.227796 -2.0181 -1.7794 -2.01226 2.61414 -0.963159 -1.57811 1.73284 0.737337 -1.35405 -0.813292 -1.11678 -0.298916 0.615691 -0.902218 0.0310337 -1.3673 -0.361223 -1.77878 -1.1809 1.0433 0.457262 0.139122 1.04182 -2.03656 -1.706 0.763792 -0.0509763 -2.43072 -0.23078 0.538064 0.0565922 2.41805 -0.760285 -1.05067 -0.696518 -0.0602028 -0.0454721 1.75452 0.504261 1.61494 -3.02863 -0.590248 1.48253 0.611699 0.489374 0.00326661 0.979241 -0.895885 0.227276 -1.00215 0.99199 0.540686 -1.30093 0.110589 0.277986 1.74148 0.239158 1.11935 -0.333097 -0.174344 1.83169 -0.519285 -0.478223 0.155185 1.10641 -2.08254 0.207715 1.2962 -0.461439 0.0487679 0.986806 -0.178591 1.04395 0.645589 -0.9517 0.580184 2.06113 -2.527 -1.22026 0.00633969 0.960008 1.35447 1.6869 -0.391728 1.55385 1.30254 -0.0246738 1.5693 1.38576 -0.359293 -0.554149 -1.38966 0.158142 2.07289 0.467477 -3.05243 -2.28863 0.651006 0.0912269 -2.24332 1.3059 -0.378604 0.298516 -0.616186 -1.13909 -0.40535 -0.738146 1.05093 1.90409 -3.38338 0.432752 1.21213 -0.114267 -1.02331 1.20366 -1.65304 1.04296 -1.40828 0.580099 2.98233 0.553524 -0.22833 -0.136242 1.22354 0.703668 0.800915 0.878642 0.905632 -1.68798 -0.0684454 -1.74545 0.338906 -0.244355 -1.77149 -0.58662 -0.631283 0.905811 0.61658 -0.149585 0.213993 0.767121 1.08685 -0.403353 -1.71469 -2.09104 -0.371278 -1.9713 -1.94561 -0.402828 0.179551 0.333094 1.58745 0.40459 -1.12872 -1.91345 -0.609564 0.508873 -0.236881 -0.529911 -1.16411 0.408976 -0.210851 2.54606 0.109851 -1.07014 1.21363 -0.0412073 0.457074 0.0158725 -2.3496 -3.0337 -1.8861 0.463958 -1.81038 3.11982 -1.22233 -1.0797 -1.26592 
-1.12392 -2.56434 -1.18282 -0.608993 2.4743 1.90353 1.81618 0.162362 1.28175 -1.94211 -0.445655 1.18061 -1.18621 -1.07488 0.821018 -0.954085 -1.07119 -1.31293 -0.985893 0.636446 -1.8366 1.53748 0.995378 1.33023 0.0171136 1.09805 -1.10961 -0.936371 2.55155 0.28357 -0.0111344 2.05393 1.21173 -0.423767 1.44135 1.74274 1.1539 0.0378842 1.77602 0.354754 1.7087 2.30842 -0.977768 1.78414 1.45788 -0.945767 -0.622054 -2.04908 -1.1309 0.225057 0.00732633 1.17853 0.338513 1.70485 0.949026 -0.592806 -0.722031 -0.773781 -1.8414 -0.57778 -0.998026 1.63407 -0.282226 1.09077 1.14959 -0.778979 0.0557689 1.24412 1.40202 -2.1257 0.181458 0.454133 0.647325 -1.14252 1.52764 -0.189196 1.62557 2.0139 2.24377 0.469228 -1.2791 0.855753 -0.6442 -1.30868 -1.89557 -0.926422 -0.0906692 2.15469 0.304903 3.05336 0.155226 -0.17083 1.75788 1.86942 0.497864 1.50035 1.74231 -0.941647 0.273358 -0.390289 -2.2604 -0.642244 -1.21844 0.132664 -2.02503 0.967142 -1.42722 0.193697 0.833603 2.21579 0.964332 1.52681 -0.662561 0.157434 0.924538 1.87369 -0.213925 -2.92615 1.2923 0.942245 3.11993 0.991171 -2.25287 -1.73844 1.60484 -1.51332 0.810685 -0.508657 -0.261756 -0.187908 -1.74115 -2.81938 2.09565 1.96054 -0.16555 -0.89682 -0.4854 -3.82377 -0.0832649 0.00837322 0.0138195 0.113189 1.77438 0.846759 -0.0368878 0.203287 1.60673 -1.92032 -0.434215 1.01812 0.994936 -0.144226 -1.0205 1.02501 0.902175 0.390111 0.0119206 0.0450905 1.41767 0.886284 0.636014 -0.149137 -0.237858 -1.25412 0.410108 0.322652 0.081304 -1.51847 0.48733 -0.832266 0.431451 -0.769988 0.207339 0.32158 -0.205441 -0.0177218 1.61547 -1.08905 0.290504 1.7412 0.409701 0.217764 1.06113 -1.25212 -1.85542 1.33541 -1.4563 -0.029908 1.52516 -0.0472997 0.916873 -0.381612 -1.45599 -0.0274797 -0.710784 1.551 -0.878171 -1.09247 0.970511 1.15305 -0.533422 -0.798344 0.120742 -0.909124 0.710605 -1.42938 0.464313 0.656625 1.56396 0.224189 0.117604 1.83705 -1.02386 -0.450678 -0.416618 0.295381 1.62135 0.671648 0.913223 0.425379 1.02616 1.3643 -1.9495 -0.254457 -1.45012 -1.2858 0.780661 -0.465046 0.618928 -0.294993 -0.888864 -0.648691 -0.237864 -1.18369 -0.99335 2.01085 1.08522 -0.144677 1.78283 1.17847 -2.33961 0.575804 0.563385 -0.513688 0.789923 -2.24971 -1.36314 -2.27219 -0.504367 -1.93289 0.602391 -0.867787 -0.523287 0.550189 -3.25363 -0.640067 -2.8945 -0.181943 0.151637 -0.40379 -0.715082 1.40518 1.63737 -1.39332 -2.52956 2.28537 -0.307479 0.9693 -2.05115 -1.60849 -0.0376701 1.28871 1.06438 -0.00805621 -1.7214 -0.858841 -1.912 0.881071 -1.99541 3.54124 1.55209 -0.636739 -1.72292 -2.00942 0.0802601 -0.230412 -0.965896 0.288446 -0.157308 -0.913085 0.543937 -1.62661 2.66327 0.117315 -1.21807 1.90473 0.732698 -1.4253 -2.46045 1.59669 
0.901238 0.326231 1.10431 1.86627 0.00251606 -0.408841 1.7943 -0.291325 -0.571597 1.8432 1.80742 2.94809 1.85769 -0.142572 2.34893 1.18788 -2.03482 -0.0760928 -2.03851 -1.17394 -0.594578 0.8439 -1.03287 -0.683214 0.911089 2.73011 1.31623 -0.978668 0.82329 0.442692 -0.720959 0.409534 -0.0914121 -0.969718 1.61973 -0.450177 0.0435028 1.28657 1.46755 2.45079 -1.99251 1.78104 1.32427 1.31698 -0.117714 0.218526 1.40251 0.163996 1.29503 -0.71436 -0.538148 0.327807 0.523994 0.878601 -1.58364 -2.03621 -0.0816023 2.22676 -0.187022 0.814807 0.796705 2.24251 -2.20432 2.71054 1.8264 -0.40978 -0.538871 -0.20164 0.73618 1.85131 1.47438 -0.520493 -0.465713 -0.0688356 -1.42325 0.474321 2.03194 1.15292 -0.822077 0.647947 -0.144492 -0.0641178 0.543792 -0.869153 0.171497 2.18683 0.325651 0.933401 -0.759841 0.0806732 0.167039 -1.68729 -1.53394 -0.32127 -1.47193 2.45837 0.0908288 -2.34304 0.0508882 2.53507 -0.100022 0.569126 0.0906995 -0.520349 -0.377038 -0.873983 -1.06077 0.560639 1.4239 0.339154 0.510829 2.07511 -1.67737 -1.90469 -0.869919 -1.10399 1.80801 -0.521517 1.75743 0.155923 2.63913 -0.992613 2.40525 0.0443663 1.29991 1.1311 -0.619961 1.2375 0.0433735 0.308698 -0.337192 0.251689 1.20099 -1.31715 -1.7355 -1.0624 0.35689 -2.10395 -0.978783 -0.067123 -0.335813 -0.463402 -0.461139 -0.0986499 -0.949636 -0.671073 1.72319 0.263969 0.176862 -2.34818 -0.282374 1.32058 -0.754198 0.0741972 -0.545578 -1.78003 -1.09657 -0.305176 0.41563 -0.895438 0.788099 1.44187 0.725355 -1.03083 0.028496 -0.273854 0.680861 1.36835 -0.601872 0.932085 0.472767 3.37678 0.408332 -0.499156 -2.35955 0.744585 -1.26725 0.52176 0.0446838 0.626789 -1.52052 -0.925571 0.562855 -0.414261 1.65524 -0.109953 0.856382 -1.87157 -0.717246 -2.63282 0.96284 -1.02972 2.58527 -0.648948 -2.10854 -0.609256 -2.32526 0.56121 1.30295 1.2216 -0.0360658 -0.927987 1.22808 0.770175 0.207512 -0.756648 -1.51399 0.992301 0.819239 0.833066 -0.983495 -0.229395 0.39861 0.138559 0.5367 -1.09291 0.111313 -2.36932 -1.80325 0.532813 1.80058 1.98861 1.7476 -0.0571444 1.78802 -0.390113 -1.55506 -0.936772 0.725305 -0.0559807 0.184782 -2.6995 -0.531983 0.572253 -0.301724 0.322393 -2.66151 -1.19539 -0.0106092 3.93703 1.2785 -0.473533 0.0251308 2.62832 1.22576 -1.03572 0.139237 0.437057 -0.651594 -1.63291 1.11768 -0.308747 -0.524226 0.00829789 -1.49142 0.767626 0.32105 0.470182 -0.202182 1.0027 -1.37282 -1.88475 1.96524 -1.76202 0.777124 0.0356559 -1.50134 0.337469 1.00441 0.785181 -1.22255 -1.15248 0.155686 -1.14575 -0.17096 2.84665 1.81641 0.667599 1.05243 1.08936 1.88283 -0.708342 0.136745 -0.680095 0.540745 1.37216 -1.07453 -0.709121 0.649494 -0.0429101 -2.61518 0.765321 0.194128 1.01257 -2.5336 -1.34613 -1.73351 -0.331095 -2.40713 0.285918 
