500 1.001
28.1114 28.1114 28.1114 
14 14 14 
1 1 1 1 1 1 1 1 1 1 1 1 1 1 1 1 1 1 1 1 1 1 1 1 1 1 1 1 1 1 1 1 1 1 1 1 1 1 1 1 1 1 1 1 1 1 1 1 1 1 1 1 1 1 1 1 1 1 1 1 1 1 1 1 1 1 1 1 1 1 1 1 1 1 1 1 1 1 1 1 1 1 1 1 1 1 1 1 1 1 1 1 1 1 1 1 1 1 1 1 
1 1 1 1 1 1 1 1 1 1 1 1 1 1 1 1 1 1 1 1 1 1 1 1 1 1 1 1 1 1 1 1 1 1 1 1 1 1 1 1 1 1 1 1 1 1 1 1 1 1 1 1 1 1 1 1 1 1 1 1 1 1 1 1 1 1 1 1 1 1 1 1 1 1 1 1 1 1 1 1 1 1 1 1 1 1 1 1 1 1 1 1 1 1 1 1 1 1 1 1 
1 1 1 1 1 1 1 1 1 1 1 1 1 1 1 1 1 1 1 1 1 1 1 1 1 1 1 1 1 1 1 1 1 1 1 1 1 1 1 1 1 1 1 1 1 1 1 1 1 1 1 1 1 1 1 1 1 1 1 1 1 1 1 1 1 1 1 1 1 1 1 1 1 1 1 1 1 1 1 1 1 1 1 1 1 1 1 1 1 1 1 1 1 1 1 1 1 1 1 1 
1 1 1 1 1 1 1 1 1 1 1 1 1 1 1 1 1 1 1 1 1 1 1 1 1 1 1 1 1 1 1 1 1 1 1 1 1 1 1 1 1 1 1 1 1 1 1 1 1 1 1 1 1 1 1 1 1 1 1 1 1 1 1 1 1 1 1 1 1 1 1 1 1 1 1 1 1 1 1 1 1 1 1 1 1 1 1 1 1 1 1 1 1 1 1 1 1 1 1 1 
1 1 1 1 1 1 1 1 1 1 1 1 1 1 1 1 1 1 1 1 1 1 1 1 1 1 1 1 1 1 1 1 1 1 1 1 1 1 1 1 1 1 1 1 1 1 1 1 1 1 1 1 1 1 1 1 1 1 1 1 1 1 1 1 1 1 1 1 1 1 1 1 1 1 1 1 1 1 1 1 1 1 1 1 1 1 1 1 1 1 1 1 1 1 1 1 1 1 1 1 

0 1.50695 0.813818 1.33335 0 1.92951 3.55785 3.54778 0 4.55885 0.990378 4.07269 0 3.84044 3.75943 0.589356 0 7.06661 1.47971 1.78298 0 6.71739 4.53511 4.49851 0 9.6121 1.79092 4.12083 0 9.89002 5.12011 1.76029 0 13.2203 1.50206 1.25043 0 12.9868 4.52295 3.44589 0 15.5184 1.98444 4.56286 0 15.7481 4.72962 1.4394 0 18.92 1.64578 1.81947 0 18.1466 4.78848 4.09696 0 20.6897 1.29174 5.05894 0 20.8561 4.29098 1.55198 0 25.0123 1.81547 1.1574 0 23.6857 4.32191 4.12361 0 27.2976 0.706514 4.27856 0 26.1746 4.97448 1.52895 0 1.42435 6.78172 1.3706 0 1.30828 9.35424 3.96752 0 3.71065 6.81928 3.99835 0 3.15977 10.3531 0.880285 0 6.29919 7.0326 1.34705 0 6.95277 11.2619 4.74517 0 8.47703 8.37363 3.93068 0 9.61298 9.88392 0.862586 0 12.2287 7.58748 1.15621 0 11.9293 9.94368 4.32438 0 14.6354 7.58533 4.0545 0 15.5443 9.85922 0.990986 0 18.4922 7.639 1.3572 0 17.8077 9.74015 4.31633 0 21.0089 7.0771 4.36532 0 21.123 10.0573 1.33847 0 23.7053 7.41317 1.67928 0 23.9445 9.84747 4.3947 0 26.2628 7.08266 4.51245 0 26.7375 9.77711 1.55829 0 1.26231 13.1305 0.785472 0 1.04704 15.9337 3.90165 0 3.61223 13.2766 3.56669 0 4.57461 15.0876 0.482431 0 6.58385 12.1938 0.891755 0 6.75064 14.8727 3.11936 0 9.75044 12.9359 4.61058 0 9.68583 15.0422 0.559786 0 12.4127 12.2148 1.62821 0 12.7991 15.1819 3.95958 0 15.6722 12.5149 4.41598 0 15.1328 14.7249 1.02766 0 18.306 12.4331 1.63375 0 18.5992 15.2515 4.23554 0 20.8902 12.7389 4.88741 0 21.3332 15.5108 2.02744 0 23.7656 12.7631 1.98874 0 23.9344 15.4581 4.73763 0 26.7467 12.4096 4.32878 0 26.2507 15.5186 1.14227 0 1.12589 18.5031 1.20594 0 1.30392 21.1989 4.0415 0 4.67157 17.9692 3.37216 0 3.97749 20.5202 1.00649 0 7.023 18.21 0.767168 0 7.78475 20.5043 3.80481 0 9.54607 17.3926 3.64582 0 9.82301 20.8121 0.631079 0 13.0995 17.8251 1.17342 0 12.8592 20.7016 4.38985 0 15.4554 18.0409 4.58553 0 15.1609 21.1083 1.39022 0 17.3465 17.4616 1.84569 0 18.018 20.3695 3.934 0 20.4849 18.1818 4.46843 0 20.7616 20.665 1.26033 0 23.8172 18.5103 1.89517 0 24.0002 21.8301 4.31693 0 27.0097 18.5442 4.24644 0 26.8386 21.4631 1.44442 0 1.208 24.3539 0.891113 0 1.99438 26.0773 3.98667 0 4.70474 23.0298 3.79178 0 4.37591 26.1671 1.34351 0 7.56916 23.7718 1.50574 0 7.6136 26.5917 4.26943 0 9.79138 23.4297 4.24927 0 10.3657 26.7401 1.75869 0 12.5402 23.6048 1.83905 0 12.9539 27.063 4.23833 0 15.1912 23.494 4.35749 0 16.028 26.9537 2.38495 0 18.3466 23.4801 1.63326 0 19.4395 26.5347 3.26228 0 20.794 23.2261 3.7189 0 21.9768 28.044 0.847169 0 22.8263 23.5304 0.7512 0 23.4809 25.6325 3.99329 0 27.0893 23.8705 4.158 0 25.8919 26.3019 1.41405 
0 1.64957 0.593901 7.41741 0 1.17926 3.2172 10.0531 0 4.16285 0.570196 10.0059 0 3.71587 3.26404 6.64021 0 6.61225 1.18435 6.96844 0 6.48223 3.88204 9.93133 0 9.39726 1.17761 10.1642 0 9.19913 3.63654 7.18184 0 12.3998 1.25961 6.79362 0 12.8528 3.6166 9.56046 0 15.684 0.578628 9.62166 0 15.7321 4.14463 7.0424 0 18.0473 1.3977 7.14942 0 18.7154 4.20424 9.78981 0 20.8983 1.22587 9.53746 0 21.1068 4.09887 7.13297 0 23.7644 1.06546 6.42887 0 24.2665 3.76711 9.50794 0 26.6017 0.683624 9.7561 0 26.7964 3.47161 6.53881 0 1.13606 6.12816 6.47882 0 0.825423 10.0512 10.4956 0 3.17332 7.12539 9.49003 0 4.42468 10.2162 7.02858 0 6.41866 7.03799 7.72615 0 6.44011 10.1161 10.0197 0 9.65556 6.98072 9.74033 0 9.47484 10.0884 7.24638 0 12.3047 6.31673 7.28567 0 12.342 9.04336 9.62345 0 15.5532 6.72604 9.75895 0 14.3304 9.89864 7.03674 0 18.2163 7.20455 6.56168 0 18.3934 9.44439 9.85869 0 21.5009 7.05073 10.0914 0 21.0486 9.81726 7.11368 0 23.6826 6.63487 6.99929 0 24.1106 9.90255 9.93911 0 26.4437 6.95169 9.31725 0 26.1058 9.68038 7.07056 0 1.10633 12.0289 6.96234 0 1.37848 15.905 9.88034 0 3.56382 12.6418 9.59044 0 3.66341 14.9883 6.46032 0 6.84308 13.1677 7.91429 0 6.62141 15.7911 11.0428 0 9.62716 12.3853 10.384 0 9.51426 15.4197 8.29398 0 12.1507 12.4403 7.55252 0 12.4362 14.9685 10.3853 0 14.8986 12.0568 9.69459 0 15.0686 15.1807 6.7902 0 17.8203 11.8524 7.50551 0 18.0414 14.8217 9.30969 0 21.3552 12.0363 9.70302 0 20.7895 15.2409 7.26321 0 24.0552 12.3011 6.96331 0 24.1037 15.4678 9.29599 0 27.0672 12.8605 9.93684 0 27.0503 15.1526 6.6332 0 1.65385 17.7262 6.72134 0 0.727345 21.5324 10.9674 0 3.801 18.525 10.5158 0 3.7645 21.3254 6.89778 0 6.83002 17.7762 6.18196 0 6.56032 21.1987 9.63103 0 9.27144 18.4988 10.0586 0 9.33689 20.458 7.31729 0 12.0151 18.0993 7.20999 0 13.1162 20.8297 9.75085 0 14.9539 17.6006 9.77531 0 15.8639 20.7921 6.95909 0 18.0005 18.0258 7.61167 0 18.6289 20.8995 10.0499 0 21.1464 18.6337 9.34851 0 21.1558 21.4118 6.89604 0 24.6286 19.0506 7.2721 0 24.3648 21.1871 10.6698 0 26.7268 18.6441 10.7177 0 27.8376 20.5763 7.3952 0 1.55822 23.7299 7.24767 0 1.04561 26.6148 10.6761 0 3.67309 23.825 10.0339 0 3.96832 26.1592 7.01149 0 7.25428 23.5075 6.68067 0 7.28587 26.1129 9.00658 0 9.93509 23.7346 9.61357 0 10.3774 26.1171 6.57956 0 12.628 23.3882 6.98901 0 13.1268 26.3704 9.33055 0 15.4945 23.7087 9.57497 0 16.5557 26.5206 6.36099 0 18.3891 23.2697 6.96674 0 18.6686 26.3058 9.51965 0 21.3003 23.2503 9.82296 0 21.1618 25.3125 6.73467 0 24.637 23.0575 7.48922 0 23.4156 26.5478 9.94846 0 26.2782 24.3968 10.7512 0 26.5314 26.165 6.84351 
0 1.32894 0.879041 13.2067 0 0.806792 4.65465 15.179 0 4.12446 2.40534 15.1873 0 3.5278 4.59074 12.1896 0 7.02123 1.55242 12.6536 0 7.63628 4.72153 15.4689 0 10.2358 1.74878 15.3848 0 9.6418 4.06104 12.5293 0 12.5344 0.821287 11.9398 0 13.1729 3.83105 14.8936 0 16.0916 1.64701 15.2323 0 15.7281 3.31787 11.7383 0 18.1798 1.11299 12.2309 0 18.6148 4.16772 14.2007 0 21.0354 1.40958 15.1939 0 21.48 3.74884 12.2686 0 23.9148 1.05343 12.5304 0 23.4328 4.59998 15.1372 0 26.1004 1.82523 15.5216 0 26.8271 4.10017 12.5537 0 0.714419 7.20754 12.5064 0 0.893805 9.63104 15.9409 0 4.17947 7.282 15.5463 0 3.91585 9.46998 12.4012 0 6.74467 6.82025 12.2231 0 6.95005 9.80757 15.5428 0 10.1952 6.84882 15.0243 0 9.0639 9.18741 12.4553 0 12.6861 6.07838 12.3367 0 12.2582 9.46685 14.7505 0 15.6812 6.44905 15.0173 0 14.9745 9.73663 12.2035 0 19.0458 7.45985 12.5361 0 18.0273 10.1255 15.4292 0 20.5509 7.37823 15.9557 0 21.2423 9.98432 12.9193 0 24.156 7.64947 12.3208 0 23.6483 10.34 15.6854 0 26.0472 7.10306 15.1305 0 26.4722 10.1666 13.3904 0 1.19588 12.7703 13.3808 0 1.32632 15.7301 16.0965 0 4.15475 12.5513 15.4617 0 3.60291 15.206 13.1777 0 6.45567 12.3041 12.8162 0 6.65646 15.6551 15.09 0 9.74783 12.5587 14.75 0 9.87349 15.5552 12.7961 0 12.6576 12.2297 12.6168 0 12.7039 15.3624 15.2477 0 15.1913 12.5526 15.019 0 15.339 15.2446 12.5143 0 18.3902 12.1686 12.2292 0 18.102 15.0998 14.9287 0 20.9484 13.0201 15.4977 0 21.3254 14.8927 11.853 0 24.3873 12.8769 12.6483 0 24.1796 15.1537 15.6214 0 26.6692 12.3116 16.15 0 26.8006 15.8402 13.094 0 1.94969 18.7345 13.8732 0 1.69047 21.4266 16.218 0 4.92481 18.492 15.8418 0 4.12532 21.4264 12.6591 0 7.02474 19.1369 12.3862 0 7.83966 21.7438 15.6942 0 9.64833 18.5139 14.9125 0 9.68751 21.4999 12.4326 0 12.2099 18.6155 12.2792 0 12.7689 20.9897 15.375 0 15.208 17.818 15.5434 0 15.6511 20.7094 12.5607 0 18.3367 17.7969 12.7286 0 18.6586 20.8762 15.2688 0 21.4047 18.1828 15.4175 0 21.3159 20.6115 12.7017 0 23.6588 17.0848 12.4946 0 23.8346 21.4545 15.7714 0 26.8337 18.5436 15.9441 0 26.9048 21.4627 14.024 0 0.783827 24.3727 13.4609 0 1.67006 26.1828 16.0048 0 4.58799 23.9586 15.2073 0 4.40077 26.7801 13.1829 0 7.26875 24.2452 12.3344 0 7.48541 26.2461 15.7487 0 10.5501 23.9458 15.4071 0 9.87506 26.607 12.8243 0 13.0806 23.2394 12.3555 0 12.7008 26.8996 15.0374 0 15.1207 24.3725 15.6453 0 15.4783 25.9601 12.2012 0 18.2828 23.4339 12.2395 0 18.0344 26.7572 15.2712 0 20.8202 24.3493 16.1144 0 21.0817 26.6495 12.7103 0 23.7403 24.2193 13.4852 0 23.2001 26.6029 16.1265 0 26.3767 24.4584 16.1835 0 26.0364 26.7642 13.8489 
0 0.902101 1.87482 17.8864 0 1.68817 4.52465 20.7763 0 3.91171 1.70097 20.8371 0 4.53331 4.05 18.1311 0 6.69468 1.28169 18.3505 0 7.12106 3.84197 20.9234 0 9.75544 1.19322 21.6327 0 9.97124 3.44103 18.7228 0 12.7543 1.82107 17.9758 0 12.584 4.1825 21.673 0 15.1751 2.11703 20.6562 0 16.1186 4.43171 17.6143 0 18.7313 1.22115 17.9025 0 18.2008 4.24776 21.3158 0 20.9681 1.64508 21.3932 0 20.5475 4.29815 17.2745 0 22.8581 1.3962 18.4652 0 23.5678 4.46261 20.6559 0 26.5969 2.11516 20.7656 0 26.3763 4.95452 17.984 0 1.47342 6.99738 18.1182 0 1.37856 10.0008 21.4917 0 4.88326 6.85018 21.2666 0 4.36523 9.28327 18.6113 0 7.07023 6.70546 18.6942 0 7.50532 9.73411 20.6038 0 10.169 7.08812 20.6194 0 10.0808 9.58448 17.5976 0 12.6919 7.04624 17.5384 0 12.3448 9.75567 20.3819 0 15.3132 6.85773 20.7037 0 14.6286 10.0154 17.887 0 17.8583 7.29036 17.9761 0 17.3607 10.1625 20.548 0 20.6928 6.92111 20.1721 0 20.2117 9.94953 18.4267 0 23.4974 7.41208 17.815 0 23.7877 10.1023 21.2074 0 27.1128 6.64149 20.94 0 26.5296 9.96815 18.7938 0 1.98759 12.4398 18.6157 0 1.87879 15.6948 21.2206 0 4.83605 12.0291 21.266 0 4.55811 15.7082 18.5362 0 6.48483 12.6207 18.0602 0 7.01596 15.4275 21.5598 0 9.80222 12.8253 20.5459 0 9.03677 14.9451 17.9709 0 12.0464 12.6299 17.8348 0 12.4327 15.1336 20.9288 0 15.2785 12.7666 20.7762 0 15.464 15.191 17.8621 0 18.452 12.916 17.9122 0 17.9318 15.9227 20.5285 0 20.433 12.9202 20.89 0 21.4067 15.5487 17.993 0 23.8312 13.0601 18.8255 0 23.9301 15.8223 20.8584 0 26.9108 12.9005 20.9535 0 26.9483 15.8917 18.5958 0 1.38721 18.4162 18.179 0 1.37476 21.1659 20.7859 0 5.5477 18.7708 20.5018 0 5.22177 21.0865 18.213 0 7.81198 18.386 18.0969 0 8.31889 20.8253 21.7628 0 9.57726 17.6693 21.5607 0 10.2856 20.9 18.0692 0 11.6413 17.7118 18.4062 0 12.0329 20.9837 21.1592 0 14.8034 18.1207 19.9782 0 16.3306 21.0329 17.7789 0 18.1187 17.9993 17.2862 0 18.4204 20.1513 21.0137 0 21.132 18.0336 20.6171 0 21.0958 20.9425 17.8302 0 24.4093 18.426 18.2085 0 24.3781 20.7014 20.6858 0 27.1369 18.2722 20.9554 0 26.6888 21.1763 18.3495 0 1.20327 23.9857 18.6398 0 0.503432 26.9325 20.5859 0 4.80633 23.6313 20.1506 0 4.35713 26.5126 18.306 0 8.25397 23.4071 19.064 0 6.75492 26.7189 21.0621 0 9.8221 24.6307 21.9115 0 9.91637 27.2514 18.1021 0 11.8951 24.3794 18.7919 0 13.4235 26.9093 21.7108 0 14.9397 23.6229 20.7357 0 14.946 27.376 18.0994 0 18.9851 23.6295 19.0475 0 17.4165 26.5324 20.7451 0 21.1738 22.5116 21.4777 0 21.0387 26.5183 19.4225 0 23.5573 23.7989 18.8465 0 23.8272 27.3275 21.3548 0 26.1821 24.4241 20.938 0 26.2847 27.221 17.8086 
0 0.939917 2.1304 23.7825 0 0.506394 4.22191 26.7309 0 4.0008 0.796056 26.7815 0 3.77299 4.43139 24.1296 0 5.99278 1.38429 24.0513 0 6.729 4.51026 26.9102 0 9.96099 2.29795 27.6958 0 9.06625 3.94749 23.9832 0 13.3932 1.43387 24.4386 0 12.5631 4.69029 27.4532 0 16.4335 1.53282 27.3893 0 15.9294 4.71302 23.749 0 17.5493 1.23237 23.6405 0 18.6871 4.41435 26.1892 0 20.8434 1.37526 26.0977 0 20.7513 4.41669 23.5135 0 23.9618 1.39888 24.3736 0 23.392 4.77669 26.0766 0 27.1882 0.723411 26.5349 0 26.195 4.2846 23.835 0 0.970796 6.68139 24.1611 0 0.785671 9.43655 26.7181 0 3.90806 6.83144 26.7966 0 3.96166 9.40756 23.6384 0 7.5188 7.03361 23.4474 0 6.50976 9.31347 26.7953 0 9.47324 7.02977 26.7975 0 10.3117 9.43294 23.6654 0 13.2897 7.24909 23.3308 0 12.4197 9.62297 26.3 0 15.3264 6.89325 26.9104 0 15.1311 10.3073 23.6779 0 18.1647 7.54291 23.3687 0 18.2824 10.0689 26.5383 0 21.1578 7.70682 26.6501 0 20.5218 10.1036 23.2641 0 23.5371 7.20003 23.2461 0 23.4346 10.4664 25.4723 0 25.6148 7.45708 26.7854 0 26.6761 9.81247 23.8356 0 0.984124 12.592 24.2065 0 0.485882 15.6799 26.2253 0 4.02736 12.3115 26.1658 0 3.77733 15.5457 24.3972 0 8.00033 12.3456 23.5604 0 7.38702 15.5556 26.1543 0 10.1072 12.4967 26.1708 0 10.1261 15.3202 23.5245 0 12.3493 12.4984 23.3551 0 12.8041 15.3068 26.0187 0 15.2704 12.222 26.6997 0 15.1204 15.0323 23.1504 0 17.8922 12.5549 23.653 0 17.5987 15.1344 26.1834 0 21.2403 13.4908 27.2683 0 20.998 15.9932 23.7499 0 23.6319 13.3953 23.4378 0 23.6218 16.3927 26.8437 0 26.117 13.133 26.2788 0 26.2965 16.0097 23.4295 0 1.49957 18.4734 23.5228 0 1.78582 21.3068 26.3919 0 4.43651 18.2521 26.5331 0 4.29754 21.2334 23.1557 0 6.89329 18.406 24.0591 0 7.03172 20.8881 26.4629 0 10.1209 17.9067 26.3359 0 10.4075 21.1201 24.5351 0 12.8235 17.8921 23.107 0 13.101 20.397 26.4676 0 15.7665 18.1832 26.548 0 15.3733 20.3185 23.7333 0 18.0492 17.7727 23.478 0 18.1219 20.8829 27.1712 0 20.0584 17.573 26.6755 0 20.4512 20.3015 24.0117 0 23.7147 18.5965 23.7224 0 23.3636 20.257 26.993 0 26.8117 18.7493 26.4134 0 27.4393 21.2031 23.6047 0 1.397 23.8533 23.452 0 1.41405 26.2983 26.4515 0 4.30168 24.4521 26.1733 0 3.35789 27.1077 23.46 0 7.23785 23.9256 24.3666 0 7.13993 26.6901 27.459 0 10.1086 23.9218 26.5676 0 10.6635 27.7093 25.0758 0 12.7938 24.069 24.1939 0 13.3863 26.474 26.9762 0 15.7462 23.4042 26.0103 0 15.8945 26.3769 24.2458 0 18.0868 22.7148 23.5071 0 19.1177 26.4981 27.4954 0 20.3348 23.5478 26.1332 0 19.9311 26.4106 23.6232 0 23.9591 22.9337 23.9046 0 24.0453 26.1894 26.1846 0 26.5907 23.4813 26.1064 0 26.9281 26.5223 23.3851 

-0.680886 0.872266 2.30384 -0.557307 2.14477 -0.145355 -2.86936 -2.1903 -0.602836 0.0316004 2.34288 -1.26561 0.177867 -0.998607 1.64509 -3.44545 3.90476 1.7941 -0.0657075 0.379378 2.96467 -0.424738 0.847548 -2.08905 0.706669 -0.0233424 -2.63877 1.64131 -0.633013 2.14279 1.9255 0.830936 0.651935 0.61223 1.70715 0.235458 0.245344 -1.6215 1.05127 -1.7981 -2.12906 1.27302 -3.38054 -0.694321 0.555127 -0.552269 1.23427 -1.73707 -0.43152 -1.69263 -1.72936 1.02063 -0.964195 -0.543586 -1.59583 1.82413 0.595447 1.54348 1.63251 -2.41012 0.851613 -1.69168 1.73098 1.22835 0.0602486 2.49352 -0.672917 -1.19619 -0.778281 -1.82581 1.38205 -1.30538 0.869358 2.29402 -1.51732 -0.625922 0.490385 0.0548471 1.34667 -1.59456 1.23981 2.48787 0.888225 0.786256 -0.733609 -0.973845 1.40427 0.272051 -1.98802 0.41882 -2.52608 -0.348751 0.480927 0.19197 -0.874396 -1.52917 -0.312277 -2.89148 1.12987 -1.68084 2.73157 2.11488 -1.19652 1.34043 0.621933 1.43882 1.19796 -0.0778197 1.09842 1.31316 -1.19398 1.66371 1.89986 -1.48066 0.320294 -1.08692 0.817283 1.03105 -0.273225 -0.705283 -0.458947 -1.69332 1.8867 0.469289 0.615044 -1.39844 0.655958 1.36026 -0.422633 -0.678063 -0.674557 2.52263 0.371434 0.792083 1.75944 0.631262 0.66984 1.05432 1.44276 2.38311 0.124613 -0.00340102 -2.32762 -0.0199272 0.882152 -1.07117 -1.15416 -1.91026 -1.2368 -0.503742 1.59141 -1.01878 2.8023 -0.83034 -1.56528 -0.851245 -1.48712 0.781715 -1.70174 -1.80977 1.24399 2.05652 0.812987 0.753047 0.945225 0.0420535 0.441279 -1.43984 -1.87072 -2.02981 0.709076 -0.337121 -0.0909416 -4.06146 0.603733 -0.100253 0.606364 0.623815 1.83831 -1.15297 0.805975 -0.0851401 -3.36019 1.19584 -0.719377 0.347344 -0.277679 0.732842 -1.82408 0.152115 -1.04945 -2.24616 1.51758 -1.64715 -1.27389 0.242545 -0.364287 2.5807 0.971802 0.727188 2.90695 0.926273 -0.738213 -0.316098 0.291065 -1.60774 -0.140484 0.518818 0.680524 0.690641 -0.485676 -1.84725 1.3506 0.689195 -1.50656 -0.789787 -1.76439 -0.0958927 1.76733 0.33334 1.05078 1.90276 1.42674 -2.71792 -1.18408 1.31736 -3.48867 2.1949 -2.55437 1.33627 2.21908 0.372728 -0.434721 1.31754 1.70481 1.07823 -0.240724 1.6887 -0.8577 -0.699048 1.48331 0.373193 -0.958678 -0.421097 2.01956 -1.84282 -1.11822 -0.108765 0.905973 0.289661 -0.3714 0.689739 0.705803 -1.31507 -0.551996 3.13784 1.6218 0.717023 -1.76537 2.77868 -0.00593248 -0.382176 -1.28778 2.77418 0.449214 -0.925504 0.626008 -1.98922 -0.643184 -3.24617 -0.470194 -0.195306 1.15091 -0.279395 0.231332 1.08181 -0.513631 -1.3499 1.0913 -0.444114 -0.374553 -0.565 2.56893 1.98336 -2.4511 1.64045 1.48384 -1.37289 -3.02532 -1.64673 -0.00393712 0.141775 -2.52628 2.21884 1.20809 2.22616 0.420423 0.374062 2.1996 0.488591 
0.0774168 -3.10129 -0.952102 1.24337 -2.09717 -1.91671 0.212532 -1.9673 3.97433 -1.89455 0.0667374 0.894202 -0.190514 0.155531 -0.401699 -0.59028 0.45842 -1.40141 0.870025 0.514738 -0.641324 0.370909 0.805316 -1.10666 0.488153 -3.56047 -0.372043 -1.07258 -2.56065 -2.48624 -0.986347 -0.0252327 0.803804 -0.477568 2.09241 -0.395881 -0.327293 2.97943 -1.42988 0.462231 0.266961 -0.998872 -1.56381 -1.61833 0.558336 2.33978 -0.313172 -0.854314 1.49036 1.37124 0.075818 0.877847 0.795099 -1.55011 -3.03974 0.110519 1.64433 -0.622218 -1.75737 -1.84676 -1.75908 1.051 0.265983 0.767377 -0.616464 -0.40064 2.33537 0.663839 -0.987931 -1.53869 1.04854 -1.19824 -0.393419 -3.74181 -0.118048 -0.234356 -1.21466 0.019076 -0.229655 -1.63954 1.74306 0.872966 -0.0294579 1.61327 -0.0362445 -0.364371 2.88618 2.75191 1.58918 -1.47306 -0.87687 0.880077 0.999081 -0.175917 -0.697685 -0.875566 1.33948 0.936133 0.119155 -0.652124 1.92252 -0.8067 -1.65124 -2.51425 2.03391 1.09756 0.386753 -1.46748 -2.22009 -0.230771 -0.578539 -0.481067 -0.796908 0.436021 -0.423114 -3.79675 -2.36118 0.8722 0.400347 0.234482 -1.77082 2.69737 0.349527 2.52252 1.1884 -0.790873 1.58007 1.25696 0.92922 0.628281 -2.84191 0.728173 -0.00131084 -1.20731 -0.877792 -0.0855365 0.357492 -1.80721 2.78541 2.47275 1.48838 -0.670868 -1.6102 0.538097 0.218317 -0.754939 1.07434 1.86644 -1.15206 -1.92962 -1.71066 0.0691655 -3.43215 -1.75974 0.892821 1.14482 -0.380721 -1.07716 1.89029 -1.29287 0.690913 2.82858 0.206211 1.15309 1.82362 -1.85174 1.38599 -0.372831 0.68687 0.290499 -0.0936153 -1.26724 1.07426 -0.284534 2.80164 1.34859 0.862867 -0.512395 1.98828 1.17742 -2.51367 1.48675 -1.06371 2.263 -0.228939 1.32581 -0.306776 1.9376 3.27834 -0.682338 0.176436 1.74304 -2.46825 1.01863 -1.2296 -0.231129 2.07946 -1.93883 -0.346758 0.102224 2.36009 -0.136246 2.16052 0.121891 1.79368 -2.55814 2.09222 -0.130493 -1.77993 -0.091557 0.225543 0.344511 1.01455 0.251987 0.43581 0.332087 -0.128015 2.06725 -2.29874 -1.8915 1.8548 0.450878 0.849861 0.751313 -0.359429 -2.49859 -1.20841 -0.814769 1.15313 1.33935 -0.165619 1.45209 0.473571 -0.277841 1.10551 -0.673231 -0.397265 1.12033 -2.43165 -1.64648 -1.2081 -0.0653286 4.6192 2.9098 -0.154322 0.952004 0.92292 0.395872 0.0935821 1.47142 -0.66796 0.491682 0.480697 1.47693 -1.21698 2.16118 3.02953 -0.214744 -0.209677 0.921229 -1.26722 -0.355868 2.18261 -1.01612 -1.43774 1.16693 -1.44643 1.26992 -2.23764 -2.49025 -1.35936 0.0958872 1.74456 0.759924 -0.0672425 0.0279829 0.91507 -1.25153 -0.549015 0.101264 2.20278 0.656383 0.64191 2.55144 0.821277 0.099478 1.72873 3.00525 1.96506 -1.7157 1.73683 -1.60546 -0.65366 -0.373139 2.04899 0.472387 -0.809114 -0.299877 1.36937 0.357994 
0.694192 2.43593 -0.60779 -0.287885 -1.13284 -0.487838 1.9383 1.1836 0.0618329 -0.757693 3.95785 0.194723 -1.34079 -0.443679 -0.743236 0.889874 -0.682502 -1.83356 -1.19126 -0.733965 -1.93128 0.141131 1.01787 0.535607 1.91236 -2.70997 -1.64083 -1.13483 -0.862977 -0.110643 -0.206935 0.382818 2.39615 -1.30533 0.0822446 -2.12995 0.00948221 3.40411 -1.68878 -0.206691 2.48025 -2.3477 -1.01289 -1.95739 0.319324 -0.653408 2.2245 -0.0168183 -1.15258 2.14258 -0.857393 -0.824226 -1.6515 -0.0692619 2.2893 -1.34381 -0.595925 1.71208 0.748646 2.68478 1.581 -0.326738 -1.87098 -2.07073 0.255654 0.395051 2.24845 -2.56994 -0.747746 -0.88858 -1.4491 2.40324 1.67736 -1.54511 0.421332 2.21718 -0.75253 1.26236 1.10092 0.711532 -0.443977 0.517466 -1.58353 3.44321 -1.20557 0.561981 -1.34615 0.405286 -1.14406 -1.73724 -0.187178 -1.63624 -1.0757 -1.96834 0.379148 -1.47136 -2.27885 -0.664686 -3.91336 -1.17098 -2.16841 -0.0152939 2.52107 0.800149 1.49325 0.273938 1.25783 0.176417 -1.95734 -1.77478 -0.010365 1.59902 1.21124 -0.175848 -1.78949 2.82662 -0.2142 1.41457 -1.70713 0.261127 -1.63963 -0.575562 -3.90811 0.611645 -0.679536 -1.6576 0.519852 -0.814976 -1.51571 0.782355 2.14022 -0.084622 0.870691 0.381858 0.0843858 1.75997 0.918125 -2.78811 -1.06506 -0.523762 0.516483 0.789237 0.15132 1.78903 0.449069 -1.08121 1.39987 -1.66504 1.64077 1.86882 2.46656 0.656573 -2.53951 0.401854 -0.415216 0.129745 1.20733 -1.69761 0.227348 -1.59123 -2.06687 -1.13111 -0.312108 1.64609 -0.794043 -0.0724694 0.157824 3.93135 -1.111 -1.2246 0.93377 1.02097 -0.384937 1.01859 -1.26977 2.02249 -1.06028 0.16529 -0.368265 -0.4055 -0.887176 0.382297 0.398051 -1.17714 0.174754 0.802816 -0.386414 -1.56019 0.529197 2.36276 -0.806435 -1.35421 0.76966 -1.76336 0.512508 -1.43851 -1.37918 -0.301595 0.530918 0.912726 0.0773079 0.762671 -0.773489 -1.00937 1.79003 -2.28457 0.0919926 -0.36049 3.16271 0.994505 1.44624 -1.20993 -2.0936 -1.86501 0.0816527 -0.430619 -0.960414 -0.193361 -1.0465 1.50737 0.783225 -0.305905 0.561201 1.33868 -0.0441545 -1.48444 4.14373 -0.446592 0.902939 1.35765 0.638479 0.445911 -1.83787 -2.02009 -0.79811 0.124465 2.99554 -1.84168 -2.61889 -0.407908 -0.766898 -2.06133 0.806033 0.202178 0.418952 2.19492 -0.791751 1.82064 1.38604 -0.284784 0.711229 -0.726139 -2.61161 0.728399 0.534379 0.740911 1.98558 -1.97192 -2.10758 -2.78769 1.24088 -0.665447 -1.09596 -1.60036 1.36767 -1.81868 -0.494687 -1.80841 0.574459 -3.19753 -2.77686 -1.68891 -1.56682 -0.457554 -2.24099 0.0553346 -2.10492 -0.799393 2.25605 0.505416 0.731307 -0.10651 0.834858 0.240187 1.55002 -4.01845 0.0523469 -1.9406 -0.622684 0.0195692 3.10157 1.55507 0.289548 0.269103 -2.27939 0.149904 0.0134573 1.86719 -1.67543 -0.707872 
1.41763 -0.0244903 2.42371 -2.05045 -1.44913 0.327746 -0.882756 1.65357 -1.25859 0.58664 0.736129 1.13165 -0.493517 0.9874 -0.477638 -0.0197015 0.978685 -1.13842 -2.40344 -0.91705 0.722599 0.496621 -1.36415 -1.49905 -1.3004 -2.13933 0.00826366 3.76662 1.10915 1.85621 -0.573718 1.18197 -0.338006 -0.10766 -1.16485 -1.84598 0.513196 -1.99311 -0.279513 -1.0347 -0.464408 2.42827 -0.299503 0.954827 -1.42249 2.47904 1.6489 1.28252 -0.709543 2.13106 1.2816 1.0253 -2.70359 -1.48619 -1.32661 -0.888491 0.522363 -1.19446 2.31725 0.0823556 -0.0383257 -0.256454 -0.173489 -1.36726 1.46176 -0.287779 1.33729 0.00461963 2.06203 -0.0170182 0.200481 -0.185117 -2.54432 -0.172805 -2.56124 -1.49455 -0.896586 1.16494 1.984 1.04354 2.52798 0.548082 -1.32476 -0.0111963 -0.68796 -2.11519 -1.06251 -0.620576 -1.53005 0.650887 -1.1116 -0.701745 -1.52105 0.0990778 3.62912 -1.99403 1.6982 0.531654 -0.080858 0.278023 2.41046 0.283862 -2.05138 2.14576 1.56364 -1.71928 1.2445 -2.88123 -0.515356 1.73491 -0.284732 1.80201 0.406042 3.01686 -2.82869 -0.155131 -0.663302 0.279426 -0.118427 0.733741 -0.594577 -0.430784 -1.53577 -1.03439 0.0314309 0.888717 0.972214 -2.99383 -0.416343 1.33218 1.47287 1.34205 0.768332 1.10205 -0.591203 1.09934 -0.185938 -1.76684 0.55714 -1.04583 0.736913 -2.91557 2.12584 0.575062 -2.86017 -0.0290407 0.175601 0.182109 1.54335 2.24834 -1.59374 0.189945 -0.0716839 -0.0263582 0.748246 -0.915647 -0.343102 0.562227 -0.743578 1.87867 -0.137203 -0.973815 1.42049 1.93909 -1.28894 -0.555665 0.802508 -0.294204 -0.0678006 0.486064 -0.196133 -0.378862 -1.68546 -1.58335 0.868028 1.31996 2.86618 0.459417 1.27188 -1.80438 1.57232 1.63436 0.985414 1.07698 0.768762 0.769985 -0.150212 -1.6877 -1.56988 2.59548 -1.73541 1.06021 0.925686 -1.28861 2.12476 -1.89577 3.80418 -0.396577 -2.54118 -0.444642 -0.529129 -0.138671 -1.40775 -2.78811 5.29916 0.180923 0.467276 0.46698 -0.68052 1.85977 0.480069 2.1186 0.405726 -0.17233 -2.87067 -0.257636 0.712214 -0.221329 0.256666 -0.573316 0.554356 1.57767 -1.07973 -0.91148 0.897944 1.9503 -1.20705 2.08632 0.207462 -0.395204 -1.32479 0.480159 -0.667864 0.318004 0.449137 2.46154 -1.27638 -1.39832 -0.974114 -0.644729 -0.926414 1.38751 1.82981 -0.51814 -1.27024 -0.198884 -0.285447 -0.347868 0.127058 1.13062 -0.547264 1.00264 0.0964492 -2.64017 -1.00245 0.79131 2.75219 -1.54063 -0.0753269 -1.04251 -0.709324 -0.56893 1.2339 1.48455 0.209351 -0.0768009 0.989882 2.22061 -0.612651 -0.876619 -0.13308 -1.26473 -0.972683 -0.352396 0.797019 -1.30177 -0.512886 -0.293795 -1.57316 0.995707 0.815309 -0.871039 -1.02364 0.344873 -1.33766 -1.82102 -0.396129 1.05659 -2.77808 -2.30288 0.194113 3.06739 -2.58209 -0.315014 -1.01207 -0.117125 1.45714 0.901438 -1.27057 -0.475369 
-0.492849 -0.302268 1.40487 -0.481785 -2.48175 0.496002 -1.05513 -2.32314 -0.651363 0.159073 -0.964418 0.713948 1.92357 0.752246 1.84969 -3.08281 1.55142 0.988912 -1.82938 1.40809 1.27945 -2.46562 0.777654 0.63707 0.646901 1.33231 -2.87788 1.05464 -0.088034 -0.472536 0.0108269 -0.912546 -0.772188 -1.22153 1.47785 -0.349233 -0.0483386 -1.85283 -0.477484 -0.952757 -1.70299 -1.59132 -0.184702 1.53266 -0.447635 0.256795 2.41633 3.43704 1.8273 -3.67784 2.37 -1.28913 0.848936 2.42233 -0.831782 -1.85504 0.890949 1.15728 -0.694182 -2.60175 3.14059 1.62624 -3.38978 2.26928 1.23229 1.59778 2.24076 1.55978 1.30475 -2.4224 -1.13865 -1.81871 0.475444 -2.87201 -1.75263 -1.67579 -1.32596 -1.45516 -0.122007 2.87266 2.64635 1.88989 -1.22828 -2.51686 -0.250158 0.535665 -0.872436 1.57089 -2.27889 -2.52049 0.0392318 2.29236 -1.33459 0.996644 0.0402032 1.71656 3.31408 1.2961 -0.766504 0.508666 1.23208 2.87818 -0.900213 0.660183 -0.807107 -1.26077 0.757055 0.092982 -0.185953 -0.162915 -2.36332 1.70541 0.330691 0.845028 2.31275 1.88013 -1.37284 -1.65549 -1.94764 2.2643 0.864557 -0.415046 1.01665 -2.24894 -0.00447615 -1.54158 -0.0880845 -0.155367 1.19847 0.847579 3.42502 2.15165 -0.312033 -0.607462 0.631548 1.08629 0.0367441 1.73514 -2.02443 -0.598998 -1.00969 -0.322477 0.164617 -0.475814 -4.2246 -0.991095 -0.15185 -2.36545 -1.25158 3.08998 -0.596946 0.749553 1.07845 0.0506381 0.295209 -1.58469 2.0404 1.57681 0.244528 2.76831 -1.01715 0.0220751 0.355188 -3.03131 1.70546 -1.78012 -1.20472 -0.111094 -1.74056 1.99617 -2.10496 -3.54407 -2.46557 -1.8362 1.13025 0.218041 0.0480929 2.05473 -1.11142 0.0565229 0.574049 -1.53355 -0.479121 0.501491 0.24056 -0.625666 -0.93171 1.02036 1.29298 1.20195 1.59507 1.26554 0.482464 -1.67943 -2.63953 0.31792 0.793192 -0.0277515 -1.57274 1.14173 1.8624 0.100418 0.692836 0.618249 -3.46956 0.0738518 -2.60664 -1.1829 0.93266 -0.656298 0.780786 -3.08461 0.407102 0.254772 -1.71502 1.86255 -0.848888 0.142124 -0.751336 1.58206 0.154135 1.16478 1.9936 -1.24678 -1.37964 1.11317 -2.06778 -1.86734 -1.33892 1.52277 -5.00798 1.38521 0.469544 -0.868433 -0.928507 0.649384 -2.89049 -2.57166 0.857008 1.69906 2.37384 1.03536 -3.71233 3.05612 -0.925801 2.47228 2.18493 -0.449157 1.94895 0.286278 0.210661 0.347854 1.40178 -0.443218 -1.80042 -0.939416 -0.186602 1.73643 -0.131355 0.602596 2.44348 -2.82382 3.29238 0.552407 0.784328 -1.05202 1.19409 -0.452071 -0.516484 -1.57956 1.70994 -0.633526 1.7735 1.44704 -0.946173 -1.16531 -1.85957 1.2206 -2.18329 -2.12549 -1.32998 0.647456 0.775505 -1.40178 -0.435466 1.42324 0.785014 1.53227 -0.429001 -0.565156 -0.640417 1.08728 0.997697 2.31705 -2.12212 -0.96825 -0.525504 0.671884 -0.750128 -0.369894 
