1372 1.00001
38.3878 38.3878 38.3878 
19.1345 19.1345 19.1345 
1 1 1 1 1 1 1 1 1 1 1 1 1 1 1 1 1 1 1 1 1 1 1 1 1 1 1 1 1 1 1 1 1 1 1 1 1 1 1 1 1 1 1 1 1 1 1 1 1 1 1 1 1 1 1 1 1 1 1 1 1 1 1 1 1 1 1 1 1 1 1 1 1 1 1 1 1 1 1 1 1 1 1 1 1 1 1 1 1 1 1 1 1 1 1 1 1 1 1 1 
1 1 1 1 1 1 1 1 1 1 1 1 1 1 1 1 1 1 1 1 1 1 1 1 1 1 1 1 1 1 1 1 1 1 1 1 1 1 1 1 1 1 1 1 1 1 1 1 1 1 1 1 1 1 1 1 1 1 1 1 1 1 1 1 1 1 1 1 1 1 1 1 1 1 1 1 1 1 1 1 1 1 1 1 1 1 1 1 1 1 1 1 1 1 1 1 1 1 1 1 
1 1 1 1 1 1 1 1 1 1 1 1 1 1 1 1 1 1 1 1 1 1 1 1 1 1 1 1 1 1 1 1 1 1 1 1 1 1 1 1 1 1 1 1 1 1 1 1 1 1 1 1 1 1 1 1 1 1 1 1 1 1 1 1 1 1 1 1 1 1 1 1 1 1 1 1 1 1 1 1 1 1 1 1 1 1 1 1 1 1 1 1 1 1 1 1 1 1 1 1 
1 1 1 1 1 1 1 1 1 1 1 1 1 1 1 1 1 1 1 1 1 1 1 1 1 1 1 1 1 1 1 1 1 1 1 1 1 1 1 1 1 1 1 1 1 1 1 1 1 1 1 1 1 1 1 1 1 1 1 1 1 1 1 1 1 1 1 1 1 1 1 1 1 1 1 1 1 1 1 1 1 1 1 1 1 1 1 1 1 1 1 1 1 1 1 1 1 1 1 1 
1 1 1 1 1 1 1 1 1 1 1 1 1 1 1 1 1 1 1 1 1 1 1 1 1 1 1 1 1 1 1 1 1 1 1 1 1 1 1 1 1 1 1 1 1 1 1 1 1 1 1 1 1 1 1 1 1 1 1 1 1 1 1 1 1 1 1 1 1 1 1 1 1 1 1 1 1 1 1 1 1 1 1 1 1 1 1 1 1 1 1 1 1 1 1 1 1 1 1 1 
1 1 1 1 1 1 1 1 1 1 1 1 1 1 1 1 1 1 1 1 1 1 1 1 1 1 1 1 1 1 1 1 1 1 1 1 1 1 1 1 1 1 1 1 1 1 1 1 1 1 1 1 1 1 1 1 1 1 1 1 1 1 1 1 1 1 1 1 1 1 1 1 1 1 1 1 1 1 1 1 1 1 1 1 1 1 1 1 1 1 1 1 1 1 1 1 1 1 1 1 
1 1 1 1 1 1 1 1 1 1 1 1 1 1 1 1 1 1 1 1 1 1 1 1 1 1 1 1 1 1 1 1 1 1 1 1 1 1 1 1 1 1 1 1 1 1 1 1 1 1 1 1 1 1 1 1 1 1 1 1 1 1 1 1 1 1 1 1 1 1 1 1 1 1 1 1 1 1 1 1 1 1 1 1 1 1 1 1 1 1 1 1 1 1 1 1 1 1 1 1 
1 1 1 1 1 1 1 1 1 1 1 1 1 1 1 1 1 1 1 1 1 1 1 1 1 1 1 1 1 1 1 1 1 1 1 1 1 1 1 1 1 1 1 1 1 1 1 1 1 1 1 1 1 1 1 1 1 1 1 1 1 1 1 1 1 1 1 1 1 1 1 1 1 1 1 1 1 1 1 1 1 1 1 1 1 1 1 1 1 1 1 1 1 1 1 1 1 1 1 1 
1 1 1 1 1 1 1 1 1 1 1 1 1 1 1 1 1 1 1 1 1 1 1 1 1 1 1 1 1 1 1 1 1 1 1 1 1 1 1 1 1 1 1 1 1 1 1 1 1 1 1 1 1 1 1 1 1 1 1 1 1 1 1 1 1 1 1 1 1 1 1 1 1 1 1 1 1 1 1 1 1 1 1 1 1 1 1 1 1 1 1 1 1 1 1 1 1 1 1 1 
1 1 1 1 1 1 1 1 1 1 1 1 1 1 1 1 1 1 1 1 1 1 1 1 1 1 1 1 1 1 1 1 1 1 1 1 1 1 1 1 1 1 1 1 1 1 1 1 1 1 1 1 1 1 1 1 1 1 1 1 1 1 1 1 1 1 1 1 1 1 1 1 1 1 1 1 1 1 1 1 1 1 1 1 1 1 1 1 1 1 1 1 1 1 1 1 1 1 1 1 
1 1 1 1 1 1 1 1 1 1 1 1 1 1 1 1 1 1 1 1 1 1 1 1 1 1 1 1 1 1 1 1 1 1 1 1 1 1 1 1 1 1 1 1 1 1 1 1 1 1 1 1 1 1 1 1 1 1 1 1 1 1 1 1 1 1 1 1 1 1 1 1 1 1 1 1 1 1 1 1 1 1 1 1 1 1 1 1 1 1 1 1 1 1 1 1 1 1 1 1 
1 1 1 1 1 1 1 1 1 1 1 1 1 1 1 1 1 1 1 1 1 1 1 1 1 1 1 1 1 1 1 1 1 1 1 1 1 1 1 1 1 1 1 1 1 1 1 1 1 1 1 1 1 1 1 1 1 1 1 1 1 1 1 1 1 1 1 1 1 1 1 1 1 1 1 1 1 1 1 1 1 1 1 1 1 1 1 1 1 1 1 1 1 1 1 1 1 1 1 1 
1 1 1 1 1 1 1 1 1 1 1 1 1 1 1 1 1 1 1 1 1 1 1 1 1 1 1 1 1 1 1 1 1 1 1 1 1 1 1 1 1 1 1 1 1 1 1 1 1 1 1 1 1 1 1 1 1 1 1 1 1 1 1 1 1 1 1 1 1 1 1 1 1 1 1 1 1 1 1 1 1 1 1 1 1 1 1 1 1 1 1 1 1 1 1 1 1 1 1 1 
1 1 1 1 1 1 1 1 1 1 1 1 1 1 1 1 1 1 1 1 1 1 1 1 1 1 1 1 1 1 1 1 1 1 1 1 1 1 1 1 1 1 1 1 1 1 1 1 1 1 1 1 1 1 1 1 1 1 1 1 1 1 1 1 1 1 1 1 1 1 1 1 
0 0.777023 1.54236 1.4202 0 1.46485 3.83894 4.14113 0 4.3202 1.29047 4.01544 0 4.08375 4.08416 1.13719 0 6.89349 1.06976 1.48409 0 6.71187 3.77936 3.82129 0 9.56522 0.931839 3.92479 0 9.90117 3.72802 1.36366 0 12.0428 0.84383 1.48161 0 12.3025 3.93408 4.10714 0 15.0655 1.09771 4.41786 0 14.9804 3.57572 1.33757 0 17.6506 0.738827 1.03994 0 17.8185 3.3019 3.88118 0 20.4004 0.790972 3.6613 0 20.352 3.41779 1.16804 0 22.9436 1.2091 1.17442 0 23.2955 3.96566 3.78475 0 25.7517 1.57707 3.58018 0 25.9353 4.04361 1.077 0 28.9755 1.35748 1.3411 0 27.9513 4.47335 4.17981 0 31.3144 1.61098 3.99393 0 31.5771 3.99604 1.04307 0 34.4524 1.33395 1.0207 0 33.7315 4.18258 4.13342 0 37.3234 1.22167 4.4985 0 36.8474 4.4505 2.04279 0 1.10439 6.42367 1.16199 0 1.66412 9.48863 4.39316 0 3.87985 6.41266 4.10568 0 4.35518 9.35719 1.75586 0 6.95698 6.32117 1.5646 0 6.97051 9.25747 4.13935 0 9.61404 6.19292 4.28624 0 9.70469 9.3013 1.30343 0 12.557 6.43788 1.61269 0 12.1474 9.54399 3.67838 0 15.7332 6.74024 4.10322 0 15.2012 9.8298 1.55112 0 18.0471 6.37739 1.46276 0 18.0963 9.81122 3.98983 0 20.3478 6.3896 4.23214 0 19.9519 9.38331 0.999206 0 22.9959 6.9114 0.95546 0 22.4368 9.69547 3.78044 0 25.2069 7.30921 3.58515 0 25.3046 9.49617 0.868339 0 28.4004 7.12477 0.966184 0 28.2617 9.53601 3.86808 0 31.3062 7.18111 4.23514 0 31.5077 8.95426 1.04873 0 34.4784 6.77804 0.905958 0 34.4178 9.06929 3.9076 0 37.6825 7.04789 4.12598 0 37.2289 9.45503 1.53409 0 1.60439 12.4277 1.28945 0 1.77079 15.3402 4.15844 0 4.13421 12.2772 3.73768 0 4.42409 15.0947 1.17802 0 7.07162 11.7642 1.36488 0 7.00905 14.9241 3.86625 0 9.5652 12.0116 4.03845 0 9.51685 14.9242 1.48312 0 11.9655 12.2382 1.39342 0 12.5738 15.044 4.43719 0 14.7155 12.2966 3.92813 0 15.0949 15.3758 1.64164 0 17.4739 12.6782 1.31923 0 17.5301 15.2471 3.84162 0 20.168 12.8506 3.76598 0 20.1443 15.6902 1.43638 0 22.91 12.2438 0.958253 0 23.0787 15.2817 3.65655 0 25.4745 12.0465 3.41193 0 25.9216 14.4848 1.00957 0 29.1501 11.8783 1.2005 0 28.5912 14.4515 4.37245 0 31.397 12.0379 4.41815 0 31.6745 14.7315 1.60347 0 34.1972 11.9386 1.89679 0 33.967 15.0803 4.55325 0 37.2 12.3656 4.33603 0 37.1561 14.6525 1.03485 0 2.04705 17.8307 1.65433 0 1.63285 20.2056 4.47575 0 4.4747 17.6383 4.1891 0 4.34387 20.7926 1.5874 0 7.28211 17.9213 1.37324 0 7.08522 20.6334 4.08727 0 9.87026 17.8866 4.18959 0 9.7667 20.6512 0.965846 0 12.0697 17.9175 1.32726 0 11.7887 21.019 4.27447 0 14.4846 18.3099 4.01189 0 14.3407 20.9597 1.10997 0 17.3599 18.3255 1.30906 0 17.4099 21.0619 3.83562 0 20.3256 17.6959 4.35143 0 20.4529 20.7524 1.63038 
0 23.2367 17.6847 1.17815 0 23.4583 20.24 4.1737 0 25.8099 17.3717 4.1988 0 25.7066 20.4355 0.946373 0 28.4913 17.1175 1.69136 0 28.3362 20.4496 3.31359 0 31.1694 17.4962 4.13403 0 31.4589 20.2761 1.7251 0 34.1452 17.5495 1.66664 0 34.3711 20.6287 4.14911 0 36.8625 18.0557 4.41629 0 37.1189 20.5363 1.36241 0 1.71859 23.2689 1.88368 0 1.57097 26.3294 3.75472 0 4.33286 23.4371 4.40309 0 4.74886 26.0511 1.40744 0 7.50769 23.8263 1.29394 0 6.82544 25.8528 4.38836 0 9.53538 23.5444 3.93877 0 9.49102 26.4082 1.28365 0 12.0077 23.4778 1.07188 0 12.2787 26.1419 3.71449 0 14.7975 23.4459 4.32849 0 14.776 26.1044 0.959425 0 17.4355 23.506 1.40881 0 17.6226 25.5921 4.52421 0 20.5267 23.4068 4.1477 0 20.8506 25.7663 1.40903 0 23.3763 23.079 1.48544 0 23.6867 25.73 3.97259 0 26.2156 23.5104 4.00379 0 26.353 26.6303 1.20471 0 28.2956 23.2064 1.15616 0 28.8917 26.6148 4.2372 0 30.8386 23.0796 3.90213 0 31.2652 25.87 1.431 0 33.7178 23.3383 1.44531 0 34.3556 26.042 3.78561 0 37.1113 23.1198 3.85005 0 37.0984 25.9625 1.54381 0 1.59794 28.3 0.934223 0 0.901583 31.6669 4.14191 0 4.11794 28.9359 4.08102 0 3.84953 31.8978 1.56539 0 6.8562 28.9897 1.10835 0 6.32271 31.8748 4.09387 0 8.86015 29.2183 3.899 0 9.61551 31.3239 1.31634 0 12.141 28.946 1.36353 0 12.1123 31.5522 4.10727 0 15.1351 28.5276 3.77268 0 14.7844 31.2738 1.52928 0 18.0558 28.3764 1.4501 0 17.9705 31.2557 3.78174 0 20.7341 28.7117 4.31755 0 20.6192 31.17 1.37563 0 23.307 28.3592 1.67015 0 23.0763 31.2719 4.19572 0 25.8285 28.5793 4.42554 0 25.8229 31.2032 1.37675 0 29.2976 28.7145 1.66587 0 29.0689 31.0476 4.4814 0 31.9608 28.7183 4.10321 0 31.5175 31.2408 1.7635 0 34.4715 28.8353 1.66635 0 34.963 31.4241 4.15945 0 37.2192 28.6131 4.14045 0 37.3694 31.0174 1.08068 0 1.04436 33.8254 1.36131 0 1.6298 37.5252 4.09631 0 3.9622 34.3793 4.49059 0 4.2914 36.4288 1.40594 0 6.79553 34.2325 1.25802 0 6.96594 37.0398 4.01249 0 9.39239 34.1484 4.0402 0 9.5337 36.7289 1.16165 0 12.1377 34.2315 1.18177 0 12.3674 36.4053 4.10521 0 15.3155 33.9771 4.00846 0 15.0341 36.6125 1.44362 0 17.5168 34.1303 1.17916 0 17.8098 36.5177 3.85458 0 20.4361 33.9598 4.27771 0 20.4179 36.4958 1.28324 0 23.3054 33.7904 1.30913 0 23.13 36.6941 3.64146 0 26.122 34.2466 4.43836 0 25.9466 36.9224 0.875106 0 28.8003 34.1592 1.58143 0 28.5664 36.9621 3.6809 0 31.4617 33.9924 4.30445 0 31.8389 36.8247 1.39015 0 34.4166 33.9529 1.79075 0 34.0197 37.343 4.39588 0 36.5766 34.6949 4.54143 0 36.6653 36.8221 1.45434 0 1.60741 1.26016 7.08927 0 1.09825 4.20079 9.89989 0 4.20813 1.95062 9.37246 0 4.23446 4.06153 6.50437 
0 7.03596 1.45705 6.76016 0 7.52544 3.83881 9.74975 0 9.57405 0.855018 9.27732 0 10.0627 3.80903 7.0128 0 12.2534 1.06666 6.86809 0 12.3936 3.73451 9.87869 0 15.0196 0.960308 9.3957 0 15.3167 4.35235 6.53963 0 18.0921 0.870261 6.6536 0 18.031 3.65923 9.24886 0 20.6833 1.11647 9.63864 0 20.6799 3.66572 6.57604 0 23.1445 0.831143 6.2289 0 23.0396 4.17585 9.91702 0 25.8091 1.59092 9.46818 0 25.3937 3.94713 6.76898 0 28.1967 1.58014 6.7181 0 28.0719 4.24701 9.91973 0 31.0469 1.32224 9.49812 0 31.0583 4.40159 6.92596 0 33.6242 1.34049 6.65583 0 33.8451 4.02231 9.93415 0 36.4965 1.72402 9.72166 0 37.2401 3.95847 6.88144 0 1.43258 6.93518 7.03819 0 2.22522 9.67042 9.35636 0 4.65539 6.34151 9.6766 0 4.63024 9.31311 6.88105 0 6.83111 6.2415 6.71144 0 7.15513 9.44737 9.55307 0 9.90249 6.80466 9.68902 0 9.72947 9.44732 6.63177 0 12.1839 6.72487 6.96686 0 12.3093 9.51239 9.4864 0 15.1009 6.3164 9.74241 0 14.8837 8.95021 6.64942 0 18.111 6.46339 7.11473 0 17.7996 9.18417 9.65905 0 20.3124 6.96188 9.92787 0 20.1314 9.40564 7.07297 0 22.7057 7.09122 6.68628 0 22.7997 10.045 9.50016 0 25.6769 7.56697 9.09381 0 25.2786 9.75915 6.13534 0 28.3301 6.95118 6.84655 0 28.8201 9.26082 9.5824 0 31.2374 6.81403 9.62095 0 31.4886 9.60115 6.86017 0 34.4942 6.66443 6.74814 0 34.4818 9.59647 9.50052 0 37.2116 6.77157 9.58894 0 37.3545 9.59787 6.79557 0 1.68583 12.506 6.79528 0 1.5608 14.7356 9.58696 0 4.48554 12.2647 9.65024 0 4.57707 14.6888 6.58756 0 7.39702 12.3661 6.97687 0 6.95217 14.6785 9.54554 0 9.77813 12.2894 9.45739 0 9.65903 15.1852 6.8494 0 12.5645 12.0794 6.75504 0 12.4912 14.9716 8.95407 0 15.0016 12.168 9.31652 0 15.329 15.4561 6.7247 0 17.2583 12.2506 6.51266 0 17.7935 15.2155 9.19844 0 19.6502 12.3056 9.57081 0 20.1362 14.8118 6.88377 0 22.7959 12.1979 6.50893 0 22.813 14.6036 9.59429 0 25.9708 12.1546 9.59692 0 25.5682 14.9849 6.98588 0 28.5037 11.6602 6.84607 0 28.3016 14.993 9.35372 0 31.2518 12.3604 9.23547 0 30.9103 15.0372 6.84208 0 34.5653 12.1773 6.33577 0 34.0534 14.3255 9.09076 0 37.4944 12.0724 9.12796 0 36.9977 15.102 6.97499 0 1.95581 17.4846 6.9323 0 1.09034 20.4211 9.59023 0 4.35092 17.4988 9.5054 0 4.13326 20.39 6.86406 0 6.79893 17.9093 6.97997 0 6.35578 20.567 9.80666 0 9.58444 17.3121 9.53829 0 9.40422 20.1695 6.84506 0 12.1446 17.8426 6.74601 0 12.1842 20.6084 9.62518 0 14.8109 17.862 9.21517 0 14.5387 20.7357 6.45756 0 17.268 18.2477 6.3436 0 17.4114 20.9552 9.52787 0 20.6342 17.666 9.35306 0 20.4045 20.9265 6.52036 0 23.3675 17.8355 6.95601 0 23.1183 20.4537 9.48701 0 25.9671 17.8349 9.35866 0 25.734 20.358 6.55825 
0 28.4249 17.4177 6.6533 0 28.4949 20.6945 9.09346 0 31.2581 18.0001 9.1911 0 31.0593 20.3268 6.3617 0 34.3039 17.6766 7.06309 0 34.0949 20.4931 9.1324 0 37.0821 17.8193 9.31311 0 37.1367 20.5574 6.7631 0 1.23478 23.4184 6.42609 0 1.23428 26.3288 9.28413 0 3.76463 23.1902 9.36323 0 3.71182 25.89 6.74787 0 7.23239 22.9966 6.80989 0 6.49888 25.9131 9.58411 0 9.14494 23.0963 9.96998 0 9.54346 26.3709 7.09694 0 11.9039 23.3934 6.96056 0 12.1424 26.582 9.47838 0 14.7061 23.8893 9.6652 0 14.9764 26.6055 6.82901 0 17.658 23.0192 6.77878 0 17.5239 25.9155 9.34846 0 20.2874 23.4751 9.53108 0 20.36 25.9966 6.78258 0 23.2512 23.2958 6.90771 0 23.1322 25.7837 9.55278 0 25.9525 23.1888 9.51669 0 26.1676 26.1051 7.19882 0 28.4123 23.414 6.92061 0 28.9068 26.0373 9.6725 0 31.7399 23.2135 9.06774 0 31.2958 26.0383 6.74524 0 33.786 23.43 6.02539 0 34.4487 25.7621 8.91711 0 36.9064 23.182 9.40768 0 36.9327 25.8223 6.40738 0 1.63413 28.7625 6.83488 0 1.27507 31.6012 9.48008 0 4.05265 28.9419 9.57262 0 3.87144 31.5284 6.6743 0 6.60538 28.6837 6.62656 0 6.60176 31.8764 9.59272 0 8.94837 29.1113 9.43392 0 9.32189 31.5476 6.29049 0 12.1243 28.5509 6.43017 0 12.1536 31.359 9.15892 0 14.9674 28.9286 9.15794 0 14.8691 31.619 6.83917 0 18.0177 28.6876 6.89673 0 17.927 31.2639 9.72922 0 21.0136 28.7108 9.53209 0 20.6688 31.2073 6.94556 0 23.3836 28.5829 6.93639 0 23.6351 31.6088 9.75583 0 25.7456 28.7209 10.1029 0 25.7048 31.4556 6.88973 0 28.8074 28.997 7.40536 0 28.2157 31.4002 9.99093 0 31.5718 28.7665 10.0456 0 31.6179 31.3107 7.46785 0 34.5849 29.1001 6.55744 0 34.2578 31.6429 9.83618 0 36.7789 28.8038 9.08757 0 36.7402 31.9001 7.22184 0 1.296 34.4257 7.12596 0 1.46333 37.4593 9.79496 0 3.65016 34.8266 9.84248 0 4.36716 37.2498 6.86997 0 6.94039 34.2205 7.04691 0 6.61127 37.0857 9.61965 0 9.60528 34.4967 9.15638 0 9.63532 36.9194 6.51866 0 12.338 34.0195 6.85217 0 12.5681 36.9103 9.24165 0 15.1922 33.9003 9.34998 0 15.0065 36.8155 6.57487 0 18.0449 34.036 6.87431 0 17.8679 36.5666 9.39308 0 20.8828 34.0453 9.44027 0 20.7305 36.9189 6.56074 0 23.2547 34.3359 6.82386 0 23.4317 36.8262 9.64943 0 26.2137 34.1767 9.10089 0 25.7278 36.8453 6.91651 0 28.8452 33.836 6.82384 0 28.7991 36.9243 9.69802 0 31.1975 34.38 9.56314 0 31.1311 36.7594 6.28013 0 33.8962 34.2898 7.16174 0 33.9079 37.5632 9.46381 0 37.0908 34.3362 9.83426 0 37.2015 36.9714 7.67513 0 0.698293 1.75817 12.4901 0 1.10535 4.42198 15.2816 0 3.51104 1.52877 15.5266 0 4.14934 4.07153 12.5503 0 6.97817 1.31659 12.2059 0 6.90608 3.93123 15.1241 0 10.3185 0.803412 15.2894 0 9.87734 3.74396 12.6952 
0 12.8324 1.01368 12.3922 0 12.8056 3.98107 14.5825 0 15.5312 1.08949 14.935 0 15.7386 3.8642 12.1453 0 17.7559 0.832907 11.9549 0 17.8943 3.8191 15.0977 0 20.3779 1.27589 15.2598 0 20.277 4.0704 12.5414 0 23.0028 0.936305 12.2351 0 23.1203 3.77478 14.948 0 25.9274 1.24471 14.9814 0 25.6823 4.31883 12.3239 0 28.5708 1.58333 12.5 0 28.6777 4.40371 15.2478 0 31.1325 1.61407 15.2787 0 31.0819 4.08867 12.0975 0 33.7698 1.77552 12.6813 0 34.2362 4.34599 15.3141 0 36.7135 1.49551 15.0923 0 36.55 4.63917 12.647 0 1.24147 7.12237 12.3507 0 0.948869 9.55832 15.1569 0 3.69946 7.1422 15.0461 0 4.18124 9.72833 12.3429 0 6.73898 6.62986 12.643 0 6.36908 10.2956 15.0028 0 10.112 6.72783 15.4828 0 9.15061 9.49717 12.4396 0 12.2986 6.65185 12.4329 0 12.5579 9.32329 15.3647 0 15.1819 6.92529 15.3069 0 15.1666 9.43011 12.1993 0 17.6866 6.87585 12.9581 0 17.9875 9.61649 15.4064 0 20.5941 6.65087 15.2274 0 20.0192 9.67067 12.1381 0 22.9525 6.87239 12.26 0 22.8089 9.85936 15.257 0 25.6332 6.60738 15.1771 0 25.7021 9.23526 12.1995 0 28.7369 6.96649 12.5163 0 28.6577 9.55412 15.0563 0 31.4791 6.74344 15.3248 0 31.4924 9.90842 12.2541 0 34.0994 7.24346 12.4626 0 34.1439 9.662 15.1113 0 36.3962 7.17651 15.5622 0 37.0598 9.34176 12.0222 0 1.38219 12.2698 12.0235 0 1.02799 14.8242 14.4979 0 3.42066 12.2425 15.0522 0 4.13343 14.845 12.1666 0 6.99767 12.3948 12.1002 0 7.03483 15.077 14.8062 0 9.23505 12.073 15.3662 0 10.1653 15.0222 12.1503 0 12.2595 12.1289 12.3097 0 12.8773 14.9261 14.8436 0 15.1741 12.2196 14.7835 0 15.161 15.1545 11.8822 0 17.5586 12.4323 12.5714 0 17.7401 15.5958 14.9315 0 20.44 12.478 15.1013 0 20.1593 15.6277 12.2197 0 23.3117 12.0744 12.3964 0 23.2041 14.952 14.6714 0 25.8309 12.7976 15.1129 0 26.1227 15.1423 12.0886 0 28.3787 11.9755 12.2925 0 28.6735 15.5263 14.4521 0 31.0752 12.4301 14.9655 0 31.6317 14.76 11.8622 0 34.1803 12.3256 12.1795 0 34.012 15.1475 14.924 0 36.6653 12.1037 14.5467 0 36.9555 14.9258 11.8408 0 1.06051 17.5459 11.8319 0 1.05906 20.3993 14.6588 0 4.15891 17.2068 14.8633 0 3.79942 20.3044 11.923 0 6.80218 17.4654 12.1764 0 6.33254 20.1407 14.5888 0 9.8756 17.3382 15.0453 0 9.40531 20.2751 12.4373 0 12.3753 18.0574 12.2464 0 12.2394 20.8483 15.4565 0 15.1098 18.2463 15.2158 0 14.7257 21.2298 12.0402 0 17.4018 18.3678 11.8766 0 17.7805 20.5561 14.8784 0 20.2364 18.0701 15.0074 0 20.1202 21.1408 12.2486 0 23.1577 18.0743 12.5762 0 22.9441 20.8428 14.7194 0 26.04 17.7734 14.716 0 26.001 20.524 11.8436 0 28.9149 18.1352 11.7693 0 28.6038 20.4902 14.889 0 31.3679 18.0707 14.5945 0 31.3081 20.5462 11.7492 
0 34.1876 17.5061 11.6851 0 34.0694 20.4627 14.4978 0 37.0664 17.6974 14.9221 0 36.5649 20.343 11.8597 0 1.26 22.9214 12.173 0 0.692988 25.7661 14.3144 0 3.88409 22.9335 14.8293 0 3.97285 25.9632 12.2599 0 7.01188 23.4032 12.7301 0 7.09788 26.6541 14.675 0 9.69587 23.4617 14.7093 0 9.42274 26.3771 11.7782 0 12.1589 23.674 12.4226 0 11.9746 26.6019 14.5952 0 15.0648 23.5453 14.9266 0 14.9814 26.5293 11.9977 0 17.458 23.4957 12.1896 0 17.8843 26.2073 14.8214 0 20.5967 23.5056 15.1297 0 20.5401 26.2219 12.2735 0 22.9096 23.4634 12.033 0 23.4053 26.0473 14.8861 0 26.4932 23.3764 14.4286 0 25.8192 25.6581 11.9314 0 28.8833 22.9036 11.7511 0 28.7123 26.2845 15.1098 0 31.3115 23.2029 14.6713 0 31.2707 25.809 12.5713 0 34.0867 23.4362 11.7992 0 34.029 25.8091 14.7803 0 36.6438 23.18 14.6895 0 36.7018 26.0006 11.8103 0 1.47498 28.5498 11.8839 0 0.762615 31.7771 15.0161 0 3.78815 28.9072 14.6099 0 3.48959 31.3585 12.0511 0 6.604 29.1249 12.2684 0 6.76612 31.5573 14.7961 0 9.7904 29.4814 15.0284 0 9.35802 31.8756 11.9449 0 12.4419 29.3142 12.1413 0 12.7112 31.7519 15.103 0 15.0279 29.0387 14.6782 0 15.1 31.5819 12.0022 0 18.0351 28.6498 12.2063 0 17.9285 31.3615 14.6979 0 20.656 28.9635 14.9415 0 20.7719 31.4218 12.3107 0 23.2829 28.7313 12.5205 0 22.9782 31.5524 15.1809 0 25.8669 28.8619 15.2817 0 25.8732 31.379 12.5365 0 28.3951 28.6836 12.604 0 28.5883 31.3428 15.0587 0 31.3133 28.5546 15.2404 0 31.3295 31.4637 12.1572 0 34.171 28.8846 12.2834 0 33.9045 31.7733 14.9712 0 36.9395 28.8244 14.9993 0 36.8628 31.5712 12.1394 0 1.42846 34.3646 12.5846 0 1.1746 37.2267 14.8963 0 3.99672 34.4045 15.2542 0 3.96616 37.5504 12.835 0 6.24902 34.2679 12.6008 0 7.14708 36.6082 14.7688 0 9.84273 34.4774 14.5599 0 9.12588 36.7147 11.931 0 12.255 33.8963 11.5853 0 12.7978 36.6312 14.6681 0 15.5138 33.8056 15.0002 0 15.2396 36.305 11.889 0 18.0698 33.9295 12.0706 0 17.9252 36.862 14.6558 0 20.3253 34.0646 14.9994 0 20.6649 36.6165 12.0834 0 23.4141 34.0242 12.2551 0 23.3699 36.7429 14.9542 0 25.8672 33.7942 15.0926 0 26.0389 36.4914 12.3256 0 28.8897 34.2188 12.5453 0 28.8941 37.1197 14.9322 0 31.6095 34.4349 15.1661 0 31.7206 37.3161 12.3882 0 34.0964 34.5002 11.7965 0 33.6445 37.7012 15.5002 0 36.6071 34.4077 15.1932 0 36.6456 37.4463 12.2469 0 0.955297 1.43927 17.802 0 1.40008 4.54597 20.6809 0 3.94163 1.38977 19.6577 0 3.79087 4.68336 17.6562 0 7.09526 0.879432 17.2737 0 6.99406 4.01772 20.0403 0 9.98071 1.36609 20.4776 0 9.80966 3.6622 17.5923 0 13.0126 1.43994 17.8548 0 12.2235 4.01136 20.4198 0 15.2404 1.25828 21.0286 0 15.0969 4.42195 18.3185 
0 17.3615 1.49643 18.1606 0 17.4961 3.97613 20.9616 0 20.5968 1.44775 20.794 0 20.3429 3.72385 17.9866 0 23.2227 1.41082 17.9513 0 23.0964 3.88227 21.0905 0 25.6125 1.34551 20.8257 0 25.7954 4.13271 18.0586 0 28.3912 1.51211 17.9272 0 28.3137 4.81299 21.2214 0 31.226 1.53835 20.5307 0 31.0948 4.46492 18.2276 0 34.0998 2.0101 17.7563 0 33.6961 4.15589 20.9165 0 36.6975 1.7795 20.7862 0 36.7851 4.45204 18.1604 0 1.17938 6.92917 18.0035 0 1.08831 10.1842 20.4906 0 3.89853 7.50119 20.7945 0 3.69508 9.93994 17.7267 0 6.72241 7.42336 17.4409 0 7.09758 9.74663 20.8963 0 9.34355 6.69745 20.2521 0 9.78075 9.53706 18.1048 0 12.4874 7.25314 18.2256 0 12.705 9.51569 21.0697 0 15.3969 6.87651 20.8637 0 15.441 10.1407 17.5319 0 18.0158 6.89687 18.162 0 17.939 9.89469 20.2543 0 20.7638 6.65354 20.54 0 20.6228 9.19953 17.7149 0 23.2468 6.64218 17.8824 0 23.2832 9.90424 20.6659 0 25.3652 6.99993 20.8256 0 25.8689 9.87012 17.4805 0 28.538 6.80944 18.0689 0 28.8182 9.59103 20.8311 0 31.387 6.92326 20.6491 0 31.0124 9.50127 17.7003 0 34.0393 7.27729 18.11 0 33.9824 9.8913 20.5558 0 37.3004 7.08461 20.9011 0 36.8436 9.86108 18.1322 0 1.0776 12.5878 17.4685 0 0.970489 14.8307 20.6877 0 3.87392 12.4667 20.2709 0 3.82174 15.0378 17.4141 0 7.07022 12.654 18.1355 0 6.84841 15.1794 20.5429 0 9.72152 11.8501 20.6981 0 9.80216 14.869 17.8664 0 12.961 12.5467 17.7521 0 12.1651 14.782 20.8333 0 15.0754 12.7708 20.591 0 14.9416 15.3614 17.9206 0 17.7372 12.981 18.1916 0 17.6033 15.3184 20.7439 0 20.3752 12.3986 19.9759 0 20.8162 15.2798 17.2482 0 23.262 12.2744 17.6227 0 23.5498 15.0725 20.6124 0 26.3247 12.4568 20.4122 0 26.1392 15.0109 17.8042 0 28.6021 12.4554 17.6694 0 28.6534 15.3145 20.2139 0 31.2829 12.2732 20.6515 0 31.0742 15.1536 17.2226 0 34.0489 12.4851 17.2753 0 34.2151 14.9847 19.8631 0 36.7879 12.3779 20.7232 0 36.5893 15.1912 17.4011 0 1.28036 17.8472 17.3727 0 1.24502 19.9729 20.57 0 3.78652 17.6321 20.2983 0 3.94802 20.1214 17.3039 0 6.53096 17.7765 17.4054 0 6.28462 20.1761 20.1346 0 8.9581 17.9821 20.3416 0 9.55471 20.2651 17.6399 0 12.1404 17.5311 18.2562 0 12.2399 20.4262 20.8282 0 14.6721 17.814 20.5329 0 15.2037 20.6598 17.8117 0 17.6866 17.6142 17.639 0 18.0281 20.6639 20.434 0 20.5756 18.0284 20.4004 0 20.481 20.4611 17.4197 0 23.1988 17.4007 17.6067 0 23.2965 20.5117 20.156 0 25.7047 18.0611 20.5395 0 25.6174 20.6785 17.3812 0 28.3615 18.3152 17.6882 0 28.6731 20.7107 20.4335 0 31.3756 17.7291 20.3231 0 31.3076 20.7956 17.566 0 33.7944 17.9547 17.5822 0 34.0524 20.6643 20.4953 0 36.3324 17.8361 20.0589 0 36.7166 20.5373 17.3033 
0 1.00287 22.8961 17.4667 0 1.28286 25.5776 19.9457 0 4.14855 22.8986 19.8095 0 4.18079 26.0603 16.9081 0 6.9079 23.2283 17.1314 0 6.74012 25.7617 20.3113 0 9.41018 22.9151 20.2293 0 10.0666 26.4155 17.7515 0 12.4367 23.0523 17.8942 0 12.2066 26.0734 20.4689 0 15.184 22.9925 20.9229 0 15.2794 26.4288 17.5041 0 18.0283 23.3838 17.7915 0 17.2294 26.0726 20.3068 0 20.2721 23.3466 20.4804 0 20.1871 26.1183 17.9287 0 23.2712 23.2006 17.8117 0 23.1351 26.1299 20.1998 0 25.9053 23.2401 20.7127 0 25.9004 26.0717 17.5156 0 28.9964 23.3748 17.3605 0 28.5359 25.8984 20.1804 0 31.4401 23.2565 20.1842 0 31.5427 25.633 17.4806 0 34.3125 23.3815 17.7018 0 34.0885 25.6418 20.8704 0 36.84 22.5789 20.6529 0 36.7025 26.0574 17.4748 0 1.12447 28.4822 17.2445 0 0.978637 30.6275 20.6274 0 3.82164 28.1882 20.5635 0 4.01405 30.6464 17.876 0 7.27302 28.9703 17.4918 0 7.04631 31.5737 20.1178 0 9.41294 28.5006 20.7113 0 10.2016 32.0275 18.0075 0 12.5785 28.8528 17.732 0 12.391 31.1859 20.7512 0 14.9323 28.7984 20.4596 0 15.1949 31.719 17.8633 0 17.7822 28.923 17.952 0 17.7549 31.3507 20.7047 0 20.2495 28.7102 20.3434 0 20.3622 31.81 17.9555 0 23.2915 29.0745 17.803 0 23.2882 31.9136 20.6279 0 26.1045 28.8069 20.3012 0 25.7945 31.4605 17.9507 0 28.9276 28.9625 17.8644 0 28.6208 31.6748 20.3033 0 31.4987 28.353 20.3289 0 31.1007 31.8231 17.8117 0 34.0455 28.3465 17.3571 0 34.2269 30.757 20.7118 0 36.794 28.2953 19.9374 0 36.6795 31.4152 17.5629 0 1.26116 33.778 17.9185 0 0.945289 37.2847 19.9494 0 4.20325 33.3097 20.6879 0 3.96701 36.4669 18.0331 0 6.77295 33.9923 17.647 0 6.76928 35.9408 20.5938 0 9.97202 34.0645 20.7758 0 10.0474 36.6536 17.8765 0 12.8943 34.5564 17.6876 0 12.5659 37.0605 20.491 0 15.1503 34.0198 20.4536 0 15.6203 37.007 17.5324 0 17.8016 34.2642 17.8372 0 17.6262 36.8904 20.4445 0 20.0405 34.3618 20.5768 0 20.4681 36.756 17.6489 0 23.2384 34.1328 17.5574 0 22.8576 36.9881 20.4606 0 26.0459 34.1781 20.6358 0 25.814 37.0737 17.9288 0 28.3648 34.4409 17.9719 0 28.7879 37.6729 20.6029 0 31.1593 34.4414 20.7485 0 31.1238 36.9823 17.8458 0 33.9749 34.4141 17.9267 0 34.75 37.3004 20.1965 0 36.8744 33.6167 20.077 0 36.894 36.9377 17.4473 0 1.40229 1.5475 23.5915 0 1.65412 3.99351 26.4877 0 4.25904 1.1822 25.717 0 4.19862 4.29184 23.2317 0 6.5253 1.19749 22.4723 0 6.87164 4.24547 25.7195 0 9.20811 1.49762 25.4788 0 9.35793 3.90041 22.9721 0 12.2938 1.65274 23.1192 0 11.982 4.34493 25.9988 0 14.8862 1.11409 26.0363 0 14.8473 4.09981 23.4539 0 17.6249 0.854612 23.646 0 17.6374 3.91695 26.3207 0 20.3755 1.02105 26.4218 0 20.2639 3.75074 24.0663 
0 23.0858 0.891386 23.507 0 23.4084 3.90045 26.5591 0 25.7043 1.1179 26.3713 0 25.5559 4.00314 23.6646 0 28.642 1.85387 23.7857 0 28.7434 4.24874 26.4065 0 31.4682 1.52179 26.2271 0 31.3439 4.24626 23.8931 0 34.3926 2.01604 23.8913 0 34.1319 4.43605 26.4377 0 36.9566 2.17424 26.4304 0 36.7693 4.55359 23.5326 0 1.39854 7.33002 23.325 0 1.55768 9.67927 25.8139 0 4.06091 6.73657 25.9192 0 4.5683 9.49192 23.6306 0 7.21498 7.17272 23.6464 0 6.98465 9.75752 26.3291 0 9.74628 7.27121 26.2531 0 9.6624 9.65997 23.4402 0 11.747 6.40227 22.9115 0 12.5671 9.76465 26.3988 0 14.5052 7.0033 25.5703 0 15.5939 9.69774 23.2929 0 18.0703 6.75087 23.5184 0 17.7568 9.89994 26.2101 0 20.2366 6.261 26.6487 0 20.2065 10.2746 23.0799 0 22.7648 6.59404 23.8007 0 22.8584 9.09952 26.2344 0 25.9928 6.67606 25.9147 0 25.8112 9.78845 23.2632 0 29.013 7.17754 23.639 0 28.9622 9.55933 26.0566 0 31.466 6.90948 26.5862 0 31.4644 10.5399 23.4102 0 34.0744 7.19631 23.082 0 34.1067 9.42961 26.1342 0 36.9235 6.75132 25.902 0 36.9037 9.82214 23.51 0 1.35573 12.2073 23.3493 0 1.18466 15.6606 26.3049 0 4.23623 12.1881 26.0822 0 3.72703 14.7933 23.2643 0 6.80849 12.6596 23.1259 0 6.7462 14.7428 26.4678 0 9.68535 11.9257 26.3559 0 9.65925 14.5945 23.5724 0 12.6613 12.1799 23.4027 0 12.1249 14.8548 25.9982 0 15.1952 12.388 26.4821 0 14.8316 15.0904 23.3289 0 17.4571 12.5734 23.5857 0 17.9289 15.0448 26.1288 0 20.6459 12.5195 25.9135 0 20.6181 15.3269 23.0062 0 23.1801 12.4649 23.3039 0 23.5889 14.7419 25.9584 0 25.6075 11.8746 25.9411 0 25.7178 15.3008 23.2053 0 28.4421 12.5232 23.3123 0 28.8369 14.9757 26.1422 0 31.8308 12.611 26.2997 0 31.6946 15.1524 23.2753 0 34.341 12.6667 23.3804 0 33.8913 15.5196 26.0939 0 36.8242 12.6468 26.307 0 36.8453 15.032 23.4935 0 0.913734 17.4746 23.0728 0 1.86435 20.4394 26.3691 0 3.9838 17.4704 25.8722 0 3.85335 20.327 23.3248 0 6.71835 17.2493 23.4463 0 6.76921 20.2973 25.7977 0 9.34917 17.365 26.2632 0 9.34796 20.2881 23.027 0 12.1258 17.6786 23.3234 0 12.1185 20.3193 25.8201 0 14.8239 17.4224 25.9665 0 14.9925 20.3619 23.671 0 17.96 17.9396 23.539 0 18.2376 20.7853 25.9996 0 20.5924 17.8707 25.8094 0 20.7065 20.6481 23.1178 0 23.0544 18.0288 23.2433 0 23.5233 20.5366 25.9555 0 26.0115 17.7716 26.1162 0 25.9312 20.7238 23.2525 0 28.5825 17.6029 22.8544 0 28.4828 20.4556 25.893 0 31.3333 18.277 26.1824 0 31.1196 20.0662 23.1701 0 34.1481 18.267 23.034 0 33.8295 20.5385 25.8565 0 36.9629 17.9993 26.3411 0 36.9674 20.7416 23.5268 0 1.56201 23.2859 23.0307 0 0.869162 25.7106 25.9074 0 4.358 23.3895 26.0728 0 4.11754 26.0134 23.6153 
0 6.23046 22.906 23.1354 0 6.82159 25.8471 26.0843 0 8.97688 23.1824 25.6726 0 9.1718 25.5358 23.079 0 12.0998 23.2472 23.3936 0 12.1285 26.2335 25.7068 0 15.4651 23.1967 25.9768 0 15.0666 26.0946 23.2791 0 17.9059 23.4116 23.599 0 18.2154 25.8423 26.2965 0 20.9113 23.3803 25.7694 0 20.8642 26.0117 23.4176 0 23.3436 23.5838 23.195 0 23.6227 26.1392 25.9065 0 26.5382 23.8124 25.37 0 25.7277 26.2515 22.7996 0 28.9677 23.097 22.9571 0 28.8034 26.3681 25.7154 0 31.215 23.4024 25.8454 0 31.2553 26.108 23.0838 0 33.9073 23.3113 23.4482 0 33.9924 25.9062 25.8018 0 36.5675 23.3114 26.1266 0 37.316 25.471 22.8354 0 0.908838 28.2471 23.206 0 1.30654 31.2874 26.6635 0 3.18122 28.3277 26.1281 0 3.83736 31.3377 23.4796 0 6.89127 28.5482 23.1394 0 7.03129 30.9662 26.0444 0 9.57876 28.6123 25.9792 0 9.37681 31.5611 23.0641 0 12.0764 28.4904 23.1356 0 12.3502 31.6457 25.9752 0 15.0638 28.4943 26.2646 0 15.2326 31.8258 23.6128 0 17.5246 28.783 23.3404 0 17.8291 31.6748 25.6626 0 20.6825 28.7573 25.9779 0 20.7281 31.3516 23.0274 0 22.8676 28.7524 22.7751 0 23.4389 31.5221 25.7262 0 25.7759 28.9473 25.3564 0 25.6276 31.5293 23.0505 0 28.947 28.734 22.7751 0 28.8585 31.4007 25.4443 0 31.8028 28.7055 25.3983 0 31.4019 31.646 22.7574 0 34.4478 28.4306 23.2186 0 33.9665 31.9924 25.8725 0 36.8969 28.4392 25.9938 0 37.2994 31.2438 23.7639 0 0.870563 34.3316 22.832 0 0.827312 37.1675 25.8806 0 3.78513 33.8915 25.8283 0 3.84035 36.9085 23.1738 0 6.85676 33.9817 23.7594 0 6.86463 36.7693 25.9491 0 9.77773 33.8943 26.0399 0 9.08659 37.0707 23.2734 0 12.4668 34.2805 23.2381 0 11.7671 36.8998 25.5493 0 15.1124 34.5132 26.0715 0 14.7481 37.01 23.2136 0 17.8198 34.515 23.1352 0 17.7529 36.795 26.3488 0 20.5612 34.0538 25.9657 0 20.5728 37.195 23.6208 0 23.1977 34.8966 23.5607 0 23.23 36.9456 26.3708 0 26.1944 34.4416 25.8977 0 26.0178 37.2525 23.6275 0 28.591 34.262 23.1591 0 28.6969 37.0623 26.3366 0 31.5757 34.4689 25.6939 0 31.9129 37.1176 22.741 0 34.3354 33.7008 22.8285 0 34.1281 36.9501 25.7818 0 36.973 34.2973 26.0651 0 36.9222 37.6358 23.2417 0 1.3493 1.12754 28.6716 0 1.73703 3.73977 31.3079 0 4.34539 1.22992 31.4149 0 4.62423 3.54364 28.7081 0 7.11652 1.09513 28.1631 0 6.70122 3.76193 31.6491 0 9.18091 0.679591 31.3862 0 9.20626 3.73764 28.5694 0 11.8923 1.43058 28.1383 0 12.6335 3.80109 31.1639 0 15.0207 1.32723 31.4704 0 15.0684 3.70768 28.645 0 17.8104 1.09736 28.6559 0 17.4472 3.88292 31.7196 0 20.4347 1.21407 31.604 0 20.6107 3.93634 28.9476 0 23.1942 0.935656 28.8321 0 23.7564 3.97053 31.2526 0 26.1676 1.30567 31.771 0 26.1434 3.88263 28.824 
0 28.8537 1.37923 28.8074 0 28.9099 4.09936 31.9171 0 31.6118 1.08322 31.8469 0 31.5224 4.16852 28.9928 0 34.2061 1.14378 28.5313 0 34.3299 3.96943 31.8601 0 37.1927 1.39187 31.3744 0 37.0134 4.37098 29.2465 0 1.70753 6.68217 28.5055 0 1.24988 9.87583 31.3682 0 4.17394 6.5354 31.3047 0 3.82562 9.62311 28.9622 0 6.57171 6.77751 28.6885 0 6.52173 9.07416 31.5149 0 9.38902 6.5347 31.5973 0 9.28997 9.27136 29.2063 0 11.7441 6.57654 28.9306 0 12.2772 9.66866 31.8774 0 14.8603 6.87043 31.6825 0 15.1661 9.543 29.053 0 17.4342 6.46926 28.8605 0 17.6605 9.62735 31.5518 0 20.2332 7.00087 31.3199 0 20.2198 9.41427 28.9073 0 23.2665 6.80372 29.0809 0 23.3097 9.69396 31.6808 0 26.2051 6.67565 31.7288 0 26.4811 9.21327 29.1537 0 28.9495 6.8966 28.9648 0 28.8454 9.8034 31.6625 0 31.9218 7.0756 31.366 0 31.7784 9.98356 29.0543 0 34.5098 7.03591 28.809 0 34.4708 9.55512 31.534 0 37.5038 6.96003 31.4259 0 37.1768 9.92253 28.6589 0 1.03084 13.0222 28.6923 0 1.76667 14.9626 31.7768 0 3.94768 12.3695 31.8104 0 4.12601 14.7722 28.7583 0 6.67773 12.2027 29.3537 0 7.03577 15.0569 31.4812 0 9.50568 11.8846 31.8185 0 9.59268 14.8949 28.6976 0 12.4055 12.3172 29.2882 0 12.2202 15.1225 31.5931 0 14.8911 12.1936 31.4072 0 14.7047 15.1966 28.679 0 18.2117 12.4687 28.86 0 17.2948 15.5512 31.1795 0 20.7438 12.373 31.339 0 20.5942 15.2822 28.661 0 23.6027 12.7599 28.9906 0 22.8973 15.467 31.6834 0 26.3784 12.6275 31.1612 0 26.1412 15.249 28.5894 0 29.0734 12.1712 28.7535 0 28.5173 15.6261 31.1114 0 31.8135 12.1972 31.9711 0 31.7256 15.1114 29.2579 0 34.3294 12.818 28.8603 0 34.275 15.3671 31.5944 0 36.8831 12.5803 31.5067 0 36.9291 15.5478 28.9406 0 1.11093 17.8433 29.1011 0 0.962484 20.3474 31.583 0 4.61506 17.395 31.335 0 4.00083 20.9224 29.3081 0 6.59483 18.0502 28.5218 0 6.88441 20.4691 31.426 0 9.63149 17.6711 31.51 0 9.42993 20.2923 28.6455 0 12.3525 17.9903 28.5622 0 12.3688 20.7409 31.2733 0 14.8237 17.9535 31.3892 0 14.8077 20.6535 28.6056 0 18.068 17.7141 28.235 0 17.7978 20.9029 31.3152 0 20.209 17.7784 31.2291 0 21.0231 21.0905 28.7882 0 23.5469 18.0535 28.6614 0 23.867 20.5392 31.4913 0 25.8397 17.8268 31.5053 0 26.0987 20.7451 28.9316 0 28.8217 18.141 28.6989 0 28.506 20.1701 31.7309 0 31.4189 17.8926 31.7633 0 31.3583 20.8564 28.9146 0 33.6376 18.2248 28.6387 0 33.982 20.5488 31.5096 0 36.8112 18.2273 31.672 0 36.6906 20.738 28.6304 0 1.06162 23.1697 28.7772 0 1.40535 25.4078 31.5048 0 4.1779 23.2714 32.3119 0 4.0868 25.0534 28.999 0 6.92337 22.7601 28.5619 0 6.62463 25.7919 31.4761 0 9.15152 23.3008 31.3021 0 9.40157 25.5319 28.5215 
0 12.2739 23.1586 28.0031 0 12.1595 25.9429 30.953 0 14.7969 23.2855 31.3228 0 15.0296 25.734 28.5999 0 18.6898 23.6644 28.7804 0 18.0149 26.2136 31.337 0 21.1567 23.0356 31.7363 0 21.1964 26.1631 28.5431 0 24.0656 23.5707 28.4002 0 23.553 25.8697 31.4094 0 26.4979 23.4455 31.3083 0 25.9568 26.4414 28.2631 0 28.6917 23.6828 28.2585 0 29.0153 26.0493 31.3383 0 30.8672 22.9996 31.945 0 31.4278 26.3038 28.7492 0 34.0204 23.8203 28.9471 0 34.3091 25.4419 31.7842 0 36.7532 23.1302 31.5386 0 36.7147 25.8078 28.9934 0 1.1153 27.9101 29.1796 0 1.69084 31.1233 30.8622 0 4.00642 28.4442 31.3851 0 4.36516 31.4143 28.3418 0 6.36386 28.1063 28.543 0 6.69111 31.074 31.5087 0 9.3759 28.501 31.3663 0 9.73016 31.2419 28.7091 0 12.3245 28.5671 28.6985 0 12.2919 31.5203 31.4562 0 15.2185 28.8729 31.0608 0 14.9105 31.5005 28.387 0 18.2155 28.7841 28.8415 0 17.8758 31.647 31.5288 0 21.2851 28.6276 31.5783 0 21.0482 31.3372 28.6766 0 23.3811 28.906 28.3827 0 23.6583 31.1604 31.5569 0 26.4637 28.3987 30.9871 0 26.2641 31.4027 28.1526 0 29.2777 29.0973 28.1941 0 29.0148 31.1899 30.9189 0 31.5252 28.8146 31.3118 0 31.718 31.8287 28.5887 0 34.0988 28.89 28.585 0 34.1788 31.1919 31.2563 0 36.7594 28.497 31.2527 0 36.8983 31.2822 28.813 0 1.42561 34.009 28.5687 0 1.45392 36.8029 31.1211 0 4.31128 33.6994 31.0143 0 4.27284 36.8865 28.6209 0 7.12239 33.7709 28.7674 0 6.82865 36.4252 31.1486 0 9.33996 33.9602 31.7132 0 9.47068 36.7004 28.7051 0 12.149 34.176 28.9401 0 12.1362 37.0531 31.1578 0 15.4123 33.7565 31.5616 0 15.2027 36.8001 28.9349 0 17.9864 33.5626 28.6129 0 17.9753 36.2961 31.5866 0 20.6471 33.8144 31.3671 0 20.4691 36.5501 28.9033 0 23.7539 34.1017 28.4564 0 23.2868 36.5989 31.5998 0 26.5216 33.9718 31.2633 0 25.9135 37.126 29.1237 0 28.839 34.1817 28.6556 0 28.7231 36.7022 31.5508 0 31.496 34.2346 31.3563 0 31.3768 36.6634 29.0367 0 34.4282 34.3403 28.3628 0 34.3907 37.1542 31.7516 0 36.6888 33.6839 31.2977 0 37.0871 36.8856 28.8766 0 1.11742 0.971123 34.351 0 1.31874 4.01068 36.6413 0 3.87859 0.995426 36.8916 0 4.22253 3.79863 34.661 0 6.90612 1.098 34.6419 0 6.8778 3.74098 36.9446 0 9.48446 1.13331 36.8749 0 10.2571 3.81191 34.0132 0 12.7911 1.02222 34.0848 0 12.1249 3.37654 37.0786 0 14.8689 0.543965 37.0527 0 15.2732 3.80169 34.8151 0 17.6751 0.958947 34.5119 0 18.1276 4.1201 36.6879 0 20.7584 0.77478 36.8094 0 20.4878 3.4742 34.071 0 23.8988 0.933329 34.276 0 23.2962 3.7742 37.05 0 25.8346 0.982851 37.0402 0 26.2598 3.77234 34.2218 0 28.541 1.23454 34.5407 0 28.4451 4.0661 37.1032 0 31.9926 1.16596 36.8246 0 31.189 3.97908 34.0715 
0 34.1857 1.17313 34.2767 0 34.7998 4.11782 36.8902 0 37.0441 1.04759 36.9994 0 37.3767 3.7309 33.9571 0 1.45524 6.85639 34.0393 0 1.71773 9.36143 37.1241 0 3.89581 6.70952 37.0147 0 4.10881 9.40473 34.0882 0 7.00168 6.53353 34.2014 0 6.73607 9.31868 37.1354 0 9.6779 6.1399 37.0699 0 9.43636 9.33522 34.9101 0 12.2504 6.74697 33.9645 0 12.534 9.52198 37.3395 0 15.1413 6.43943 37.5605 0 15.0982 9.88923 34.4939 0 17.2971 6.85062 34.4208 0 17.29 9.24483 37.0761 0 20.5664 6.58447 36.6152 0 20.1056 10.1933 34.1359 0 23.1727 6.62054 33.657 0 22.5288 9.89898 36.5619 0 25.6458 6.80323 36.3446 0 26.4818 9.90848 34.0179 0 29.0098 6.85133 34.232 0 28.7294 9.73339 36.6834 0 32.0535 6.47652 36.8331 0 31.7621 9.18873 34.319 0 34.8913 6.67622 34.3039 0 34.2639 9.60284 37.1099 0 37.3293 6.76922 36.7958 0 37.3066 9.56775 34.4906 0 1.47917 12.3534 34.3309 0 1.54898 15.1817 37.2576 0 4.32156 11.9039 36.7422 0 4.19097 15.2777 34.6097 0 6.87132 12.3724 34.206 0 6.9528 14.2897 37.045 0 9.64307 12.2019 37.0704 0 9.38018 14.759 34.0905 0 12.2387 12.3544 34.2369 0 12.2488 15.6582 36.8866 0 15.0397 12.5528 37.1791 0 15.1321 15.2627 34.1716 0 17.6429 12.4932 33.6913 0 17.4874 15.3426 37.0671 0 19.9913 12.899 36.9124 0 20.1276 15.4172 34.5051 0 22.9619 12.6956 33.9996 0 23.2623 15.2141 36.7844 0 25.8269 12.211 36.5548 0 25.7148 14.9878 33.9306 0 28.709 12.5045 34.4429 0 29.1664 15.0743 37.413 0 31.625 12.4219 36.903 0 31.3659 15.0618 34.1028 0 34.8498 12.5925 34.3702 0 34.191 14.9955 36.6724 0 37.0618 11.8927 37.1843 0 37.3677 15.4333 34.1805 0 1.25946 18.1016 34.2427 0 1.22508 20.7349 37.2582 0 4.47582 17.868 37.595 0 4.00465 20.4846 34.5456 0 7.01627 17.7482 34.6615 0 6.91372 20.5159 36.7749 0 9.82705 17.9996 36.869 0 9.68419 20.5232 33.7806 0 12.3455 18.0129 34.3174 0 11.8418 20.9996 36.4157 0 14.6526 18.1763 37.1279 0 14.9648 20.3312 34.1993 0 17.6202 17.873 34.5095 0 17.654 20.6904 37.0278 0 20.7095 17.9774 37.0457 0 19.9394 20.6358 34.2425 0 22.879 18.2975 34.2228 0 22.9285 20.6555 37.0657 0 25.947 17.6079 37.0555 0 25.7191 20.6938 34.4928 0 28.518 17.7372 34.262 0 29.0119 20.0743 37.457 0 31.5322 17.3652 36.9559 0 31.4438 20.4279 34.7123 0 34.3343 18.059 34.4423 0 34.0024 20.3871 37.1482 0 36.9135 17.9629 37.2584 0 36.7237 20.7624 34.392 0 1.33808 22.8953 34.2216 0 1.6064 25.6558 37.1244 0 4.33428 23.2159 37.2448 0 4.24139 26.2266 34.4163 0 7.12636 23.3454 34.5615 0 7.14108 26.3288 36.8645 0 9.59461 23.6222 36.9838 0 9.74492 25.8913 33.818 0 12.0932 23.5201 33.7776 0 12.6742 26.2436 36.4952 0 14.5043 23.2246 36.9905 0 15.1453 25.7073 33.8687 
0 18.0093 23.4274 34.0137 0 17.6335 26.0546 36.8708 0 20.0892 23.3323 36.845 0 20.9321 25.94 34.1764 0 23.9044 23.5877 34.4084 0 23.5184 26.2114 36.8715 0 25.6119 23.2675 37.2499 0 26.6361 26.2876 34.2039 0 28.3577 23.0432 34.4652 0 28.9857 26.086 37.1014 0 31.2823 23.0657 37.3194 0 31.3323 25.5214 34.5349 0 33.9384 23.1008 34.8451 0 34.3943 26.0506 37.6052 0 37.0919 23.5408 36.9557 0 37.2801 25.8403 33.9552 0 1.4586 28.364 34.0727 0 1.21065 30.9401 36.632 0 4.2003 28.6261 36.8144 0 4.20019 31.1987 34.1324 0 7.16407 28.7776 34.2752 0 7.0322 31.4149 37.1022 0 9.78196 28.5243 36.4194 0 9.54177 31.3223 34.2062 0 12.4305 28.3019 33.5425 0 12.3056 31.4115 37.0416 0 14.8865 29.0238 37.0654 0 14.8727 31.3724 34.0538 0 17.4941 28.6498 34.0278 0 17.9151 31.1929 37.0367 0 20.335 28.4298 36.9215 0 20.5277 31.1099 34.5794 0 23.975 28.6532 34.0849 0 23.4838 31.4517 36.8742 0 26.5502 29.0954 37.1639 0 26.7915 31.2877 33.485 0 29.3189 28.8214 33.932 0 29.4088 31.1762 37.0185 0 31.964 28.5489 37.4551 0 31.3794 31.7317 33.8806 0 34.101 28.3915 34.4185 0 33.8982 31.2392 36.9884 0 37.2821 27.834 36.655 0 36.7991 30.7521 33.9604 0 1.39799 33.8731 33.3986 0 1.27403 36.6134 37.2647 0 3.92514 33.8476 36.9346 0 3.87065 36.139 33.7147 0 6.82137 33.9305 34.4316 0 6.63067 36.6929 36.7485 0 9.55231 33.9454 36.8694 0 9.3435 36.6396 34.0551 0 12.2305 34.3322 33.8511 0 12.0464 36.5012 36.8952 0 15.2955 33.96 36.9017 0 15.3575 36.7413 33.9488 0 17.804 33.7245 34.4275 0 17.9342 36.5013 36.9416 0 20.4496 33.7939 36.9133 0 20.4277 36.3637 34.5073 0 23.7436 34.023 34.3331 0 23.5002 36.689 36.8942 0 26.193 33.6947 37.1871 0 26.0423 36.6877 33.9063 0 28.9506 33.9479 34.6291 0 28.9308 36.8926 36.9404 0 31.6985 33.9314 36.8607 0 31.6196 36.8942 34.5478 0 34.2891 33.829 34.373 0 34.4166 36.2585 37.3068 0 37.2696 34.0285 36.7713 0 37.3674 36.6468 34.2841 
0.718047 0.64846 -2.22495 -0.279487 -2.30895 3.37477 -2.39219 -0.373096 0.471595 -0.351001 0.0191501 0.133951 0.681546 1.26149 1.33035 0.946066 -0.234847 -2.1772 -0.458185 1.9278 1.9431 -0.414142 2.5063 0.467654 0.749942 -0.766825 0.525204 -0.848559 0.0526112 -0.741615 -0.545479 0.999611 -0.260208 1.12547 0.0702214 -1.13492 -2.56512 -0.935525 -2.04722 -0.431425 -0.873386 0.932943 0.762523 0.719496 -1.87189 1.0799 -0.623902 0.643957 1.39181 0.753566 0.831649 -0.613205 0.675326 0.831944 -0.719584 2.72617 -0.598086 2.53396 -1.14161 -0.945718 0.0776752 -0.373388 -1.94472 -0.114082 0.530687 -1.34105 1.55544 0.648284 0.580494 1.09747 -0.37022 0.85132 -0.845463 -0.828426 -0.220421 0.467589 -0.250735 -1.86246 1.82387 -0.514277 -0.982288 2.14228 -1.16642 -0.45353 -0.583454 0.00666024 -0.0887312 -2.70099 2.46897 1.28602 -0.570089 -0.268093 1.18703 0.612034 2.11769 -0.976879 -0.546923 -0.0813778 -0.703126 0.151974 1.24767 1.12574 -0.126362 0.11202 2.80063 -0.777552 1.25495 -0.154025 -1.11664 1.13555 0.0531762 2.17585 -0.509122 -0.258969 0.0664723 -1.10575 -0.984195 0.858857 1.08346 0.801054 0.483054 1.85224 0.724435 -0.814197 1.02846 0.183985 0.0165473 -1.85694 1.10775 1.5077 -0.0919279 -0.539945 -1.11221 -0.448302 -1.39682 1.28839 -0.283182 -1.08131 2.13616 -0.671541 -0.341044 -0.506706 1.10278 0.228879 -0.519004 0.446539 -2.09255 -0.299824 -0.597192 1.57034 0.36906 1.86286 2.25508 0.385734 0.0120027 -1.13973 -2.73485 -1.08812 0.181368 -0.0503414 2.23112 -0.11528 -0.0365048 0.958682 1.41892 0.467257 -0.457169 -1.1772 0.0427991 -3.72973 -0.546635 -0.985062 -0.990811 0.0252335 -0.57099 -0.0392688 1.1706 0.53567 -0.748942 1.726 -1.4841 0.910068 -0.135295 -0.123251 -0.887527 1.61017 1.0881 1.88531 -0.0205439 0.62736 -0.277176 -0.517667 0.0762464 -1.0663 0.225112 -0.114873 1.95862 1.17441 0.711317 -0.0660829 -0.44784 2.46257 -0.930172 -0.0927871 -0.0712588 0.65962 1.77795 -1.7485 0.695489 -0.0777081 -0.0726208 0.139489 -1.45232 -1.88877 0.638318 -1.79427 0.808485 -0.277815 -1.57454 -0.967156 -0.200215 -1.96577 -0.299944 1.24355 -1.38363 2.36818 1.34645 1.24069 -2.653 -0.982278 -0.650867 0.0674647 1.40382 1.00264 1.68665 -1.36519 0.342344 0.312185 0.106335 -0.678638 0.659161 1.35613 2.9696 -3.40567 -0.800999 -0.61559 -0.21736 1.01218 -0.0357374 1.46719 0.323722 -0.17201 -0.720923 -0.920416 0.186109 0.800753 -1.03813 0.964405 1.24567 -0.301925 -1.74092 0.975538 -1.28938 0.0346375 0.217437 -0.831798 -0.26315 1.51813 1.34514 -0.24331 -1.63587 1.26875 0.603829 1.43397 0.873119 -1.44102 0.388262 1.36979 -1.0062 -1.89699 0.414516 -0.299139 -3.14467 0.0257982 2.55318 -0.053109 -0.978366 -1.08848 -0.197281 -0.616294 2.11588 0.905666 -0.860499 -1.34059 -0.940516 -0.0811986 0.627567 -0.193504 -0.972947 2.74334 
1.32103 -0.555148 3.72699 -1.83228 1.41959 -0.383884 0.477646 1.2954 1.94374 -0.878854 -0.394974 -0.639966 1.4398 0.538576 1.39829 2.13783 0.755182 0.462472 2.10452 0.00773353 -0.203539 1.04258 -0.712351 -2.37696 1.79996 1.02244 -0.254488 -0.700592 -0.162919 0.684486 0.106353 -2.13495 2.11859 0.68412 0.0908347 0.466631 -2.26245 0.0914437 1.90612 -0.24609 1.03177 0.69901 -1.17697 -0.107224 0.409501 0.358013 -1.06941 0.669034 0.904735 0.1159 0.0280629 0.161585 0.06068 0.872225 -1.72143 0.950779 2.42786 0.289569 -1.23706 -1.12018 0.331778 0.296537 -0.782637 1.55134 0.935352 -1.47558 1.02597 1.02269 -2.04827 2.95807 -0.508909 0.255568 -0.824646 0.680869 -1.44939 2.22069 0.117397 0.885928 0.160241 0.542804 0.488211 -1.60154 1.59926 -1.13649 -2.05776 -0.96083 -0.08211 0.69161 -1.05244 -0.403472 -0.916198 0.117747 1.20193 1.27477 -0.367243 -1.60695 -0.805139 -1.48059 -1.95195 2.1744 -0.832498 1.51955 -0.223922 0.928208 -3.38993 0.467043 0.69053 -3.4897 1.63858 -1.35475 1.23786 -0.73279 -0.849687 -0.650868 -1.15134 -0.0483651 -0.57619 0.333478 -1.15713 -0.431882 1.83543 -2.47864 -1.31096 0.322936 -1.06974 -0.442703 0.897225 1.14242 1.26705 -1.13709 -1.69802 1.00391 -0.288197 0.949802 -1.309 -0.986899 -0.749304 0.75954 1.45747 -0.0218824 -0.181684 -1.05116 -0.773908 0.286256 0.651025 2.46793 1.8036 0.579202 0.268945 -1.19188 3.07546 -0.507598 -0.695422 0.359568 0.389323 0.464534 1.06046 -0.0373164 -0.233075 0.657676 -0.197185 1.43041 1.90133 0.48226 2.60171 1.2843 0.822107 -1.19328 -1.16224 -0.206909 -1.05967 1.81704 -1.6873 -2.32648 1.91549 -0.801507 0.85847 0.708597 2.16261 0.847461 -1.16787 1.38647 -1.75578 0.150148 -0.513981 -0.98857 0.718956 0.740823 2.56516 -2.85912 -0.532397 -1.08841 0.929991 -0.449423 0.457506 -1.19822 -0.145892 -1.05271 0.286577 -0.722689 -0.416788 -0.471165 -1.16415 -1.47756 -0.578596 2.25665 0.176543 -0.18347 -0.753213 -1.56936 1.0522 1.06379 -0.756928 0.634277 1.5907 0.444067 -1.79151 -0.837572 -1.27015 -0.720628 -0.914001 0.348125 -1.7347 0.113275 -0.645682 0.927056 -0.273657 2.46563 1.11265 0.101234 -1.59283 -1.80574 -0.206992 -0.235656 -0.137752 -1.03413 0.656064 -2.83006 -1.79371 -0.837682 0.147793 1.30925 -1.02625 -1.48532 -0.815115 -0.98167 -2.10898 -1.91298 -2.34541 0.0276017 -0.877575 -1.86928 -1.33571 0.223904 0.280128 -0.14935 -0.98452 -1.34368 -2.83572 -0.0530963 0.388098 -0.404 3.65386 -2.30279 0.539773 0.391794 2.1842 -1.54005 -0.260784 2.02862 -1.16204 -1.5266 -0.00264097 0.433669 2.78089 -1.20921 -0.48058 -1.34638 -0.935685 -1.90399 0.48597 -0.0896535 -1.26552 0.905298 1.96043 0.040981 1.948 0.955694 -2.56029 1.89946 0.548839 0.915608 1.85222 2.64208 -1.49947 -1.65904 1.33635 -0.301467 1.34541 -0.744871 
0.130859 -1.96626 -0.92574 -1.2436 -1.26304 -2.38415 2.40492 -2.01133 2.59544 -0.199302 0.606161 0.55777 0.567435 1.69604 -1.87517 1.00278 1.94407 -1.28674 -0.230238 0.747719 0.287346 -1.41186 1.13827 -0.384319 -0.26041 0.035687 -0.789616 1.0945 -1.38007 -1.00831 -1.61959 1.60868 1.48659 -2.1339 0.413384 0.181124 0.394044 0.923264 0.191836 -0.727965 -0.289768 -0.210465 0.509044 0.484256 0.446707 1.39026 -2.47366 2.30975 -0.557469 0.720089 1.7506 1.18173 0.539967 -0.528163 -0.859034 1.43182 -0.130055 0.393036 0.00784402 -0.987674 -0.631753 -2.51818 -1.36921 -1.1477 -0.741219 -0.307674 1.74171 1.08866 1.14007 -0.266123 -2.44359 0.267784 0.786923 -1.46956 -2.03535 0.0984856 -0.710821 1.42875 1.0665 0.885352 3.88268 0.482829 0.965107 -0.572355 1.44909 1.03804 -0.973348 -0.801071 0.35622 -0.786942 0.259988 -2.19637 0.496272 -0.462686 1.05384 -1.40026 2.05723 0.521571 0.431067 -0.880469 -2.39541 0.883194 0.00259538 2.33795 -0.186688 -1.43864 -0.695854 -1.08173 -1.61745 1.64718 0.884465 -0.465861 -1.4791 -0.64558 1.0903 0.568623 0.844678 0.892988 -2.60137 -0.78003 -0.29791 0.571058 -0.70223 -0.183869 -1.35935 0.601794 0.0677173 1.21955 0.52444 1.03551 0.023739 -0.923399 0.662705 0.401145 -1.14827 -0.970908 1.79441 1.14257 -0.605957 1.27927 -0.0929139 1.95016 0.956388 0.995357 -0.774764 -1.52413 0.088243 -3.6101 1.02525 -2.311 -0.833839 -0.575986 -0.265652 0.682136 0.0769123 -0.753302 0.632265 0.107414 -0.309217 -1.07224 -2.20186 -1.26684 -0.111576 -1.59444 -0.582574 -1.42394 1.54548 -1.91036 0.30473 -2.21129 -0.296323 -1.74099 0.886142 1.90451 1.86062 -0.383961 -0.11197 0.153429 1.85497 -1.30901 0.0851156 -0.6229 0.297947 0.799231 0.627206 0.627359 -2.21324 -0.159442 0.153551 -0.123712 -0.179129 0.985045 1.25875 -2.21481 2.12342 0.294153 0.37962 0.773983 -0.566066 -1.47332 -0.67283 -0.277093 -0.786255 0.518703 0.366162 -0.061068 0.0782494 -2.84147 0.591447 0.614937 1.96583 0.425091 -1.33945 -1.18675 3.00737 -0.00167307 2.49767 -1.35712 -1.11082 -0.553876 -2.56407 1.51009 -2.30891 -1.35655 -1.58651 -2.42057 1.51327 -0.206421 -0.17395 -1.3523 -0.461306 -1.80787 -0.956718 -3.66031 -0.410228 -0.682657 -0.789973 2.58342 -1.83029 -1.00134 -0.632774 0.403119 -0.410381 1.37084 -0.511283 0.209261 -0.332219 -1.99973 0.758503 -2.22248 -1.97438 -0.145078 -1.38516 -3.34697 -0.794312 0.779622 0.865436 1.44604 -0.280775 0.650536 -2.37336 -1.26734 0.196735 -0.355184 -1.88475 1.93518 -2.10915 0.790356 0.334668 -1.3132 -1.60516 -1.47942 1.57605 -1.1818 0.136621 -0.939358 0.185768 0.291684 1.20862 -1.17219 0.142259 -0.255835 -0.371403 -2.37278 0.851533 -1.83574 0.456624 -1.73255 -0.470617 0.143107 -1.03092 1.87419 0.173801 -2.51212 1.24389 -1.10404 -1.00272 0.324535 -0.701221 -0.010127 
0.637288 -1.77081 0.24259 0.928459 0.20538 0.140184 -0.429931 -0.848578 0.74353 -1.16473 -0.770363 -0.922391 -0.914341 -2.43943 -0.858389 1.97914 0.34661 -0.124191 2.3831 -0.573026 0.882158 -1.00813 -0.478615 -0.70393 0.737611 1.93602 -1.28234 0.50413 -0.971153 -0.609751 1.2199 1.30717 1.23768 -0.470192 2.25174 -0.709002 0.582094 0.539931 0.335145 1.32713 1.91378 -1.1517 1.3249 -0.0304726 -0.597651 2.12107 2.70045 0.872563 2.22256 -1.25706 -3.90037 -0.981575 -0.318274 -0.503778 -0.36756 -1.18626 0.635822 -0.777155 -0.0503293 -0.610066 0.0885387 -1.34353 -2.67821 -1.31592 -1.10316 -0.0181585 -0.882282 -0.120627 0.654367 0.388831 -1.05101 0.162112 -1.57664 -2.59842 -0.669909 1.04193 -1.4495 0.717455 -0.844671 -0.422303 -0.00383191 -0.277936 -0.415687 -1.10133 0.938397 -0.683094 0.786923 -0.910852 -1.19809 0.652497 0.247302 -0.825042 0.782871 1.54551 1.49132 -2.61065 1.30314 0.935603 -1.20873 -0.364404 -3.6788 0.897521 1.18876 0.354804 0.757881 1.99788 1.14223 2.95482 -1.04991 0.88866 0.903326 -0.299807 -1.53518 1.59951 0.963832 0.877367 -0.101668 1.07281 0.453535 1.13312 -0.795211 -2.02888 -0.138394 0.524344 -1.01441 -2.38003 0.0518588 -0.34142 1.15188 0.140951 0.260791 0.870574 -1.06827 0.875679 0.241232 -1.89941 0.536089 0.305131 -1.38303 -0.604312 1.35922 1.31064 0.743601 -1.96236 0.973662 0.00131651 0.982984 0.242086 -1.06167 0.408233 1.49525 -0.632692 1.68201 0.100605 1.02249 -3.23994 -2.91369 0.346875 1.28966 0.0266654 3.46729 -2.41293 -2.04851 -1.10429 0.752072 0.540783 -1.04811 0.0534046 1.80362 1.13528 -2.99513 0.434564 -1.06479 -1.8661 2.36674 0.31368 0.330464 1.02842 0.200555 -0.257835 1.02644 0.80734 1.06859 -0.901471 -1.81035 -0.222958 0.687712 -0.79929 3.1401 -0.943133 -1.04677 -0.428497 1.16269 -1.34058 0.839921 -0.447253 -0.241059 -1.70733 1.99583 0.142328 -0.282835 1.31253 -0.435698 -0.554559 1.03801 -0.830976 -0.23303 0.167984 1.36673 -0.68444 0.832761 0.701562 0.951142 -1.29345 0.408479 0.580845 0.855291 -2.31586 0.36919 -0.167818 0.196911 -0.627779 0.0561139 -0.938621 -0.0675356 -1.498 -0.772347 -1.73614 -0.93537 0.064837 -0.277145 -2.38323 0.550479 0.930469 0.552502 1.69369 2.15538 2.63734 -1.43571 2.31482 -0.235382 1.46461 0.681041 0.10748 -0.365075 -2.18765 -0.120326 0.10811 2.0074 1.56812 0.766134 -1.4211 -0.623339 -1.80954 0.663521 0.854194 0.799605 -0.186498 -1.63792 -1.893 -1.13906 -0.842641 1.88745 1.93692 -0.95338 -0.464511 0.562514 1.64115 0.680129 -1.05641 -3.15185 -1.57527 -1.01933 1.38182 -1.78567 0.705679 0.647079 4.20723 -1.7225 -0.48759 -1.20132 -0.583769 0.239927 1.61241 -0.949026 2.61355 -1.03948 -0.226572 -0.509018 0.327132 0.775037 0.72626 -1.75552 0.660111 0.445022 1.229 -0.426314 0.653105 1.71784 -2.96934 
1.74187 0.986635 3.44201 1.94125 0.535227 0.218591 1.15129 -2.12613 0.127031 -0.467946 -0.23669 -0.541388 0.985131 0.241361 0.140265 -1.08213 4.028 -1.73408 0.571516 0.0816802 1.37429 1.64318 1.2113 0.553599 0.496326 -0.357682 1.17025 -1.75924 0.55396 0.196596 1.11416 -1.38825 -0.123517 -1.31402 0.372822 1.43333 1.37703 0.0485753 -0.0989426 1.37884 0.367062 0.379622 0.938954 -2.83727 1.74877 3.40592 0.767862 -0.947134 -0.14186 -2.67925 0.13677 1.43991 3.88591 0.14842 2.03523 -1.43981 -0.21437 1.82375 0.759738 -0.00537344 -0.29638 1.49381 -0.179455 0.464032 0.166547 0.516857 -2.37601 -0.871769 -0.724414 -1.76768 -0.865957 0.775468 -0.847588 0.53294 1.96179 0.169488 0.544593 0.317786 1.26041 0.753656 1.7738 0.709213 0.532236 -0.137951 0.0518232 0.367395 0.923618 0.54319 1.84618 -0.563856 -1.62967 -0.665738 2.96717 0.232475 1.35945 0.640485 -0.936475 1.0701 -1.60538 1.05178 0.718211 0.443191 -0.665758 0.942474 0.878402 -0.40062 -0.0317789 0.596911 1.04793 0.813205 -1.21133 -2.6743 1.6444 -0.628096 -2.00523 -0.401009 -0.601973 0.951078 0.36576 1.13744 -0.621401 0.104421 -1.73506 -0.610553 0.469834 -0.403941 -3.37553 1.76636 1.36099 -1.12347 1.25936 -1.30406 0.685006 -0.789447 -1.02635 -0.637918 0.818949 -2.793 0.0989729 -1.17116 -1.45232 -0.274199 -0.692557 0.0154292 0.78705 -3.39312 0.974828 -0.256538 -1.37147 -1.04184 2.56241 0.368681 -0.839333 0.867689 -1.36526 -1.59289 -1.23298 -1.20767 -1.16555 -0.219008 0.396359 -0.947326 -0.186556 -0.0642159 -0.660475 3.69566 -2.15736 0.558379 -1.67842 1.12896 0.493165 -1.067 -2.34309 -1.04665 -0.218402 0.146732 -0.0901521 0.674159 -0.0901985 -1.64917 -0.075939 0.000863824 -0.982971 0.22032 -0.393688 -0.720905 -0.728876 -2.07987 -1.44646 0.373904 -1.55039 -1.1535 -1.53482 1.52495 0.607532 0.204315 0.922094 -0.771963 1.88081 0.237961 3.27804 -2.11117 -1.74996 -2.05102 -1.89743 -0.920792 -0.312739 -3.62927 0.300032 -1.31963 -1.51104 3.15659 2.5773 0.485875 -0.870683 1.40016 2.01694 1.1898 -2.40299 -0.765739 0.26126 0.433108 -0.0898918 -0.579891 0.745742 0.0466702 1.19234 0.251372 0.724467 0.401927 -0.933263 0.0764664 0.780779 0.599052 -0.66218 0.0557405 0.930986 0.633509 2.32676 0.634479 2.00407 0.370938 1.91603 0.0892307 -0.226418 -3.23027 0.595422 -0.868982 -0.0361903 0.934569 0.0249803 0.160028 -2.0235 0.88528 0.889636 -1.19703 -0.155987 1.27426 -1.74539 -0.676353 1.35156 -2.184 1.4518 -1.36452 1.67711 -0.498631 0.867129 -1.06144 0.378262 1.56099 0.866287 -1.00025 0.956868 -0.766084 3.32738 -1.16974 -0.0686086 -0.629301 -2.14228 -0.322694 0.377155 -1.11592 -1.07423 -0.94446 -1.33209 1.51838 0.301607 0.0735362 -0.518978 -1.35385 1.74506 0.706528 -0.633664 -0.923864 -3.7655 -0.777038 -0.654405 -0.618796 0.807011 -0.196015 
-1.753 1.78055 1.86401 -1.27886 1.85797 -1.51024 -1.16928 0.728907 -1.05545 -0.787318 0.685294 0.277541 0.552593 -1.21198 1.49442 0.648516 0.582834 -0.198664 -0.0910374 -0.838387 1.48466 -1.11008 0.901244 1.52915 -0.727475 1.5049 -1.78991 -1.08503 -0.932509 -0.60377 -0.385716 -0.107785 0.157318 -0.197587 0.49847 0.685701 -1.40908 -0.902256 -1.27577 1.89385 -2.31043 -0.476616 0.189617 -1.38363 1.41046 0.177928 0.483249 -0.790204 -0.37919 -2.20756 0.0782282 -0.161194 1.91024 -1.8077 2.1976 1.64423 -1.13108 -2.55476 -0.322322 -0.0353018 -0.984311 -0.233615 -1.01629 -1.30203 0.00599698 -0.256838 1.99174 -1.18526 0.903038 -1.23939 0.288033 1.37765 0.692477 -0.0193659 0.898213 -1.64731 -0.505905 -0.587904 0.323649 -0.72134 1.96101 1.18616 0.250297 -0.320437 0.45799 0.670549 -0.738118 -0.93538 1.38981 -1.46485 0.657477 -0.620055 1.38029 1.33595 -0.521565 -1.1311 -2.02366 0.358152 0.0573635 2.00132 -0.213401 1.30204 0.088209 -0.628538 0.234997 -0.592005 1.49762 -0.453281 1.80639 -0.225301 -1.10854 0.551177 0.800309 -2.46686 -0.167027 -2.61488 1.49293 -1.3521 -0.80422 0.739593 -1.73996 0.841946 -1.08096 -3.00537 -1.80119 -0.388741 0.103776 0.553134 1.26211 -1.11242 -1.33784 -0.705931 -0.64403 0.835915 1.23552 0.715046 -1.84515 3.6649 1.06074 2.14512 1.84423 0.396899 2.58399 1.94194 0.358452 -1.07937 -0.836169 0.150183 1.25295 0.462411 0.257304 -0.197017 1.89312 -1.3306 0.661537 1.34089 -0.355351 -0.686933 0.844225 0.242411 4.30704 -0.157883 -1.16075 0.514232 0.615724 -2.55762 -0.0642233 0.651765 -0.0281552 -1.76051 -0.186394 2.74124 1.03221 -2.38047 0.660228 -1.05481 -0.281492 0.74336 -1.41533 -0.0629352 -1.39932 2.35401 -0.624631 1.89013 0.46788 0.242041 0.414182 -0.708508 0.646744 0.0991958 0.151951 -0.824744 1.90504 1.13333 1.75065 0.336433 -0.636399 -0.267905 0.689423 2.19147 2.15618 -0.749082 -0.374471 -0.0188548 -1.56169 -0.929052 1.93786 -0.215067 0.788251 1.52823 0.247622 -1.65377 1.41227 1.62552 0.0222705 1.17022 0.393937 -1.07791 -1.85666 0.731914 -1.26884 2.64224 -2.3031 -1.27313 0.932316 -2.37423 -1.04049 1.44778 0.475404 2.60907 1.3407 0.347703 0.218634 -0.237687 -0.0773597 -0.908215 0.471755 0.489678 0.890545 -3.46491 -0.674083 1.68153 1.32374 0.05016 0.516361 0.639559 1.38294 0.533079 -1.55629 -0.661611 -0.770457 -0.579011 -3.10412 -0.983513 -0.461755 0.174256 -0.851981 1.82379 -2.35366 -0.954491 -0.23421 -2.06001 -0.16039 0.643523 0.428742 -0.426081 -1.21743 0.66831 0.917764 2.09847 -1.8534 -0.0703233 -1.19506 -0.924321 -0.0787814 1.16942 -1.49326 -0.231155 -1.78894 -1.49267 -2.6877 2.13023 1.2482 0.272497 0.411091 0.361071 1.32147 -0.232554 1.64337 0.838922 0.510025 3.37829 -0.246426 1.07624 -0.212784 0.708858 1.0908 1.70531 2.05265 -1.35577 
-0.250215 2.78285 -0.373338 -1.31544 0.0399934 -0.456029 0.0309666 -0.649161 -1.70196 -0.679989 0.282975 0.0544245 0.662198 0.293282 -0.220685 0.872647 0.962596 -0.295083 0.180601 0.288699 -0.106854 -0.972656 0.765214 2.86618 0.715376 -1.71865 1.41649 0.694815 0.203498 -0.210448 0.20861 -0.612939 -0.61205 -1.55121 1.22717 -1.35485 -0.939212 -0.205206 -2.15538 1.64285 0.796108 -0.268557 0.525253 3.39414 0.0594829 1.00487 -1.01638 0.28402 1.02605 0.944701 2.0036 0.80228 0.176973 -0.574784 0.954919 1.07698 1.35931 0.546078 -1.52154 0.318905 3.88328 1.42333 0.561497 1.28144 0.79151 0.185294 -0.708334 -2.93744 0.344555 2.59861 -0.97681 -0.71222 -0.493701 -0.232627 0.167595 -0.994468 0.229829 -0.619973 -0.662069 -1.32977 0.230538 -1.33312 -1.23964 -0.711575 -0.99865 -2.69172 2.28159 -0.267282 0.0752366 1.31483 -0.742543 0.421712 1.09865 -1.1205 -2.99244 1.41135 -0.232426 -1.20413 1.42508 -2.20784 3.23736 0.765482 2.01085 0.437493 1.43221 -0.26306 0.238209 -2.49236 -0.682189 -1.41452 -0.539412 -0.967886 -0.165572 2.06615 0.721942 0.146238 0.902265 0.405494 0.0802662 0.753307 0.260041 0.995909 1.6256 -0.196569 0.476996 -0.556072 -0.685333 -1.1052 -0.924171 0.92161 -0.542646 -1.1002 1.77105 -0.155935 0.234053 -0.609146 0.674645 -1.62369 -1.59925 0.295269 -0.420218 0.721939 1.48153 -1.35693 3.16957 0.840592 2.52201 -0.024621 -0.198857 -1.31904 -0.0591081 0.817319 -0.046172 1.33742 0.914028 2.31131 1.04978 -1.69433 -0.80418 -1.74083 -0.272313 0.786839 -0.223102 -0.531471 -1.17494 -0.849894 -1.72605 1.44747 -0.438666 0.200828 1.84392 0.484809 -1.04935 0.578318 -2.21585 -0.767988 1.41802 0.497158 3.7861 -1.16913 -0.43229 1.35193 1.49497 -0.492529 1.62328 1.16048 -0.41349 -0.384664 -0.288054 -0.703038 -0.772813 0.267168 0.881621 -1.95162 -1.07858 -0.854318 -0.654691 0.560679 0.0900902 0.792011 -0.96715 -0.529869 0.0797923 0.0889606 -0.632924 -1.28055 0.302548 0.101131 -1.47663 0.203072 -0.517943 1.09072 0.133522 -2.64051 2.00685 0.561956 0.285507 -0.153359 0.452481 -2.09881 -0.954569 -1.00152 0.315717 -1.11021 -0.743845 -0.662583 2.96421 0.356697 -1.94075 -0.856789 -0.625482 -0.845476 0.00796594 0.244515 0.750656 0.773204 -0.825146 2.74473 -0.936499 0.542345 0.786661 -0.40868 -0.297421 1.2942 -1.73639 -0.912307 0.202585 0.0306469 0.662848 0.0393003 -1.20018 -1.89637 -0.465692 -1.29696 -0.268175 2.18892 0.182324 -1.77637 -0.757202 -0.757549 -1.2917 0.500902 -0.621395 -1.34957 0.826008 -0.335533 1.38952 0.28833 1.88618 -1.89988 0.630858 0.63542 -0.851726 -1.026 2.13661 -1.40393 -2.09955 1.66809 -0.369786 0.408024 -0.988581 1.0361 0.75502 -3.0323 -1.29149 0.322345 -0.218517 -0.810678 -1.10033 -0.89195 2.71386 1.71331 0.0171196 0.927302 -0.761135 0.442178 -0.627083 -0.890193 -0.368674 -0.0204714 
0.987347 0.0327379 -2.05067 -2.07843 -0.283185 -1.82605 2.10142 -1.23711 0.720854 2.01514 1.48369 2.28811 1.43276 2.44782 1.39151 2.96638 1.68465 -2.06524 -2.26873 0.261928 -1.2676 0.989834 0.299681 -1.55631 1.10696 0.267002 0.0526951 -1.31536 0.563349 -1.73627 0.618641 1.26611 1.31102 -0.818044 1.98809 0.306408 -0.828098 -0.973797 -0.42334 0.943938 -0.0792482 0.390324 -0.360833 -0.117269 -1.91282 1.67452 1.72518 0.508977 -0.549464 -0.448878 1.12129 -0.0782762 -0.207619 -0.852654 1.21407 2.28408 2.21618 0.88213 -1.03042 1.64337 1.49396 -0.484889 -0.875167 0.487238 2.97937 -0.472097 2.27265 1.47082 -1.54693 -2.94912 -0.948424 -1.57107 2.71572 -0.404912 -0.738533 -1.37506 0.777849 -0.537437 -2.25118 1.90254 -0.743569 0.667516 -1.41457 0.574327 -2.64947 0.749287 -1.7969 0.618413 -0.583885 -1.12233 0.456313 -2.23523 2.21749 -1.60045 -0.530772 1.68325 -2.00821 -1.94471 0.768568 -2.72255 1.60566 0.0174711 -0.457147 0.4275 1.43518 0.0154101 -1.52911 2.03508 0.139794 -0.0124143 0.616855 -1.57287 0.79867 0.103081 0.410098 0.0455695 -1.00475 -1.4619 -1.95837 -1.36306 -1.04075 0.992653 2.46193 -0.0489457 1.25755 2.21244 -1.53739 -1.08074 1.42404 0.375428 -1.44356 1.45716 3.00539 -0.837166 -0.0627083 -2.15256 1.81606 2.37002 0.391747 2.02812 1.1047 -0.13462 0.829977 0.463164 0.840896 1.5557 -0.868922 0.992434 -0.111705 1.81944 1.9372 -1.01746 -0.472401 -1.25029 0.618701 -0.900007 0.950013 0.235383 2.15481 0.118315 2.47476 -1.37129 3.16986 0.633904 0.664683 1.05261 -1.15672 0.414446 -0.469613 -1.11391 -1.30205 0.406989 0.332053 0.169477 -0.458084 -0.938574 -1.07809 1.14543 0.839858 0.395534 -1.88117 0.925725 2.21987 -0.350473 -0.799372 0.540995 -2.41838 -1.21325 -0.750466 -0.688792 -1.2945 0.623486 -0.742915 -0.27988 0.818009 -2.79434 -1.03556 -1.45355 0.529543 0.662537 3.27943 -0.962606 1.40943 1.04698 -2.8048 -0.847462 0.782014 0.278788 -0.894875 -0.63536 -0.353522 -1.41983 1.16722 1.02165 -0.623005 -1.82807 1.04177 -0.58328 1.85942 0.452188 0.279038 0.0206702 0.992302 1.00818 0.0414597 0.353218 -0.903125 -0.596116 0.343245 -0.356946 1.54332 -1.26831 0.379763 -2.16143 -1.29865 -0.748441 2.58264 -2.08113 1.42749 -1.07752 -1.09155 0.868728 -0.355835 -0.373662 -1.00386 0.484938 -2.01438 0.670382 0.138723 2.66845 -1.53542 0.266761 -1.21649 -0.563426 0.119347 0.132882 0.613118 0.18271 0.367941 0.118145 -1.91558 0.610228 1.16323 -1.20037 0.869832 -0.152205 -0.453865 1.25285 -0.67158 -0.144272 0.237218 0.694446 0.987075 -1.01005 -0.440361 -1.36997 -0.25436 1.15695 0.833108 1.26353 -0.14366 1.42749 -0.433195 -0.329317 0.297983 1.8937 1.43372 0.0708103 -0.707259 1.57836 -0.614049 -0.903995 1.9778 -1.56968 -1.1744 -0.0361271 -2.08676 0.133315 1.26541 -0.303156 
0.326961 1.09342 -0.969998 -0.114205 -0.0402316 2.94549 1.49417 -0.408394 -1.35237 -1.0292 2.96031 -0.916262 -0.454316 -2.04651 0.885953 -1.76561 -0.243601 0.917783 -1.35963 0.492427 0.248034 0.240115 1.40354 -0.979491 0.392284 -1.34089 0.657945 -1.17107 -1.12039 -0.607627 2.07561 0.337399 -0.638264 1.88435 0.982515 -0.427688 0.130893 -0.0181588 -0.258791 1.0836 0.139792 1.04253 -0.134999 -1.23408 -0.0580613 -0.370908 -0.575705 -1.09822 1.74686 0.377255 0.711056 -0.280679 -0.90714 -1.00612 3.14931 1.6726 1.55361 -0.956286 0.400012 -0.271811 0.200559 1.79345 3.1195 0.510808 2.14651 -0.519491 0.463573 2.31906 1.27104 -1.79974 0.227833 -0.422757 0.430578 1.44017 -0.950676 -0.430972 0.796735 1.08584 -1.0245 2.29229 0.0507361 0.939049 -1.35487 1.90999 1.14293 -0.068295 -0.903941 -0.275052 2.90926 2.35046 -1.00433 -2.0779 -1.2641 0.259569 0.164364 1.59263 -0.976573 -1.59746 -1.01421 -1.07573 -1.49429 2.22499 -1.67907 2.21246 0.707667 2.96363 -0.326695 1.46707 0.492363 0.359372 1.38728 -1.84222 0.346226 0.723161 -0.118867 -0.148682 1.04278 0.168024 -1.73632 -1.16557 0.84486 -0.477191 0.505375 -2.77065 -1.01324 -0.484588 0.730083 0.879225 1.26126 -0.953621 -0.556016 -0.626407 -1.09995 0.560492 0.260791 2.08113 -1.29305 2.85582 0.339212 0.970468 -0.267354 -0.403292 -2.75151 -1.43191 -0.589575 2.68946 1.40141 0.120975 0.107838 -0.179765 -1.77355 0.583515 -0.431837 0.584345 0.144713 0.175735 -1.23673 -2.09813 -0.0193015 1.1909 -0.890642 -0.272242 -1.2618 1.02113 0.688348 -0.0359575 -1.98364 0.843805 -2.47479 0.963982 0.815497 -1.14543 -1.12932 2.50885 -0.0126041 -0.581512 0.284336 -1.39209 2.89414 1.13902 -1.88075 -2.14615 1.83214 -1.40956 -0.0807777 -0.568541 -1.03047 -2.30383 1.53896 -1.31564 -0.474462 -1.11914 0.827717 -1.04222 1.30395 1.9196 -0.492049 -0.839196 -1.02107 -0.42553 -0.27632 -1.48484 -1.11923 -1.02169 1.23657 -1.22806 0.176371 -0.330344 1.05139 0.314005 -1.95869 -1.20075 1.33751 0.957825 2.12575 0.824336 -0.239826 0.569364 -0.76137 0.602788 -0.0196421 1.10833 1.46104 -0.227491 -0.975606 -1.66478 0.468056 0.595645 -0.725188 0.618317 0.767932 0.656058 1.35012 0.156953 0.133487 1.32335 -0.23582 0.00147922 0.944027 -1.33158 1.32713 -2.15096 3.05657 0.0779618 1.64236 1.5879 -1.33911 0.599216 -0.675599 1.90853 0.61846 -1.42252 0.536824 -0.362487 -0.156471 0.0813122 -0.234316 0.903 -0.136626 -2.41261 -0.434627 -1.6582 1.38872 0.335389 -2.8009 -1.12776 0.816016 1.65604 -1.62959 0.677465 -1.74906 0.494761 1.73996 0.0881339 -0.756841 -0.0818287 0.34931 0.0592022 0.921008 -0.412224 0.739458 -0.803624 1.40795 0.722929 0.383682 1.56996 0.203795 -1.46022 -1.09003 -0.798055 1.61712 -0.791669 1.50752 0.708079 0.841079 0.364163 1.33485 2.21432 -0.725279 0.142842 
2.22654 0.563318 -0.0331154 2.01722 0.275253 -1.49545 0.33606 1.42559 -2.45313 -0.900605 -0.229812 1.82524 -0.515801 -1.07855 -0.695203 1.30473 -2.07871 1.47379 0.0149863 -0.260776 -0.164194 0.730577 -1.0997 -1.02354 0.351781 0.401631 0.85194 -0.215685 -0.73443 0.336315 1.74758 -0.95431 0.590881 -0.00579142 -2.03346 -0.0390799 -0.254543 -0.812282 -0.431081 -0.270575 0.0933954 -1.58643 1.73246 -2.37993 1.45331 0.521279 1.79159 -1.255 -0.748048 -0.947283 -3.28147 -0.534576 -0.574978 1.46939 0.739096 1.05663 0.23648 0.517742 2.34837 0.392889 0.399386 -1.05798 -0.801474 -3.21028 0.395743 0.643912 0.0918692 -0.348592 0.148002 2.20248 -1.72669 0.742249 -0.555998 -0.867695 -0.618883 -2.59202 0.420821 -0.660622 -1.12334 -0.12705 -1.03017 1.99908 0.00332023 0.399828 -0.20965 0.983163 -0.368509 -0.631907 -0.533859 2.1059 1.075 -0.578947 0.75241 0.476387 1.09989 -0.135233 1.32674 -0.354131 1.82602 -0.0686513 2.13087 -0.49872 -1.18301 0.0494223 1.85971 -0.817831 1.51717 -2.29593 -3.51386 4.60297 -0.87868 -1.21581 0.592348 -1.22267 1.37388 2.21571 1.04895 -0.530211 -0.359701 -0.4466 1.80688 2.46423 -2.57273 0.467573 -2.10567 1.14591 3.15034 1.12862 0.188856 -0.439442 0.765501 0.355013 1.89798 0.551811 1.59296 -0.87589 -2.11813 -0.537425 0.185075 -0.432359 0.870796 -0.445675 -0.977621 0.786448 -1.94794 -0.502135 -1.15002 -1.52958 0.745834 -1.58278 -1.91837 0.715154 -2.57582 -2.37654 0.702019 -2.77429 -0.407976 -2.82072 -1.46446 -1.60823 0.27539 -1.65 1.06961 2.17098 -0.517389 0.640334 -2.1644 1.33959 -0.853257 0.413173 -5.19541 0.336946 -0.577654 -0.274198 0.88438 -4.70319 0.332909 -1.58808 1.49654 0.285576 1.26533 -1.75049 2.03576 0.681283 0.0901976 -0.725201 -3.64766 2.29123 -0.604153 0.63338 -0.220515 -0.33864 0.868563 -0.191708 -0.760879 0.226801 0.552501 0.0640263 0.86181 0.161329 -0.713174 1.18439 -0.59601 -1.02181 2.02517 -1.87129 -1.0999 0.417655 0.72724 0.949931 1.11708 -1.81637 1.29527 1.36693 -0.821199 -0.446338 0.376014 -1.15783 0.136604 2.62319 -1.13346 0.167121 -0.159093 1.20925 1.66615 0.634783 1.2862 0.408196 1.27102 1.08673 1.42551 -0.276686 -1.53865 -0.707303 -0.695364 -0.019162 0.397572 -0.129933 1.36437 0.0766744 -0.429165 -0.782784 0.752306 1.14144 -0.351738 -1.62594 1.1292 0.78252 -0.317109 1.12532 0.950812 0.436268 0.714549 1.74969 0.243905 -0.708352 -1.47697 -0.166711 1.51623 1.60242 1.67512 1.52257 -0.413913 -0.17728 0.150865 1.10211 0.657266 1.12451 0.0395063 0.353237 0.0535676 -0.478165 -0.251415 1.45616 0.359342 0.698054 0.176049 -0.0890935 -1.44565 0.339838 -0.506028 -0.798426 1.3787 -0.325948 -0.0137087 1.29513 -1.16032 -1.96319 -0.993062 0.974008 0.618096 0.314281 0.0887042 -0.763028 -0.506312 -1.00056 0.925592 1.32033 1.32155 -1.97018 
0.850124 0.457728 -0.582419 -0.271167 -1.80858 0.592373 -0.476819 -2.39387 -1.27971 -1.11223 -0.838372 1.53969 0.377149 -0.328347 0.392459 2.00779 1.80803 -1.27904 3.02199 1.50899 -1.38302 0.302661 0.687929 0.169914 2.62924 -0.35783 -0.766076 0.228987 1.91833 -1.01342 -0.0200889 -1.97476 -0.0434882 0.955753 1.00021 0.118706 1.12594 2.84639 -0.715323 0.832434 0.143446 -3.04046 -0.15367 -0.171705 -0.640217 0.632162 -0.416272 -1.11857 -0.0624013 -0.496324 0.58261 1.26188 -1.21065 -0.705728 -0.566208 -0.692971 1.5445 -1.22165 -0.253998 0.213402 2.50499 -2.66067 -0.37071 0.706284 -1.55267 1.38843 0.0674457 1.16982 -1.32155 1.38673 0.968086 -1.34658 0.708631 -1.17357 -0.77131 2.91757 0.560186 0.861429 -0.158489 0.117697 0.428974 1.05223 -0.381667 1.01736 0.255623 -1.51841 -0.242167 -1.44385 -0.791326 -1.15862 0.57926 -0.26842 -1.2257 -0.256579 -1.29655 -0.0846519 0.52051 0.600884 0.753218 -1.27182 1.23976 -0.668838 1.62671 0.175289 2.07237 -0.601311 -0.925907 -0.14832 -0.638681 1.21761 0.0101728 -1.18421 0.620678 -0.892399 -0.362492 -0.363081 0.659465 0.96301 1.04062 -0.727832 -0.633389 1.18648 -2.36653 -0.384953 -1.29799 0.186357 1.11788 1.276 -1.63177 -1.36515 -0.731587 -1.54145 -1.86812 1.3467 0.612474 1.34177 1.06241 0.0282425 -0.915758 -0.0201487 0.461384 0.54979 -2.00203 -3.34767 -0.459499 -0.0787768 2.50359 0.878593 0.918519 0.118191 0.744137 -2.65614 0.305095 -1.10876 -0.545507 -1.33371 0.110979 2.60318 -0.32273 1.18093 0.637255 -1.43033 1.56803 -1.08303 -1.94296 0.492625 1.52401 -0.960999 -1.08007 -0.0669355 -0.811667 -0.312843 -0.731221 -0.314914 -2.23059 -0.510146 0.918544 0.119996 -0.47045 -0.625351 -0.811692 0.155061 0.47852 0.280869 0.624118 1.49167 -0.103746 1.22828 1.87062 0.903723 -2.20132 1.81771 0.335837 0.143829 0.362187 2.03154 0.295025 -1.7031 2.78932 0.931492 2.83443 0.208383 -1.09546 -1.30998 1.02485 0.0413165 -1.29988 -0.384861 -0.731769 0.110204 -0.896425 0.306866 0.322091 0.385153 -0.549852 1.4858 -0.778844 -0.723982 0.772049 0.912637 0.316447 1.52279 -1.68388 -1.38264 0.152823 1.30998 2.0343 -0.128694 0.275523 -0.470029 0.171705 -2.46265 -0.62331 -2.23591 -2.49852 -1.14482 -0.0596997 0.378551 0.737073 0.205365 0.477148 -0.0527143 -1.70811 0.902441 1.22433 0.938047 0.738586 -0.893852 1.47709 0.598773 -1.79337 -1.6563 -0.288732 -0.670182 0.533074 -1.32996 -1.25844 -0.0523385 -0.506509 2.47147 -0.771825 -1.14466 -0.195087 -0.129551 0.826312 0.590508 1.05704 -0.12134 1.14529 -0.0100032 1.46999 -0.420113 0.842363 -0.309176 -0.00200004 -0.958677 -0.677466 0.779422 -0.227619 1.33469 0.18586 -0.0656668 -2.4408 0.972209 -2.17106 2.59087 3.74579 -0.198704 0.0645022 -0.36041 1.06927 0.00623543 -1.41732 1.3127 -2.17301 0.697709 -0.392421 0.811994 0.294585 0.33149 
0.877098 -0.820126 -0.911301 -2.34292 0.186006 -1.17832 0.687392 1.21606 1.34623 -1.51158 -0.366753 -1.44875 -0.47874 -0.459292 -0.28011 0.310159 -1.46292 -1.43557 -0.0471501 -2.85073 0.68687 1.00495 -0.215428 0.861635 -0.194791 -0.0211046 0.00924706 -0.0367455 -0.82389 -1.52109 -0.0316734 0.672971 0.99276 0.82349 1.58941 -1.46187 -1.84063 -1.07064 0.0529345 1.08523 0.930158 0.323998 0.868824 -0.71841 -1.23986 0.958108 -0.557628 -0.212198 2.66224 0.0676143 0.987335 -0.10545 -0.0215901 -0.673337 1.26682 -2.69164 0.0429248 -0.730689 0.118584 -0.180448 -1.40602 2.18903 -2.5603 -1.10202 -0.790489 -0.376071 2.25801 -0.41537 0.97405 -0.833807 0.435411 -1.02714 1.08777 0.15192 2.39793 -0.34876 -0.627388 1.08397 1.2197 -1.61957 -0.711597 -3.81183 -0.620414 -0.905647 0.104385 1.67944 -0.417219 -0.621936 1.33662 -0.404127 0.675994 -1.65266 -1.92479 1.09524 -0.145893 -1.28009 -1.36601 -0.00112769 -1.90434 -0.624865 -0.391406 -1.59643 -1.89367 -0.284432 1.15292 1.02499 0.402809 -0.00938859 -0.268645 -1.26627 1.19013 0.692977 -0.236163 1.4268 -1.74448 -1.94948 -0.128612 -0.360384 2.23333 0.00354033 -0.186883 0.543848 0.216337 2.60438 1.79974 0.0711609 1.37448 0.982279 -1.26018 -0.283872 -3.18501 -0.0231163 0.113679 -1.1969 -2.0757 0.738037 -0.122942 -0.874169 0.200923 0.421825 0.861855 -0.110745 -0.4231 0.0541075 -1.37045 0.70912 0.557047 -0.91449 -0.514173 0.9748 -0.922393 0.635519 -2.34297 -1.36912 -1.24994 -2.15959 -1.61952 -1.60009 0.258157 -0.215883 -0.594116 1.55966 -0.0806957 0.20152 -2.63179 0.516148 -0.0375057 1.38604 -1.2789 0.459158 -1.25709 -1.0213 -1.05341 -0.0131118 1.53892 -1.1976 0.9859 0.890801 0.30512 -0.714834 -0.599089 -1.56472 -0.519691 0.721676 -0.199456 -0.754636 -0.749715 0.869055 3.30883 -0.65461 0.973026 -0.41826 -0.236433 -0.739677 0.747576 0.70074 0.0703593 1.55063 0.890833 2.72523 -1.10468 1.86117 1.05545 0.18608 0.431967 -0.764759 2.17329 -0.579285 -0.898886 0.48857 -1.31445 0.497342 1.34596 0.779273 -1.85395 -2.52263 -0.554254 0.266555 -2.00053 -0.80976 -1.88095 1.33028 0.849897 1.49105 -0.286123 0.334259 -0.330538 -0.175231 -1.16511 -1.04041 1.20655 0.0662052 -0.0238258 0.71056 -0.792498 1.0952 -0.859293 -1.23236 1.0837 -0.0727367 0.61891 -1.3577 -0.0735706 0.692239 0.455325 -0.109528 0.751318 0.676506 1.7109 -1.24401 -0.0283657 0.123904 -2.91658 -1.31468 -1.83659 -0.50701 -0.812493 -1.76235 0.0933891 -0.593954 1.42214 -0.704948 2.60864 0.735804 0.574346 -1.10026 0.826729 -0.576947 -3.22099 -1.25688 2.63236 1.06097 -1.73517 0.458044 -1.7524 -0.0765936 -0.101423 0.957097 -0.10323 -1.6667 -1.11642 1.07469 1.24286 -0.483907 0.567734 -0.201781 0.889661 0.224436 0.905795 -1.31 -2.74817 -0.269319 1.27547 0.828754 1.81485 0.9154 -2.25036 1.19059 0.0263113 -1.63181 
-0.156696 2.29209 0.796293 -1.15755 -1.52991 0.763077 1.31975 2.27771 -1.33755 -0.847057 -0.734772 -0.610538 0.50622 -0.239941 0.328391 2.10824 0.0623565 0.168247 2.21998 -1.40212 -0.295484 -0.508158 -0.407096 -1.26402 2.36841 -0.557821 -0.6706 -1.05707 0.856543 -1.55936 0.404498 2.57328 0.138931 -0.696922 0.792795 -0.616362 -0.524456 0.629764 1.05705 3.10169 -1.14909 -2.86478 -0.46164 -2.42889 -0.849893 1.44674 0.642833 -0.840552 -0.865929 1.13288 0.865482 1.32466 -0.33876 0.223518 -1.65907 0.0949741 2.64686 -1.01314 -0.309851 0.18295 0.19984 1.58232 -1.11368 -0.693671 0.656597 0.174759 0.825288 1.89662 0.0420331 -0.817413 -0.303078 -0.620947 -0.538364 -1.58711 1.23983 -1.03521 1.84428 1.32268 -1.75447 1.22794 -0.0740955 -0.204932 -0.213519 -1.01499 -2.26195 1.26082 0.653519 -1.47642 0.0827013 1.13138 0.141162 1.64886 -0.514426 -0.101366 -1.68816 0.00798772 -0.824308 -0.725837 1.43153 -0.222215 1.12817 0.302585 2.77097 -0.95733 -0.485548 0.834879 0.0472104 0.424353 1.20909 0.454529 0.44965 1.46414 -1.21651 0.389094 2.04143 -0.513614 -0.0455121 2.09129 -0.35124 1.3667 2.34832 -0.94542 -0.886893 -1.84735 1.08196 -0.983473 0.74435 -0.611718 -2.43646 -0.330918 0.173637 -0.60051 -0.699885 -0.187463 1.24402 -0.800145 0.755579 -0.107405 -1.0724 -2.20869 -0.095964 -0.802548 -0.839321 -0.261809 2.99334 -0.964342 -0.348055 -0.94707 -0.969403 -0.223474 -0.680396 -0.803262 1.4921 0.864599 -0.391727 1.8479 1.62778 0.0249555 -0.344844 1.03688 -0.858331 -0.815367 0.652792 -0.585474 0.434511 -1.81801 -0.346419 0.0814304 -0.227896 1.75981 1.16439 0.399199 -2.09211 2.6253 -3.55844 -0.273984 0.530863 0.887536 0.490053 0.39885 -3.44675 -1.05284 0.844812 -0.12284 0.863503 -0.953638 -0.793772 0.605895 -0.738336 -1.25873 1.40373 -1.02236 -0.39114 1.39078 -0.881391 -0.720596 -0.0428068 1.10735 -1.89978 -0.481311 0.658228 -0.776636 0.400422 1.62572 -0.581834 0.169188 -0.837261 0.990798 0.727021 3.48507 -0.33456 -2.56549 -0.848065 -1.33459 0.091616 -3.84095 0.888595 -1.0887 -2.86431 -1.31623 2.09953 0.986725 0.100408 -1.03518 0.79467 -0.725807 0.866674 -0.784522 -0.0416711 -0.816569 1.59726 -2.81288 3.36259 1.01213 -0.888561 -0.332306 1.77724 -0.83459 0.351924 0.566633 -2.6049 1.35079 -0.981053 -1.93459 -0.642838 -0.0936453 -0.868576 -2.32789 -0.603684 0.976982 3.72175 0.465993 -0.396693 -2.7933 0.58142 -2.92923 -0.836337 1.74656 2.67185 1.8454 0.91058 0.164472 0.817452 -0.0852568 0.255297 0.178068 0.929087 1.03269 -2.01254 -0.258049 -0.758267 -1.48668 1.05236 1.56874 -0.135722 -0.738719 1.91766 -3.81454 2.63634 1.83296 -0.0636024 0.443815 0.181434 -0.874033 3.04433 1.18657 -0.59855 -0.451046 -0.134316 -0.084472 2.35906 0.846015 -1.09994 1.54285 2.25751 2.0864 0.782978 -1.14323 0.338128 -1.18941 
-1.7528 -0.357032 0.580392 0.890179 -0.249174 -0.0358072 -0.625815 0.495181 1.02376 0.688246 -0.812128 0.586116 0.504117 -1.01821 -1.42327 -0.0611636 -0.0201078 0.605721 -1.3651 3.06821 0.0942851 2.2279 1.17681 -0.981406 -0.415341 0.579538 -1.13518 1.42012 1.87515 1.57065 -0.00238866 1.63982 -0.868427 -0.292234 -1.1975 0.166382 -0.698659 0.28311 0.696611 -1.99462 0.37856 -0.661508 1.32064 -0.664938 0.488429 1.60318 -2.06399 -1.44331 -0.291147 0.702614 -0.671109 0.615769 3.53623 -1.45447 -0.132387 2.37155 1.48462 -0.681201 0.696512 -1.37366 1.65031 -0.150357 2.1174 0.0966144 0.183788 -2.2319 -0.284138 -1.52307 0.128052 1.21699 -0.180075 0.566878 2.29395 -0.649092 1.00658 1.43435 0.435315 1.7425 0.970141 -1.6569 1.64599 -0.55027 0.962361 -2.4268 -1.46021 0.755945 -0.837425 -0.844937 -0.177467 -0.253821 -0.147595 -1.94938 1.41776 0.741656 -2.02139 0.16769 -0.409142 -1.35364 -1.11213 -0.294703 0.567864 1.91144 1.62933 -0.991098 -1.11515 -1.21651 -0.54093 1.95949 2.96383 -0.123016 -0.912694 -1.9685 1.34937 -0.0580649 0.934353 -1.60151 -1.32611 -1.27297 -0.585947 -1.31578 -1.62086 -0.22957 -0.0558366 -0.382417 1.81767 -0.940119 0.865223 0.731443 -0.367775 -0.451375 -1.39328 -1.80339 -0.349014 0.675143 -1.64557 0.0531802 1.95419 -0.615146 -0.172511 1.10871 0.233677 -0.923984 -2.10293 0.260721 0.759211 -0.532138 2.23304 -0.372423 0.915312 -0.901386 -0.865996 0.648392 -0.595178 0.155769 -1.15391 1.59088 -0.427558 0.455918 -0.700247 -0.26195 -0.34383 -0.804785 -0.66894 -1.22276 0.0835247 3.38942 1.40089 1.12564 1.17957 -1.94273 -0.180035 -0.990857 -0.701825 -0.125215 0.274474 -1.05551 -1.92905 -2.48387 0.152726 -1.44892 -1.39737 1.95565 1.68216 0.413354 1.43069 -2.73275 1.97607 -0.549972 -0.457505 0.248298 0.743086 0.680452 2.01624 0.0680228 -0.685164 0.347775 3.75699 1.38722 -0.386466 -0.853303 1.41272 0.907065 0.0210925 0.41273 -1.44587 -1.27604 1.53094 -1.53323 -0.295759 -0.184606 -1.72397 0.641146 0.961081 -0.621911 0.571859 0.770091 