1372 1.00001
38.4402 38.4402 38.4402 
19.1345 19.1345 19.1345 
1 1 1 1 1 1 1 1 1 1 1 1 1 1 1 1 1 1 1 1 1 1 1 1 1 1 1 1 1 1 1 1 1 1 1 1 1 1 1 1 1 1 1 1 1 1 1 1 1 1 1 1 1 1 1 1 1 1 1 1 1 1 1 1 1 1 1 1 1 1 1 1 1 1 1 1 1 1 1 1 1 1 1 1 1 1 1 1 1 1 1 1 1 1 1 1 1 1 1 1 
1 1 1 1 1 1 1 1 1 1 1 1 1 1 1 1 1 1 1 1 1 1 1 1 1 1 1 1 1 1 1 1 1 1 1 1 1 1 1 1 1 1 1 1 1 1 1 1 1 1 1 1 1 1 1 1 1 1 1 1 1 1 1 1 1 1 1 1 1 1 1 1 1 1 1 1 1 1 1 1 1 1 1 1 1 1 1 1 1 1 1 1 1 1 1 1 1 1 1 1 
1 1 1 1 1 1 1 1 1 1 1 1 1 1 1 1 1 1 1 1 1 1 1 1 1 1 1 1 1 1 1 1 1 1 1 1 1 1 1 1 1 1 1 1 1 1 1 1 1 1 1 1 1 1 1 1 1 1 1 1 1 1 1 1 1 1 1 1 1 1 1 1 1 1 1 1 1 1 1 1 1 1 1 1 1 1 1 1 1 1 1 1 1 1 1 1 1 1 1 1 
1 1 1 1 1 1 1 1 1 1 1 1 1 1 1 1 1 1 1 1 1 1 1 1 1 1 1 1 1 1 1 1 1 1 1 1 1 1 1 1 1 1 1 1 1 1 1 1 1 1 1 1 1 1 1 1 1 1 1 1 1 1 1 1 1 1 1 1 1 1 1 1 1 1 1 1 1 1 1 1 1 1 1 1 1 1 1 1 1 1 1 1 1 1 1 1 1 1 1 1 
1 1 1 1 1 1 1 1 1 1 1 1 1 1 1 1 1 1 1 1 1 1 1 1 1 1 1 1 1 1 1 1 1 1 1 1 1 1 1 1 1 1 1 1 1 1 1 1 1 1 1 1 1 1 1 1 1 1 1 1 1 1 1 1 1 1 1 1 1 1 1 1 1 1 1 1 1 1 1 1 1 1 1 1 1 1 1 1 1 1 1 1 1 1 1 1 1 1 1 1 
1 1 1 1 1 1 1 1 1 1 1 1 1 1 1 1 1 1 1 1 1 1 1 1 1 1 1 1 1 1 1 1 1 1 1 1 1 1 1 1 1 1 1 1 1 1 1 1 1 1 1 1 1 1 1 1 1 1 1 1 1 1 1 1 1 1 1 1 1 1 1 1 1 1 1 1 1 1 1 1 1 1 1 1 1 1 1 1 1 1 1 1 1 1 1 1 1 1 1 1 
1 1 1 1 1 1 1 1 1 1 1 1 1 1 1 1 1 1 1 1 1 1 1 1 1 1 1 1 1 1 1 1 1 1 1 1 1 1 1 1 1 1 1 1 1 1 1 1 1 1 1 1 1 1 1 1 1 1 1 1 1 1 1 1 1 1 1 1 1 1 1 1 1 1 1 1 1 1 1 1 1 1 1 1 1 1 1 1 1 1 1 1 1 1 1 1 1 1 1 1 
1 1 1 1 1 1 1 1 1 1 1 1 1 1 1 1 1 1 1 1 1 1 1 1 1 1 1 1 1 1 1 1 1 1 1 1 1 1 1 1 1 1 1 1 1 1 1 1 1 1 1 1 1 1 1 1 1 1 1 1 1 1 1 1 1 1 1 1 1 1 1 1 1 1 1 1 1 1 1 1 1 1 1 1 1 1 1 1 1 1 1 1 1 1 1 1 1 1 1 1 
1 1 1 1 1 1 1 1 1 1 1 1 1 1 1 1 1 1 1 1 1 1 1 1 1 1 1 1 1 1 1 1 1 1 1 1 1 1 1 1 1 1 1 1 1 1 1 1 1 1 1 1 1 1 1 1 1 1 1 1 1 1 1 1 1 1 1 1 1 1 1 1 1 1 1 1 1 1 1 1 1 1 1 1 1 1 1 1 1 1 1 1 1 1 1 1 1 1 1 1 
1 1 1 1 1 1 1 1 1 1 1 1 1 1 1 1 1 1 1 1 1 1 1 1 1 1 1 1 1 1 1 1 1 1 1 1 1 1 1 1 1 1 1 1 1 1 1 1 1 1 1 1 1 1 1 1 1 1 1 1 1 1 1 1 1 1 1 1 1 1 1 1 1 1 1 1 1 1 1 1 1 1 1 1 1 1 1 1 1 1 1 1 1 1 1 1 1 1 1 1 
1 1 1 1 1 1 1 1 1 1 1 1 1 1 1 1 1 1 1 1 1 1 1 1 1 1 1 1 1 1 1 1 1 1 1 1 1 1 1 1 1 1 1 1 1 1 1 1 1 1 1 1 1 1 1 1 1 1 1 1 1 1 1 1 1 1 1 1 1 1 1 1 1 1 1 1 1 1 1 1 1 1 1 1 1 1 1 1 1 1 1 1 1 1 1 1 1 1 1 1 
1 1 1 1 1 1 1 1 1 1 1 1 1 1 1 1 1 1 1 1 1 1 1 1 1 1 1 1 1 1 1 1 1 1 1 1 1 1 1 1 1 1 1 1 1 1 1 1 1 1 1 1 1 1 1 1 1 1 1 1 1 1 1 1 1 1 1 1 1 1 1 1 1 1 1 1 1 1 1 1 1 1 1 1 1 1 1 1 1 1 1 1 1 1 1 1 1 1 1 1 
1 1 1 1 1 1 1 1 1 1 1 1 1 1 1 1 1 1 1 1 1 1 1 1 1 1 1 1 1 1 1 1 1 1 1 1 1 1 1 1 1 1 1 1 1 1 1 1 1 1 1 1 1 1 1 1 1 1 1 1 1 1 1 1 1 1 1 1 1 1 1 1 1 1 1 1 1 1 1 1 1 1 1 1 1 1 1 1 1 1 1 1 1 1 1 1 1 1 1 1 
1 1 1 1 1 1 1 1 1 1 1 1 1 1 1 1 1 1 1 1 1 1 1 1 1 1 1 1 1 1 1 1 1 1 1 1 1 1 1 1 1 1 1 1 1 1 1 1 1 1 1 1 1 1 1 1 1 1 1 1 1 1 1 1 1 1 1 1 1 1 1 1 
0 0.649106 1.54761 1.39562 0 1.41882 3.81069 4.12643 0 4.33723 1.28371 3.996 0 4.03198 4.06168 1.10256 0 6.90387 1.03108 1.46555 0 6.71255 3.77352 3.78299 0 9.54145 0.888726 3.90484 0 9.88405 3.68609 1.32148 0 12.042 0.791158 1.45578 0 12.2963 3.89834 4.08036 0 15.0658 1.07563 4.41952 0 14.9928 3.53545 1.32522 0 17.6282 0.674144 1.0249 0 17.8305 3.25971 3.86442 0 20.3998 0.762295 3.63203 0 20.3376 3.35306 1.13593 0 22.9269 1.18608 1.13965 0 23.273 3.95052 3.7367 0 25.7288 1.54368 3.51971 0 25.9363 4.02157 1.02208 0 28.9401 1.44882 1.37806 0 27.8692 4.46236 4.16909 0 31.3436 1.64641 3.98888 0 31.6333 3.99092 0.976299 0 34.5067 1.28671 0.987727 0 33.7571 4.1886 4.15315 0 37.3271 1.22665 4.47061 0 36.8299 4.43729 2.07819 0 1.04764 6.41986 1.13676 0 1.66724 9.48565 4.38686 0 3.84072 6.37519 4.07142 0 4.37434 9.33823 1.75816 0 6.94436 6.27492 1.5358 0 6.97388 9.22144 4.13407 0 9.61286 6.13309 4.27091 0 9.67585 9.2628 1.31728 0 12.5664 6.39992 1.587 0 12.1509 9.49743 3.65804 0 15.7678 6.72225 4.10167 0 15.2242 9.82534 1.51971 0 18.0451 6.35822 1.49013 0 18.1181 9.81048 3.95236 0 20.3421 6.33444 4.221 0 19.9277 9.35284 0.95439 0 22.9859 6.91936 0.876374 0 22.3833 9.69168 3.77418 0 25.1786 7.33976 3.54528 0 25.3055 9.51014 0.808728 0 28.3718 7.1018 0.949974 0 28.2791 9.51835 3.82396 0 31.2747 7.13147 4.24005 0 31.5409 8.8602 1.02265 0 34.5323 6.81064 0.819776 0 34.4004 9.01117 3.89062 0 37.7384 7.06078 4.13279 0 37.2721 9.48673 1.57087 0 1.55022 12.4839 1.26672 0 1.77395 15.3376 4.17484 0 4.09049 12.2829 3.67852 0 4.41612 15.0744 1.16978 0 7.06784 11.7223 1.35087 0 7.0071 14.9104 3.84213 0 9.57415 11.9964 4.01348 0 9.47087 14.9213 1.43227 0 11.9037 12.2129 1.38341 0 12.5066 15.0122 4.43036 0 14.6744 12.2812 3.87442 0 15.0869 15.3757 1.67425 0 17.4498 12.6656 1.30894 0 17.52 15.2898 3.80689 0 20.1499 12.8599 3.74409 0 20.1574 15.7159 1.41792 0 22.8857 12.2223 0.964699 0 23.0746 15.2846 3.62017 0 25.4413 12.003 3.36681 0 25.902 14.458 0.982433 0 29.2608 11.8396 1.19007 0 28.5935 14.3943 4.33292 0 31.4094 12.0188 4.46599 0 31.738 14.7207 1.62669 0 34.1799 11.9046 1.88977 0 33.9763 15.0397 4.53218 0 37.2334 12.3885 4.35406 0 37.1022 14.5978 0.928397 0 2.0682 17.8178 1.6628 0 1.60818 20.2081 4.47594 0 4.49632 17.6284 4.20751 0 4.34729 20.7892 1.56324 0 7.29603 17.9201 1.342 0 7.08387 20.6334 4.07737 0 9.84402 17.8784 4.19646 0 9.75934 20.6449 0.97874 0 12.0437 17.94 1.30334 0 11.7126 20.997 4.22165 0 14.4196 18.3552 3.97557 0 14.2955 21.0188 1.07746 0 17.374 18.333 1.30839 0 17.3435 21.1188 3.81773 0 20.3473 17.6856 4.36994 0 20.4793 20.7326 1.61427 
0 23.2327 17.6729 1.14314 0 23.465 20.2214 4.14061 0 25.8047 17.37 4.14653 0 25.6917 20.4033 0.891288 0 28.524 17.1052 1.6855 0 28.3378 20.4424 3.28052 0 31.1342 17.4892 4.14365 0 31.4715 20.2432 1.73094 0 34.1618 17.5708 1.70714 0 34.4484 20.6568 4.13452 0 36.8922 18.0763 4.4054 0 37.1596 20.542 1.32468 0 1.70165 23.2695 1.86149 0 1.58087 26.334 3.72117 0 4.3286 23.4316 4.37402 0 4.75852 26.0747 1.39584 0 7.5256 23.8637 1.27178 0 6.79269 25.8759 4.36985 0 9.54239 23.5632 3.9376 0 9.47877 26.4372 1.26777 0 11.9206 23.5149 1.05065 0 12.2614 26.2103 3.65249 0 14.7265 23.5012 4.3433 0 14.7817 26.0967 0.934015 0 17.4706 23.5384 1.37778 0 17.6002 25.5805 4.51938 0 20.5122 23.4146 4.11571 0 20.8553 25.7653 1.39002 0 23.3866 23.0438 1.48859 0 23.7102 25.729 3.951 0 26.2244 23.5407 3.98637 0 26.4108 26.6453 1.20183 0 28.3177 23.1712 1.103 0 28.9351 26.6409 4.2129 0 30.794 23.083 3.83986 0 31.2604 25.8977 1.4052 0 33.7809 23.3149 1.37697 0 34.3615 26.0661 3.71376 0 37.1596 23.1165 3.80186 0 37.1211 25.9652 1.52318 0 1.58364 28.2954 0.925124 0 0.859456 31.6848 4.13166 0 4.10484 28.9698 4.05493 0 3.85459 31.9653 1.56575 0 6.84285 29.0165 1.03366 0 6.29428 31.9278 4.08514 0 8.82213 29.2361 3.86893 0 9.60716 31.3239 1.28859 0 12.1465 28.9925 1.32641 0 12.1049 31.5789 4.06333 0 15.1398 28.5289 3.73254 0 14.7662 31.2803 1.49898 0 18.035 28.3612 1.42978 0 17.9566 31.2433 3.75864 0 20.7394 28.7067 4.29899 0 20.6326 31.1775 1.34008 0 23.3308 28.3777 1.65817 0 23.0858 31.2596 4.17841 0 25.8707 28.6025 4.43111 0 25.8098 31.2333 1.34937 0 29.3043 28.7673 1.66794 0 29.0862 31.0786 4.4718 0 31.9866 28.7344 4.0957 0 31.5426 31.2493 1.73578 0 34.5066 28.8598 1.64166 0 35.0338 31.4559 4.15267 0 37.2542 28.6027 4.12115 0 37.3827 31.0158 1.03243 0 1.00242 33.8138 1.3301 0 1.65101 37.5843 3.99124 0 3.90818 34.4075 4.51564 0 4.27189 36.3766 1.37255 0 6.80054 34.2341 1.21704 0 6.95836 37.0404 3.96649 0 9.37516 34.1671 4.0257 0 9.54237 36.7489 1.12815 0 12.1373 34.26 1.1263 0 12.3566 36.4054 4.09157 0 15.3189 33.9664 3.99573 0 15.0201 36.6217 1.42202 0 17.5021 34.1584 1.13859 0 17.7986 36.507 3.83993 0 20.4176 33.9363 4.22921 0 20.4223 36.5003 1.26228 0 23.272 33.7922 1.28136 0 23.133 36.692 3.58546 0 26.1223 34.3137 4.52315 0 26.0053 36.9275 0.820616 0 28.8266 34.154 1.6209 0 28.5797 37.017 3.58671 0 31.4949 33.9496 4.33031 0 31.8924 36.8288 1.3176 0 34.4842 33.9455 1.79202 0 34.0394 37.3776 4.35332 0 36.6175 34.7487 4.55405 0 36.7286 36.8261 1.40281 0 1.59282 1.23705 7.07258 0 1.07667 4.16715 9.9242 0 4.20503 1.99967 9.37815 0 4.19139 4.03713 6.41597 
0 7.01939 1.45178 6.72377 0 7.60812 3.79859 9.73793 0 9.56185 0.776169 9.24741 0 10.0852 3.74089 6.99314 0 12.2396 1.02775 6.83151 0 12.329 3.71424 9.90484 0 14.9857 0.946855 9.37087 0 15.3302 4.36716 6.51854 0 18.1022 0.820612 6.63535 0 18.0234 3.61743 9.21088 0 20.7437 1.06129 9.59031 0 20.6868 3.63192 6.55286 0 23.1826 0.805772 6.15109 0 23.0358 4.14905 9.92093 0 25.7973 1.59266 9.43193 0 25.3149 3.93716 6.75003 0 28.1473 1.5516 6.72132 0 28.0268 4.26109 9.89648 0 31.0325 1.26817 9.45608 0 31.0355 4.43705 6.92225 0 33.5904 1.27854 6.63471 0 33.8655 4.0533 9.92045 0 36.496 1.72631 9.71442 0 37.2904 3.93959 6.88531 0 1.45014 6.93002 7.01129 0 2.24131 9.68559 9.32059 0 4.66343 6.26974 9.69002 0 4.64453 9.22585 6.87313 0 6.82464 6.16722 6.71068 0 7.15007 9.46694 9.52363 0 9.91016 6.82613 9.71314 0 9.74523 9.45789 6.60267 0 12.1567 6.70227 6.96341 0 12.3215 9.46602 9.42816 0 15.0701 6.26652 9.76204 0 14.9026 8.90981 6.62755 0 18.1438 6.44648 7.12132 0 17.8124 9.17005 9.66102 0 20.3016 6.92831 9.9452 0 20.0887 9.43101 7.06106 0 22.667 7.13575 6.67088 0 22.7813 10.0525 9.46799 0 25.5989 7.54446 9.02773 0 25.266 9.74828 6.10764 0 28.3318 6.9641 6.84095 0 28.8246 9.24386 9.57993 0 31.2373 6.82666 9.62533 0 31.494 9.55609 6.84153 0 34.5259 6.6403 6.79295 0 34.4985 9.62599 9.47662 0 37.2942 6.7622 9.59738 0 37.3946 9.58454 6.78115 0 1.69992 12.5248 6.78267 0 1.56998 14.7324 9.55817 0 4.49171 12.2501 9.64479 0 4.57606 14.7024 6.56356 0 7.40721 12.319 6.95711 0 6.95578 14.633 9.5453 0 9.79302 12.2567 9.44761 0 9.65592 15.1715 6.81009 0 12.5701 12.0689 6.73543 0 12.4881 14.9393 8.93094 0 14.9886 12.1482 9.2666 0 15.312 15.4897 6.66964 0 17.2534 12.2206 6.46974 0 17.7576 15.2136 9.13298 0 19.6477 12.3269 9.57987 0 20.1494 14.7755 6.89226 0 22.782 12.1862 6.48218 0 22.8351 14.5745 9.56812 0 26.0151 12.0957 9.58854 0 25.5758 14.9927 6.96715 0 28.5259 11.5976 6.83303 0 28.3336 14.9824 9.33566 0 31.2728 12.3217 9.1896 0 30.9475 15.051 6.82497 0 34.6052 12.1446 6.33501 0 34.0866 14.2317 9.05763 0 37.5471 12.0835 9.08346 0 37.0024 15.0672 7.00829 0 1.91975 17.4957 6.9335 0 1.04777 20.424 9.57298 0 4.37208 17.4783 9.4661 0 4.08603 20.3486 6.84361 0 6.82091 17.96 6.94882 0 6.3007 20.595 9.8053 0 9.5572 17.2775 9.51647 0 9.44048 20.153 6.86322 0 12.1065 17.8367 6.74651 0 12.1574 20.6711 9.6586 0 14.8345 17.8553 9.16768 0 14.4865 20.7272 6.44006 0 17.2441 18.2618 6.28516 0 17.4142 20.9967 9.53788 0 20.6214 17.638 9.32915 0 20.4698 20.9487 6.48304 0 23.3805 17.8057 6.93489 0 23.1255 20.4429 9.49938 0 25.9744 17.8196 9.35517 0 25.7029 20.3661 6.55806 
0 28.3552 17.3713 6.61202 0 28.4881 20.721 9.04567 0 31.234 17.9868 9.17071 0 31.0623 20.3153 6.33565 0 34.3435 17.6879 7.0457 0 34.1189 20.4965 9.09772 0 37.108 17.8422 9.27614 0 37.1484 20.5514 6.7495 0 1.19917 23.4472 6.40333 0 1.21872 26.3723 9.24823 0 3.73212 23.2153 9.33977 0 3.69044 25.8808 6.71637 0 7.25625 22.9472 6.82269 0 6.49099 25.8929 9.57078 0 9.10133 23.0704 10.0303 0 9.51486 26.4141 7.06469 0 11.8656 23.449 7.01489 0 12.1369 26.6435 9.4615 0 14.6943 23.9239 9.65894 0 14.9323 26.6332 6.81696 0 17.6473 23.0074 6.74134 0 17.4855 25.9257 9.31211 0 20.2639 23.509 9.50975 0 20.3458 25.9997 6.76014 0 23.257 23.3154 6.86448 0 23.1353 25.778 9.53744 0 25.9279 23.163 9.5045 0 26.1898 26.1195 7.22609 0 28.4026 23.4398 6.92401 0 28.9292 26.0277 9.66417 0 31.7644 23.2041 9.05161 0 31.3229 26.0479 6.7025 0 33.7773 23.4849 5.96387 0 34.4768 25.7838 8.8596 0 36.9182 23.2005 9.38495 0 36.9689 25.8273 6.40483 0 1.63108 28.7729 6.79408 0 1.26906 31.6234 9.46588 0 4.04432 28.9549 9.54302 0 3.87997 31.5033 6.63894 0 6.55694 28.6822 6.59663 0 6.57754 31.9039 9.57363 0 8.93122 29.1194 9.41067 0 9.32427 31.5628 6.25905 0 12.1116 28.5793 6.41535 0 12.1126 31.341 9.12741 0 14.9601 28.9484 9.12834 0 14.8716 31.6472 6.78151 0 18.0185 28.6973 6.88575 0 17.9442 31.2835 9.73063 0 21.0556 28.7269 9.5176 0 20.6695 31.2003 6.90679 0 23.3847 28.5871 6.91173 0 23.6389 31.6489 9.74631 0 25.7164 28.7363 10.1127 0 25.6942 31.4499 6.91111 0 28.8395 29.0605 7.39874 0 28.2188 31.404 9.97473 0 31.6182 28.7848 10.0619 0 31.6559 31.3307 7.49222 0 34.5983 29.1186 6.50473 0 34.2771 31.6632 9.85285 0 36.8139 28.838 8.9975 0 36.7451 31.998 7.25337 0 1.283 34.5065 7.1441 0 1.42909 37.5431 9.80235 0 3.60216 34.8979 9.89371 0 4.38638 37.307 6.82897 0 6.89762 34.2327 7.04795 0 6.57645 37.0919 9.62185 0 9.57898 34.5365 9.12585 0 9.62471 36.9426 6.48217 0 12.3039 34.0317 6.84654 0 12.5547 36.928 9.21288 0 15.1981 33.8918 9.29992 0 14.999 36.8412 6.56435 0 18.0554 34.0512 6.86004 0 17.8516 36.5702 9.38062 0 20.9148 34.0503 9.40877 0 20.7802 36.934 6.57396 0 23.2587 34.365 6.78828 0 23.4808 36.8085 9.6861 0 26.2175 34.1814 9.08441 0 25.7275 36.8803 6.95149 0 28.8885 33.8629 6.85392 0 28.7951 36.9467 9.70678 0 31.1713 34.3894 9.55634 0 31.1587 36.803 6.20071 0 33.8858 34.309 7.14072 0 33.9128 37.6265 9.45896 0 37.1427 34.3816 9.84477 0 37.2423 37.0078 7.69992 0 0.680005 1.75771 12.5164 0 1.07275 4.43528 15.3112 0 3.46386 1.53412 15.5867 0 4.11556 4.02402 12.5442 0 7.00107 1.24653 12.1778 0 6.8852 3.9605 15.09 0 10.3545 0.762571 15.2413 0 9.86299 3.71913 12.7412 
0 12.8648 0.972721 12.3895 0 12.8026 3.98011 14.5728 0 15.5389 1.03327 14.9019 0 15.7814 3.83435 12.1389 0 17.7717 0.808474 11.8822 0 17.8515 3.77297 15.1069 0 20.3914 1.2565 15.2675 0 20.2844 4.04792 12.5581 0 23 0.885774 12.2302 0 23.0852 3.72783 14.9399 0 25.9083 1.21941 14.9825 0 25.6609 4.32309 12.3322 0 28.5572 1.56772 12.4995 0 28.7268 4.42465 15.272 0 31.1564 1.61829 15.2886 0 31.0456 4.05682 12.0316 0 33.782 1.79248 12.6793 0 34.2671 4.35474 15.3184 0 36.7371 1.48658 15.0778 0 36.5529 4.66015 12.6459 0 1.20544 7.11311 12.3454 0 0.915793 9.50584 15.1825 0 3.66546 7.10047 15.0107 0 4.15369 9.71462 12.3301 0 6.67286 6.61229 12.6041 0 6.3259 10.3583 14.9942 0 10.1411 6.7101 15.483 0 9.08709 9.48602 12.4589 0 12.2863 6.61496 12.4347 0 12.568 9.30032 15.4003 0 15.1626 6.88397 15.3334 0 15.1745 9.3445 12.1905 0 17.6812 6.80866 12.993 0 17.9652 9.61408 15.3889 0 20.602 6.64607 15.2899 0 20.0235 9.66835 12.117 0 22.9211 6.83599 12.279 0 22.8013 9.87352 15.233 0 25.6267 6.58321 15.1716 0 25.6619 9.17054 12.153 0 28.7249 6.96953 12.5146 0 28.6836 9.53216 15.0613 0 31.479 6.74353 15.3209 0 31.4877 9.91353 12.2528 0 34.1288 7.24945 12.4765 0 34.121 9.65353 15.119 0 36.374 7.15167 15.5489 0 37.1291 9.34959 12.0184 0 1.39829 12.2514 11.9911 0 0.987444 14.7949 14.4791 0 3.3626 12.2169 15.0521 0 4.12141 14.8118 12.1448 0 6.96793 12.3968 12.1065 0 7.01881 15.072 14.82 0 9.22761 12.0496 15.3019 0 10.1815 15.0538 12.167 0 12.2665 12.0741 12.2893 0 12.8951 14.9531 14.8432 0 15.1573 12.2248 14.7836 0 15.1619 15.1193 11.8536 0 17.5274 12.4387 12.5808 0 17.7296 15.6011 14.8876 0 20.4463 12.4485 15.1099 0 20.1692 15.613 12.1798 0 23.2536 12.0381 12.3777 0 23.2148 14.9181 14.6557 0 25.8535 12.7795 15.066 0 26.1554 15.145 12.0398 0 28.4478 11.9865 12.2508 0 28.6599 15.5155 14.4129 0 31.0417 12.4393 14.9823 0 31.6631 14.7479 11.7752 0 34.2108 12.3145 12.1877 0 34.0144 15.1532 14.9073 0 36.688 12.0717 14.5263 0 36.9592 14.9325 11.8413 0 0.992857 17.5341 11.7965 0 1.04713 20.3889 14.628 0 4.12355 17.1734 14.8865 0 3.73768 20.3009 11.8967 0 6.77784 17.4677 12.183 0 6.29871 20.0704 14.5273 0 9.86598 17.3333 15.0632 0 9.35423 20.2394 12.4563 0 12.3897 18.062 12.1998 0 12.2259 20.8594 15.4309 0 15.112 18.2616 15.2407 0 14.7096 21.2931 11.9777 0 17.4156 18.3742 11.8624 0 17.774 20.5753 14.9031 0 20.2113 18.0737 15.0341 0 20.094 21.1518 12.251 0 23.1459 18.08 12.605 0 22.944 20.877 14.6953 0 26.043 17.786 14.6825 0 26.0232 20.5338 11.8366 0 28.9163 18.1326 11.7345 0 28.6066 20.5037 14.9038 0 31.3648 18.1004 14.5659 0 31.2981 20.5483 11.7096 
0 34.1844 17.5125 11.6017 0 34.0981 20.4783 14.4668 0 37.0741 17.6918 14.9203 0 36.5671 20.3395 11.8313 0 1.2001 22.922 12.143 0 0.636524 25.7829 14.2481 0 3.81896 22.8924 14.7833 0 3.94048 25.9972 12.2677 0 7.00604 23.4165 12.8121 0 7.10177 26.6706 14.6382 0 9.72223 23.4899 14.7026 0 9.41798 26.4042 11.7438 0 12.1493 23.7327 12.358 0 11.9095 26.6381 14.5925 0 15.0424 23.5656 14.8995 0 14.9865 26.5946 11.9782 0 17.4588 23.5162 12.1922 0 17.8773 26.2128 14.806 0 20.6229 23.56 15.1244 0 20.5348 26.2418 12.2572 0 22.8887 23.4754 12.0149 0 23.4331 26.0768 14.8685 0 26.5867 23.4015 14.38 0 25.8174 25.6691 11.8759 0 28.8946 22.8914 11.7082 0 28.7289 26.3096 15.1385 0 31.3005 23.2005 14.6701 0 31.2554 25.8031 12.5703 0 34.0836 23.4526 11.7814 0 34.0215 25.7855 14.7531 0 36.6632 23.1868 14.6806 0 36.6781 26.0084 11.7826 0 1.46625 28.5768 11.8633 0 0.713733 31.787 15.0007 0 3.74569 28.9384 14.6012 0 3.48099 31.3699 12.025 0 6.56464 29.1155 12.2423 0 6.73228 31.5585 14.7274 0 9.79799 29.5763 14.9968 0 9.32678 31.8994 11.8967 0 12.4454 29.3549 12.1266 0 12.7196 31.7818 15.0947 0 15.0153 29.0611 14.6758 0 15.0924 31.61 11.9784 0 18.0483 28.6596 12.189 0 17.9353 31.3539 14.7073 0 20.6727 28.99 14.9315 0 20.7853 31.4608 12.3328 0 23.2903 28.7531 12.5121 0 22.9867 31.58 15.2055 0 25.8838 28.859 15.3062 0 25.8772 31.4098 12.5422 0 28.3744 28.6637 12.6029 0 28.5883 31.3457 15.0595 0 31.3332 28.5547 15.2009 0 31.3343 31.4951 12.1445 0 34.2064 28.926 12.265 0 33.922 31.8125 14.9697 0 36.9743 28.8246 14.993 0 36.9048 31.6202 12.1305 0 1.43071 34.4139 12.6241 0 1.15656 37.231 14.9446 0 3.99627 34.4168 15.3189 0 3.92936 37.6308 12.8801 0 6.17046 34.3082 12.635 0 7.14548 36.6347 14.7485 0 9.84768 34.5326 14.5298 0 9.10362 36.7018 11.892 0 12.216 33.8947 11.5232 0 12.7689 36.6385 14.6133 0 15.547 33.8226 15.0281 0 15.2412 36.2911 11.8524 0 18.0995 33.9537 12.0747 0 17.9372 36.9026 14.6352 0 20.3348 34.0741 14.9991 0 20.6477 36.6302 12.0555 0 23.4346 34.0624 12.2671 0 23.3946 36.7705 14.9629 0 25.8516 33.7783 15.1209 0 26.067 36.5178 12.3062 0 28.9235 34.2411 12.5895 0 28.9345 37.1477 14.9182 0 31.6449 34.4731 15.1683 0 31.7306 37.3643 12.3529 0 34.1083 34.5244 11.7737 0 33.6299 37.7734 15.4758 0 36.6062 34.401 15.2119 0 36.6299 37.4786 12.2437 0 0.881212 1.41978 17.7932 0 1.404 4.54339 20.7096 0 3.90488 1.38405 19.643 0 3.7743 4.74732 17.6971 0 7.02464 0.843935 17.2493 0 7.00387 3.96975 20.0036 0 9.97008 1.35549 20.513 0 9.82246 3.58809 17.5274 0 13.0246 1.44563 17.8499 0 12.1818 4.01532 20.367 0 15.2457 1.26346 21.0961 0 15.086 4.43762 18.3591 
0 17.357 1.49667 18.207 0 17.4982 3.96672 20.9768 0 20.5947 1.38593 20.8113 0 20.3444 3.68322 17.9857 0 23.2522 1.37982 17.9453 0 23.0975 3.86092 21.0955 0 25.6323 1.32255 20.8334 0 25.7765 4.11001 18.0509 0 28.3903 1.48657 17.9118 0 28.3068 4.84737 21.2806 0 31.234 1.50537 20.5288 0 31.0603 4.48733 18.239 0 34.1084 2.02103 17.7392 0 33.6651 4.14706 20.9413 0 36.7393 1.78581 20.8224 0 36.7975 4.46459 18.2161 0 1.14358 6.92644 18.066 0 1.07593 10.1937 20.494 0 3.89831 7.49507 20.7879 0 3.65918 9.92516 17.7362 0 6.70845 7.45402 17.3884 0 7.08949 9.76881 20.8999 0 9.31613 6.70609 20.2439 0 9.78509 9.60157 18.1334 0 12.5148 7.27762 18.2841 0 12.7681 9.54718 21.0674 0 15.4404 6.88259 20.8775 0 15.451 10.1277 17.5211 0 17.9981 6.91998 18.1727 0 17.9499 9.91871 20.2531 0 20.7891 6.63893 20.5035 0 20.6242 9.18565 17.6903 0 23.2769 6.64655 17.8778 0 23.2717 9.89307 20.6789 0 25.302 6.93547 20.8428 0 25.8776 9.82584 17.4661 0 28.5158 6.79835 18.1184 0 28.8551 9.5944 20.8401 0 31.4119 6.91456 20.6808 0 31.0318 9.46877 17.7276 0 34.0249 7.27047 18.119 0 33.9825 9.88426 20.5655 0 37.3427 7.0883 20.9424 0 36.8543 9.85894 18.1522 0 1.04861 12.5737 17.4723 0 0.921015 14.8414 20.7036 0 3.81865 12.4856 20.261 0 3.7461 15.0206 17.3905 0 7.08015 12.6513 18.1427 0 6.81632 15.1551 20.5236 0 9.73912 11.8462 20.7778 0 9.80195 14.8578 17.8581 0 12.9768 12.5086 17.7725 0 12.1824 14.8077 20.8101 0 15.0796 12.7537 20.6096 0 14.9288 15.3571 17.9425 0 17.7587 13.0007 18.2075 0 17.5867 15.3104 20.7513 0 20.4259 12.3516 19.9611 0 20.7855 15.2968 17.2114 0 23.2826 12.2832 17.6209 0 23.5948 15.0895 20.6195 0 26.343 12.44 20.4113 0 26.146 15.0265 17.7931 0 28.6123 12.466 17.6482 0 28.6581 15.3198 20.1965 0 31.3129 12.2527 20.6213 0 31.107 15.141 17.2182 0 34.07 12.4785 17.2267 0 34.2291 14.9815 19.812 0 36.8216 12.37 20.7283 0 36.6034 15.192 17.3784 0 1.23746 17.8667 17.3583 0 1.25151 19.9568 20.5459 0 3.77948 17.6006 20.2753 0 3.92725 20.0987 17.3216 0 6.54578 17.7678 17.3959 0 6.26652 20.1613 20.1193 0 8.94244 17.9629 20.369 0 9.55475 20.2899 17.6253 0 12.1308 17.5402 18.2615 0 12.2671 20.3816 20.8711 0 14.6605 17.8411 20.5387 0 15.1925 20.6243 17.8458 0 17.7004 17.5838 17.6469 0 18.0619 20.6591 20.4188 0 20.528 18.0267 20.3985 0 20.496 20.4954 17.402 0 23.1708 17.386 17.5738 0 23.2946 20.5139 20.1321 0 25.7214 18.0832 20.5599 0 25.5792 20.6504 17.3969 0 28.3518 18.3389 17.6581 0 28.698 20.713 20.4113 0 31.3949 17.7003 20.3208 0 31.3152 20.8165 17.5621 0 33.7809 17.9522 17.6119 0 34.0669 20.6712 20.4921 0 36.3316 17.8457 20.0433 0 36.7201 20.5271 17.2757 
0 0.938024 22.9287 17.4455 0 1.29184 25.5869 19.9295 0 4.11845 22.8672 19.7293 0 4.18991 26.0468 16.8419 0 6.86644 23.2832 17.0488 0 6.67179 25.8181 20.2985 0 9.38966 22.8917 20.2878 0 10.0725 26.3778 17.7718 0 12.4189 22.9921 17.9408 0 12.1948 26.0695 20.4704 0 15.1881 22.9742 20.9552 0 15.2763 26.476 17.5018 0 18.0375 23.4161 17.7506 0 17.2155 26.0597 20.3136 0 20.2554 23.3275 20.4553 0 20.1876 26.1418 17.9402 0 23.2782 23.2329 17.8142 0 23.1122 26.1601 20.1889 0 25.9119 23.218 20.7335 0 25.947 26.0417 17.5234 0 29.0276 23.3926 17.3344 0 28.499 25.9019 20.1972 0 31.49 23.2713 20.1916 0 31.5381 25.6249 17.4751 0 34.3252 23.3853 17.6734 0 34.1069 25.5968 20.8807 0 36.8544 22.5414 20.6629 0 36.7204 26.0523 17.4627 0 1.13416 28.4685 17.2169 0 0.921096 30.5424 20.6444 0 3.77103 28.197 20.5735 0 4.05718 30.6171 17.8587 0 7.34565 29.0081 17.4713 0 7.07363 31.6224 20.0772 0 9.39618 28.5175 20.7079 0 10.2607 32.0668 18.0051 0 12.5761 28.8839 17.7395 0 12.3936 31.1856 20.781 0 14.9077 28.8114 20.4296 0 15.2172 31.7574 17.8388 0 17.7655 28.9511 17.9581 0 17.742 31.3426 20.7188 0 20.2214 28.7194 20.3556 0 20.3689 31.8262 17.9747 0 23.2859 29.0956 17.7965 0 23.3007 31.9984 20.6484 0 26.0765 28.845 20.2921 0 25.7756 31.4777 17.9543 0 28.9746 28.9968 17.8794 0 28.6106 31.7115 20.3169 0 31.5462 28.3061 20.3499 0 31.0591 31.8616 17.7865 0 34.0595 28.3403 17.3126 0 34.2078 30.7351 20.712 0 36.8089 28.2772 19.9255 0 36.6909 31.4397 17.5678 0 1.22721 33.7901 17.9019 0 0.896282 37.3321 19.923 0 4.14216 33.3186 20.7212 0 3.93958 36.5103 18.0688 0 6.78502 34.0139 17.6254 0 6.79291 35.8585 20.5908 0 10.0343 34.0487 20.7657 0 10.0459 36.6915 17.9061 0 12.8901 34.6361 17.6812 0 12.562 37.091 20.4984 0 15.1338 34.0411 20.4728 0 15.6431 37.0474 17.5345 0 17.7977 34.3044 17.8131 0 17.598 36.8847 20.4657 0 20.0113 34.3891 20.5841 0 20.4783 36.7887 17.6389 0 23.2402 34.1515 17.5765 0 22.8552 36.998 20.466 0 26.0701 34.2197 20.6716 0 25.8313 37.1012 17.9423 0 28.3589 34.4797 17.9866 0 28.7857 37.7175 20.5922 0 31.1517 34.4947 20.7194 0 31.135 37.0165 17.8076 0 34.002 34.4301 17.9507 0 34.8131 37.3402 20.1909 0 36.9112 33.5894 20.0997 0 36.8851 36.974 17.3943 0 1.37407 1.50798 23.6257 0 1.66082 3.98003 26.5197 0 4.23428 1.1484 25.7241 0 4.20422 4.28509 23.2317 0 6.50973 1.15874 22.4965 0 6.87645 4.21593 25.7492 0 9.17816 1.46162 25.4333 0 9.31758 3.87988 22.9655 0 12.267 1.62923 23.1276 0 11.9395 4.36692 26.0096 0 14.8736 1.08037 26.0515 0 14.8287 4.09431 23.4686 0 17.6309 0.828577 23.6585 0 17.6319 3.90744 26.3542 0 20.3624 0.963692 26.4674 0 20.2582 3.68923 24.1233 
0 23.0593 0.844608 23.5234 0 23.4185 3.89295 26.5928 0 25.6968 1.08817 26.3848 0 25.5196 3.99704 23.6567 0 28.6457 1.86098 23.843 0 28.7668 4.26036 26.4526 0 31.4844 1.47774 26.2367 0 31.3577 4.23879 23.9368 0 34.4413 2.03744 23.9445 0 34.1696 4.42344 26.4559 0 37.0033 2.17648 26.4618 0 36.845 4.53751 23.5243 0 1.41415 7.33668 23.3131 0 1.53144 9.65989 25.8175 0 4.06407 6.70091 25.9266 0 4.5891 9.46483 23.6689 0 7.21086 7.12283 23.6376 0 6.95958 9.76025 26.3693 0 9.7406 7.28003 26.2765 0 9.65073 9.62955 23.4511 0 11.7009 6.36476 22.9036 0 12.5598 9.77047 26.4146 0 14.4799 7.0055 25.5872 0 15.6242 9.71349 23.3028 0 18.0665 6.71305 23.5704 0 17.7878 9.89438 26.2279 0 20.2141 6.22891 26.7146 0 20.1849 10.323 23.0864 0 22.6836 6.56463 23.8096 0 22.8676 9.05067 26.2801 0 26.0434 6.6946 25.9076 0 25.8301 9.74857 23.2509 0 29.0553 7.18589 23.6895 0 29.0043 9.56633 26.0974 0 31.5 6.906 26.6278 0 31.4953 10.5684 23.4158 0 34.0975 7.2079 23.0701 0 34.1283 9.3798 26.1643 0 36.9657 6.74488 25.8837 0 36.921 9.82922 23.5083 0 1.35145 12.1804 23.3727 0 1.16334 15.6852 26.3412 0 4.20243 12.205 26.1078 0 3.6689 14.7893 23.2617 0 6.80088 12.6855 23.1279 0 6.73986 14.7082 26.5021 0 9.68042 11.8997 26.3684 0 9.66098 14.5863 23.6158 0 12.6769 12.1825 23.4995 0 12.1208 14.8043 26.0457 0 15.1998 12.3876 26.5141 0 14.8119 15.0632 23.3561 0 17.4499 12.593 23.6482 0 17.9447 15.0628 26.1685 0 20.6864 12.5514 25.891 0 20.6189 15.3274 22.9987 0 23.1888 12.4417 23.3095 0 23.6214 14.7392 25.9813 0 25.5759 11.8359 25.9368 0 25.7263 15.2717 23.2269 0 28.4489 12.5244 23.2983 0 28.8644 14.9282 26.1591 0 31.8745 12.5881 26.324 0 31.7248 15.1706 23.2681 0 34.3644 12.6716 23.3696 0 33.9096 15.542 26.1121 0 36.8633 12.6482 26.3164 0 36.842 15.0123 23.5332 0 0.845262 17.48 23.0579 0 1.86017 20.3812 26.3954 0 3.97028 17.4404 25.9481 0 3.83955 20.2896 23.3284 0 6.6779 17.2036 23.4512 0 6.74082 20.3101 25.7444 0 9.29288 17.3618 26.2792 0 9.32984 20.2489 23.0259 0 12.1113 17.6657 23.3337 0 12.1138 20.338 25.8072 0 14.787 17.3845 25.9781 0 14.9999 20.3638 23.7256 0 17.981 17.9433 23.5765 0 18.2402 20.7973 26.0013 0 20.5831 17.8693 25.8035 0 20.7456 20.6513 23.0889 0 23.041 18.0234 23.245 0 23.5283 20.5354 25.9446 0 26.0235 17.7696 26.1192 0 25.9541 20.7357 23.2793 0 28.5864 17.5776 22.8632 0 28.4891 20.4609 25.9252 0 31.2966 18.3223 26.2118 0 31.0987 20.0537 23.1708 0 34.1979 18.3171 23.0405 0 33.8466 20.5394 25.8354 0 37.0023 18.0128 26.3459 0 37.039 20.7824 23.5627 0 1.58489 23.2904 23.0051 0 0.807278 25.6944 25.9099 0 4.32137 23.3904 26.1227 0 4.11458 26.0325 23.6727 
0 6.10594 22.9375 23.085 0 6.80483 25.8406 26.1282 0 8.95213 23.1874 25.637 0 9.16059 25.5528 23.0614 0 12.1018 23.2519 23.4184 0 12.1022 26.2576 25.7096 0 15.4774 23.218 25.9884 0 15.055 26.1076 23.2951 0 17.9233 23.4258 23.6133 0 18.2125 25.8772 26.3349 0 20.918 23.3752 25.7809 0 20.9091 26.003 23.4407 0 23.3273 23.5938 23.2002 0 23.6544 26.1729 25.8944 0 26.604 23.8698 25.3549 0 25.7236 26.2652 22.7722 0 28.9869 23.0709 22.9199 0 28.8388 26.4146 25.6968 0 31.2142 23.4085 25.8456 0 31.2659 26.0905 23.0761 0 33.9512 23.3027 23.4917 0 33.9766 25.9404 25.8127 0 36.554 23.3397 26.1612 0 37.3498 25.4223 22.8428 0 0.827484 28.2181 23.252 0 1.27359 31.2714 26.7355 0 3.12109 28.2934 26.1721 0 3.79746 31.3419 23.4991 0 6.87724 28.5139 23.163 0 6.97007 30.9381 26.0234 0 9.5388 28.6206 26.0308 0 9.34786 31.5488 23.0571 0 12.06 28.5035 23.1578 0 12.355 31.6133 25.9633 0 15.0703 28.5288 26.2939 0 15.209 31.8728 23.6007 0 17.4672 28.8285 23.351 0 17.807 31.6876 25.6277 0 20.7014 28.8144 25.9901 0 20.7319 31.3859 23.023 0 22.8486 28.7953 22.7518 0 23.4564 31.5346 25.7319 0 25.8283 28.959 25.3378 0 25.6266 31.5823 23.0723 0 28.9399 28.7508 22.7386 0 28.8843 31.4089 25.4172 0 31.8724 28.7371 25.3563 0 31.3875 31.6835 22.71 0 34.5217 28.4211 23.2067 0 33.9972 32.0417 25.8354 0 36.8963 28.4525 26.0372 0 37.331 31.2439 23.8325 0 0.838391 34.39 22.8602 0 0.779915 37.1804 25.9066 0 3.76301 33.9 25.8394 0 3.82412 36.9149 23.1493 0 6.85378 33.9998 23.7745 0 6.85427 36.7824 25.9472 0 9.77771 33.8736 26.035 0 9.06266 37.0632 23.2567 0 12.4927 34.2902 23.2578 0 11.7637 36.9247 25.5451 0 15.1086 34.5358 26.0944 0 14.7299 37.0423 23.2189 0 17.8351 34.5234 23.1522 0 17.7339 36.8052 26.3743 0 20.5732 34.0678 25.9751 0 20.5544 37.2039 23.627 0 23.2128 34.9504 23.5777 0 23.2194 36.9764 26.3853 0 26.2078 34.4729 25.911 0 26.0509 37.2917 23.6479 0 28.6119 34.3027 23.1871 0 28.7098 37.1106 26.3612 0 31.6232 34.5013 25.6822 0 31.9265 37.1443 22.7168 0 34.3245 33.7183 22.7816 0 34.1432 37.0185 25.7802 0 36.9835 34.3257 26.0705 0 36.9153 37.6681 23.2295 0 1.3327 1.10157 28.7078 0 1.73523 3.71281 31.3085 0 4.35402 1.20835 31.4301 0 4.62771 3.51745 28.7409 0 7.14427 1.0922 28.1472 0 6.6982 3.73286 31.6631 0 9.14918 0.639531 31.3922 0 9.20135 3.71236 28.5956 0 11.8553 1.43476 28.1197 0 12.6639 3.773 31.1849 0 15.0163 1.29959 31.4947 0 15.0373 3.68101 28.6414 0 17.7908 1.07758 28.6719 0 17.4337 3.87085 31.7432 0 20.4738 1.17028 31.6362 0 20.6316 3.87726 28.971 0 23.1894 0.895375 28.8698 0 23.7669 3.89973 31.2634 0 26.1614 1.28753 31.7927 0 26.1417 3.86827 28.8382 
0 28.8673 1.38332 28.8121 0 28.945 4.0875 31.9707 0 31.5876 1.06132 31.8975 0 31.5644 4.14684 29.0237 0 34.2324 1.15503 28.5179 0 34.3552 3.94519 31.926 0 37.2549 1.39684 31.3655 0 37.0516 4.3764 29.2808 0 1.73842 6.65678 28.4907 0 1.23579 9.89351 31.3694 0 4.16285 6.4927 31.3055 0 3.79759 9.63874 28.9763 0 6.56368 6.76884 28.7037 0 6.47734 9.05502 31.5433 0 9.36505 6.52107 31.624 0 9.26413 9.26326 29.262 0 11.7189 6.57169 28.9821 0 12.2708 9.64644 31.8906 0 14.8668 6.87928 31.7224 0 15.1727 9.53119 29.0656 0 17.3774 6.39698 28.8492 0 17.6486 9.60542 31.6115 0 20.2244 6.97252 31.3498 0 20.1984 9.35605 28.9313 0 23.2636 6.75854 29.1124 0 23.3399 9.67534 31.7335 0 26.2069 6.67116 31.7334 0 26.5054 9.22176 29.206 0 28.9965 6.9377 28.9788 0 28.8896 9.81242 31.6994 0 31.9699 7.05478 31.3868 0 31.8037 9.99791 29.0461 0 34.5357 7.01191 28.8378 0 34.5043 9.54348 31.5227 0 37.5645 6.97081 31.4342 0 37.2111 9.91827 28.6601 0 0.991713 13.0415 28.7019 0 1.7565 14.9559 31.7982 0 3.91264 12.3465 31.8445 0 4.12826 14.7485 28.7864 0 6.68236 12.2038 29.4242 0 7.03129 15.0587 31.5019 0 9.49702 11.85 31.8929 0 9.56498 14.8617 28.676 0 12.4092 12.3043 29.3093 0 12.1875 15.057 31.6367 0 14.9069 12.1995 31.4082 0 14.6421 15.2296 28.7059 0 18.2952 12.4267 28.8421 0 17.2834 15.5931 31.1771 0 20.7581 12.3225 31.3362 0 20.6139 15.2564 28.6461 0 23.6124 12.7791 28.988 0 22.901 15.4771 31.6773 0 26.3754 12.632 31.1606 0 26.1615 15.2433 28.5933 0 29.1045 12.199 28.8415 0 28.4948 15.6626 31.1354 0 31.8681 12.1585 31.9851 0 31.755 15.0875 29.2914 0 34.3747 12.8389 28.8751 0 34.3048 15.3742 31.6155 0 36.9144 12.5873 31.5358 0 36.9323 15.5598 28.9645 0 1.05925 17.8342 29.1638 0 0.929195 20.3916 31.6217 0 4.61871 17.3538 31.3443 0 3.99112 20.9162 29.3202 0 6.57473 18.0922 28.5228 0 6.86698 20.4867 31.4068 0 9.63912 17.6376 31.5062 0 9.40716 20.2913 28.6424 0 12.2846 17.9909 28.5628 0 12.3326 20.7427 31.2714 0 14.8308 18.0244 31.3872 0 14.7634 20.6522 28.5508 0 18.0673 17.7347 28.2609 0 17.7942 20.9369 31.3111 0 20.1694 17.7457 31.2306 0 21.0256 21.1107 28.7732 0 23.5543 18.0748 28.6436 0 23.882 20.5698 31.5012 0 25.8143 17.8512 31.5102 0 26.1074 20.7521 28.9648 0 28.8218 18.1579 28.7133 0 28.5258 20.1338 31.7511 0 31.4765 17.9073 31.7685 0 31.3448 20.8646 28.9105 0 33.632 18.2315 28.6598 0 33.9665 20.556 31.5073 0 36.8276 18.2655 31.6894 0 36.6687 20.7466 28.6437 0 1.00708 23.1628 28.7393 0 1.3896 25.3369 31.5264 0 4.11068 23.2292 32.3894 0 4.11533 25.0071 29.0827 0 6.91182 22.7463 28.5637 0 6.60179 25.7911 31.5031 0 9.10325 23.2977 31.3203 0 9.38822 25.5215 28.5347 
0 12.2557 23.1575 27.9647 0 12.1412 25.9227 30.9438 0 14.7882 23.2663 31.3012 0 15.05 25.749 28.6187 0 18.7158 23.6928 28.8274 0 18.0382 26.2452 31.3487 0 21.2166 23.0837 31.7308 0 21.2248 26.2002 28.5361 0 24.0982 23.5897 28.4232 0 23.6173 25.8903 31.4199 0 26.535 23.4602 31.3311 0 25.967 26.4534 28.2575 0 28.6984 23.7257 28.2587 0 29.0405 26.0425 31.3576 0 30.8602 23.0029 31.9946 0 31.422 26.3613 28.7723 0 34.0417 23.8729 28.9746 0 34.3343 25.4692 31.8012 0 36.7269 23.118 31.5546 0 36.7306 25.7991 29.0146 0 1.08936 27.8727 29.1941 0 1.66297 31.1139 30.8289 0 4.03128 28.4719 31.4003 0 4.36555 31.4531 28.3567 0 6.38695 28.1197 28.5344 0 6.67614 31.0907 31.5693 0 9.34015 28.5005 31.3681 0 9.74448 31.2446 28.6997 0 12.3256 28.5644 28.7124 0 12.2974 31.5736 31.4993 0 15.2244 28.8694 31.0954 0 14.8769 31.5166 28.3969 0 18.2109 28.8278 28.8405 0 17.89 31.6409 31.5647 0 21.3358 28.6102 31.5999 0 21.0905 31.3367 28.6642 0 23.3951 28.8913 28.3695 0 23.7187 31.1509 31.5334 0 26.511 28.3994 30.9732 0 26.268 31.4176 28.1288 0 29.3365 29.145 28.1352 0 29.0613 31.2432 30.8801 0 31.5502 28.8375 31.3339 0 31.7417 31.8769 28.5799 0 34.0795 28.9302 28.568 0 34.2206 31.1874 31.2525 0 36.7603 28.5108 31.2491 0 36.9201 31.3055 28.8181 0 1.4046 34.0159 28.5994 0 1.43829 36.823 31.1278 0 4.30331 33.6946 31.0325 0 4.25509 36.9117 28.6108 0 7.11074 33.7441 28.7735 0 6.86189 36.3978 31.1624 0 9.32484 33.959 31.7323 0 9.46076 36.7134 28.7066 0 12.1241 34.2084 28.9682 0 12.1264 37.0966 31.1531 0 15.4379 33.7494 31.5596 0 15.1982 36.8371 28.946 0 18.0032 33.5276 28.6148 0 17.9513 36.3156 31.5782 0 20.6506 33.8069 31.3972 0 20.4557 36.5567 28.9253 0 23.778 34.1281 28.4611 0 23.304 36.6093 31.6359 0 26.5409 33.9704 31.2553 0 25.9404 37.1675 29.1603 0 28.869 34.2051 28.646 0 28.727 36.6968 31.5943 0 31.5173 34.2278 31.3522 0 31.3784 36.689 29.0813 0 34.4917 34.3668 28.3693 0 34.4149 37.1806 31.7601 0 36.7007 33.6995 31.3196 0 37.0993 36.9 28.9023 0 1.07018 0.93878 34.3845 0 1.3094 3.97131 36.6571 0 3.83183 0.951306 36.9159 0 4.18921 3.75868 34.691 0 6.91723 1.09632 34.6464 0 6.8434 3.71733 36.9855 0 9.47557 1.11076 36.9005 0 10.2689 3.76202 34.016 0 12.7799 0.980298 34.1168 0 12.1145 3.32781 37.0931 0 14.8881 0.494945 37.0989 0 15.281 3.79903 34.8683 0 17.6721 0.903783 34.5289 0 18.1361 4.12132 36.679 0 20.7611 0.736812 36.8192 0 20.4781 3.40529 34.0957 0 23.9013 0.893653 34.2684 0 23.277 3.7491 37.0587 0 25.8257 0.947109 37.0705 0 26.285 3.75291 34.2172 0 28.5501 1.20975 34.6227 0 28.401 4.10743 37.1107 0 32.0183 1.0726 36.894 0 31.233 3.90634 34.1379 
0 34.2153 1.13516 34.319 0 34.8555 4.06663 36.9191 0 37.0976 0.998071 37.014 0 37.4163 3.71068 33.9551 0 1.4271 6.83787 34.0292 0 1.69187 9.30714 37.1431 0 3.87634 6.66197 37.0081 0 4.06101 9.36744 34.1162 0 6.99726 6.50401 34.2136 0 6.72259 9.29277 37.1504 0 9.65821 6.0689 37.0665 0 9.45575 9.29715 34.9705 0 12.2388 6.72697 33.9396 0 12.5471 9.50949 37.3713 0 15.1727 6.44934 37.5961 0 15.0444 9.87376 34.5341 0 17.2724 6.85635 34.439 0 17.2748 9.26331 37.08 0 20.5794 6.58448 36.6178 0 20.0725 10.2012 34.1747 0 23.194 6.60731 33.6256 0 22.4731 9.90963 36.595 0 25.6296 6.79572 36.3411 0 26.5161 9.90394 34.0242 0 29.0277 6.83095 34.2425 0 28.7625 9.71578 36.717 0 32.1519 6.45022 36.8289 0 31.7946 9.15221 34.343 0 34.9248 6.65124 34.349 0 34.3225 9.58305 37.0962 0 37.387 6.73623 36.7938 0 37.3379 9.56054 34.4939 0 1.4422 12.3472 34.3563 0 1.52869 15.2351 37.2546 0 4.29219 11.8402 36.7604 0 4.1689 15.3063 34.6399 0 6.84731 12.3571 34.24 0 6.91929 14.2369 37.0611 0 9.6324 12.169 37.0907 0 9.3759 14.7218 34.1198 0 12.2676 12.3291 34.2821 0 12.273 15.6984 36.9155 0 15.018 12.5747 37.2129 0 15.1238 15.216 34.1849 0 17.6433 12.5117 33.6794 0 17.4646 15.3378 37.1389 0 19.9751 12.9302 36.9344 0 20.0942 15.4368 34.5237 0 22.9384 12.7125 34.0146 0 23.2501 15.2141 36.7577 0 25.7769 12.2209 36.5355 0 25.7013 15.0145 33.9479 0 28.6996 12.5181 34.4528 0 29.1299 14.9941 37.4976 0 31.64 12.4499 36.8881 0 31.3868 15.0195 34.0857 0 34.8768 12.6303 34.3747 0 34.1881 15.0029 36.667 0 37.0816 11.8525 37.1921 0 37.4201 15.4555 34.2161 0 1.27641 18.1637 34.2848 0 1.1993 20.7276 37.2732 0 4.48891 17.8679 37.6329 0 4.02685 20.4453 34.6281 0 6.99044 17.7451 34.7136 0 6.9417 20.5195 36.8207 0 9.82536 17.9905 36.8817 0 9.66315 20.5074 33.7652 0 12.3529 18.0195 34.3336 0 11.8511 20.9724 36.3976 0 14.6332 18.2184 37.1524 0 14.9667 20.3675 34.2143 0 17.5844 17.861 34.586 0 17.7035 20.6963 37.0629 0 20.6943 17.9984 37.0819 0 19.8929 20.6209 34.2547 0 22.893 18.3251 34.2456 0 22.8934 20.6843 37.0824 0 25.9553 17.5589 37.145 0 25.7559 20.6772 34.4964 0 28.5567 17.7112 34.343 0 28.9981 20.0411 37.5044 0 31.5641 17.3406 36.9823 0 31.4523 20.4642 34.7331 0 34.3558 18.0848 34.4567 0 33.9932 20.3895 37.1841 0 36.9485 17.9857 37.3004 0 36.7416 20.7951 34.4332 0 1.29438 22.8929 34.2728 0 1.62913 25.6452 37.166 0 4.31286 23.2097 37.2892 0 4.21513 26.2472 34.4265 0 7.12867 23.391 34.5962 0 7.17332 26.335 36.9033 0 9.62365 23.6112 36.9799 0 9.74094 25.9241 33.8204 0 12.0894 23.5163 33.7795 0 12.7233 26.2698 36.4911 0 14.3964 23.2859 37.0328 0 15.1523 25.6513 33.8398 
0 18.057 23.4614 34.0141 0 17.6037 26.0458 36.8893 0 20.0715 23.3619 36.8825 0 20.9818 25.9996 34.1949 0 23.9315 23.5733 34.4339 0 23.5149 26.2322 36.8966 0 25.5925 23.2848 37.2845 0 26.6753 26.3141 34.2654 0 28.3553 23.035 34.5061 0 29.0431 26.0878 37.1455 0 31.2898 23.043 37.3269 0 31.3664 25.5187 34.6062 0 33.9679 23.1238 34.8772 0 34.4045 26.1035 37.6386 0 37.1319 23.5912 36.998 0 37.3196 25.8313 33.93 0 1.43399 28.3658 34.052 0 1.20017 30.9398 36.5979 0 4.20053 28.6359 36.8447 0 4.1807 31.1995 34.156 0 7.16204 28.7773 34.2932 0 7.03012 31.4554 37.1186 0 9.77904 28.5219 36.4555 0 9.52975 31.3326 34.2497 0 12.4185 28.2774 33.5164 0 12.3064 31.4201 37.0637 0 14.8909 29.0464 37.1162 0 14.8448 31.4457 34.0647 0 17.4432 28.6616 34.0867 0 17.8969 31.1819 37.0663 0 20.3615 28.4581 36.9438 0 20.528 31.1681 34.6382 0 23.9897 28.6339 34.1202 0 23.5177 31.4594 36.8688 0 26.5111 29.0745 37.2189 0 26.8689 31.2867 33.4699 0 29.3605 28.7783 33.933 0 29.398 31.1563 36.9681 0 31.9929 28.5511 37.5113 0 31.432 31.7409 33.9063 0 34.1287 28.4072 34.4754 0 33.9041 31.2335 37.0254 0 37.3341 27.7856 36.6516 0 36.8268 30.7352 33.9681 0 1.38161 33.8769 33.3459 0 1.26873 36.5979 37.3002 0 3.89781 33.8331 36.9338 0 3.83951 36.1179 33.7405 0 6.80512 33.9312 34.4803 0 6.59036 36.7046 36.7739 0 9.53423 33.9542 36.8795 0 9.32517 36.6513 34.0705 0 12.2165 34.3631 33.8492 0 12.0293 36.5257 36.8856 0 15.29 33.9717 36.9178 0 15.3681 36.761 33.9645 0 17.7937 33.7236 34.4499 0 17.957 36.486 36.9823 0 20.4418 33.7781 36.953 0 20.4595 36.3261 34.5535 0 23.7504 34.0192 34.3297 0 23.5183 36.7281 36.9274 0 26.2085 33.681 37.2227 0 26.0401 36.6867 33.9211 0 28.9978 33.9862 34.6372 0 28.9823 36.9064 36.9887 0 31.7018 33.9223 36.8698 0 31.6618 36.936 34.5878 0 34.3334 33.8288 34.4124 0 34.4503 36.2439 37.341 0 37.3059 34.0021 36.7809 0 37.4287 36.6576 34.3113 
0.694087 0.674234 -2.28341 -0.315147 -2.43047 3.46998 -2.44038 -0.332546 0.451431 -0.335759 0.0394935 0.0947386 0.64012 1.33933 1.28613 1.00892 -0.259879 -2.10055 -0.536536 2.01767 2.13966 -0.436325 2.60295 0.614668 0.955436 -0.789671 0.419411 -0.762142 -0.0616863 -0.804335 -0.595041 1.03402 -0.275837 1.22599 0.154058 -1.21894 -2.59944 -0.982075 -2.13079 -0.395083 -0.763552 1.04649 0.776124 0.946469 -1.91744 0.856515 -0.619121 0.612272 1.40702 0.720844 0.835802 -0.611019 0.612757 0.72983 -1.0913 2.83318 -0.494481 2.57635 -1.20023 -0.919358 -0.122954 -0.214611 -1.88991 -0.222337 0.559528 -1.49905 1.74083 0.676261 0.635279 1.15823 -0.372181 0.921434 -0.830066 -0.841428 -0.124951 0.47652 -0.384611 -1.75363 1.93577 -0.661681 -0.857551 2.2757 -1.36966 -0.319432 -0.680507 -0.0476749 -0.0157212 -2.79983 2.65056 1.34364 -0.585312 -0.172932 0.987321 0.632857 2.12171 -0.952353 -0.542061 0.123488 -0.921192 0.202054 1.305 1.14482 -0.210543 0.0883933 2.799 -0.957724 1.09781 -0.126834 -1.06062 1.18744 -0.072022 2.42563 -0.643341 -0.291578 0.0720274 -1.00921 -1.03036 1.14157 1.07588 0.637733 0.476321 1.75288 0.667262 -0.880389 1.03681 0.0906487 0.0495889 -1.98612 1.14811 1.47108 -0.169376 -0.594655 -1.31552 -0.452637 -1.71675 1.19191 -0.207149 -1.01781 2.33809 -0.779893 -0.198721 -0.480593 1.11204 -0.0244986 -0.542985 0.525654 -2.08994 -0.380327 -0.652832 1.65839 0.198816 1.79977 2.51398 0.455363 -0.148308 -1.36049 -2.66684 -1.00165 -0.0102006 -0.138536 2.35566 -0.237226 0.0401123 1.05225 1.62206 0.401606 -0.230689 -1.02799 -0.00915073 -3.75083 -0.453419 -1.2182 -1.35942 -0.121305 -0.50927 -0.0282709 1.23315 0.53675 -1.16277 1.96845 -1.63027 0.800278 -0.0764992 -0.124633 -0.977061 1.68511 0.975034 2.02287 0.099326 0.607838 -0.2587 -0.607789 -0.0214077 -1.12112 0.259091 -0.378801 2.11001 1.17509 0.796087 -0.0754601 -0.538086 2.34745 -0.981796 -0.303165 -0.126089 0.628811 1.95429 -1.63608 0.805565 0.128676 -0.0607529 0.0353081 -1.50313 -1.90037 0.657913 -1.89563 0.561401 -0.325997 -1.67696 -1.0192 -0.289518 -1.95081 -0.278095 1.34356 -1.33753 2.43011 1.35958 1.3928 -2.48355 -1.04378 -0.553021 0.104916 1.36696 1.23014 1.76832 -1.33919 0.377829 0.0416616 0.122356 -0.890742 0.626453 1.2442 3.23882 -3.39194 -0.894693 -0.729323 0.0444229 1.16553 -0.257259 1.23091 0.450122 -0.173793 -0.834187 -0.952371 0.360346 0.660798 -1.03313 1.0109 1.4604 -0.11017 -1.69306 1.03313 -1.27972 0.0225662 0.188015 -0.856238 -0.244633 1.64899 1.40417 -0.214519 -1.76304 1.16175 0.650819 1.39271 0.876553 -1.58605 0.502055 1.37905 -0.877787 -2.18381 0.846885 -0.351695 -3.33546 0.0383996 2.53769 -0.0331814 -1.05466 -0.815173 -0.222828 -0.86731 2.30896 0.865655 -1.08932 -1.34362 -0.821903 -0.127312 0.69416 -0.216248 -0.979378 2.96398 
1.45072 -0.731911 4.01612 -2.03274 1.29044 -0.545644 0.440245 1.50507 1.8773 -0.949544 -0.440485 -0.59689 1.56187 0.637853 1.41886 1.99863 0.465396 0.583915 2.17385 0.177272 -0.265407 1.18427 -0.802646 -2.42593 1.84774 1.16202 -0.0493689 -0.625493 -0.32386 0.63379 0.104298 -2.11777 2.28249 0.696993 0.178676 0.31512 -2.22025 0.146447 1.9137 -0.200149 1.11184 0.695121 -1.30327 -0.33675 0.389127 0.273411 -1.15638 0.487766 1.00807 -0.131316 -0.0786811 0.40336 0.12244 1.05981 -1.56495 0.675931 2.66291 0.329197 -1.01713 -1.18619 0.319426 0.509654 -0.381155 1.66133 1.02572 -1.67484 1.10701 1.64975 -2.24673 2.92763 -0.59039 0.270592 -0.720392 0.848122 -1.92043 2.25017 0.0603253 0.711262 0.222176 0.753891 0.418223 -1.70909 1.65922 -1.19108 -2.15622 -1.12614 0.0409144 0.768506 -1.08352 -0.18694 -0.87341 0.14001 1.30156 1.44592 -0.634158 -1.46784 -0.823356 -1.50881 -2.25895 2.15328 -0.986962 1.61244 -0.23505 1.11877 -3.51682 0.146037 1.04612 -3.5286 1.91442 -1.62917 1.37531 -0.722218 -0.912037 -0.699206 -1.04178 -0.0329759 -0.529053 0.132818 -1.19897 -0.561995 1.87959 -2.45332 -1.32392 0.314022 -1.02887 -0.418964 0.940601 1.06356 1.0786 -0.819459 -1.72242 1.05191 -0.409619 0.860537 -1.42497 -1.00846 -0.674153 0.927664 1.61847 -0.175786 -0.239515 -1.12842 -0.632178 0.252535 0.736238 2.39191 1.75852 0.744842 0.287258 -1.32988 3.15569 -0.567644 -0.616957 0.454042 0.594463 0.464628 1.20125 -0.106844 -0.374812 0.514596 -0.188881 1.59644 1.91557 0.424818 2.6568 1.37173 0.776927 -1.33795 -1.21804 -0.0175151 -1.20262 1.93704 -1.91952 -2.43674 2.05041 -0.903423 0.922126 0.680548 2.21511 0.818646 -1.31805 1.17268 -2.00127 0.0869157 -0.625443 -1.17282 0.926132 0.759075 2.73178 -2.97361 -0.245632 -1.23025 1.11106 -0.195454 0.6231 -1.0595 -0.0808714 -1.28492 0.231497 -0.774565 -0.420835 -0.309057 -1.17763 -1.70577 -0.849415 2.37491 0.1256 -0.397201 -0.600198 -1.87628 1.09296 1.14049 -0.779752 0.585313 1.50164 0.506627 -1.72133 -1.00106 -1.30789 -0.748613 -1.00845 0.400611 -1.78709 0.0590549 -0.722947 0.865816 -0.190348 2.43453 1.21667 0.0442958 -1.69382 -1.83359 -0.155597 -0.25245 -0.252969 -1.13479 0.784192 -3.19485 -1.75552 -0.932071 0.339301 1.10247 -1.00911 -1.47005 -0.825557 -0.785328 -2.35592 -1.85463 -2.56331 0.0892336 -1.02036 -1.99719 -1.29141 0.152232 0.139751 -0.105088 -1.07871 -1.46237 -2.70548 0.0133646 0.154455 -0.252555 3.77318 -2.14842 0.275209 0.0814527 2.19525 -1.59089 0.127094 1.9707 -1.0257 -1.73946 0.00988204 0.491076 2.83553 -1.32418 -0.623531 -1.44135 -1.00893 -1.88461 0.535802 -0.294586 -1.1148 1.04408 2.16228 0.165661 1.98595 0.948367 -2.35659 2.01116 0.778054 0.874039 1.87117 2.66565 -1.75821 -1.65682 1.36344 -0.385639 1.26148 -0.948428 
0.175762 -2.03925 -1.05768 -1.2306 -1.34239 -2.21972 2.60163 -2.28616 2.68266 -0.289183 0.65719 0.533127 0.664467 1.68609 -2.05721 0.959875 1.85326 -1.22203 -0.210511 0.848363 0.215196 -1.35919 1.07314 -0.246242 -0.28722 0.093619 -0.821154 1.16889 -1.49369 -1.18958 -1.56557 1.59651 1.43891 -2.15253 0.481076 0.217914 0.211895 0.92532 0.158782 -0.74428 -0.248503 -0.205495 0.373797 0.451741 0.50325 1.30184 -2.58676 2.42067 -0.704871 0.777924 1.68881 1.2063 0.666784 -0.77908 -0.689464 1.40379 -0.212756 0.278558 0.120915 -0.915653 -0.642624 -2.63641 -1.30321 -1.2537 -0.549152 -0.525712 1.80884 1.10548 1.1878 -0.167289 -2.44887 0.320567 0.857796 -1.60179 -2.1844 0.0287467 -0.656342 1.41431 1.15953 0.805913 3.86454 0.563883 0.904573 -0.621878 1.46348 0.846172 -0.937647 -0.866053 0.429521 -0.778564 0.103025 -2.25109 0.691614 -0.423012 0.991441 -1.48449 2.16871 0.644364 0.291858 -0.699154 -2.45134 0.828865 -0.170006 2.34467 -0.200855 -1.50926 -0.726529 -1.01102 -1.62173 1.64897 0.859334 -0.828768 -1.5121 -0.979951 1.13705 0.574899 0.845622 0.967697 -2.61499 -0.849807 -0.25874 0.623999 -0.50827 -0.0582526 -1.43309 0.347882 -0.122787 1.20198 0.513862 1.08302 0.231442 -0.911424 0.791954 0.416894 -1.22573 -1.25199 1.88047 1.24849 -0.544655 1.24427 -0.113527 1.97691 0.692557 1.18376 -0.758772 -1.53914 0.394865 -3.80542 1.06583 -2.48789 -0.968654 -0.490547 -0.165302 0.738722 -0.0237326 -0.81705 0.681754 0.110092 -0.383637 -1.10014 -2.24224 -1.40134 -0.238872 -1.67355 -0.682416 -1.44319 1.72105 -1.89633 0.570821 -2.34678 -0.197756 -1.84896 1.0601 2.05734 1.8958 -0.401293 -0.236497 0.215402 1.79684 -1.35335 0.023532 -0.771129 0.288511 0.853939 0.64767 0.65914 -2.17852 -0.173326 0.223734 -0.218498 -0.193051 1.08837 1.36412 -2.26682 2.11513 -0.0576957 0.441079 0.770136 -0.518265 -1.60821 -0.468386 0.0704262 -0.848681 0.505267 0.332914 0.0440994 0.0308679 -2.89007 0.625368 0.561349 1.93906 0.346732 -1.46837 -1.11166 2.92231 0.0714098 2.55214 -1.30238 -1.30679 -0.805713 -2.66617 1.99072 -2.61885 -1.5348 -1.6337 -2.56378 1.53672 -0.298546 -0.378227 -1.57662 -0.352067 -1.41125 -0.843402 -3.76797 -0.426635 -0.631755 -0.708628 2.47767 -2.02377 -1.03649 -0.85113 0.520502 -0.2835 1.26786 -0.324116 -0.0325385 -0.232063 -2.16729 0.827832 -2.08042 -2.11291 -0.130042 -1.33555 -3.20647 -0.922163 0.775444 0.983301 1.52667 -0.3611 0.585672 -2.45144 -1.36531 0.225454 -0.153503 -1.91634 1.95442 -2.23763 0.678028 0.46506 -1.51043 -1.64572 -1.54608 1.62389 -1.34461 -0.179892 -0.568117 0.19101 0.378758 1.09819 -1.13395 0.114135 -0.219625 -0.495805 -2.51525 0.793184 -1.88215 0.511381 -1.67159 -0.51742 0.221454 -1.28305 1.93593 0.0970596 -2.51595 1.30942 -1.16363 -0.945968 0.446994 -0.612201 0.243243 
0.833654 -1.72799 0.090456 0.893745 0.0204382 0.23328 -0.531918 -1.00363 0.778328 -1.12326 -0.851936 -0.956586 -0.775193 -2.54938 -0.821237 1.9703 0.499407 -0.124702 2.30852 -0.463938 0.883169 -0.914146 -0.304624 -0.726839 0.862911 1.98008 -1.42912 0.43391 -1.23457 -0.500253 1.18096 1.38389 1.3393 -0.548414 2.2828 -0.698872 0.662671 0.594016 0.307111 1.40921 1.88168 -1.23533 1.24617 -0.129975 -0.678175 2.29384 2.85738 0.935401 2.2365 -1.32324 -3.93087 -1.11747 -0.279859 -0.499138 -0.654309 -1.33424 0.637561 -0.93729 -0.0424474 -0.622973 0.165549 -1.434 -2.60962 -0.956858 -1.01802 -0.118067 -1.00287 -0.137328 0.711243 0.370945 -1.15335 0.133842 -1.59118 -2.6529 -0.818474 1.01166 -1.39288 0.692724 -1.02034 -0.589009 0.0296829 -0.392467 -0.230208 -1.05195 1.19045 -0.582056 0.610791 -0.929817 -1.25778 0.782104 0.29059 -0.891408 0.854645 1.51445 1.59176 -2.72031 1.38471 0.975723 -1.32809 -0.541148 -3.7445 0.983955 1.2012 0.14695 0.706279 2.05954 1.20136 2.96578 -1.10494 1.01447 0.743824 -0.268908 -1.36243 1.48149 0.91716 0.980542 -0.0641962 1.11064 0.474969 1.31587 -0.959403 -2.0995 0.031107 0.499762 -1.25031 -2.61527 0.0625484 -0.247108 1.23893 0.063323 0.3647 1.11956 -1.20422 1.05888 0.312959 -2.22984 0.26802 0.225931 -1.31071 -0.443753 1.47763 1.40184 0.643514 -2.32168 0.867003 0.0442794 0.956167 0.212616 -1.05424 0.463671 1.55672 -0.602759 1.76533 0.0646565 0.982868 -3.35478 -3.03965 0.264773 1.23962 -0.0892408 3.4829 -2.41615 -1.92506 -1.22832 0.527203 0.660097 -1.11245 0.0506213 1.85342 1.18158 -3.15663 0.589969 -1.1246 -1.98672 2.38188 0.17355 0.219157 0.970515 0.192845 -0.235691 0.851321 0.609502 1.1918 -0.838062 -1.7783 -0.139369 0.992004 -0.783562 3.27267 -1.12435 -0.973463 -0.624065 1.4229 -1.56668 0.828416 -0.351694 -0.0946948 -1.60284 1.98454 0.237111 -0.0434697 1.29702 -0.380646 -0.666116 0.84502 -0.914691 -0.479765 0.0685441 1.26928 -0.835067 0.999207 0.539662 0.953943 -1.22489 0.366873 0.406976 0.826848 -2.40567 0.481535 -0.130213 0.0893956 -0.564132 0.142606 -0.856322 -0.210552 -1.51771 -0.945448 -1.70717 -0.853794 0.0988348 -0.267616 -2.44128 0.472668 0.897885 0.429971 1.80239 2.29396 2.98827 -1.45343 2.50498 -0.267414 1.47417 0.636465 0.138921 -0.60695 -2.14526 -0.0994886 0.00181866 1.99121 1.54387 1.13671 -1.15459 -0.611392 -1.83307 0.984311 0.876661 0.757663 -0.103993 -1.63086 -1.92943 -1.06258 -0.970894 2.02687 1.72655 -0.957577 -0.350931 0.620672 1.5084 0.763693 -1.02395 -3.26332 -1.57352 -0.693052 1.1989 -1.62335 0.685541 1.07247 4.41146 -2.04325 -0.57712 -1.12256 -0.483616 0.464818 1.85212 -0.867217 2.6029 -1.11348 -0.146728 -0.475255 0.74169 0.732641 0.717318 -1.85866 0.620881 0.436007 1.27686 -0.455287 0.619746 1.75273 -2.73812 
1.76199 1.19029 3.48196 2.13233 0.312883 0.35153 1.32318 -2.10001 0.123346 -0.560674 -0.280419 -0.58598 0.982213 0.329172 -0.0422658 -1.24722 4.01011 -1.82509 0.63605 -0.0738683 1.33208 1.47929 1.23774 0.858794 0.506997 -0.316201 1.30846 -1.72152 0.635932 0.239361 1.0541 -1.38953 -0.13961 -1.50267 0.328726 1.58353 1.41643 0.0615838 -0.0899468 1.39198 0.429174 0.385579 0.749483 -2.69562 1.82639 3.50156 0.725628 -1.05789 -0.0852953 -2.73475 0.0783253 1.47111 4.15969 0.11353 2.02588 -1.45588 -0.0416001 1.84826 0.629892 0.110319 -0.0871649 1.38772 -0.0718304 0.391425 -0.00207347 0.609195 -2.48487 -0.883615 -0.784958 -1.76107 -0.990044 0.928115 -0.995094 0.522394 1.91063 0.286341 0.677007 0.484699 1.4202 0.830614 1.93415 0.715716 0.365642 -0.145629 0.0712667 0.691811 0.804787 0.40308 1.97922 -0.574091 -1.67549 -0.782472 3.10227 0.114428 1.31192 0.777807 -0.761361 1.01355 -1.7729 1.13662 0.893331 0.38977 -0.66097 0.77829 0.903174 -0.205329 0.185195 1.03511 0.986337 0.771113 -1.11099 -2.56872 1.62162 -0.813376 -2.06667 -0.404681 -0.649246 0.920599 0.563607 1.17976 -0.658428 0.159154 -1.77875 -0.733446 0.601752 -0.652273 -3.40498 1.95359 1.36311 -1.28641 1.17374 -1.30197 0.702704 -0.693146 -1.08678 -0.830456 1.16591 -2.69029 0.365663 -1.33328 -1.59845 -0.326618 -0.607632 -0.0308286 0.909315 -3.51933 1.1166 -0.352396 -1.43679 -1.0326 2.48101 0.288902 -0.920883 0.933335 -1.45083 -1.60388 -1.29228 -1.0231 -1.22902 -0.129884 0.411795 -0.957148 -0.391902 -0.111321 -0.738474 3.88673 -2.19302 0.600309 -1.82685 1.2396 0.539866 -1.16924 -2.36261 -1.05313 0.111225 0.0605355 -0.256048 0.63697 -0.0448706 -1.74963 -0.174571 -0.24742 -0.79484 0.105003 -0.381021 -0.650776 -0.828307 -2.25458 -1.44677 0.398811 -1.64197 -1.28049 -1.73521 1.53339 0.726168 0.39929 0.926297 -0.863242 1.9239 0.264326 3.67529 -2.20624 -1.77001 -2.43829 -1.84236 -1.00883 -0.317579 -3.64435 0.396882 -1.23787 -1.58036 3.14862 2.51936 0.585828 -1.03496 1.33854 1.99935 1.35707 -2.41382 -0.678103 0.365121 0.577973 -0.0890194 -0.675091 0.811032 -0.0646044 1.28309 0.127168 0.759651 0.404614 -0.792177 0.183294 0.851741 0.507732 -0.551638 0.123655 0.990023 0.506454 2.3431 0.781896 1.9707 0.310924 1.9979 -0.0674619 -0.115515 -3.40077 0.552094 -0.866707 -0.00113085 1.06033 -0.114734 0.190673 -2.05109 0.89519 0.936276 -1.09897 -0.0499574 1.37073 -1.86626 -0.751723 1.46225 -2.26059 1.49694 -1.27378 1.73507 -0.493765 1.0584 -1.10474 0.511518 1.67924 1.11062 -0.829075 0.951627 -0.637305 3.48961 -1.19066 -0.262843 -0.772174 -2.32394 -0.343814 0.525064 -1.0703 -0.898115 -1.01727 -1.24953 1.52439 0.229691 0.154142 -0.679332 -1.58919 1.78155 0.740241 -0.570947 -1.04972 -3.96113 -0.769888 -0.726546 -0.37792 0.787348 -0.21942 
-1.84703 1.68586 1.75231 -1.34429 1.91258 -1.54739 -1.2309 0.897162 -1.16211 -0.850606 0.77654 0.255019 0.476838 -1.24986 1.46498 0.877049 0.696476 -0.112726 -0.0226726 -1.05949 1.55741 -1.21489 1.01727 1.61675 -0.944034 1.52556 -1.63301 -1.10518 -0.871761 -0.596465 -0.703545 -0.101099 0.61442 -0.145999 0.559604 0.591765 -1.0429 -0.766745 -1.65229 2.12709 -2.68789 -0.55883 0.171448 -1.34303 1.4504 0.162506 0.504032 -0.772797 -0.328452 -2.17298 0.0794782 -0.176905 1.96793 -1.86075 2.18031 1.82191 -1.07452 -2.56832 -0.394397 -0.0776186 -1.02672 -0.370404 -0.999933 -1.39975 -0.0569997 -0.297488 2.04618 -1.09911 0.965683 -1.22336 0.419207 1.4477 0.677071 0.0794004 0.805942 -1.76288 -0.528433 -0.601726 0.356945 -0.894314 2.00234 1.06815 0.400736 -0.413857 0.308541 0.568776 -0.802614 -0.958305 1.34587 -1.62471 0.638976 -0.638133 1.46154 1.20054 -0.403553 -1.39736 -1.99189 0.345142 0.0445747 2.06539 -0.279969 1.24095 -0.0241621 -0.584462 0.284883 -0.251833 1.60008 -0.47888 1.87884 -0.390234 -1.21684 0.390968 0.912947 -2.67575 -0.0508228 -2.18921 1.24638 -1.38081 -0.794801 0.86081 -1.88326 0.835621 -1.20754 -3.13663 -1.83122 -0.418856 0.246128 0.640884 1.28476 -1.07245 -1.2976 -0.621147 -0.668203 0.90372 1.10153 0.82468 -1.90921 3.75715 1.04497 2.11885 2.066 0.450137 2.77475 2.09337 0.305288 -1.0728 -0.949075 0.163404 1.17466 0.519755 0.218362 -0.121585 2.00697 -1.56505 0.777329 1.36996 -0.337722 -0.838098 0.887763 0.202207 4.26395 -0.114708 -1.03932 0.521618 0.548068 -2.62326 0.0591555 0.851681 0.113071 -1.80231 0.0324354 2.89781 1.01711 -2.46891 0.70282 -1.20153 -0.309254 0.813572 -1.3518 -0.0548531 -1.33663 2.40372 -0.569858 1.92236 0.425951 0.348371 0.499117 -0.790744 0.732068 0.137383 0.0474862 -0.859636 1.6686 1.16069 1.63829 0.360789 -0.607819 -0.46212 0.737569 1.95257 2.37988 -0.728989 -0.239523 0.0492761 -1.6061 -0.819507 2.08569 -0.259144 0.775781 1.54296 0.300592 -1.45287 1.4406 1.72929 0.0603336 1.30347 0.461232 -1.24363 -1.87597 0.925678 -1.45759 2.7015 -2.3445 -1.2018 0.985629 -2.368 -1.10433 1.37281 0.410895 2.91428 1.61728 0.30018 0.335342 -0.333512 0.00846402 -0.913066 0.483958 0.602116 0.949084 -3.54148 -0.746563 1.74971 1.38993 0.119967 0.639259 0.666713 1.40429 0.655657 -1.58383 -0.60077 -0.713956 -0.561164 -3.07543 -1.03365 -0.629037 0.337212 -1.01665 1.85561 -2.50397 -1.10727 -0.27949 -2.19603 -0.220684 0.740679 0.0898651 -0.175611 -1.1655 0.683627 0.998578 2.27941 -2.06664 -0.00809099 -1.30167 -0.595553 -0.0270572 1.32052 -1.64429 -0.203055 -1.90622 -1.56124 -2.69538 2.20457 1.07663 0.0951204 0.180814 0.439741 1.27917 -0.551462 1.61423 0.795637 0.476943 3.53872 -0.376205 0.93376 -0.371318 0.904129 1.16933 1.81233 2.14319 -1.26985 
-0.135544 2.97288 -0.468771 -1.45653 0.0870802 -0.479334 -0.283857 -0.859407 -1.77546 -0.713034 0.255997 0.129959 0.666126 0.2106 -0.124793 0.906223 1.29989 -0.381787 0.0733982 0.320745 -0.0808482 -0.964502 0.716708 3.01591 0.725313 -1.76997 1.40163 0.629516 0.226388 -0.165156 0.385204 -0.563156 -0.542391 -1.57897 1.42641 -1.46652 -1.01901 -0.467304 -2.20553 1.54505 0.771204 -0.153002 0.542814 3.52611 -0.00854294 0.940965 -1.04786 0.332468 1.17638 1.03716 2.00774 0.477018 0.216044 -0.886849 1.10001 1.14041 1.49931 0.512189 -1.42635 0.519993 3.97481 1.50774 0.524559 1.35676 0.801355 0.0682992 -0.833735 -3.03295 0.334134 2.72647 -1.05318 -0.742316 -0.658601 -0.146757 0.123694 -0.936552 0.205044 -0.784635 -0.706813 -1.25658 0.228905 -1.3839 -1.39506 -0.575951 -0.902807 -2.72917 2.29695 -0.287508 0.0950336 1.37776 -0.596046 0.320177 1.14816 -1.41617 -3.10693 1.42003 -0.27255 -1.16735 1.37153 -2.31861 3.24966 0.655484 1.90539 0.305082 1.6136 -0.125434 0.124568 -2.62213 -0.836847 -1.27865 -0.423937 -1.03561 -0.361895 2.14344 0.856348 0.13917 1.07964 0.523499 0.111398 0.823062 0.191156 0.988324 1.64045 -0.208063 0.39915 -0.524015 -0.729641 -1.13816 -0.824902 1.04332 -0.630749 -1.00656 1.71509 -0.202338 0.322767 -0.674604 0.655563 -1.89238 -1.58097 0.314905 -0.603726 0.732918 1.48681 -1.25041 3.42511 0.741911 2.35803 -0.262467 -0.300014 -1.31007 0.0185057 1.03148 0.120327 1.39124 0.972733 2.35273 1.1157 -1.4456 -0.882854 -2.02453 -0.267493 0.872868 -0.00944188 -0.805255 -1.12766 -1.14663 -2.30409 1.53664 -0.296535 0.434646 2.08701 0.567787 -1.0138 0.680329 -2.27875 -0.791693 1.31004 0.0862728 3.64978 -1.35562 -0.586816 1.58315 1.57767 -0.635273 1.60901 1.2211 -0.485196 -0.509198 -0.140544 -0.791941 -0.934006 -0.00714999 1.06509 -2.02965 -1.27626 -0.822398 -0.766149 0.483941 0.155006 0.88714 -1.0444 -0.534784 0.0773105 0.339819 -0.66867 -1.25741 0.273763 0.0129849 -1.66061 0.176519 -0.360179 0.956222 0.095106 -2.63708 1.98843 0.516977 0.111052 -0.178852 0.514241 -2.15952 -0.826374 -1.24976 0.400372 -1.27872 -0.702556 -0.700853 3.10986 0.286926 -1.92737 -1.11428 -0.826125 -0.822209 0.159257 0.54068 0.852121 0.917348 -0.96007 2.81863 -0.976267 0.67146 0.984992 -0.349544 -0.437609 1.321 -1.73703 -0.791894 0.385276 -0.0143044 0.775617 0.0769927 -1.15975 -1.72568 -0.353217 -1.42128 -0.392133 2.21422 0.075528 -1.94531 -0.804687 -0.833951 -1.38428 0.490453 -0.573499 -1.20624 1.1082 -0.0805561 1.43739 0.191965 1.84809 -1.93079 0.630569 0.753471 -0.780802 -1.16701 2.19276 -1.50912 -2.12191 1.7249 -0.364055 0.361139 -1.05846 0.96375 0.854441 -3.05827 -1.21823 0.296848 -0.100384 -0.69481 -1.1634 -1.10103 2.7002 1.52412 0.176613 0.737504 -0.636454 0.477797 -0.627688 -0.914599 -0.492238 -0.173204 
0.911273 0.194821 -2.09304 -2.03187 -0.354457 -1.9726 2.14125 -1.30629 0.650042 2.13403 1.5 2.1815 1.5499 2.59789 1.25696 3.13939 1.71981 -1.93575 -2.43161 0.32634 -1.30661 1.05532 0.230492 -1.74829 1.11063 0.06614 -0.0337403 -1.18079 0.409049 -1.6521 0.562104 1.35086 1.31724 -0.565915 1.82725 0.599197 -0.676308 -1.00165 -0.626787 0.760961 -0.0821226 0.0989681 -0.385658 0.0106916 -1.88256 1.71046 1.74475 0.585385 -0.532897 -0.474033 1.18695 -0.047845 -0.210291 -0.808039 1.28892 2.34 2.18198 0.965835 -1.09023 1.82426 1.44348 -0.548982 -0.716041 0.402142 3.20695 -0.50467 2.43157 1.35566 -1.78907 -2.99127 -0.941013 -1.53074 2.73197 -0.498354 -0.748416 -1.37243 0.760081 -0.626687 -2.24083 1.98777 -0.855092 0.781148 -1.57409 0.427338 -2.55416 0.846859 -1.87795 0.506764 -0.562811 -1.06582 0.437423 -2.44764 2.43155 -1.60339 -0.67878 1.66149 -2.02977 -2.07067 1.03998 -2.9333 1.85301 0.0587556 -0.727361 0.537467 1.50243 0.0225043 -1.69793 1.84827 -0.247604 -0.0743621 0.50803 -1.49137 0.827592 0.093085 0.503563 0.147718 -0.96166 -1.54142 -2.18888 -1.49047 -1.02338 1.12138 2.62505 -0.137672 1.32566 2.22749 -1.69904 -1.08554 1.39096 0.409199 -1.75113 1.67112 2.9736 -0.904996 -0.157261 -2.04076 2.00894 2.52567 0.419366 1.85996 1.27959 -0.169188 1.04536 0.384811 0.970144 1.43897 -0.764111 0.873286 -0.0700865 2.08708 2.1561 -1.1582 -0.812301 -1.11928 0.835011 -1.05568 1.04953 0.389976 2.1074 0.0644955 2.53132 -1.46294 3.18454 0.736013 0.732544 0.994326 -1.16837 0.611416 -0.435039 -1.09553 -1.45209 0.226712 0.144601 0.203494 -0.298355 -1.17207 -1.09401 1.23155 1.04175 0.650427 -1.78869 1.07215 2.14232 -0.208959 -0.914506 0.706706 -2.47495 -1.32625 -0.677248 -0.70004 -1.41875 0.893215 -0.647518 -0.183714 0.824446 -2.80134 -1.11044 -1.37683 0.516382 0.7879 3.48075 -1.14852 1.49693 0.893608 -2.79668 -0.793247 0.832783 0.208026 -0.86798 -0.683507 -0.235111 -1.61191 1.23582 1.04083 -0.503432 -1.90449 0.965679 -0.549868 2.04993 0.548388 0.223202 -0.0195403 0.959065 1.06598 -0.0371839 0.362867 -0.95409 -0.607094 0.383374 -0.298928 1.54771 -1.34518 0.166967 -2.22189 -1.45791 -0.522697 2.81081 -2.26509 1.42849 -1.04749 -1.12621 0.787317 -0.265805 -0.2358 -0.862662 0.535915 -2.19579 0.567311 0.205725 2.66474 -1.46625 0.257956 -1.42812 -0.695649 0.138599 0.19371 0.538178 0.00472775 0.411432 0.0462047 -2.03217 0.605616 1.23566 -1.2461 1.005 -0.175597 -0.372237 1.45255 -0.635023 -0.150423 0.237407 0.801101 0.988526 -1.08683 -0.330685 -1.43219 -0.2992 1.16935 1.00121 1.31133 0.00367304 1.54327 -0.482583 -0.426629 0.228418 2.15295 1.53018 0.0145488 -0.688849 1.63463 -0.434254 -1.04484 2.07073 -1.6078 -1.1688 -0.187256 -2.22261 0.356642 1.31416 -0.560375 
0.291554 1.29496 -1.08748 -0.19484 0.116316 3.01133 1.69729 -0.432282 -1.56946 -0.990321 3.06739 -0.985449 -0.484712 -2.08977 0.974537 -1.90391 -0.28524 1.03161 -1.24811 0.558266 0.391088 0.445192 1.46416 -0.988056 0.33456 -1.42315 0.668678 -1.16769 -1.16153 -0.576049 2.30439 0.360383 -0.660356 2.00538 0.73164 -0.661905 0.181392 -0.13465 -0.345056 1.08172 0.107855 1.29832 -0.135027 -1.32869 -0.12508 -0.412259 -0.547299 -1.32752 1.87755 0.0834462 0.837087 -0.426763 -0.852202 -0.904752 3.39481 1.7283 1.8476 -0.94219 0.296833 -0.204113 0.101524 2.13153 3.48034 0.483291 2.23518 -0.487049 0.485759 2.42973 1.30564 -1.79279 0.216116 -0.336114 0.399992 1.46435 -0.896196 -0.306276 0.75415 1.06875 -1.1776 2.39725 0.232951 0.727282 -1.35104 1.98759 1.02147 -0.0890918 -1.05131 -0.213996 2.96911 2.52648 -1.05346 -2.19676 -1.3507 0.471985 0.320181 1.84073 -0.86642 -1.39094 -0.943606 -1.05791 -1.4882 2.33134 -1.77135 2.30037 0.66956 3.1607 -0.275653 1.43707 0.520643 0.301117 1.35067 -1.82635 0.368762 0.76344 -0.0359393 0.154343 1.21638 0.0974258 -1.83938 -1.10045 0.846328 -0.437664 0.622291 -3.0076 -1.06133 -0.338147 0.759712 0.95973 1.32956 -0.976943 -0.480622 -0.576996 -1.34621 0.64856 0.343775 2.16193 -1.34519 2.83719 0.452487 0.970523 -0.343742 -0.420805 -2.73764 -1.63971 -0.54908 2.95033 1.55221 0.180006 0.0215458 -0.0658183 -1.94226 0.613725 -0.24857 0.580641 0.216457 0.294396 -1.06086 -2.18588 -0.020803 1.21072 -0.841287 -0.367728 -1.43561 1.11766 0.788766 0.0457092 -2.06004 0.784954 -2.54392 1.25526 0.479916 -1.29892 -1.01344 2.55117 0.178989 -0.9833 0.39673 -1.36022 2.98767 1.21323 -2.005 -2.1186 1.73094 -1.37912 -0.120022 -0.465632 -1.11142 -2.42845 1.51382 -1.50729 -0.47107 -1.19991 0.939389 -1.29484 1.26434 1.97583 -0.409125 -0.792425 -1.03813 -0.438118 -0.392387 -1.55993 -1.17015 -0.947288 1.20957 -0.934551 0.258821 -0.284346 0.967865 0.294621 -1.7834 -1.36347 1.60632 0.898337 2.0851 0.800051 -0.169984 0.394318 -0.804665 0.634456 -0.084921 1.12946 1.53004 -0.313306 -1.06123 -1.78019 0.504616 0.842844 -0.80284 0.606966 0.911637 0.43463 1.43584 -0.0860512 0.290308 1.38868 -0.153731 0.173755 1.05503 -1.35994 1.31024 -2.23631 2.9755 0.0057092 1.75075 1.70417 -1.37378 0.581386 -0.446945 1.96612 0.556353 -1.49211 0.5551 -0.5152 -0.189204 0.0277062 -0.183931 0.866431 -0.185508 -2.64707 -0.487461 -1.58564 1.36106 0.532761 -2.87957 -1.07048 1.01061 1.67162 -1.49966 0.623576 -2.14998 0.368223 1.41751 0.00817414 -0.71697 0.0664236 0.398823 0.080496 1.00431 -0.17254 0.972363 -0.861441 1.48097 0.79958 0.211996 1.62794 0.154024 -1.29295 -0.970452 -0.90474 1.66053 -0.815134 1.64015 0.670124 0.75578 0.461885 1.7182 2.20515 -0.711349 0.0396422 
2.15582 0.618995 -0.0841863 2.02611 0.40613 -1.4433 0.448065 1.50564 -2.6608 -0.948645 -0.397843 1.79268 -0.562771 -1.06672 -0.786034 1.40258 -2.26233 1.67808 0.0534037 -0.290356 -0.239089 0.627674 -1.21003 -1.05718 0.3663 0.523615 0.563183 -0.287914 -0.672274 0.211585 1.99492 -0.880144 0.709519 -0.023654 -2.09615 -0.118238 -0.435234 -1.20165 -0.38326 -0.315342 0.0728289 -1.7713 2.00382 -2.39904 1.25705 0.648592 1.85028 -1.40443 -0.813015 -1.13855 -3.32832 -0.653442 -0.516684 1.66679 0.837023 0.999296 0.301451 0.510324 2.47595 0.339661 0.513173 -1.11587 -0.613676 -3.42875 0.200619 0.545421 -0.0345256 -0.414289 0.29573 2.15286 -2.04216 0.695925 -0.481229 -0.761037 -0.49331 -2.82046 0.315367 -0.773619 -1.22556 -0.112715 -0.966738 1.98348 -0.150278 0.224694 -0.164819 1.02947 -0.496743 -0.817733 -0.72413 2.12684 1.048 -0.563984 0.931976 0.563485 1.25092 -0.385706 1.43887 -0.252747 2.03205 -0.0765703 2.11729 -0.649372 -1.27553 -0.0359828 2.04464 -0.829208 1.55041 -2.45588 -3.55013 4.70809 -0.986524 -1.22703 0.593159 -1.14603 1.14409 2.49272 1.09816 -0.64043 -0.200161 -0.46707 1.91175 2.41602 -2.74797 0.53929 -2.30543 1.21628 3.26753 1.23139 0.114254 -0.433245 0.760789 0.326745 1.74294 0.565069 1.77558 -0.94239 -2.11513 -0.709001 0.168234 -0.332323 0.721524 -0.516578 -1.04327 0.654993 -1.73456 -0.610391 -1.12135 -1.35013 0.647869 -1.81546 -1.90604 0.574653 -2.38561 -2.36078 0.812021 -2.78056 -0.350609 -2.87551 -1.37749 -1.69293 0.30837 -1.93479 0.943963 2.49667 -0.559449 0.650862 -2.19743 1.42865 -0.893956 0.286219 -5.41799 0.517538 -0.576008 -0.317476 1.04451 -4.86918 0.395558 -1.92615 1.39345 0.0937206 1.18904 -1.79838 2.18422 0.942147 0.173198 -0.550782 -3.76493 2.41415 -0.604048 0.501144 -0.279898 -0.336314 0.960107 -0.175152 -0.739157 0.166272 0.492826 0.00246815 0.884904 0.232432 -0.792109 1.12727 -0.725674 -1.01224 2.18202 -1.89639 -1.16356 0.28101 0.828345 0.964809 1.12045 -1.94404 1.33733 1.58718 -0.871696 -0.477332 0.520238 -1.06443 -0.00434161 2.75319 -1.06953 0.11452 -0.158968 1.36674 1.63094 0.622831 1.07979 0.329864 1.28078 1.30597 1.3745 -0.232144 -1.60555 -0.77652 -0.59749 0.00940008 0.34957 -0.013237 1.20786 0.463121 -0.417987 -0.843493 0.806192 1.21621 -0.369892 -1.61616 1.14748 0.742899 -0.15056 1.08067 1.02181 0.42495 0.843154 1.72286 0.377704 -0.700988 -1.4551 -0.249594 1.43432 1.6414 1.48449 1.58529 -0.277455 -0.085705 0.184611 1.15594 0.645032 1.09609 0.0244084 0.471608 0.211071 -0.513393 -0.473338 1.37064 0.320318 0.806337 0.0410849 -0.142471 -1.33178 0.419446 -0.491143 -0.860336 1.47475 -0.419637 -0.106475 1.33102 -1.37659 -1.90437 -1.23676 1.04462 0.77356 0.0713908 0.197849 -0.583101 -0.334243 -1.12998 0.9193 1.39089 1.31828 -2.03411 
0.915337 0.537346 -0.644939 0.368494 -1.86873 1.18036 -0.403433 -2.58585 -1.33291 -1.09601 -0.899741 1.55348 0.240469 -0.226711 0.227942 2.13124 1.83753 -1.33388 3.04573 1.52284 -1.454 0.325864 0.733823 0.178626 2.58088 -0.287529 -0.686936 0.127533 2.00077 -0.855602 -0.148823 -2.13395 0.044358 1.22829 1.20004 0.0114887 1.27686 2.90101 -0.848273 0.865841 0.331026 -3.1695 -0.21287 -0.19901 -0.516418 0.671168 -0.351627 -1.09782 -0.104797 -0.389779 0.252669 1.48073 -1.17636 -0.686367 -0.478344 -0.56157 1.38587 -1.25955 -0.30537 0.089615 2.49011 -2.69419 -0.322411 0.841797 -1.64421 1.59765 -0.0483298 0.947137 -1.09806 1.45754 1.05608 -1.59867 0.82692 -1.27687 -0.791208 2.96116 0.663201 0.940467 -0.184895 -0.103923 0.435706 0.97145 -0.213121 1.12957 0.433096 -1.47174 -0.251329 -1.49636 -0.703654 -1.11492 0.68933 -0.24706 -1.26238 -0.381983 -1.38603 -0.221784 0.634365 0.69817 0.84551 -1.25295 1.23461 -0.656282 1.56175 0.241269 2.00808 -0.538109 -1.02421 -0.179742 -0.604461 1.31015 0.0997078 -1.3035 0.620271 -1.00842 -0.288289 -0.39937 0.576405 0.885407 1.11699 -0.618118 -0.623095 1.12183 -2.39588 -0.219099 -1.46434 0.316401 1.15768 1.2316 -1.65437 -1.43816 -0.760986 -1.6631 -1.96231 1.3791 0.518447 1.30358 1.04312 0.112707 -0.909029 0.0820408 0.540944 0.427772 -2.19817 -3.48744 -0.472627 -0.142882 2.51631 0.894989 0.882516 0.262945 0.742491 -2.7977 0.382788 -1.16237 -0.276796 -1.35125 0.488848 2.70899 -0.482936 1.30198 0.747975 -1.6193 1.51858 -1.15833 -1.97623 0.447208 1.52216 -1.07491 -0.861879 0.0314663 -0.97719 -0.404916 -0.969973 -0.0968195 -2.12781 -0.691473 1.00488 0.130513 -0.520672 -0.663387 -0.856488 0.144036 0.56938 0.297177 0.68077 1.61563 -0.080024 1.2679 1.90362 0.751919 -2.5017 1.89808 0.566633 0.284192 0.458492 2.26521 0.638056 -1.79099 2.57776 1.00295 2.97047 0.111032 -1.3742 -1.36034 1.16582 0.252559 -1.5155 -0.419904 -0.876867 0.215596 -0.758557 0.197372 0.220322 0.629195 -0.576646 1.48917 -1.05808 -0.787662 1.04037 0.650322 0.253442 1.42984 -1.52812 -1.37027 0.126158 1.36304 1.99155 -0.229407 0.381614 -0.464927 0.120518 -2.58291 -0.66518 -2.52661 -2.57942 -1.23652 -0.012064 0.380698 0.720902 0.267491 0.329674 0.0280928 -1.76241 0.826168 1.44153 0.957454 0.710027 -0.783912 1.5841 0.640796 -1.87349 -1.83285 -0.409943 -0.629586 0.533489 -1.32446 -1.57204 0.037627 -0.448015 2.59818 -0.696138 -1.16565 -0.0922005 -0.0580943 1.06298 0.535731 1.41149 -0.147041 1.22435 -0.0672336 1.37713 -0.470149 0.880271 -0.474163 -0.0396619 -1.02196 -0.80936 0.778916 -0.347733 1.43313 -0.0860752 0.138408 -2.26172 1.0134 -2.37998 2.74776 3.86325 -0.228281 -0.0114033 -0.272853 0.882843 -0.05468 -1.46553 1.37199 -2.1967 0.811349 -0.340463 0.834854 0.240038 0.304659 
0.949527 -0.700347 -0.904645 -2.46771 0.100713 -1.14854 0.78348 1.24711 1.30504 -1.47921 -0.285861 -1.56706 -0.736386 -0.609803 -0.179799 0.389229 -1.52586 -1.47479 0.0041233 -2.91674 0.53111 1.31354 -0.112791 1.01159 -0.0406079 0.104918 0.0722967 0.0814943 -1.03171 -1.61902 -0.0409211 0.786376 0.977135 0.973443 1.3877 -1.48126 -2.04354 -0.954953 0.215887 1.16316 0.846302 0.367486 0.980501 -0.750341 -1.24403 0.974639 -0.571559 -0.218336 2.52894 -0.0610711 0.715324 -0.190698 0.158493 -0.335317 1.24723 -3.02172 0.00685557 -0.854505 -0.0322365 -0.366783 -1.34961 2.46908 -2.68122 -1.29392 -0.848348 -0.433458 2.52728 -0.420231 1.08124 -0.520463 0.210967 -0.923379 1.21732 0.256201 2.4214 -0.447366 -0.656773 1.36765 1.13096 -1.69223 -0.763378 -3.96302 -0.652625 -0.88267 0.151172 1.79294 -0.385428 -0.644743 1.31435 -0.358246 0.700115 -1.63393 -2.05729 1.07159 0.0791073 -1.27619 -1.45703 0.104333 -1.99809 -0.672402 -0.588679 -1.67893 -2.11883 -0.22932 1.16097 0.731695 0.639386 -0.0549775 0.0457067 -1.39529 1.21707 1.07067 -0.259403 1.53664 -1.79427 -1.98023 -0.104111 -0.458159 2.31693 0.00636389 -0.122572 0.612027 0.249767 2.85871 1.81016 0.152756 1.66813 1.18266 -1.51075 -0.447588 -3.12943 0.0263815 0.198115 -1.35553 -2.43613 0.583014 -0.0966897 -0.706817 0.321613 0.617103 0.947607 -0.271929 -0.614143 -0.0685556 -1.41009 0.870022 0.589415 -0.838586 -0.550266 1.17223 -0.708775 0.684154 -2.43038 -1.51321 -1.22055 -2.27735 -1.7336 -1.68212 0.45696 -0.308491 -0.680843 1.5391 -0.0522195 0.0151773 -2.79918 0.641815 0.0636499 1.21669 -1.23076 0.40981 -1.32295 -1.03799 -1.00751 -0.0257472 1.50431 -1.27612 0.843536 0.847134 0.336257 -0.684504 -0.546934 -1.87794 -0.54384 0.961113 -0.0901206 -0.789801 -0.686162 0.938206 3.4597 -0.663803 1.0659 -0.459313 -0.271267 -0.970787 0.952227 0.668861 0.0696534 1.5856 0.86116 2.77753 -1.17143 2.06257 0.960738 0.251336 0.483705 -0.843668 2.22307 -0.614965 -0.973433 0.528888 -1.31358 0.517217 1.26941 0.815199 -1.94182 -2.45393 -0.593058 0.407847 -1.99447 -0.858362 -1.98681 1.14196 0.911898 1.72029 -0.118917 0.240144 -0.336198 -0.122593 -1.12922 -0.975063 1.18174 0.0768262 -0.0918735 0.736014 -0.729871 1.11149 -1.01979 -1.302 1.00088 -0.161052 0.369733 -1.52441 -0.198153 0.602122 0.511004 0.0685367 1.02538 0.60518 1.9603 -1.37398 -0.237946 0.113379 -3.22928 -1.32741 -1.76226 -0.524162 -0.828465 -1.88016 0.0935083 -0.615436 1.51959 -0.822224 2.69511 0.820645 0.633602 -1.14015 0.79463 -0.555916 -3.34721 -1.15583 2.79235 0.959936 -1.8865 0.605703 -1.70079 -0.0802533 -0.320079 0.960447 -0.476632 -1.85519 -1.0755 1.10626 1.51159 -0.439455 1.04746 -0.333764 0.990712 0.197939 0.987495 -1.20183 -2.74566 -0.34805 1.33229 0.876407 2.03359 0.760304 -2.35234 0.653756 0.0719982 -2.20676 
-0.264728 2.49169 1.25261 -1.14171 -1.56618 0.833501 1.37409 2.2131 -1.73282 -0.775919 -0.665363 -0.613218 0.495092 -0.308118 0.327231 2.07606 0.170621 0.122223 2.5015 -1.62089 -0.3369 -0.531536 -0.433707 -1.30029 2.44881 -0.589008 -0.51764 -1.1453 0.853251 -1.5028 0.467156 2.63637 0.060219 -0.712354 0.694363 -0.607126 -0.577078 0.786826 1.1144 3.24579 -1.08658 -2.99014 -0.360592 -2.47437 -0.815176 1.34549 0.702154 -0.963923 -0.822428 1.20243 0.826113 1.24903 -0.331852 0.492649 -1.67886 0.274147 2.64234 -1.02623 -0.413341 0.275377 0.155896 1.49578 -1.28008 -0.749735 0.782606 0.224363 0.828755 2.01742 0.0677051 -0.823894 -0.532533 -0.675664 -0.276775 -1.81723 1.32972 -1.05852 2.05173 1.29558 -1.79841 1.38526 -0.224106 -0.334107 -0.24758 -1.12475 -2.33345 1.25898 0.634017 -1.65493 0.136016 0.923493 0.195892 1.71974 -0.637409 -0.127001 -1.76353 -0.129254 -1.04797 -0.732261 1.53702 -0.342846 1.44681 0.22497 2.79125 -1.08762 -0.34929 0.908077 0.0622016 0.493262 1.24703 0.232275 0.047588 1.32409 -1.00192 0.609654 2.19481 -0.715017 -0.117918 2.05475 -0.307567 1.5572 2.46224 -1.11009 -0.960959 -1.75554 0.808008 -1.02348 0.7687 -0.500927 -2.51963 -0.275359 0.174266 -0.721946 -0.804269 -0.17648 1.17271 -0.883583 0.897629 -0.0849575 -1.059 -2.08095 -0.282279 -0.948909 -1.08169 -0.170893 3.16521 -1.02841 -0.148198 -1.0911 -0.991724 -0.291301 -0.748073 -0.722955 1.53747 0.813739 -0.346402 1.92 1.67084 0.110289 -0.345723 1.52619 -0.628469 -0.683376 0.842152 -0.669419 0.33297 -1.8924 -0.262519 0.18234 -0.26849 1.75716 1.15792 0.449168 -2.05765 2.65799 -3.53004 -0.383431 0.256984 0.998076 0.627816 0.380785 -3.44431 -1.06676 0.922186 -0.139012 0.863915 -0.994959 -0.602673 1.03595 -1.07182 -1.44691 1.28055 -0.907207 -0.387928 1.43479 -0.795286 -0.841489 0.0188394 1.11058 -1.86093 -0.595295 0.657322 -0.93856 0.395013 1.44077 -0.410823 0.221421 -0.816097 1.16638 0.60739 3.63408 -0.242815 -2.42346 -0.97273 -1.82361 0.211956 -3.98921 1.02916 -1.1053 -2.68165 -1.07867 2.09869 0.967848 0.0172244 -0.983154 0.749507 -0.729786 0.808825 -0.834757 -0.0393709 -0.834814 1.81136 -3.04434 3.47989 0.857552 -0.84187 -0.467169 1.81739 -1.03978 0.307753 0.47477 -2.58979 1.3178 -1.18491 -2.0413 -0.746987 -0.0785006 -1.29848 -2.88056 -0.54062 0.929842 3.9384 0.393724 -0.541644 -2.87503 0.526388 -3.08233 -0.773715 1.82659 2.69731 1.83534 0.939305 0.203007 0.955381 -0.060229 0.04231 -0.019031 1.1853 1.39464 -2.15905 -0.155432 -0.770631 -1.6173 1.16211 1.67138 -0.285778 -0.893085 2.01573 -3.70838 2.66273 1.87773 -0.110531 0.352686 0.0294324 -1.0203 3.20681 1.41009 -1.04613 -0.564199 -0.283079 0.166067 2.5254 0.837994 -1.14532 1.54738 2.358 2.2928 0.604894 -1.10423 0.446707 -1.24974 
-1.84717 -0.14181 0.371786 0.907686 -0.111612 -0.0498905 -0.417957 0.549187 1.14849 0.796345 -0.750701 0.576428 0.614387 -1.34875 -1.53364 -0.0589593 0.116668 0.801921 -1.39209 3.20377 -0.117269 2.22074 1.28922 -0.931961 -0.193817 0.785559 -1.09957 1.46434 2.02916 1.61965 -0.164837 1.71263 -0.987628 -0.391148 -1.12785 0.199469 -0.509874 0.298715 0.685381 -2.07358 0.326844 -0.594982 1.40082 -0.721617 0.426181 1.60197 -2.01863 -1.7069 -0.471378 0.737867 -0.794334 0.527903 3.6621 -1.41288 -0.186157 2.4174 1.55736 -0.694754 0.726698 -1.52059 1.89756 0.0256739 1.90984 0.11826 0.336895 -2.42374 -0.281187 -1.58287 0.144693 1.38119 -0.17471 0.681468 2.34247 -0.624201 0.947012 1.44622 0.497295 1.61781 1.23025 -1.63086 1.7921 -0.60723 1.01799 -2.40015 -1.61813 0.804193 -0.686808 -1.04054 -0.230728 -0.147948 -0.229102 -2.07556 1.59475 0.843373 -2.20024 -0.140882 -0.315723 -1.36075 -0.967149 -0.408156 0.446677 1.87524 1.56368 -0.944575 -1.25932 -1.26968 -0.547517 1.90633 3.00897 -0.359655 -0.852029 -2.04971 1.37143 0.0408141 0.960326 -1.24749 -1.43026 -1.52855 -0.765158 -1.4919 -1.7604 -0.153634 0.00220296 -0.633675 1.44648 -0.73721 1.04551 0.891061 -0.499744 -0.432913 -1.37738 -1.82926 -0.400312 0.744549 -1.72432 0.124924 2.05892 -0.48072 -0.145306 1.0236 0.25172 -1.02945 -2.13208 0.252212 0.740715 -0.520988 2.293 -0.388022 1.19919 -1.15341 -0.816793 0.732517 -0.586515 0.117805 -1.14004 1.80742 -0.318304 0.522203 -0.655084 -0.12557 -0.297577 -0.939791 -0.751844 -1.22399 0.071432 3.40189 1.28704 1.17801 1.10626 -1.93748 -0.130028 -0.980808 -0.367033 -0.257826 0.348707 -1.14016 -1.55525 -2.65629 0.283819 -1.56849 -1.41101 2.10174 1.77724 0.252577 1.42241 -2.81772 2.0784 -0.615212 -0.391938 0.150959 0.750929 0.697919 2.24513 0.0839984 -0.982379 0.511257 3.95027 1.57959 -0.430082 -0.841836 1.63474 0.803503 -0.17061 0.442185 -1.2973 -1.27962 1.58267 -1.4142 -0.390621 -0.206241 -2.04937 0.564655 0.734574 -0.635878 0.339708 0.877609 