1372 1.00001
38.414 38.414 38.414 
19.1345 19.1345 19.1345 
1 1 1 1 1 1 1 1 1 1 1 1 1 1 1 1 1 1 1 1 1 1 1 1 1 1 1 1 1 1 1 1 1 1 1 1 1 1 1 1 1 1 1 1 1 1 1 1 1 1 1 1 1 1 1 1 1 1 1 1 1 1 1 1 1 1 1 1 1 1 1 1 1 1 1 1 1 1 1 1 1 1 1 1 1 1 1 1 1 1 1 1 1 1 1 1 1 1 1 1 
1 1 1 1 1 1 1 1 1 1 1 1 1 1 1 1 1 1 1 1 1 1 1 1 1 1 1 1 1 1 1 1 1 1 1 1 1 1 1 1 1 1 1 1 1 1 1 1 1 1 1 1 1 1 1 1 1 1 1 1 1 1 1 1 1 1 1 1 1 1 1 1 1 1 1 1 1 1 1 1 1 1 1 1 1 1 1 1 1 1 1 1 1 1 1 1 1 1 1 1 
1 1 1 1 1 1 1 1 1 1 1 1 1 1 1 1 1 1 1 1 1 1 1 1 1 1 1 1 1 1 1 1 1 1 1 1 1 1 1 1 1 1 1 1 1 1 1 1 1 1 1 1 1 1 1 1 1 1 1 1 1 1 1 1 1 1 1 1 1 1 1 1 1 1 1 1 1 1 1 1 1 1 1 1 1 1 1 1 1 1 1 1 1 1 1 1 1 1 1 1 
1 1 1 1 1 1 1 1 1 1 1 1 1 1 1 1 1 1 1 1 1 1 1 1 1 1 1 1 1 1 1 1 1 1 1 1 1 1 1 1 1 1 1 1 1 1 1 1 1 1 1 1 1 1 1 1 1 1 1 1 1 1 1 1 1 1 1 1 1 1 1 1 1 1 1 1 1 1 1 1 1 1 1 1 1 1 1 1 1 1 1 1 1 1 1 1 1 1 1 1 
1 1 1 1 1 1 1 1 1 1 1 1 1 1 1 1 1 1 1 1 1 1 1 1 1 1 1 1 1 1 1 1 1 1 1 1 1 1 1 1 1 1 1 1 1 1 1 1 1 1 1 1 1 1 1 1 1 1 1 1 1 1 1 1 1 1 1 1 1 1 1 1 1 1 1 1 1 1 1 1 1 1 1 1 1 1 1 1 1 1 1 1 1 1 1 1 1 1 1 1 
1 1 1 1 1 1 1 1 1 1 1 1 1 1 1 1 1 1 1 1 1 1 1 1 1 1 1 1 1 1 1 1 1 1 1 1 1 1 1 1 1 1 1 1 1 1 1 1 1 1 1 1 1 1 1 1 1 1 1 1 1 1 1 1 1 1 1 1 1 1 1 1 1 1 1 1 1 1 1 1 1 1 1 1 1 1 1 1 1 1 1 1 1 1 1 1 1 1 1 1 
1 1 1 1 1 1 1 1 1 1 1 1 1 1 1 1 1 1 1 1 1 1 1 1 1 1 1 1 1 1 1 1 1 1 1 1 1 1 1 1 1 1 1 1 1 1 1 1 1 1 1 1 1 1 1 1 1 1 1 1 1 1 1 1 1 1 1 1 1 1 1 1 1 1 1 1 1 1 1 1 1 1 1 1 1 1 1 1 1 1 1 1 1 1 1 1 1 1 1 1 
1 1 1 1 1 1 1 1 1 1 1 1 1 1 1 1 1 1 1 1 1 1 1 1 1 1 1 1 1 1 1 1 1 1 1 1 1 1 1 1 1 1 1 1 1 1 1 1 1 1 1 1 1 1 1 1 1 1 1 1 1 1 1 1 1 1 1 1 1 1 1 1 1 1 1 1 1 1 1 1 1 1 1 1 1 1 1 1 1 1 1 1 1 1 1 1 1 1 1 1 
1 1 1 1 1 1 1 1 1 1 1 1 1 1 1 1 1 1 1 1 1 1 1 1 1 1 1 1 1 1 1 1 1 1 1 1 1 1 1 1 1 1 1 1 1 1 1 1 1 1 1 1 1 1 1 1 1 1 1 1 1 1 1 1 1 1 1 1 1 1 1 1 1 1 1 1 1 1 1 1 1 1 1 1 1 1 1 1 1 1 1 1 1 1 1 1 1 1 1 1 
1 1 1 1 1 1 1 1 1 1 1 1 1 1 1 1 1 1 1 1 1 1 1 1 1 1 1 1 1 1 1 1 1 1 1 1 1 1 1 1 1 1 1 1 1 1 1 1 1 1 1 1 1 1 1 1 1 1 1 1 1 1 1 1 1 1 1 1 1 1 1 1 1 1 1 1 1 1 1 1 1 1 1 1 1 1 1 1 1 1 1 1 1 1 1 1 1 1 1 1 
1 1 1 1 1 1 1 1 1 1 1 1 1 1 1 1 1 1 1 1 1 1 1 1 1 1 1 1 1 1 1 1 1 1 1 1 1 1 1 1 1 1 1 1 1 1 1 1 1 1 1 1 1 1 1 1 1 1 1 1 1 1 1 1 1 1 1 1 1 1 1 1 1 1 1 1 1 1 1 1 1 1 1 1 1 1 1 1 1 1 1 1 1 1 1 1 1 1 1 1 
1 1 1 1 1 1 1 1 1 1 1 1 1 1 1 1 1 1 1 1 1 1 1 1 1 1 1 1 1 1 1 1 1 1 1 1 1 1 1 1 1 1 1 1 1 1 1 1 1 1 1 1 1 1 1 1 1 1 1 1 1 1 1 1 1 1 1 1 1 1 1 1 1 1 1 1 1 1 1 1 1 1 1 1 1 1 1 1 1 1 1 1 1 1 1 1 1 1 1 1 
1 1 1 1 1 1 1 1 1 1 1 1 1 1 1 1 1 1 1 1 1 1 1 1 1 1 1 1 1 1 1 1 1 1 1 1 1 1 1 1 1 1 1 1 1 1 1 1 1 1 1 1 1 1 1 1 1 1 1 1 1 1 1 1 1 1 1 1 1 1 1 1 1 1 1 1 1 1 1 1 1 1 1 1 1 1 1 1 1 1 1 1 1 1 1 1 1 1 1 1 
1 1 1 1 1 1 1 1 1 1 1 1 1 1 1 1 1 1 1 1 1 1 1 1 1 1 1 1 1 1 1 1 1 1 1 1 1 1 1 1 1 1 1 1 1 1 1 1 1 1 1 1 1 1 1 1 1 1 1 1 1 1 1 1 1 1 1 1 1 1 1 1 
0 0.712698 1.5453 1.40762 0 1.44219 3.82531 4.13361 0 4.32805 1.2872 4.00591 0 4.05814 4.07295 1.11975 0 6.89861 1.05048 1.47536 0 6.71184 3.77663 3.80165 0 9.55364 0.910152 3.91462 0 9.89256 3.70725 1.34281 0 12.042 0.817436 1.46892 0 12.2992 3.91638 4.0937 0 15.0656 1.08676 4.41865 0 14.9865 3.55566 1.33105 0 17.6391 0.706188 1.03187 0 17.8243 3.28013 3.87253 0 20.3998 0.776217 3.64612 0 20.3453 3.3852 1.1524 0 22.935 1.19741 1.15724 0 23.2852 3.95815 3.76134 0 25.7412 1.56146 3.5491 0 25.9361 4.03279 1.04968 0 28.9576 1.40187 1.35932 0 27.9096 4.46847 4.17419 0 31.3287 1.62892 3.99141 0 31.605 3.9939 1.00974 0 34.4791 1.31043 1.00387 0 33.744 4.18576 4.14221 0 37.3264 1.22328 4.48472 0 36.839 4.44443 2.06105 0 1.07635 6.42133 1.14909 0 1.66546 9.4869 4.39022 0 3.86052 6.39417 4.08901 0 4.36471 9.34787 1.7567 0 6.95028 6.29773 1.5508 0 6.9722 9.23991 4.13644 0 9.61322 6.16274 4.27883 0 9.69042 9.2821 1.30966 0 12.5615 6.41902 1.60033 0 12.1488 9.52104 3.66767 0 15.751 6.73115 4.10209 0 15.2133 9.82753 1.53484 0 18.0464 6.36782 1.47686 0 18.1077 9.81124 3.97115 0 20.3453 6.36202 4.22613 0 19.9402 9.36806 0.976508 0 22.9915 6.91485 0.916135 0 22.41 9.69316 3.7773 0 25.1922 7.32433 3.56457 0 25.3048 9.50321 0.838699 0 28.3862 7.11331 0.957715 0 28.2698 9.52708 3.84634 0 31.2914 7.1575 4.23781 0 31.5245 8.90697 1.03546 0 34.5044 6.79349 0.862627 0 34.41 9.04099 3.89919 0 37.711 7.05477 4.12967 0 37.2504 9.4702 1.55189 0 1.5781 12.454 1.27713 0 1.77316 15.34 4.16709 0 4.11269 12.2802 3.70819 0 4.42035 15.0854 1.17329 0 7.06998 11.743 1.35745 0 7.00787 14.9174 3.85428 0 9.56983 12.004 4.02539 0 9.49398 14.9224 1.45808 0 11.9352 12.2258 1.38826 0 12.5415 15.0285 4.43432 0 14.6947 12.2886 3.90113 0 15.0918 15.3758 1.65778 0 17.4621 12.6722 1.31412 0 17.5249 15.2685 3.82425 0 20.1589 12.8557 3.75486 0 20.1505 15.7034 1.42708 0 22.8981 12.2335 0.960867 0 23.0769 15.2833 3.63758 0 25.4572 12.025 3.38859 0 25.9125 14.4715 0.995772 0 29.2047 11.8583 1.19467 0 28.5923 14.4226 4.3534 0 31.4037 12.0283 4.44229 0 31.706 14.726 1.61427 0 34.1896 11.9213 1.89285 0 33.9701 15.0615 4.54411 0 37.2163 12.3777 4.34487 0 37.1306 14.6245 0.981113 0 2.05813 17.8245 1.65822 0 1.62058 20.2062 4.47627 0 4.48504 17.6326 4.19804 0 4.34579 20.7909 1.57537 0 7.28962 17.9206 1.35803 0 7.08458 20.6334 4.08249 0 9.85786 17.8826 4.19326 0 9.76365 20.6482 0.971439 0 12.0566 17.9287 1.31506 0 11.7497 21.0091 4.2484 0 14.4509 18.3329 3.99414 0 14.3184 20.9892 1.0929 0 17.3666 18.3303 1.30786 0 17.3775 21.09 3.82629 0 20.3362 17.6906 4.36091 0 20.4658 20.7428 1.62209 
0 23.2344 17.6795 1.16038 0 23.4616 20.2306 4.15738 0 25.8074 17.3708 4.17412 0 25.6988 20.4196 0.918145 0 28.5064 17.1114 1.68897 0 28.337 20.4464 3.29641 0 31.1521 17.4926 4.13823 0 31.4655 20.2598 1.72831 0 34.1535 17.5595 1.68666 0 34.4096 20.6432 4.14204 0 36.8768 18.0665 4.41128 0 37.1399 20.5391 1.34387 0 1.7101 23.2693 1.87298 0 1.57576 26.3321 3.73755 0 4.33048 23.4346 4.38911 0 4.75402 26.0628 1.40239 0 7.51736 23.8456 1.28277 0 6.80839 25.8634 4.37923 0 9.53903 23.5534 3.93849 0 9.48519 26.4226 1.27605 0 11.965 23.4965 1.06078 0 12.2701 26.1756 3.68331 0 14.7638 23.472 4.33584 0 14.779 26.1011 0.946211 0 17.4527 23.5221 1.39458 0 17.6105 25.5859 4.52319 0 20.5188 23.4114 4.13176 0 20.8538 25.7659 1.39913 0 23.3817 23.0615 1.48677 0 23.6983 25.7293 3.96106 0 26.2199 23.5255 3.99509 0 26.3818 26.6382 1.20279 0 28.3062 23.1889 1.12995 0 28.9132 26.6276 4.22617 0 30.8163 23.081 3.87053 0 31.2624 25.8843 1.4171 0 33.7474 23.3274 1.41176 0 34.3582 26.0539 3.7488 0 37.1351 23.1179 3.826 0 37.11 25.9639 1.53332 0 1.59112 28.2967 0.929169 0 0.879923 31.6765 4.13733 0 4.1112 28.9532 4.06847 0 3.85132 31.9314 1.56544 0 6.8496 29.0035 1.07123 0 6.30826 31.9014 4.08904 0 8.84076 29.2278 3.88374 0 9.61137 31.324 1.30261 0 12.1436 28.9699 1.34537 0 12.1082 31.5656 4.08568 0 15.1376 28.5281 3.75219 0 14.7752 31.2767 1.51412 0 18.0456 28.3686 1.43997 0 17.964 31.2494 3.76982 0 20.7372 28.7093 4.30865 0 20.6256 31.1735 1.35795 0 23.3185 28.3674 1.66445 0 23.0806 31.2666 4.18709 0 25.8492 28.5904 4.42833 0 25.816 31.2186 1.36416 0 29.3024 28.7394 1.66704 0 29.0784 31.0624 4.47716 0 31.9745 28.7266 4.0994 0 31.5292 31.2442 1.74911 0 34.4894 28.8479 1.65417 0 34.9981 31.4394 4.15568 0 37.2371 28.6079 4.13049 0 37.3766 31.0163 1.0563 0 1.02389 33.8196 1.34601 0 1.63983 37.5552 4.04389 0 3.93582 34.3936 4.50278 0 4.28209 36.4032 1.38943 0 6.79793 34.2339 1.23732 0 6.96226 37.0406 3.9899 0 9.38356 34.1579 4.03274 0 9.53846 36.7385 1.14533 0 12.1375 34.2459 1.1541 0 12.3619 36.4053 4.09841 0 15.3175 33.9719 4.00193 0 15.0275 36.617 1.43301 0 17.509 34.1449 1.15845 0 17.8037 36.5125 3.84628 0 20.427 33.9478 4.2542 0 20.4197 36.498 1.27299 0 23.2889 33.7913 1.29489 0 23.1315 36.693 3.61316 0 26.1232 34.2797 4.48145 0 25.9749 36.9266 0.846097 0 28.812 34.1574 1.60117 0 28.5732 36.9884 3.63282 0 31.4779 33.9704 4.31704 0 31.865 36.827 1.35446 0 34.4505 33.949 1.79179 0 34.0287 37.3603 4.37493 0 36.5962 34.7221 4.54801 0 36.6966 36.8244 1.42883 0 1.60024 1.24838 7.08092 0 1.08718 4.18347 9.9123 0 4.20573 1.97416 9.37399 0 4.21296 4.05013 6.45919 
0 7.02771 1.45436 6.74205 0 7.56778 3.81767 9.74504 0 9.56835 0.814892 9.26206 0 10.0743 3.77488 7.00316 0 12.2463 1.04757 6.85035 0 12.361 3.72477 9.89212 0 15.0023 0.95337 9.38359 0 15.3237 4.36021 6.52853 0 18.0971 0.845391 6.64433 0 18.0274 3.63789 9.22983 0 20.7128 1.08916 9.61481 0 20.6835 3.64856 6.56451 0 23.1635 0.817783 6.18992 0 23.0375 4.16263 9.91877 0 25.8035 1.59184 9.45018 0 25.3553 3.94155 6.76014 0 28.1724 1.56639 6.71988 0 28.0496 4.25389 9.90859 0 31.0395 1.295 9.47719 0 31.0471 4.4189 6.92357 0 33.6066 1.30978 6.64504 0 33.8547 4.03703 9.92784 0 36.4963 1.72496 9.71821 0 37.2655 3.94864 6.88349 0 1.44094 6.93254 7.02543 0 2.23348 9.67757 9.33879 0 4.65957 6.30458 9.68337 0 4.63744 9.26925 6.87691 0 6.82819 6.20484 6.71111 0 7.15253 9.4569 9.53805 0 9.90666 6.81517 9.70039 0 9.73756 9.45274 6.61722 0 12.1706 6.71351 6.9652 0 12.3151 9.48892 9.45732 0 15.0852 6.29126 9.75229 0 14.8926 8.92982 6.6381 0 18.1279 6.45465 7.11804 0 17.8066 9.1764 9.66088 0 20.3069 6.94495 9.93705 0 20.11 9.41782 7.06738 0 22.6855 7.11334 6.67853 0 22.7901 10.0494 9.48489 0 25.6386 7.55692 9.06023 0 25.2718 9.75387 6.12084 0 28.3308 6.957 6.84408 0 28.8224 9.25168 9.58077 0 31.2374 6.82036 9.62242 0 31.4917 9.57916 6.85095 0 34.5103 6.65203 6.76934 0 34.4903 9.61112 9.48877 0 37.2532 6.76624 9.59313 0 37.3748 9.59155 6.78812 0 1.69292 12.5153 6.78911 0 1.56502 14.7336 9.57271 0 4.48881 12.2573 9.64767 0 4.57656 14.6951 6.57521 0 7.4022 12.3425 6.96703 0 6.95385 14.6558 9.54511 0 9.78494 12.2733 9.45227 0 9.6572 15.1788 6.83036 0 12.5673 12.0742 6.74511 0 12.4899 14.9554 8.94196 0 14.9951 12.158 9.29166 0 15.3207 15.473 6.69815 0 17.2557 12.2354 6.49113 0 17.7763 15.2149 9.16598 0 19.6479 12.3159 9.57506 0 20.1422 14.7934 6.88803 0 22.7887 12.1919 6.49559 0 22.8231 14.5893 9.5812 0 25.9933 12.1255 9.59171 0 25.5717 14.9891 6.97719 0 28.5149 11.6285 6.8393 0 28.3167 14.9894 9.34525 0 31.2627 12.3416 9.21294 0 30.9269 15.0445 6.83364 0 34.5858 12.1614 6.33506 0 34.0692 14.278 9.07351 0 37.5212 12.0773 9.10581 0 37.0008 15.0845 6.99222 0 1.9385 17.4895 6.93244 0 1.06917 20.4221 9.58234 0 4.36094 17.4885 9.48613 0 4.10891 20.3692 6.85412 0 6.80913 17.934 6.96461 0 6.3283 20.5812 9.8063 0 9.57103 17.295 9.52738 0 9.42175 20.161 6.85326 0 12.1249 17.84 6.7462 0 12.1716 20.6394 9.64158 0 14.8218 17.8584 9.19174 0 14.5123 20.7336 6.44726 0 17.2553 18.2549 6.31466 0 17.4126 20.9757 9.5325 0 20.6287 17.6518 9.34153 0 20.4366 20.9379 6.50121 0 23.3742 17.8211 6.94537 0 23.1219 20.4484 9.49269 0 25.971 17.8272 9.35646 0 25.7189 20.3619 6.55754 
0 28.3914 17.3941 6.6335 0 28.4914 20.7086 9.06949 0 31.2459 17.9942 9.17978 0 31.0596 20.3211 6.3481 0 34.3232 17.6816 7.0553 0 34.107 20.4947 9.11486 0 37.0954 17.8307 9.29487 0 37.1431 20.5542 6.75647 0 1.21704 23.4329 6.41448 0 1.22649 26.351 9.266 0 3.74846 23.2023 9.35166 0 3.7005 25.8852 6.73235 0 7.24396 22.9718 6.81628 0 6.49478 25.9034 9.57709 0 9.12271 23.0834 9.9998 0 9.52937 26.3927 7.08071 0 11.8858 23.4205 6.98694 0 12.1399 26.6131 9.46963 0 14.7013 23.9077 9.66213 0 14.9554 26.6203 6.82296 0 17.6526 23.0127 6.75958 0 17.504 25.9198 9.33031 0 20.2758 23.492 9.52038 0 20.3529 25.998 6.77148 0 23.2538 23.3056 6.88664 0 23.134 25.7809 9.54508 0 25.9405 23.1761 9.51032 0 26.1792 26.1121 7.21245 0 28.4071 23.4268 6.92273 0 28.9177 26.0325 9.66845 0 31.7524 23.2088 9.05943 0 31.3091 26.0427 6.72395 0 33.7813 23.4572 5.99455 0 34.4629 25.7721 8.88829 0 36.9131 23.1909 9.39672 0 36.9506 25.8247 6.40626 0 1.63268 28.7675 6.81506 0 1.27196 31.6126 9.4732 0 4.04867 28.9484 9.55809 0 3.87541 31.516 6.65664 0 6.58122 28.6832 6.611 0 6.5899 31.8902 9.58341 0 8.93979 29.1154 9.42142 0 9.32288 31.5556 6.27436 0 12.1176 28.5643 6.42201 0 12.1334 31.3503 9.14292 0 14.9636 28.9385 9.14346 0 14.8698 31.6334 6.81101 0 18.0187 28.6926 6.89141 0 17.9358 31.2735 9.73007 0 21.0345 28.7184 9.5249 0 20.6695 31.2043 6.92621 0 23.3839 28.5851 6.92484 0 23.6376 31.6292 9.75097 0 25.7303 28.7287 10.1087 0 25.6993 31.4526 6.90004 0 28.8236 29.0287 7.40244 0 28.217 31.4017 9.98319 0 31.5951 28.7758 10.054 0 31.6368 31.3203 7.47973 0 34.5924 29.11 6.531 0 34.2667 31.6529 9.8443 0 36.7957 28.8204 9.04342 0 36.7423 31.9489 7.23793 0 1.28916 34.465 7.13555 0 1.44632 37.5014 9.79822 0 3.62619 34.8631 9.86751 0 4.37736 37.2779 6.84953 0 6.91983 34.2264 7.04793 0 6.59395 37.0899 9.62117 0 9.59217 34.5179 9.14103 0 9.63005 36.931 6.50021 0 12.3213 34.0256 6.84922 0 12.5614 36.9192 9.22737 0 15.195 33.8959 9.32519 0 15.0027 36.8283 6.56912 0 18.0496 34.0434 6.86717 0 17.86 36.5685 9.38687 0 20.8988 34.0485 9.42454 0 20.7551 36.9271 6.56684 0 23.2569 34.3502 6.80612 0 23.4563 36.8178 9.66769 0 26.2164 34.179 9.0928 0 25.7278 36.8613 6.93289 0 28.8669 33.8482 6.8387 0 28.7971 36.9351 9.70232 0 31.1843 34.3847 9.55942 0 31.1442 36.7812 6.24073 0 33.8903 34.2991 7.15096 0 33.9104 37.5951 9.46098 0 37.1169 34.3588 9.83917 0 37.2226 36.9885 7.6878 0 0.687926 1.75909 12.5042 0 1.08912 4.42821 15.296 0 3.48685 1.53128 15.5565 0 4.13302 4.04784 12.5472 0 6.99019 1.28136 12.1908 0 6.89422 3.94596 15.1073 0 10.3367 0.781773 15.2657 0 9.87023 3.73199 12.7193 
0 12.8491 0.992721 12.3915 0 12.8051 3.98152 14.576 0 15.5364 1.06096 14.9187 0 15.7606 3.84941 12.1424 0 17.7636 0.82024 11.9191 0 17.8738 3.79657 15.102 0 20.3849 1.26651 15.2639 0 20.2804 4.05939 12.5499 0 23.0013 0.910977 12.2327 0 23.103 3.75147 14.9436 0 25.9186 1.23197 14.9819 0 25.6716 4.32125 12.3281 0 28.5644 1.57576 12.5 0 28.7018 4.41361 15.2593 0 31.1442 1.61536 15.2836 0 31.0641 4.07287 12.0638 0 33.7756 1.78375 12.6806 0 34.2517 4.35026 15.3169 0 36.726 1.49082 15.0846 0 36.5509 4.64966 12.6463 0 1.22294 7.11876 12.3478 0 0.931993 9.53292 15.1697 0 3.68102 7.12164 15.0283 0 4.16743 9.72183 12.3361 0 6.70561 6.62147 12.6242 0 6.34726 10.3274 14.9981 0 10.1258 6.72022 15.4841 0 9.11887 9.49198 12.4493 0 12.2919 6.63328 12.4342 0 12.5635 9.31125 15.3817 0 15.1721 6.90533 15.3206 0 15.1706 9.38861 12.1947 0 17.6837 6.84344 12.9756 0 17.9768 9.61524 15.3986 0 20.5977 6.64753 15.2584 0 20.0202 9.66954 12.1268 0 22.9373 6.85389 12.2689 0 22.8042 9.86669 15.2451 0 25.6298 6.59525 15.1744 0 25.6827 9.20294 12.176 0 28.7314 6.9678 12.5154 0 28.6706 9.54371 15.0587 0 31.4794 6.74278 15.3232 0 31.4907 9.91164 12.2528 0 34.1144 7.24639 12.4692 0 34.1329 9.65746 15.1144 0 36.3846 7.16476 15.5558 0 37.0944 9.34551 12.0203 0 1.38981 12.2603 12.0075 0 1.00792 14.8097 14.4884 0 3.39197 12.2299 15.0523 0 4.12733 14.8282 12.1552 0 6.98351 12.3953 12.1032 0 7.02693 15.0748 14.8131 0 9.23 12.0611 15.335 0 10.174 15.0372 12.1585 0 12.2626 12.1014 12.2992 0 12.8868 14.9388 14.8439 0 15.1661 12.2209 14.7827 0 15.1622 15.1369 11.8677 0 17.5431 12.4354 12.5762 0 17.7353 15.5989 14.9093 0 20.4429 12.4631 15.1052 0 20.1639 15.6209 12.1999 0 23.2837 12.0562 12.3867 0 23.2086 14.9353 14.6634 0 25.8422 12.7901 15.0906 0 26.1393 15.1435 12.0641 0 28.4119 11.9793 12.2732 0 28.6659 15.5218 14.4322 0 31.0585 12.4351 14.9741 0 31.6478 14.7532 11.8195 0 34.1951 12.3204 12.1829 0 34.0136 15.1509 14.9164 0 36.676 12.0876 14.5359 0 36.958 14.9295 11.8405 0 1.0266 17.54 11.8136 0 1.05325 20.3941 14.6436 0 4.14149 17.1892 14.875 0 3.76857 20.3027 11.9098 0 6.79026 17.4666 12.1803 0 6.31453 20.1055 14.5567 0 9.87133 17.3354 15.0544 0 9.3792 20.2577 12.4471 0 12.3818 18.0599 12.2233 0 12.2323 20.8542 15.4439 0 15.1108 18.2536 15.2278 0 14.7175 21.262 12.0086 0 17.4088 18.371 11.8688 0 17.7772 20.565 14.8902 0 20.2242 18.0716 15.0208 0 20.1069 21.1471 12.2491 0 23.1529 18.0777 12.5907 0 22.9429 20.8593 14.7073 0 26.0412 17.7792 14.6987 0 26.0127 20.5287 11.8398 0 28.9164 18.1334 11.751 0 28.6052 20.4969 14.8963 0 31.3664 18.0851 14.5799 0 31.3029 20.5472 11.7294 
0 34.1863 17.5093 11.6443 0 34.0834 20.4708 14.482 0 37.0705 17.6948 14.9214 0 36.5661 20.3412 11.8455 0 1.23071 22.9212 12.1585 0 0.663854 25.7741 14.2811 0 3.85083 22.9129 14.8063 0 3.95634 25.9799 12.2633 0 7.00877 23.4103 12.771 0 7.10184 26.6629 14.6559 0 9.70988 23.4752 14.705 0 9.42024 26.3903 11.76 0 12.1528 23.7033 12.3924 0 11.9392 26.6226 14.5926 0 15.0541 23.5555 14.9136 0 14.9838 26.5623 11.9879 0 17.4582 23.5061 12.191 0 17.881 26.2102 14.8136 0 20.6099 23.5326 15.1273 0 20.5372 26.2322 12.2653 0 22.8988 23.4696 12.0238 0 23.4194 26.0621 14.877 0 26.54 23.3884 14.4042 0 25.8183 25.6631 11.9035 0 28.889 22.8973 11.7301 0 28.7208 26.2969 15.1238 0 31.306 23.2014 14.6705 0 31.2635 25.8061 12.5713 0 34.0857 23.4449 11.7899 0 34.0254 25.7976 14.7668 0 36.6534 23.1829 14.6848 0 36.6906 26.0045 11.7961 0 1.47048 28.563 11.8736 0 0.737727 31.782 15.0085 0 3.76681 28.9228 14.6054 0 3.48446 31.3634 12.0377 0 6.58435 29.1212 12.2556 0 6.74885 31.5584 14.7623 0 9.79445 29.5278 15.0148 0 9.34215 31.8869 11.9182 0 12.444 29.3357 12.1336 0 12.7157 31.7669 15.0996 0 15.0214 29.0498 14.6771 0 15.0962 31.5956 11.99 0 18.0417 28.6546 12.1982 0 17.9319 31.3572 14.7025 0 20.6647 28.9769 14.936 0 20.7786 31.4411 12.3212 0 23.2867 28.7423 12.5166 0 22.9823 31.5665 15.1928 0 25.8746 28.8606 15.2944 0 25.8752 31.3943 12.5395 0 28.3847 28.6739 12.6038 0 28.5883 31.3446 15.0591 0 31.3226 28.5546 15.2214 0 31.3318 31.4792 12.1507 0 34.1887 28.9056 12.2736 0 33.913 31.793 14.9701 0 36.9564 28.8249 14.9963 0 36.8836 31.5953 12.1344 0 1.43027 34.3889 12.6042 0 1.16479 37.2291 14.9194 0 3.99596 34.4119 15.2863 0 3.94754 37.591 12.8577 0 6.20945 34.2878 12.6175 0 7.14631 36.6211 14.7582 0 9.84538 34.5042 14.5443 0 9.11407 36.7063 11.9119 0 12.2356 33.8948 11.5538 0 12.7841 36.6347 14.6409 0 15.531 33.8136 15.0138 0 15.2406 36.2979 11.8704 0 18.0845 33.9416 12.0719 0 17.9319 36.8821 14.6454 0 20.3293 34.0692 14.9995 0 20.6564 36.623 12.0701 0 23.424 34.043 12.2605 0 23.3822 36.7564 14.9584 0 25.8593 33.7862 15.1069 0 26.0529 36.5043 12.3158 0 28.9066 34.2304 12.5673 0 28.9141 37.1336 14.9252 0 31.6271 34.4541 15.1673 0 31.7261 37.3402 12.3707 0 34.1027 34.5126 11.7839 0 33.6369 37.7385 15.4886 0 36.6067 34.4044 15.2023 0 36.6374 37.4629 12.246 0 0.919147 1.42925 17.7973 0 1.40203 4.54476 20.6949 0 3.92342 1.38631 19.6497 0 3.78141 4.71488 17.6768 0 7.06184 0.861264 17.2597 0 6.99993 3.99307 20.021 0 9.97587 1.36064 20.4958 0 9.81537 3.62465 17.5602 0 13.0191 1.44293 17.852 0 12.2018 4.01372 20.393 0 15.2435 1.26025 21.0621 0 15.0914 4.42979 18.3393 
0 17.3583 1.49641 18.1836 0 17.4961 3.97105 20.9696 0 20.5967 1.41758 20.8023 0 20.3431 3.70354 17.9861 0 23.2376 1.3954 17.948 0 23.0957 3.87101 21.0938 0 25.6219 1.33373 20.8297 0 25.786 4.12147 18.055 0 28.3911 1.49938 17.9195 0 28.3102 4.83032 21.2509 0 31.2296 1.52199 20.5296 0 31.0775 4.47557 18.2337 0 34.1047 2.01636 17.748 0 33.6813 4.15163 20.9291 0 36.7177 1.78275 20.8043 0 36.7918 4.45847 18.1878 0 1.16121 6.92773 18.0346 0 1.08164 10.1895 20.4922 0 3.89817 7.49828 20.7913 0 3.67754 9.93253 17.7312 0 6.7163 7.43881 17.414 0 7.09392 9.75774 20.8984 0 9.32934 6.70183 20.2481 0 9.78296 9.5684 18.1187 0 12.5014 7.26617 18.255 0 12.736 9.53033 21.0702 0 15.4192 6.87956 20.8707 0 15.4461 10.1346 17.5265 0 18.0073 6.90796 18.1676 0 17.9448 9.90658 20.2533 0 20.7773 6.64567 20.5223 0 20.6231 9.1924 17.7027 0 23.2615 6.64408 17.8799 0 23.2778 9.89985 20.6725 0 25.3332 6.9676 20.8339 0 25.8728 9.84879 17.4727 0 28.5272 6.80343 18.0936 0 28.837 9.59265 20.8359 0 31.3996 6.91913 20.6646 0 31.0212 9.48531 17.7139 0 34.0321 7.27428 18.1145 0 33.9822 9.88797 20.5601 0 37.3219 7.08629 20.9211 0 36.8495 9.85994 18.1427 0 1.06327 12.5809 17.4701 0 0.945973 14.8357 20.6961 0 3.84634 12.4752 20.2659 0 3.784 15.0292 17.4024 0 7.0757 12.6528 18.139 0 6.83309 15.168 20.5333 0 9.7306 11.8478 20.7375 0 9.80208 14.8635 17.8629 0 12.9703 12.5293 17.7612 0 12.173 14.7937 20.8238 0 15.0769 12.7631 20.6003 0 14.9357 15.3592 17.9318 0 17.747 12.9913 18.2006 0 17.595 15.3148 20.7478 0 20.3993 12.3747 19.9687 0 20.8019 15.289 17.23 0 23.2722 12.2786 17.6218 0 23.5728 15.0802 20.6162 0 26.3347 12.4483 20.4116 0 26.1427 15.0181 17.799 0 28.6068 12.4602 17.6593 0 28.6562 15.3173 20.2049 0 31.2976 12.2629 20.6367 0 31.0899 15.1471 17.2197 0 34.0594 12.4816 17.2511 0 34.2223 14.9831 19.8376 0 36.8046 12.3737 20.7261 0 36.5956 15.1924 17.3891 0 1.25916 17.8569 17.3657 0 1.24795 19.9643 20.5583 0 3.78265 17.6166 20.2865 0 3.93708 20.1103 17.3122 0 6.53706 17.7722 17.4003 0 6.27461 20.1684 20.1252 0 8.94953 17.9735 20.3543 0 9.55482 20.2767 17.6331 0 12.135 17.5346 18.2602 0 12.2539 20.4043 20.8497 0 14.6658 17.8277 20.5354 0 15.1981 20.6416 17.8279 0 17.6929 17.5982 17.6426 0 18.0453 20.662 20.4265 0 20.5517 18.028 20.3993 0 20.488 20.4781 17.4108 0 23.1849 17.3931 17.5907 0 23.2958 20.5133 20.1438 0 25.7125 18.0719 20.549 0 25.5985 20.6652 17.3892 0 28.3563 18.3274 17.6734 0 28.6856 20.7117 20.4228 0 31.3856 17.7148 20.3218 0 31.3116 20.8059 17.5642 0 33.7878 17.9535 17.5968 0 34.0597 20.6678 20.4944 0 36.3317 17.8409 20.051 0 36.7183 20.5322 17.2894 
0 0.970512 22.9115 17.4563 0 1.28688 25.5819 19.9374 0 4.13437 22.883 19.7688 0 4.18568 26.0536 16.8754 0 6.88821 23.2566 17.0886 0 6.70764 25.7901 20.3054 0 9.39961 22.9029 20.2579 0 10.0702 26.3973 17.7622 0 12.4283 23.0219 17.9179 0 12.2004 26.0716 20.4694 0 15.1866 22.9833 20.9397 0 15.2781 26.4534 17.5034 0 18.033 23.3994 17.7711 0 17.2215 26.0663 20.3093 0 20.2634 23.3368 20.4681 0 20.1873 26.1304 17.9347 0 23.2751 23.2164 17.8125 0 23.1235 26.1448 20.1941 0 25.9084 23.2292 20.7237 0 25.9233 26.0569 17.5194 0 29.0121 23.3835 17.3474 0 28.5175 25.9005 20.1891 0 31.465 23.264 20.1874 0 31.5402 25.6288 17.4772 0 34.319 23.3836 17.6876 0 34.0973 25.6196 20.8757 0 36.8469 22.5601 20.6579 0 36.7115 26.055 17.4684 0 1.12863 28.4756 17.2305 0 0.950523 30.5849 20.6353 0 3.79582 28.1919 20.5697 0 4.03467 30.6308 17.868 0 7.30981 28.9892 17.4807 0 7.05884 31.5985 20.0976 0 9.40449 28.5092 20.7105 0 10.232 32.0479 18.0086 0 12.5779 28.868 17.7359 0 12.3925 31.1859 20.7667 0 14.9197 28.8049 20.4444 0 15.2058 31.7386 17.8515 0 17.7745 28.9373 17.9552 0 17.7487 31.3468 20.7119 0 20.2355 28.715 20.3495 0 20.3653 31.8186 17.9653 0 23.2892 29.0851 17.7999 0 23.2943 31.956 20.6381 0 26.0907 28.8262 20.2962 0 25.7854 31.4689 17.9529 0 28.951 28.9801 17.8716 0 28.6161 31.6931 20.3097 0 31.5215 28.3302 20.3397 0 31.08 31.8426 17.7998 0 34.0523 28.3431 17.3357 0 34.2175 30.7459 20.7123 0 36.8017 28.2859 19.9313 0 36.6851 31.4269 17.5649 0 1.2444 33.7838 17.9103 0 0.920711 37.3088 19.9357 0 4.17311 33.3132 20.705 0 3.95367 36.4881 18.0509 0 6.77889 34.0034 17.6365 0 6.78085 35.9004 20.5928 0 10.0023 34.056 20.7713 0 10.0468 36.6715 17.8912 0 12.892 34.5958 17.6846 0 12.5636 37.0761 20.4947 0 15.142 34.0303 20.4633 0 15.6319 37.0266 17.533 0 17.7992 34.284 17.8254 0 17.6123 36.8874 20.4548 0 20.0258 34.3758 20.5805 0 20.4728 36.7722 17.6442 0 23.2393 34.1421 17.5664 0 22.8562 36.9933 20.4634 0 26.0579 34.1987 20.6535 0 25.8227 37.0876 17.9354 0 28.3619 34.4604 17.9793 0 28.7872 37.6958 20.5977 0 31.155 34.4677 20.735 0 31.1294 36.9996 17.8268 0 33.9881 34.4218 17.9389 0 34.7814 37.3194 20.1936 0 36.8922 33.6029 20.0877 0 36.8903 36.9555 17.421 0 1.38824 1.52834 23.6091 0 1.65755 3.98687 26.5046 0 4.24686 1.16509 25.7203 0 4.2012 4.28863 23.232 0 6.51752 1.17816 22.4835 0 6.87388 4.23126 25.7337 0 9.19331 1.48009 25.4561 0 9.33789 3.88968 22.9686 0 12.2806 1.64164 23.1229 0 11.9608 4.35644 26.0042 0 14.88 1.09729 26.044 0 14.8378 4.09718 23.4609 0 17.6273 0.840961 23.6523 0 17.635 3.91173 26.3376 0 20.369 0.99229 26.4443 0 20.2602 3.71967 24.0956 
0 23.0732 0.867528 23.5152 0 23.4139 3.89615 26.5768 0 25.7002 1.10287 26.3784 0 25.5371 4.00006 23.6611 0 28.644 1.85735 23.8144 0 28.7551 4.25422 26.4294 0 31.4766 1.4998 26.2324 0 31.3506 4.24245 23.9154 0 34.4169 2.02658 23.9181 0 34.1506 4.42964 26.4467 0 36.9796 2.17564 26.4463 0 36.8066 4.54615 23.5284 0 1.40576 7.33418 23.3193 0 1.54507 9.67006 25.8157 0 4.06209 6.71914 25.9228 0 4.57859 9.47812 23.6495 0 7.21317 7.14833 23.6427 0 6.97212 9.75866 26.3486 0 9.74395 7.27622 26.2654 0 9.65613 9.64523 23.4458 0 11.7242 6.38227 22.9064 0 12.5634 9.76803 26.4068 0 14.4919 7.00492 25.5781 0 15.6092 9.70521 23.2976 0 18.0686 6.732 23.5444 0 17.7724 9.89791 26.2192 0 20.2258 6.24451 26.681 0 20.1958 10.2988 23.083 0 22.7254 6.57874 23.806 0 22.8623 9.07536 26.2577 0 26.0177 6.68454 25.911 0 25.8199 9.76901 23.2576 0 29.0341 7.18144 23.6641 0 28.9829 9.56231 26.0773 0 31.4831 6.90767 26.6071 0 31.4796 10.5545 23.4135 0 34.0858 7.20222 23.0759 0 34.1171 9.40455 26.1491 0 36.9444 6.74773 25.8926 0 36.913 9.82573 23.5093 0 1.35347 12.1937 23.3608 0 1.174 15.673 26.3233 0 4.21997 12.1962 26.0953 0 3.69826 14.7908 23.2628 0 6.80494 12.6725 23.1266 0 6.74277 14.7255 26.4852 0 9.68289 11.9125 26.3627 0 9.6608 14.5897 23.5938 0 12.6695 12.1817 23.4503 0 12.1227 14.8301 26.0217 0 15.1975 12.388 26.4982 0 14.8221 15.077 23.3424 0 17.4529 12.5827 23.6163 0 17.937 15.0535 26.1482 0 20.666 12.5348 25.9021 0 20.6188 15.3272 23.0027 0 23.1841 12.4539 23.3079 0 23.6051 14.7399 25.9697 0 25.5901 11.8553 25.9383 0 25.7221 15.2869 23.2159 0 28.4453 12.5234 23.3059 0 28.8507 14.952 26.1509 0 31.8522 12.5995 26.3123 0 31.7103 15.1608 23.2719 0 34.3526 12.6695 23.3751 0 33.9006 15.5307 26.1032 0 36.8436 12.6476 26.3119 0 36.8436 15.0219 23.5133 0 0.87985 17.4761 23.0654 0 1.86266 20.4109 26.3826 0 3.97596 17.4553 25.9086 0 3.84645 20.3089 23.3272 0 6.69823 17.227 23.4488 0 6.75525 20.3035 25.7717 0 9.32152 17.3629 26.2715 0 9.33861 20.2693 23.0255 0 12.1188 17.6726 23.3284 0 12.1166 20.3278 25.8144 0 14.8053 17.4035 25.9724 0 14.9957 20.3627 23.6986 0 17.9707 17.9421 23.5585 0 18.2388 20.7919 26.0004 0 20.5878 17.8702 25.8063 0 20.7259 20.65 23.1037 0 23.0476 18.0267 23.2439 0 23.5261 20.5359 25.9502 0 26.0175 17.7705 26.1179 0 25.9421 20.7299 23.2651 0 28.5843 17.5897 22.8581 0 28.4854 20.4579 25.9092 0 31.3157 18.2999 26.198 0 31.1089 20.0593 23.1704 0 34.1726 18.2925 23.0374 0 33.8373 20.5387 25.8464 0 36.9825 18.0059 26.3443 0 37.0029 20.7622 23.5446 0 1.57436 23.2881 23.0175 0 0.83707 25.7023 25.9087 0 4.33995 23.3907 26.0974 0 4.11653 26.0236 23.6439 
0 6.1692 22.9217 23.1109 0 6.81347 25.8439 26.1064 0 8.96415 23.1851 25.6545 0 9.16544 25.5445 23.0701 0 12.1002 23.2497 23.4059 0 12.1155 26.2457 25.708 0 15.4716 23.2068 25.9825 0 15.0613 26.1011 23.2871 0 17.9156 23.4189 23.6069 0 18.2146 25.8594 26.3159 0 20.9149 23.3773 25.7742 0 20.8862 26.0067 23.4297 0 23.3359 23.5898 23.1976 0 23.6384 26.1559 25.901 0 26.5715 23.8411 25.3624 0 25.7248 26.2588 22.7857 0 28.9772 23.0834 22.9384 0 28.8213 26.3913 25.7062 0 31.2153 23.4055 25.846 0 31.2601 26.0995 23.0798 0 33.9287 23.3074 23.4699 0 33.9845 25.9234 25.8074 0 36.5608 23.325 26.144 0 37.334 25.4455 22.8385 0 0.867258 28.232 23.2283 0 1.29023 31.2794 26.7009 0 3.15064 28.3102 26.1497 0 3.81685 31.3398 23.4898 0 6.88476 28.531 23.1509 0 7.00109 30.9518 26.0341 0 9.5595 28.6165 26.0045 0 9.36181 31.5554 23.061 0 12.0676 28.4963 23.1463 0 12.3524 31.6302 25.97 0 15.0671 28.5111 26.2795 0 15.2207 31.8497 23.6072 0 17.4953 28.8061 23.3461 0 17.818 31.6817 25.6452 0 20.6926 28.7853 25.9841 0 20.7303 31.3686 23.025 0 22.8584 28.7743 22.7631 0 23.4477 31.5285 25.7291 0 25.8014 28.954 25.3475 0 25.6265 31.5558 23.0612 0 28.9448 28.742 22.7566 0 28.8714 31.4041 25.4307 0 31.838 28.7206 25.377 0 31.3944 31.6643 22.7337 0 34.4859 28.4266 23.2133 0 33.9812 32.0171 25.8542 0 36.8965 28.446 26.015 0 37.3162 31.2447 23.798 0 0.85388 34.3601 22.8458 0 0.803185 37.1742 25.8931 0 3.77445 33.895 25.8337 0 3.83181 36.9123 23.162 0 6.85478 33.9909 23.7671 0 6.85983 36.7757 25.9484 0 9.77747 33.8838 26.037 0 9.07406 37.0678 23.266 0 12.4807 34.2851 23.2481 0 11.7641 36.9123 25.5463 0 15.1107 34.5249 26.083 0 14.739 37.0262 23.2163 0 17.8274 34.5195 23.1437 0 17.7438 36.8001 26.3618 0 20.5673 34.0609 25.9706 0 20.5638 37.2002 23.6242 0 23.2052 34.9237 23.5692 0 23.2248 36.9607 26.3788 0 26.2015 34.4571 25.9042 0 26.0337 37.272 23.638 0 28.6012 34.2817 23.1728 0 28.7032 37.086 26.3492 0 31.5991 34.485 25.6881 0 31.9203 37.1309 22.7283 0 34.3294 33.7095 22.8053 0 34.1352 36.9842 25.7809 0 36.9778 34.3122 26.0685 0 36.9195 37.6536 23.2356 0 1.34117 1.11421 28.6894 0 1.73634 3.7262 31.3079 0 4.3497 1.21945 31.4218 0 4.62664 3.53008 28.7242 0 7.13016 1.09369 28.1548 0 6.69983 3.74677 31.6566 0 9.16468 0.659257 31.3898 0 9.20336 3.72442 28.5819 0 11.8738 1.43321 28.129 0 12.6487 3.78758 31.174 0 15.0183 1.31371 31.4829 0 15.0539 3.69333 28.6438 0 17.8007 1.08708 28.6632 0 17.4403 3.87676 31.7318 0 20.454 1.19225 31.6202 0 20.6214 3.90713 28.9594 0 23.1922 0.91581 28.8507 0 23.7627 3.93511 31.2571 0 26.1646 1.29673 31.7822 0 26.1431 3.87545 28.8309 
0 28.8607 1.3809 28.8099 0 28.9281 4.09322 31.9445 0 31.6 1.0718 31.8722 0 31.5434 4.15756 29.0081 0 34.2191 1.14886 28.5244 0 34.3427 3.95731 31.8931 0 37.2242 1.39466 31.3699 0 37.0322 4.37336 29.264 0 1.72315 6.66976 28.498 0 1.24314 9.88467 31.3682 0 4.1686 6.51417 31.3049 0 3.81103 9.63049 28.9698 0 6.56716 6.77317 28.6961 0 6.49968 9.06389 31.5295 0 9.3772 6.52758 31.6101 0 9.27687 9.26704 29.234 0 11.7306 6.57292 28.9559 0 12.2741 9.65761 31.8845 0 14.8633 6.87459 31.7028 0 15.1691 9.53726 29.0598 0 17.4069 6.43291 28.855 0 17.6549 9.61628 31.5808 0 20.2288 6.98746 31.3337 0 20.2097 9.38506 28.9195 0 23.2655 6.78173 29.0967 0 23.325 9.68452 31.7069 0 26.2059 6.67326 31.7316 0 26.4938 9.21646 29.1799 0 28.9732 6.91643 28.9716 0 28.8671 9.80817 31.6805 0 31.9458 7.06582 31.3758 0 31.7913 9.99094 29.0508 0 34.5232 7.02434 28.8228 0 34.4874 9.54933 31.5285 0 37.5345 6.96566 31.43 0 37.1939 9.9206 28.6595 0 1.01083 13.0319 28.6972 0 1.76181 14.9596 31.7878 0 3.9298 12.358 31.8276 0 4.12698 14.7604 28.772 0 6.67944 12.2032 29.3883 0 7.03313 15.0577 31.4912 0 9.5012 11.8672 31.8556 0 9.579 14.8781 28.6868 0 12.4077 12.3115 29.2991 0 12.2038 15.0909 31.6153 0 14.899 12.1955 31.4083 0 14.6736 15.2127 28.6919 0 18.2531 12.4482 28.8521 0 17.2886 15.5724 31.1779 0 20.7519 12.348 31.3371 0 20.6036 15.2695 28.6534 0 23.6069 12.771 28.9905 0 22.8986 15.4721 31.6813 0 26.3784 12.6303 31.1603 0 26.1511 15.2464 28.5914 0 29.0891 12.185 28.7967 0 28.5061 15.6452 31.1227 0 31.8404 12.1779 31.9783 0 31.7403 15.0996 29.2747 0 34.3521 12.8287 28.8676 0 34.2898 15.3713 31.6048 0 36.8986 12.584 31.5214 0 36.9316 15.5539 28.9526 0 1.08421 17.8391 29.1325 0 0.945437 20.3694 31.6018 0 4.61767 17.3745 31.3389 0 3.99576 20.9227 29.3144 0 6.5842 18.0711 28.5214 0 6.87561 20.4777 31.4157 0 9.63469 17.6545 31.5084 0 9.4179 20.2917 28.6439 0 12.3189 17.9908 28.5619 0 12.3512 20.7421 31.2726 0 14.8261 17.9883 31.3886 0 14.785 20.6535 28.5779 0 18.0683 17.7235 28.2472 0 17.7964 20.9205 31.3134 0 20.1893 17.7623 31.2294 0 21.0247 21.1011 28.7807 0 23.551 18.064 28.6526 0 23.8754 20.554 31.4966 0 25.8274 17.8385 31.5078 0 26.1032 20.7484 28.9479 0 28.8222 18.1496 28.7058 0 28.515 20.1515 31.7414 0 31.4467 17.8999 31.7663 0 31.352 20.861 28.9129 0 33.6344 18.2286 28.6487 0 33.9746 20.552 31.5086 0 36.82 18.2461 31.6811 0 36.6798 20.7421 28.6373 0 1.03268 23.1658 28.7588 0 1.3977 25.373 31.5156 0 4.14365 23.2508 32.3508 0 4.10178 25.0276 29.0413 0 6.91802 22.7521 28.5629 0 6.61275 25.7909 31.49 0 9.12697 23.2994 31.3112 0 9.39505 25.5265 28.5283 
0 12.2649 23.1581 27.9835 0 12.1507 25.9333 30.9485 0 14.7916 23.2758 31.3123 0 15.0394 25.7411 28.6089 0 18.7045 23.6798 28.8037 0 18.026 26.2294 31.3428 0 21.1863 23.0583 31.7343 0 21.2104 26.181 28.5394 0 24.0825 23.5804 28.4112 0 23.5838 25.8801 31.4142 0 26.5168 23.4532 31.3188 0 25.9617 26.4476 28.2603 0 28.695 23.7043 28.258 0 29.0285 26.0462 31.3482 0 30.8634 23.0002 31.9693 0 31.4252 26.3326 28.7606 0 34.0311 23.8474 28.9615 0 34.3219 25.4542 31.7933 0 36.7414 23.124 31.5467 0 36.7229 25.8039 29.0047 0 1.10146 27.8903 29.1866 0 1.67763 31.1185 30.8451 0 4.01858 28.4577 31.393 0 4.36518 31.4341 28.3486 0 6.37455 28.1128 28.539 0 6.68306 31.0818 31.5396 0 9.35834 28.5012 31.3679 0 9.73703 31.2432 28.7042 0 12.3252 28.5657 28.7052 0 12.2947 31.5468 31.4773 0 15.2216 28.8712 31.0776 0 14.8934 31.509 28.3922 0 18.2139 28.8057 28.8411 0 17.8828 31.6446 31.5465 0 21.3109 28.6188 31.5898 0 21.0704 31.3369 28.6706 0 23.3873 28.8989 28.3766 0 23.6883 31.1551 31.5459 0 26.4875 28.3987 30.9803 0 26.2663 31.4103 28.1403 0 29.3075 29.1215 28.1642 0 29.0384 31.2165 30.8981 0 31.5368 28.8263 31.3233 0 31.7311 31.8529 28.5837 0 34.0896 28.9111 28.5775 0 34.1997 31.1893 31.2545 0 36.7595 28.5029 31.2509 0 36.9091 31.2939 28.8161 0 1.41519 34.013 28.5838 0 1.44585 36.813 31.1247 0 4.30681 33.6968 31.0234 0 4.2636 36.8992 28.616 0 7.11708 33.7577 28.7706 0 6.84483 36.4115 31.1549 0 9.33178 33.96 31.7226 0 9.46576 36.707 28.7067 0 12.1366 34.1923 28.9539 0 12.1311 37.075 31.1553 0 15.4254 33.7533 31.5613 0 15.2007 36.8187 28.9408 0 17.9949 33.545 28.614 0 17.9635 36.3049 31.5829 0 20.6488 33.8109 31.3821 0 20.4624 36.5536 28.9144 0 23.7662 34.1153 28.4583 0 23.2954 36.6042 31.6177 0 26.531 33.9724 31.2583 0 25.9266 37.1472 29.142 0 28.8541 34.193 28.651 0 28.7251 36.6999 31.5725 0 31.5064 34.2313 31.354 0 31.3779 36.6759 29.0591 0 34.4599 34.3536 28.3658 0 34.4026 37.1679 31.7565 0 36.6946 33.6912 31.3083 0 37.0936 36.8928 28.8893 0 1.09382 0.954595 34.3679 0 1.31441 3.99137 36.649 0 3.85584 0.973091 36.9026 0 4.20598 3.77893 34.6762 0 6.91149 1.0962 34.6454 0 6.86076 3.72905 36.9648 0 9.47933 1.12223 36.8874 0 10.2635 3.78745 34.0146 0 12.786 1.00131 34.1003 0 12.1196 3.35194 37.0862 0 14.8783 0.519093 37.0759 0 15.2771 3.80027 34.8419 0 17.674 0.931156 34.521 0 18.1322 4.12042 36.6831 0 20.7601 0.755746 36.8142 0 20.483 3.43966 34.0832 0 23.9009 0.913379 34.2729 0 23.2871 3.76121 37.055 0 25.8295 0.96488 37.0545 0 26.2726 3.76267 34.2195 0 28.5446 1.22125 34.581 0 28.4226 4.08614 37.1076 0 32.0064 1.12061 36.8577 0 31.2088 3.94397 34.1032 
0 34.2001 1.15372 34.2975 0 34.8275 4.0925 36.9043 0 37.0709 1.02322 37.0078 0 37.3968 3.72041 33.9562 0 1.44138 6.8475 34.0345 0 1.70536 9.33437 37.1343 0 3.88599 6.68633 37.012 0 4.08522 9.38605 34.1023 0 6.99969 6.5185 34.2072 0 6.72883 9.30579 37.1428 0 9.668 6.10424 37.0685 0 9.44551 9.31628 34.9406 0 12.2445 6.73646 33.952 0 12.5407 9.51544 37.3554 0 15.1562 6.44336 37.579 0 15.072 9.88224 34.5139 0 17.2842 6.85336 34.4301 0 17.282 9.25343 37.0787 0 20.5729 6.58439 36.6166 0 20.0888 10.1974 34.1553 0 23.1831 6.61337 33.6417 0 22.5007 9.90473 36.5782 0 25.6375 6.79914 36.3425 0 26.499 9.90633 34.0209 0 29.0194 6.84088 34.2375 0 28.7458 9.72523 36.6999 0 32.1028 6.46332 36.831 0 31.7787 9.16986 34.3311 0 34.9087 6.66398 34.3267 0 34.2926 9.59333 37.1037 0 37.3585 6.75284 36.7951 0 37.3222 9.56392 34.4929 0 1.46069 12.3502 34.3433 0 1.53918 15.2075 37.257 0 4.30673 11.8731 36.7504 0 4.17986 15.292 34.6249 0 6.85924 12.3658 34.2238 0 6.93653 14.2622 37.0525 0 9.63795 12.1858 37.0812 0 9.37826 14.7399 34.1048 0 12.2527 12.3412 34.2591 0 12.2593 15.6795 36.9008 0 15.0287 12.5629 37.1966 0 15.1281 15.2395 34.1783 0 17.6431 12.5023 33.6853 0 17.4757 15.3397 37.103 0 19.9829 12.9145 36.9234 0 20.1113 15.4267 34.5152 0 22.9508 12.7039 34.0069 0 23.2567 15.2141 36.7713 0 25.8019 12.2156 36.5454 0 25.7083 15.0008 33.9392 0 28.7045 12.5107 34.4482 0 29.1511 15.0356 37.4552 0 31.633 12.4354 36.8956 0 31.3761 15.0402 34.0948 0 34.8638 12.6114 34.3728 0 34.1896 14.999 36.6697 0 37.0711 11.8731 37.1885 0 37.394 15.4444 34.1981 0 1.26706 18.1322 34.2631 0 1.21228 20.7317 37.2658 0 4.4828 17.8672 37.6151 0 4.01531 20.4662 34.5868 0 7.00304 17.7468 34.6871 0 6.92657 20.5159 36.7982 0 9.82543 17.9969 36.8755 0 9.67404 20.5154 33.773 0 12.3493 18.0172 34.3262 0 11.8462 20.9874 36.4064 0 14.6418 18.1961 37.1416 0 14.9656 20.3474 34.2069 0 17.6025 17.8661 34.5471 0 17.6777 20.6932 37.0455 0 20.7028 17.9878 37.0634 0 19.9157 20.6285 34.2485 0 22.8855 18.3111 34.234 0 22.9111 20.6693 37.0745 0 25.951 17.5842 37.0999 0 25.7371 20.6872 34.4959 0 28.5372 17.7253 34.302 0 29.0058 20.0575 37.481 0 31.5467 17.3512 36.9686 0 31.4488 20.4461 34.7233 0 34.3455 18.0715 34.4497 0 33.9979 20.3886 37.1659 0 36.9311 17.9748 37.2796 0 36.7322 20.7787 34.4125 0 1.31705 22.8933 34.2465 0 1.61723 25.6501 37.145 0 4.32403 23.2129 37.2671 0 4.22902 26.2376 34.4217 0 7.12844 23.3678 34.58 0 7.15691 26.3325 36.8841 0 9.60911 23.6176 36.9833 0 9.74407 25.9079 33.8188 0 12.0903 23.5191 33.7786 0 12.699 26.2571 36.4933 0 14.4508 23.2562 37.0128 0 15.1488 25.6796 33.8541 
0 18.0328 23.4442 34.0144 0 17.6194 26.0509 36.8803 0 20.0798 23.3464 36.863 0 20.9569 25.9694 34.1857 0 23.9182 23.5811 34.4215 0 23.5169 26.2221 36.8836 0 25.6019 23.2764 37.2673 0 26.6564 26.3012 34.2337 0 28.3558 23.0386 34.4851 0 29.0138 26.0864 37.1232 0 31.2861 23.0544 37.3234 0 31.3486 25.5191 34.5702 0 33.9527 23.1127 34.8608 0 34.4001 26.077 37.6225 0 37.1119 23.5658 36.9765 0 37.3005 25.8355 33.9427 0 1.44674 28.365 34.0631 0 1.20457 30.9401 36.6156 0 4.20031 28.6316 36.8299 0 4.19036 31.1993 34.1446 0 7.16397 28.7779 34.2843 0 7.03111 31.4347 37.1109 0 9.78073 28.5228 36.4369 0 9.53694 31.3278 34.2281 0 12.4253 28.2896 33.5296 0 12.3059 31.4157 37.0534 0 14.8881 29.035 37.0905 0 14.8585 31.4085 34.0589 0 17.4684 28.6559 34.0565 0 17.906 31.1875 37.0517 0 20.3473 28.4432 36.9328 0 20.5271 31.1392 34.6099 0 23.9829 28.6435 34.1021 0 23.5008 31.456 36.872 0 26.5321 29.0853 37.1924 0 26.8307 31.2871 33.4769 0 29.3409 28.8027 33.9336 0 29.4049 31.1673 36.9942 0 31.9801 28.5485 37.4839 0 31.4048 31.7377 33.8934 0 34.1143 28.399 34.4467 0 33.9004 31.2357 37.0061 0 37.308 27.8093 36.6534 0 36.8126 30.743 33.964 0 1.38957 33.8747 33.3717 0 1.27152 36.6057 37.2823 0 3.9115 33.8406 36.9339 0 3.85506 36.1283 33.727 0 6.81348 33.9307 34.4563 0 6.61075 36.699 36.7609 0 9.54316 33.9496 36.8745 0 9.33412 36.6453 34.0627 0 12.2231 34.3475 33.8497 0 12.0374 36.5133 36.8906 0 15.2927 33.9656 36.9097 0 15.3628 36.7514 33.9567 0 17.7991 33.7237 34.4389 0 17.9457 36.493 36.9621 0 20.4456 33.7858 36.9322 0 20.4432 36.3448 34.5308 0 23.748 34.0214 34.3322 0 23.5087 36.7085 36.91 0 26.2011 33.6884 37.2066 0 26.0416 36.6873 33.9134 0 28.9733 33.9663 34.6355 0 28.9561 36.8995 36.9626 0 31.7005 33.9268 36.8649 0 31.6411 36.9151 34.5676 0 34.311 33.8285 34.3932 0 34.4333 36.2506 37.3239 0 37.2879 34.0164 36.7765 0 37.3983 36.6525 34.2979 
0.698768 0.6601 -2.25747 -0.296949 -2.37065 3.42606 -2.41821 -0.349 0.463768 -0.343396 0.0290274 0.114869 0.662257 1.3001 1.30876 0.980676 -0.242731 -2.14756 -0.498219 1.97407 2.0437 -0.427015 2.55605 0.541423 0.854226 -0.779461 0.470051 -0.807187 -0.0040904 -0.772711 -0.572149 1.01692 -0.268314 1.17624 0.113291 -1.17725 -2.58625 -0.960253 -2.09245 -0.413795 -0.819125 0.988469 0.768719 0.834349 -1.89713 0.970355 -0.621263 0.63097 1.40373 0.735808 0.836765 -0.610899 0.645312 0.786657 -0.903784 2.78282 -0.547046 2.55669 -1.16781 -0.937593 -0.0309827 -0.291618 -1.92152 -0.16819 0.54613 -1.42169 1.64836 0.662909 0.608643 1.12931 -0.365953 0.88412 -0.837724 -0.83608 -0.171983 0.474743 -0.31514 -1.81821 1.89064 -0.59241 -0.928536 2.20789 -1.27764 -0.386346 -0.629689 -0.0202053 -0.0536369 -2.74951 2.56242 1.31704 -0.576985 -0.218794 1.09033 0.623744 2.12179 -0.968697 -0.545169 0.0159209 -0.807486 0.176727 1.27804 1.13461 -0.169185 0.0987593 2.80114 -0.871579 1.17679 -0.140639 -1.09156 1.16095 -0.00739353 2.3016 -0.575694 -0.275429 0.0723607 -1.06027 -1.00767 0.998274 1.08098 0.725254 0.480522 1.80749 0.706735 -0.845426 1.03392 0.138119 0.032053 -1.9228 1.12456 1.49203 -0.130537 -0.567831 -1.2157 -0.452042 -1.55895 1.24025 -0.244744 -1.04902 2.23993 -0.726578 -0.265541 -0.494201 1.1095 0.103597 -0.532441 0.485528 -2.09388 -0.34093 -0.626371 1.61482 0.287604 1.83158 2.38721 0.426315 -0.0682285 -1.25278 -2.71168 -1.04018 0.0769759 -0.0935672 2.29954 -0.173775 0.00231743 1.01041 1.52836 0.436293 -0.344593 -1.10631 0.021669 -3.75079 -0.504876 -1.10098 -1.17702 -0.0467599 -0.539353 -0.0309869 1.20236 0.537264 -0.95631 1.84947 -1.55668 0.855113 -0.105777 -0.124748 -0.932565 1.64916 1.03743 1.95602 0.0320576 0.618999 -0.267602 -0.561999 0.0244808 -1.09305 0.249997 -0.245656 2.03654 1.17927 0.754666 -0.0730048 -0.497121 2.41569 -0.952847 -0.193934 -0.0954606 0.645329 1.86904 -1.7098 0.752526 0.0248533 -0.0627022 0.0847715 -1.47771 -1.89139 0.650514 -1.85084 0.688528 -0.300176 -1.62551 -0.991763 -0.241354 -1.96267 -0.293362 1.29388 -1.3671 2.40776 1.35731 1.3146 -2.57748 -1.01091 -0.603127 0.0895232 1.38362 1.12243 1.72865 -1.35402 0.360823 0.179384 0.113906 -0.788389 0.643195 1.30509 3.10854 -3.41113 -0.849467 -0.674987 -0.0935924 1.08967 -0.14586 1.35249 0.377135 -0.177 -0.779829 -0.935565 0.269768 0.734629 -1.03685 0.988648 1.35738 -0.205816 -1.71542 1.00543 -1.28615 0.0292081 0.20731 -0.844894 -0.249892 1.58561 1.37395 -0.22697 -1.70044 1.21846 0.624869 1.42293 0.874638 -1.51328 0.44196 1.37921 -0.941319 -2.03766 0.625167 -0.321195 -3.2504 0.0332949 2.55004 -0.0413518 -1.01886 -0.953443 -0.207675 -0.738883 2.20929 0.899535 -0.978606 -1.33862 -0.878615 -0.102361 0.663278 -0.207977 -0.977078 2.85261 
1.38658 -0.642542 3.87344 -1.9371 1.35658 -0.465574 0.461409 1.39923 1.92127 -0.913133 -0.423789 -0.62091 1.49548 0.592654 1.41714 2.07479 0.612857 0.525544 2.13963 0.0886579 -0.234734 1.11592 -0.755898 -2.40336 1.82274 1.0904 -0.153308 -0.666102 -0.237677 0.658439 0.109771 -2.13462 2.20051 0.691542 0.132845 0.39236 -2.24402 0.119949 1.91174 -0.223115 1.06926 0.699619 -1.24067 -0.224612 0.399197 0.316344 -1.11461 0.584904 0.960799 -0.00628587 -0.025495 0.279503 0.08389 0.966997 -1.65498 0.822471 2.54386 0.313117 -1.13147 -1.14996 0.32152 0.405893 -0.588059 1.60778 0.983221 -1.58054 1.06561 1.3336 -2.15455 2.94578 -0.55059 0.264716 -0.776301 0.764776 -1.68166 2.23786 0.0946882 0.799947 0.189203 0.648214 0.452024 -1.65766 1.62888 -1.16725 -2.10952 -1.04374 -0.0192206 0.733496 -1.07401 -0.292938 -0.902201 0.131665 1.25599 1.3601 -0.500784 -1.54073 -0.809412 -1.4972 -2.10361 2.16276 -0.917533 1.57697 -0.233103 1.02622 -3.46566 0.304034 0.867501 -3.51322 1.77164 -1.49668 1.31513 -0.733803 -0.877587 -0.680011 -1.09959 -0.0447662 -0.556038 0.237701 -1.17993 -0.495221 1.85953 -2.46646 -1.31571 0.31628 -1.04782 -0.427353 0.920028 1.10844 1.17997 -0.976708 -1.71486 1.02923 -0.353751 0.907922 -1.37143 -0.999587 -0.714997 0.841236 1.54369 -0.102057 -0.207879 -1.08657 -0.703059 0.270203 0.695131 2.43705 1.78321 0.660913 0.277856 -1.26047 3.11692 -0.538323 -0.659827 0.403633 0.487939 0.462818 1.13077 -0.0718102 -0.30343 0.584347 -0.194515 1.51528 1.91054 0.453912 2.63233 1.33133 0.800018 -1.2688 -1.1918 -0.109234 -1.13308 1.87605 -1.80362 -2.38428 1.98509 -0.852718 0.88891 0.694819 2.19292 0.841607 -1.23484 1.28095 -1.89122 0.122293 -0.568372 -1.08306 0.823648 0.753335 2.65864 -2.92502 -0.391466 -1.1646 1.02661 -0.324492 0.541567 -1.13534 -0.116291 -1.17433 0.260487 -0.750628 -0.420257 -0.391451 -1.17364 -1.59441 -0.71097 2.32274 0.15103 -0.29525 -0.678983 -1.72358 1.07017 1.10685 -0.76777 0.60794 1.55265 0.47433 -1.75529 -0.922782 -1.29123 -0.734892 -0.963022 0.376391 -1.76132 0.0888858 -0.685671 0.896885 -0.232669 2.45298 1.16599 0.072319 -1.64322 -1.82079 -0.180555 -0.244086 -0.196622 -1.08799 0.723508 -3.01167 -1.77373 -0.888194 0.243692 1.21152 -1.02367 -1.47754 -0.819759 -0.882083 -2.23173 -1.88829 -2.45862 0.0590047 -0.950279 -1.93393 -1.32 0.191642 0.212795 -0.123344 -1.03334 -1.40822 -2.78206 -0.0153606 0.278618 -0.32032 3.71559 -2.21764 0.400768 0.235269 2.18917 -1.56562 -0.0824283 2.00406 -1.09251 -1.64217 0.00176002 0.461516 2.81625 -1.27648 -0.552831 -1.39757 -0.970828 -1.90062 0.511389 -0.18949 -1.18969 0.974069 2.06517 0.107219 1.97187 0.95584 -2.45555 1.96329 0.667563 0.8958 1.86546 2.65507 -1.635 -1.66335 1.35481 -0.348111 1.30812 -0.857131 
0.152237 -2.00601 -0.994187 -1.23682 -1.29891 -2.30314 2.50683 -2.15289 2.63882 -0.242078 0.625732 0.549064 0.61595 1.69935 -1.96691 0.980245 1.89971 -1.24989 -0.221003 0.800794 0.254921 -1.38334 1.11076 -0.320524 -0.27753 0.0672456 -0.804554 1.13383 -1.44056 -1.09772 -1.5982 1.6038 1.46128 -2.14097 0.448611 0.198461 0.312148 0.931175 0.173129 -0.735479 -0.271945 -0.211489 0.445776 0.46974 0.472741 1.34763 -2.53366 2.36326 -0.63427 0.75027 1.72472 1.19871 0.601872 -0.655747 -0.781524 1.42126 -0.169663 0.335219 0.0638011 -0.955824 -0.638775 -2.5789 -1.33811 -1.20028 -0.646061 -0.421884 1.77664 1.09498 1.16372 -0.215689 -2.44796 0.293191 0.82749 -1.53532 -2.11003 0.0632433 -0.685052 1.42438 1.11755 0.842023 3.88325 0.52458 0.932601 -0.598852 1.4622 0.948327 -0.955723 -0.836767 0.393688 -0.787464 0.184151 -2.22636 0.59083 -0.442396 1.02474 -1.44346 2.11724 0.58594 0.361893 -0.794579 -2.42939 0.853727 -0.0826048 2.34667 -0.194304 -1.47564 -0.71327 -1.04904 -1.6221 1.64559 0.874301 -0.641894 -1.49661 -0.806238 1.11643 0.570009 0.843732 0.929695 -2.60938 -0.811188 -0.280609 0.596227 -0.606388 -0.124449 -1.39572 0.477885 -0.0224543 1.2199 0.519802 1.05925 0.122776 -0.919322 0.731499 0.407081 -1.18684 -1.11695 1.83289 1.19458 -0.577966 1.26663 -0.105475 1.96519 0.830499 1.09093 -0.769129 -1.53461 0.237532 -3.71292 1.04817 -2.4059 -0.89768 -0.534439 -0.207349 0.709301 0.0258915 -0.788589 0.657244 0.108577 -0.346481 -1.0882 -2.22286 -1.33636 -0.17156 -1.63374 -0.631706 -1.43557 1.63322 -1.90704 0.434412 -2.28888 -0.254247 -1.79975 0.973976 1.98848 1.8796 -0.391285 -0.171588 0.186415 1.82838 -1.33527 0.0555833 -0.693916 0.296524 0.830266 0.634297 0.644173 -2.19981 -0.167095 0.187329 -0.168392 -0.183975 1.03855 1.31587 -2.24508 2.12151 0.122871 0.41312 0.775407 -0.545752 -1.53963 -0.573859 -0.106681 -0.817767 0.513576 0.346799 -0.01019 0.0557602 -2.86948 0.611292 0.58833 1.95993 0.387729 -1.40858 -1.14579 2.97213 0.0368073 2.52933 -1.33094 -1.20686 -0.674771 -2.61361 1.74527 -2.45997 -1.44881 -1.61319 -2.50147 1.52801 -0.25531 -0.270017 -1.45982 -0.408387 -1.61973 -0.903444 -3.71893 -0.420262 -0.652275 -0.749227 2.53951 -1.93296 -1.01754 -0.740886 0.461671 -0.345462 1.32021 -0.419762 0.0908105 -0.285898 -2.0836 0.797696 -2.16022 -2.0466 -0.139306 -1.36364 -3.28323 -0.860275 0.782563 0.928236 1.48677 -0.319053 0.623225 -2.41095 -1.31429 0.208946 -0.256905 -1.90257 1.95421 -2.17141 0.744126 0.396964 -1.41262 -1.62899 -1.51258 1.60088 -1.2664 -0.0221328 -0.754445 0.183666 0.334905 1.15718 -1.15587 0.127788 -0.236195 -0.429869 -2.44603 0.822796 -1.86268 0.487632 -1.70499 -0.496705 0.181393 -1.15486 1.90633 0.136318 -2.51785 1.27513 -1.13321 -0.976046 0.392259 -0.653411 0.115773 
0.731417 -1.7556 0.166531 0.911346 0.117318 0.182903 -0.479589 -0.928215 0.759381 -1.14922 -0.813424 -0.941713 -0.851246 -2.49314 -0.835916 1.97737 0.422662 -0.125197 2.35038 -0.515495 0.88789 -0.96267 -0.393878 -0.710335 0.797705 1.95953 -1.35698 0.46836 -1.10396 -0.555269 1.20174 1.34598 1.289 -0.506715 2.27019 -0.703793 0.619231 0.56952 0.319328 1.36898 1.89901 -1.19635 1.28505 -0.0830953 -0.637853 2.20805 2.779 0.905317 2.23411 -1.29806 -3.92923 -1.04852 -0.297989 -0.506968 -0.504117 -1.25975 0.63815 -0.860336 -0.0475656 -0.61722 0.12917 -1.39462 -2.64997 -1.14333 -1.06316 -0.0681089 -0.94264 -0.129694 0.682024 0.379923 -1.10198 0.149537 -1.58683 -2.62883 -0.744391 1.02997 -1.42296 0.706082 -0.935188 -0.504883 0.0139453 -0.32973 -0.328284 -1.07876 1.06212 -0.631684 0.702053 -0.924595 -1.22958 0.719469 0.269417 -0.861034 0.821604 1.53696 1.53723 -2.67009 1.34031 0.96578 -1.26405 -0.450784 -3.71627 0.938887 1.1989 0.250823 0.732633 2.02908 1.17373 2.96878 -1.07814 0.954327 0.826069 -0.284462 -1.44962 1.54174 0.942871 0.92716 -0.0844412 1.09307 0.459859 1.22034 -0.881278 -2.06388 -0.0561869 0.51101 -1.13205 -2.50249 0.0572872 -0.296569 1.19387 0.103395 0.315183 0.997769 -1.13375 0.96527 0.277741 -2.06749 0.401774 0.264179 -1.34919 -0.524087 1.42546 1.36049 0.69809 -2.14408 0.924381 0.0251284 0.971353 0.227977 -1.05882 0.434865 1.52424 -0.619606 1.72495 0.0836416 1.00377 -3.29846 -2.97924 0.310028 1.26911 -0.0285315 3.47721 -2.42198 -1.99029 -1.16947 0.641538 0.600362 -1.08443 0.0556738 1.82686 1.16188 -3.07526 0.515176 -1.09982 -1.92985 2.37749 0.244825 0.276662 1.00604 0.196206 -0.242635 0.945348 0.713505 1.13049 -0.873119 -1.79962 -0.18225 0.83454 -0.79338 3.21093 -1.039 -1.0101 -0.521199 1.28916 -1.45703 0.835589 -0.400092 -0.164819 -1.65114 1.992 0.192008 -0.166612 1.30686 -0.410802 -0.610968 0.94275 -0.874489 -0.354329 0.117429 1.32244 -0.756511 0.918307 0.625708 0.957601 -1.26139 0.389284 0.493753 0.841382 -2.3592 0.425803 -0.15135 0.139103 -0.596883 0.101447 -0.899833 -0.143271 -1.50877 -0.859654 -1.72281 -0.899937 0.0811851 -0.271115 -2.41272 0.514319 0.915714 0.495222 1.75014 2.22507 2.81173 -1.44902 2.41705 -0.25051 1.46695 0.6574 0.130333 -0.487786 -2.1688 -0.11231 0.0561329 2.00295 1.56236 0.944246 -1.29764 -0.609465 -1.82575 0.833982 0.864991 0.782284 -0.145685 -1.63647 -1.91495 -1.10752 -0.907999 1.96399 1.83708 -0.959398 -0.40912 0.586492 1.58085 0.717921 -1.03888 -3.21171 -1.58144 -0.8626 1.29709 -1.70901 0.692013 0.855848 4.31962 -1.88436 -0.532091 -1.16347 -0.537388 0.349763 1.73288 -0.907155 2.60974 -1.08137 -0.192087 -0.492233 0.521352 0.753029 0.714758 -1.80832 0.644141 0.438809 1.26106 -0.446839 0.637081 1.73588 -2.86054 
1.75484 1.08733 3.46605 2.04198 0.428426 0.282727 1.23907 -2.11606 0.12456 -0.51084 -0.25629 -0.559743 0.98324 0.286428 0.0476014 -1.16033 4.0284 -1.78292 0.60861 0.00565976 1.35519 1.56262 1.22688 0.707709 0.502896 -0.337463 1.24031 -1.74547 0.593154 0.217725 1.08394 -1.38883 -0.130026 -1.41318 0.352515 1.51122 1.40051 0.0579443 -0.0968291 1.38894 0.39723 0.38207 0.848568 -2.77325 1.78951 3.45028 0.745356 -1.00396 -0.114694 -2.71524 0.111196 1.46081 4.02591 0.131818 2.0354 -1.4486 -0.12776 1.83525 0.698339 0.0535412 -0.197247 1.44206 -0.132825 0.426778 0.0842835 0.563232 -2.43687 -0.878574 -0.751607 -1.76608 -0.926707 0.850753 -0.926598 0.52958 1.93314 0.220168 0.610051 0.396455 1.3405 0.792874 1.86023 0.715778 0.453734 -0.136449 0.0581083 0.529699 0.868746 0.47513 1.91705 -0.573274 -1.65376 -0.725471 3.03882 0.17569 1.34137 0.709841 -0.853401 1.04057 -1.697 1.09117 0.808237 0.423763 -0.661061 0.863824 0.898047 -0.312971 0.0781381 0.806841 1.02145 0.795871 -1.16143 -2.62612 1.63408 -0.724832 -2.0382 -0.404671 -0.624397 0.939242 0.467914 1.15871 -0.640762 0.133855 -1.758 -0.675086 0.541017 -0.532402 -3.39647 1.85839 1.36299 -1.20593 1.21979 -1.30737 0.698266 -0.742979 -1.05389 -0.73462 0.993652 -2.74595 0.229728 -1.25651 -1.53139 -0.298406 -0.649708 -0.000855738 0.849441 -3.45925 1.04929 -0.303404 -1.40504 -1.03627 2.52929 0.33131 -0.881011 0.898642 -1.4138 -1.60432 -1.26455 -1.11761 -1.19823 -0.172843 0.404665 -0.95061 -0.287632 -0.0894662 -0.700992 3.79521 -2.1816 0.57988 -1.7566 1.19038 0.520282 -1.11493 -2.36067 -1.04936 -0.0647736 0.100594 -0.170082 0.661631 -0.0695657 -1.69876 -0.117749 -0.119185 -0.898366 0.162822 -0.388916 -0.689108 -0.779098 -2.17236 -1.4518 0.388026 -1.59631 -1.22104 -1.63306 1.52564 0.667708 0.29657 0.927445 -0.821359 1.90843 0.253942 3.48697 -2.15905 -1.76296 -2.2403 -1.87529 -0.976863 -0.309463 -3.64126 0.347933 -1.28642 -1.5472 3.159 2.55237 0.537893 -0.949654 1.37441 2.01087 1.27197 -2.40924 -0.724729 0.317822 0.502446 -0.088689 -0.628142 0.775599 -0.0082687 1.23795 0.188554 0.743396 0.404672 -0.864018 0.131308 0.817556 0.557404 -0.610671 0.0877608 0.966681 0.567512 2.33707 0.703961 1.98935 0.350474 1.96513 0.0146491 -0.178746 -3.32999 0.57547 -0.870401 -0.0203859 0.992866 -0.0468682 0.178183 -2.04164 0.892447 0.915354 -1.14885 -0.103802 1.31895 -1.81035 -0.715855 1.40842 -2.22753 1.47914 -1.32826 1.7077 -0.498546 0.963377 -1.08488 0.442848 1.61789 0.991717 -0.918831 0.957189 -0.70441 3.41084 -1.18251 -0.159397 -0.699816 -2.23296 -0.336148 0.447578 -1.09315 -0.993121 -0.980107 -1.29247 1.52544 0.265761 0.113677 -0.598694 -1.47042 1.76611 0.725348 -0.604893 -0.984535 -3.86499 -0.775089 -0.693354 -0.503416 0.795911 -0.207431 
-1.80114 1.73522 1.80955 -1.31284 1.8868 -1.5305 -1.20213 0.81346 -1.11048 -0.820239 0.731068 0.267696 0.51471 -1.23156 1.47919 0.759847 0.641259 -0.155753 -0.0576844 -0.954942 1.52302 -1.16312 0.958191 1.57311 -0.841992 1.52125 -1.71434 -1.09338 -0.906256 -0.60117 -0.54124 -0.10339 0.392113 -0.173697 0.528507 0.637357 -1.22322 -0.835971 -1.46082 2.00427 -2.49865 -0.521598 0.180763 -1.36377 1.4361 0.168807 0.497561 -0.778247 -0.352196 -2.19111 0.0795581 -0.167993 1.93833 -1.83498 2.19283 1.73454 -1.10587 -2.56562 -0.356939 -0.0566699 -1.00623 -0.304272 -1.00812 -1.35094 -0.0224036 -0.279039 2.02426 -1.15052 0.935621 -1.23342 0.358644 1.40801 0.683837 0.032537 0.862214 -1.70572 -0.519094 -0.595144 0.337909 -0.808948 1.98637 1.12945 0.326998 -0.368392 0.385685 0.62305 -0.77068 -0.946507 1.36927 -1.54487 0.647596 -0.63139 1.42043 1.27092 -0.461399 -1.26704 -2.01153 0.35125 0.0513062 2.03344 -0.247514 1.27289 0.0331538 -0.608123 0.261845 -0.422111 1.54569 -0.464823 1.84326 -0.304786 -1.16499 0.472063 0.859648 -2.57634 -0.11449 -2.41182 1.38327 -1.36561 -0.802568 0.794867 -1.81053 0.845079 -1.14924 -3.07719 -1.82022 -0.400498 0.173268 0.596151 1.27379 -1.09119 -1.32001 -0.665006 -0.657807 0.86748 1.16854 0.773466 -1.88227 3.7159 1.05265 2.13245 1.95473 0.422505 2.6798 2.01878 0.330541 -1.07755 -0.895717 0.159653 1.22013 0.492867 0.237819 -0.161931 1.94867 -1.44825 0.721557 1.35806 -0.348156 -0.763577 0.867444 0.22302 4.29181 -0.136229 -1.10337 0.515241 0.583624 -2.59263 -0.00189898 0.750746 0.0416089 -1.78086 -0.082734 2.82238 1.0272 -2.42654 0.678707 -1.1285 -0.296547 0.777904 -1.38485 -0.0611013 -1.36771 2.38171 -0.598882 1.90172 0.443753 0.294626 0.45837 -0.744732 0.689155 0.118609 0.0994888 -0.842298 1.79139 1.14653 1.69757 0.349072 -0.62601 -0.365286 0.714727 2.08878 2.26466 -0.739388 -0.316078 0.019023 -1.5881 -0.875232 2.01283 -0.242926 0.78212 1.53618 0.280814 -1.55511 1.4356 1.67995 0.0419253 1.23765 0.430346 -1.15816 -1.87164 0.829417 -1.36301 2.67512 -2.32632 -1.24028 0.958154 -2.37349 -1.07436 1.41441 0.443424 2.76506 1.47904 0.321932 0.277805 -0.285919 -0.038494 -0.915366 0.481972 0.544888 0.921666 -3.51004 -0.70915 1.71678 1.35877 0.0858668 0.576335 0.653785 1.39356 0.596742 -1.56883 -0.628033 -0.742141 -0.569754 -3.08809 -1.00542 -0.548245 0.251814 -0.928114 1.84182 -2.43134 -1.03151 -0.256382 -2.13128 -0.194796 0.694951 0.265497 -0.302241 -1.1924 0.676763 0.959464 2.18937 -1.9594 -0.0410917 -1.2523 -0.76703 -0.054054 1.24558 -1.56448 -0.218853 -1.85658 -1.52458 -2.69747 2.16678 1.16206 0.179898 0.303845 0.405307 1.30545 -0.392703 1.62963 0.819392 0.494673 3.46561 -0.307218 1.01047 -0.29284 0.804516 1.13466 1.75517 2.09899 -1.31337 
-0.193046 2.88242 -0.424112 -1.38437 0.0615518 -0.465462 -0.129687 -0.76175 -1.74029 -0.700273 0.269956 0.0896624 0.665748 0.252798 -0.172558 0.89916 1.1367 -0.332717 0.122682 0.303915 -0.0938537 -0.969838 0.742336 2.94244 0.720556 -1.74581 1.40958 0.662839 0.214787 -0.188403 0.295671 -0.590233 -0.57523 -1.57057 1.32797 -1.41523 -0.981602 -0.337776 -2.18263 1.59961 0.787451 -0.208466 0.535587 3.46191 0.0322123 0.976464 -1.03061 0.307129 1.10415 0.993248 2.00743 0.644727 0.195434 -0.729784 1.02614 1.10995 1.42859 0.530881 -1.47797 0.420059 3.93506 1.46814 0.543289 1.31847 0.793675 0.124927 -0.775527 -2.98559 0.338352 2.66472 -1.02113 -0.73323 -0.578673 -0.186964 0.147786 -0.967661 0.208151 -0.701406 -0.683497 -1.29257 0.228201 -1.35801 -1.31783 -0.64611 -0.950332 -2.71377 2.29145 -0.280418 0.0820292 1.34696 -0.668747 0.372483 1.124 -1.26719 -3.05659 1.41089 -0.252195 -1.18824 1.40099 -2.26352 3.25185 0.71196 1.95476 0.367391 1.51872 -0.192976 0.180246 -2.56128 -0.75893 -1.35122 -0.483643 -0.997826 -0.26222 2.10729 0.789109 0.142665 0.990235 0.466259 0.096572 0.790431 0.222153 0.994346 1.6364 -0.204819 0.441973 -0.540905 -0.707199 -1.12371 -0.877864 0.982289 -0.588455 -1.05446 1.74562 -0.174545 0.278536 -0.640136 0.668913 -1.75685 -1.59235 0.305189 -0.510188 0.725731 1.48378 -1.30585 3.30139 0.793144 2.44345 -0.139555 -0.251347 -1.31552 -0.0193424 0.924407 0.0419906 1.36459 0.944953 2.33497 1.08937 -1.56468 -0.852062 -1.88691 -0.275423 0.835835 -0.117828 -0.667818 -1.15121 -0.999332 -2.01182 1.49727 -0.373312 0.318826 1.96417 0.526375 -1.03288 0.630863 -2.24242 -0.785232 1.36809 0.290927 3.7233 -1.25706 -0.511455 1.47453 1.54005 -0.5631 1.61332 1.19057 -0.448861 -0.446161 -0.214109 -0.749312 -0.856376 0.129621 0.976633 -1.99406 -1.18039 -0.838253 -0.712154 0.519482 0.122464 0.839766 -1.01292 -0.53028 0.076798 0.214773 -0.651126 -1.2748 0.29044 0.0565623 -1.56806 0.188381 -0.444363 1.02728 0.118227 -2.63923 2.00049 0.541137 0.200178 -0.166375 0.485166 -2.13075 -0.890056 -1.1246 0.358223 -1.19647 -0.724616 -0.689482 3.04512 0.328202 -1.93835 -0.989013 -0.72729 -0.838492 0.0851848 0.384774 0.805214 0.849859 -0.892147 2.78532 -0.958372 0.611936 0.88328 -0.384088 -0.367368 1.31706 -1.74561 -0.853001 0.290584 0.0159246 0.72103 0.0592678 -1.18593 -1.81602 -0.410759 -1.36116 -0.328782 2.20944 0.125084 -1.86046 -0.787917 -0.792733 -1.3399 0.495871 -0.596714 -1.27535 0.968621 -0.206615 1.41663 0.244233 1.87369 -1.91925 0.631259 0.691783 -0.81836 -1.09773 2.16475 -1.45382 -2.11267 1.69971 -0.36996 0.382976 -1.0266 1.00007 0.808229 -3.04623 -1.25722 0.31069 -0.160801 -0.753911 -1.13117 -0.998563 2.71138 1.62174 0.0952529 0.836406 -0.700235 0.462016 -0.627452 -0.90571 -0.431929 -0.097635 
0.953013 0.113798 -2.07171 -2.05721 -0.31862 -1.90023 2.12426 -1.27369 0.681494 2.0823 1.49067 2.23536 1.49478 2.53082 1.31656 3.05857 1.7044 -1.99979 -2.35617 0.294612 -1.28791 1.02832 0.268556 -1.64873 1.11087 0.166088 0.0150051 -1.25006 0.481801 -1.69997 0.589582 1.31253 1.31864 -0.695402 1.91443 0.447355 -0.759063 -0.990273 -0.525117 0.8554 -0.0844915 0.247456 -0.372509 -0.0560251 -1.8961 1.695 1.7367 0.548269 -0.541988 -0.457701 1.15323 -0.0650824 -0.210781 -0.833044 1.25174 2.31312 2.2001 0.929648 -1.06368 1.73888 1.47321 -0.514925 -0.798655 0.440286 3.09464 -0.487795 2.35521 1.41969 -1.66797 -2.9763 -0.948415 -1.55245 2.72506 -0.4504 -0.744973 -1.37913 0.770355 -0.581509 -2.24755 1.94575 -0.801212 0.725865 -1.49677 0.499304 -2.60506 0.799719 -1.83851 0.5674 -0.577271 -1.09849 0.442029 -2.34701 2.33367 -1.60457 -0.604295 1.67283 -2.01542 -2.00479 0.901088 -2.83856 1.73536 0.039774 -0.596278 0.484284 1.46674 0.0236908 -1.61373 1.94159 -0.0529395 -0.0469912 0.567344 -1.53441 0.816715 0.102774 0.455253 0.0969343 -0.987982 -1.50421 -2.06983 -1.43137 -1.03513 1.05756 2.54252 -0.0930123 1.29185 2.22242 -1.61524 -1.08199 1.4117 0.395436 -1.59833 1.56386 2.99219 -0.870986 -0.109491 -2.10414 1.9112 2.44588 0.405446 1.94859 1.18877 -0.150963 0.937065 0.424903 0.907259 1.49942 -0.81751 0.936749 -0.0919901 1.95596 2.05165 -1.08553 -0.641856 -1.189 0.724002 -0.9749 0.998221 0.311716 2.13513 0.0878264 2.5033 -1.42396 3.18455 0.687997 0.702297 1.0225 -1.16558 0.508873 -0.448577 -1.10801 -1.378 0.317345 0.240443 0.18363 -0.37199 -1.0631 -1.08795 1.1902 0.941359 0.525828 -1.83783 1.00352 2.18826 -0.280626 -0.852399 0.62175 -2.44958 -1.27187 -0.710262 -0.697622 -1.36607 0.765667 -0.694209 -0.236119 0.823824 -2.80156 -1.07415 -1.41706 0.526985 0.727398 3.38315 -1.05641 1.44637 0.96824 -2.81066 -0.819517 0.806294 0.249224 -0.885032 -0.66049 -0.296433 -1.51478 1.20578 1.02868 -0.562993 -1.86646 1.00486 -0.568523 1.95502 0.500564 0.252163 0.000505577 0.977707 1.03698 0.00163914 0.358971 -0.928869 -0.601769 0.36482 -0.326515 1.54626 -1.30892 0.272954 -2.19222 -1.38228 -0.636223 2.69453 -2.17524 1.42702 -1.0659 -1.11281 0.826771 -0.310711 -0.305508 -0.940577 0.51389 -2.10969 0.622204 0.175588 2.6715 -1.50384 0.263083 -1.3238 -0.628489 0.13033 0.163139 0.582183 0.0987777 0.38978 0.0819089 -1.97576 0.606041 1.19878 -1.22525 0.939798 -0.164216 -0.414311 1.35392 -0.654797 -0.144874 0.238171 0.753781 0.989522 -1.05493 -0.396026 -1.40268 -0.281795 1.16598 0.909439 1.28624 -0.0717666 1.48717 -0.459502 -0.3777 0.263659 2.02629 1.48549 0.0401011 -0.699093 1.60731 -0.528377 -0.975046 2.02726 -1.58368 -1.17046 -0.111416 -2.15397 0.244206 1.28623 -0.434474 
0.309717 1.19709 -1.03026 -0.15262 0.0370172 2.98265 1.59811 -0.421858 -1.46313 -1.01405 3.01509 -0.952567 -0.467431 -2.07152 0.929089 -1.8328 -0.264966 0.972701 -1.307 0.524424 0.319525 0.340011 1.43524 -0.983644 0.363261 -1.38215 0.669498 -1.16992 -1.14698 -0.596793 2.18802 0.348214 -0.65016 1.94436 0.861646 -0.548114 0.155944 -0.0740624 -0.30233 1.08372 0.125315 1.16998 -0.137135 -1.2797 -0.0905356 -0.391191 -0.565851 -1.21453 1.81189 0.231683 0.777478 -0.354594 -0.883837 -0.96238 3.2744 1.7061 1.69818 -0.947376 0.352052 -0.24025 0.159871 1.96215 3.29452 0.498227 2.19462 -0.505853 0.474445 2.37714 1.28423 -1.79806 0.218117 -0.3808 0.416773 1.45294 -0.924189 -0.365598 0.781118 1.0821 -1.09911 2.34772 0.138148 0.836764 -1.3529 1.94914 1.08686 -0.082344 -0.976469 -0.247684 2.94718 2.44324 -1.03245 -2.13961 -1.31087 0.364215 0.242087 1.71702 -0.923839 -1.49712 -0.981749 -1.07033 -1.49059 2.28292 -1.72259 2.25939 0.689207 3.06539 -0.305741 1.46054 0.508631 0.331075 1.37062 -1.83793 0.357627 0.741662 -0.078004 0.00198673 1.13156 0.133087 -1.78813 -1.13463 0.846191 -0.461809 0.565548 -2.88702 -1.03784 -0.412339 0.747613 0.920998 1.29802 -0.963804 -0.520801 -0.605776 -1.22355 0.605265 0.300578 2.12424 -1.31813 2.85031 0.39527 0.973162 -0.303933 -0.408887 -2.74656 -1.53841 -0.56736 2.83569 1.4819 0.148648 0.068359 -0.123729 -1.85872 0.600908 -0.343533 0.58768 0.181616 0.238485 -1.15312 -2.14313 -0.0224797 1.20318 -0.868674 -0.321345 -1.346 1.06732 0.737604 0.0058242 -2.02289 0.815152 -2.51204 1.10837 0.655812 -1.22392 -1.06883 2.53211 0.0759714 -0.783372 0.333479 -1.37408 2.94387 1.17958 -1.94727 -2.13233 1.78572 -1.39436 -0.0975097 -0.518355 -1.07588 -2.37007 1.52916 -1.41332 -0.476804 -1.1619 0.886187 -1.16652 1.28491 1.9524 -0.448847 -0.81372 -1.02989 -0.429547 -0.335063 -1.52815 -1.15229 -0.983823 1.22894 -1.08526 0.215709 -0.305591 1.0099 0.305257 -1.88071 -1.2825 1.47101 0.929557 2.10844 0.811429 -0.203048 0.484353 -0.784346 0.618276 -0.0510319 1.11647 1.49905 -0.272641 -1.01888 -1.72625 0.486828 0.711731 -0.764169 0.616165 0.840452 0.552013 1.39805 0.039727 0.213045 1.35366 -0.195795 0.0836523 0.999004 -1.34664 1.32242 -2.19124 3.02346 0.0423689 1.69486 1.64598 -1.35767 0.59149 -0.566492 1.93936 0.587145 -1.45928 0.546899 -0.436508 -0.173427 0.0554047 -0.208345 0.885651 -0.160823 -2.53062 -0.462084 -1.62666 1.37496 0.429845 -2.84507 -1.1 0.914282 1.66845 -1.56912 0.654257 -1.96059 0.430381 1.58309 0.0499926 -0.740409 -0.0094621 0.372761 0.074127 0.964367 -0.290193 0.860514 -0.837855 1.44354 0.760094 0.298921 1.59792 0.176004 -1.37966 -1.02434 -0.852256 1.63695 -0.806414 1.57279 0.689493 0.79504 0.411482 1.52059 2.21918 -0.719426 0.0911875 
2.19944 0.595713 -0.0591474 2.02377 0.341593 -1.47295 0.392606 1.46664 -2.56445 -0.927274 -0.315055 1.80846 -0.542773 -1.07329 -0.740692 1.35638 -2.16906 1.57376 0.0326836 -0.272544 -0.199145 0.680766 -1.15622 -1.04132 0.363438 0.463956 0.708399 -0.253003 -0.696254 0.268363 1.87154 -0.92311 0.65097 -0.017407 -2.07773 -0.079725 -0.349448 -0.998484 -0.406702 -0.292346 0.0811504 -1.67876 1.86682 -2.39274 1.36001 0.583562 1.82517 -1.33464 -0.783945 -1.04173 -3.31037 -0.591295 -0.546246 1.56784 0.789607 1.03042 0.273194 0.513657 2.41659 0.365321 0.459082 -1.09242 -0.708894 -3.32056 0.305806 0.596045 0.0289124 -0.381012 0.220309 2.17988 -1.88232 0.720569 -0.522841 -0.822197 -0.554902 -2.713 0.367503 -0.71188 -1.1773 -0.123333 -1.00124 1.99081 -0.0767415 0.312972 -0.188486 1.00465 -0.43383 -0.722604 -0.630702 2.11794 1.06435 -0.572905 0.841318 0.518577 1.17664 -0.259549 1.38377 -0.302563 1.93642 -0.0738163 2.12638 -0.571812 -1.22807 0.00903846 1.95259 -0.827679 1.53538 -2.37864 -3.53585 4.65987 -0.928682 -1.22233 0.592711 -1.18724 1.26254 2.35648 1.07563 -0.58413 -0.283922 -0.457368 1.86377 2.45333 -2.66344 0.5033 -2.20547 1.18276 3.21083 1.18039 0.153111 -0.436413 0.764957 0.340074 1.82154 0.559282 1.68954 -0.908876 -2.12106 -0.622283 0.18148 -0.387792 0.793185 -0.484758 -1.01471 0.723216 -1.84534 -0.557198 -1.12923 -1.44118 0.700947 -1.70544 -1.90981 0.649764 -2.48533 -2.36792 0.755144 -2.77617 -0.380211 -2.8521 -1.42193 -1.65546 0.291394 -1.799 1.01067 2.33441 -0.538178 0.643706 -2.18155 1.38738 -0.875199 0.352297 -5.31029 0.426669 -0.581426 -0.2955 0.959954 -4.7912 0.361773 -1.75937 1.44707 0.188463 1.23378 -1.77785 2.11295 0.813875 0.134419 -0.64235 -3.71095 2.35116 -0.603951 0.569397 -0.247464 -0.336623 0.914706 -0.184743 -0.750732 0.200482 0.523849 0.0348823 0.874641 0.197871 -0.751996 1.1536 -0.658251 -1.01768 2.1035 -1.88536 -1.13166 0.349564 0.780698 0.955151 1.11984 -1.88324 1.31415 1.48168 -0.848517 -0.460079 0.447128 -1.11397 0.0668179 2.69011 -1.1025 0.140693 -0.156737 1.28488 1.65027 0.630889 1.18635 0.368116 1.27638 1.19901 1.40294 -0.257497 -1.57288 -0.74142 -0.648428 -0.00522666 0.375975 -0.0671437 1.29421 0.267451 -0.423861 -0.813865 0.782488 1.1789 -0.360658 -1.62322 1.13924 0.761176 -0.234766 1.10457 0.988391 0.430955 0.780482 1.74135 0.313107 -0.704365 -1.46706 -0.20707 1.47652 1.62514 1.58526 1.55382 -0.349918 -0.135849 0.166679 1.1328 0.651845 1.11197 0.0309887 0.411955 0.129579 -0.494656 -0.363302 1.41767 0.340891 0.756454 0.11089 -0.114095 -1.39099 0.381928 -0.497273 -0.828796 1.42595 -0.371326 -0.05713 1.31395 -1.26973 -1.93226 -1.1169 1.01076 0.697766 0.199751 0.134867 -0.674963 -0.426294 -1.06223 0.926901 1.3602 1.32179 -2.00782 
0.883224 0.496729 -0.612395 0.037359 -1.83727 0.879325 -0.441243 -2.48933 -1.30496 -1.10521 -0.869428 1.54769 0.314452 -0.277535 0.312523 2.07078 1.82388 -1.30472 3.03786 1.51701 -1.42136 0.313019 0.710168 0.174806 2.60878 -0.326108 -0.732741 0.181572 1.96043 -0.937178 -0.0844023 -2.05639 0.000172107 1.09047 1.09997 0.0677061 1.20024 2.87469 -0.781617 0.849803 0.234591 -3.10382 -0.181869 -0.185249 -0.581652 0.651672 -0.385704 -1.10803 -0.0877243 -0.446417 0.419578 1.37191 -1.19584 -0.696842 -0.522989 -0.628058 1.46902 -1.2452 -0.280764 0.148221 2.5018 -2.68664 -0.34888 0.776463 -1.59949 1.49263 0.00879991 1.06073 -1.21444 1.42437 1.01438 -1.47363 0.770412 -1.22504 -0.783157 2.94095 0.607579 0.903564 -0.175239 0.00770553 0.432826 1.00807 -0.29784 1.07396 0.346911 -1.49962 -0.246932 -1.46916 -0.743836 -1.1411 0.633758 -0.259193 -1.24838 -0.3157 -1.34411 -0.153814 0.577552 0.649533 0.798783 -1.26189 1.23884 -0.662563 1.59838 0.210311 2.04698 -0.570243 -0.976082 -0.164868 -0.624983 1.26121 0.0539591 -1.2436 0.624891 -0.950204 -0.325899 -0.383946 0.618812 0.926639 1.08008 -0.675381 -0.628879 1.15485 -2.38349 -0.309033 -1.3824 0.246714 1.13653 1.25908 -1.64252 -1.40344 -0.749478 -1.60512 -1.9181 1.36536 0.564701 1.32778 1.0564 0.0733162 -0.911399 0.0281559 0.507776 0.486389 -2.10108 -3.42519 -0.464335 -0.111126 2.51719 0.891046 0.904979 0.188662 0.74175 -2.72852 0.338779 -1.1372 -0.415506 -1.34606 0.296245 2.6626 -0.400639 1.23888 0.692871 -1.52279 1.5502 -1.12135 -1.96283 0.469835 1.52466 -1.01897 -0.973648 -0.0187917 -0.893186 -0.360931 -0.853323 -0.211248 -2.18319 -0.601405 0.961855 0.12262 -0.498863 -0.650019 -0.833513 0.150693 0.524199 0.292718 0.653803 1.55602 -0.0921995 1.24959 1.88992 0.828839 -2.3532 1.86011 0.447084 0.215834 0.412453 2.15441 0.471675 -1.75365 2.68892 0.967434 2.90494 0.162281 -1.2216 -1.33232 1.09369 0.146663 -1.41535 -0.401661 -0.79987 0.154868 -0.831612 0.253823 0.271754 0.504444 -0.564582 1.48814 -0.918135 -0.761477 0.912926 0.781079 0.282428 1.47986 -1.61351 -1.38597 0.142209 1.33592 2.01561 -0.186252 0.328565 -0.469068 0.15272 -2.5229 -0.642717 -2.38242 -2.54681 -1.19123 -0.0379593 0.381408 0.730659 0.233667 0.404299 -0.0125169 -1.7345 0.868456 1.33328 0.948385 0.724534 -0.840124 1.53357 0.618869 -1.83621 -1.74457 -0.345172 -0.647323 0.532021 -1.32997 -1.41466 -0.00607161 -0.47402 2.54391 -0.733706 -1.15649 -0.14568 -0.0961645 0.945667 0.563601 1.23981 -0.134619 1.18126 -0.0370567 1.42227 -0.451167 0.862084 -0.395059 -0.0249778 -0.988102 -0.762337 0.777655 -0.291844 1.39159 0.04958 0.0431457 -2.35895 0.999043 -2.27548 2.6827 3.80276 -0.1981 0.0321697 -0.32027 0.982712 -0.0335519 -1.45029 1.34297 -2.19162 0.75011 -0.367001 0.824647 0.267093 0.319662 
0.913211 -0.7621 -0.911239 -2.40437 0.144366 -1.16529 0.736275 1.24026 1.33094 -1.49683 -0.32984 -1.51067 -0.606841 -0.541103 -0.222045 0.347688 -1.49775 -1.45557 -0.0209546 -2.8928 0.6117 1.16489 -0.15897 0.939149 -0.118954 0.039844 0.0397132 0.0162168 -0.924793 -1.57248 -0.0348929 0.733027 0.982393 0.898083 1.49207 -1.47352 -1.9433 -1.01402 0.13442 1.12594 0.888662 0.348217 0.925109 -0.736397 -1.24537 0.964953 -0.557082 -0.215242 2.60315 0.00338818 0.852358 -0.152515 0.0675513 -0.503337 1.26348 -2.8576 0.0258642 -0.798326 0.0425489 -0.273113 -1.38169 2.33128 -2.63332 -1.19688 -0.820517 -0.410151 2.39464 -0.418377 1.03161 -0.677149 0.323936 -0.974194 1.15026 0.204961 2.41344 -0.40151 -0.639482 1.22676 1.18116 -1.65633 -0.737179 -3.89113 -0.63767 -0.899342 0.127599 1.73811 -0.400524 -0.63103 1.33019 -0.378578 0.688129 -1.64552 -1.99139 1.08488 -0.0353691 -1.27931 -1.41079 0.051992 -1.95351 -0.644423 -0.491084 -1.63841 -2.00565 -0.260563 1.16508 0.881494 0.518616 -0.0358103 -0.117575 -1.33857 1.20471 0.886816 -0.246519 1.48694 -1.7694 -1.96767 -0.114392 -0.409914 2.27988 0.00520279 -0.149966 0.571586 0.223974 2.73923 1.81162 0.1099 1.51482 1.07875 -1.38209 -0.367318 -3.15935 0.0060952 0.155941 -1.27249 -2.2528 0.664879 -0.111169 -0.79488 0.257898 0.520547 0.908492 -0.189078 -0.523805 -0.00817512 -1.39214 0.79307 0.578078 -0.879468 -0.531028 1.07445 -0.813836 0.658654 -2.38877 -1.44615 -1.23643 -2.22339 -1.68 -1.64587 0.356274 -0.258822 -0.639564 1.55419 -0.0702612 0.114121 -2.71925 0.580318 0.0119591 1.30543 -1.25613 0.434831 -1.29197 -1.02927 -1.03097 -0.0202321 1.51816 -1.23376 0.918442 0.870954 0.321002 -0.698619 -0.571893 -1.72167 -0.532395 0.842597 -0.147824 -0.769626 -0.718488 0.9054 3.38866 -0.660495 1.02163 -0.439432 -0.253841 -0.85521 0.850567 0.685842 0.0704518 1.57059 0.872185 2.75578 -1.144 1.9615 1.01022 0.219824 0.460686 -0.804859 2.1973 -0.596608 -0.933602 0.50734 -1.31426 0.501406 1.3089 0.798348 -1.89491 -2.49466 -0.569556 0.34305 -1.99678 -0.835152 -1.93628 1.23503 0.876798 1.60577 -0.202731 0.287581 -0.334027 -0.14822 -1.14875 -1.01157 1.19636 0.0754531 -0.0566194 0.724217 -0.758342 1.10137 -0.944125 -1.26895 1.04566 -0.117617 0.492111 -1.44778 -0.131173 0.648375 0.48689 -0.0190338 0.888827 0.643624 1.83601 -1.30967 -0.134721 0.119843 -3.07664 -1.32025 -1.80148 -0.515253 -0.822844 -1.82267 0.0954548 -0.606527 1.47464 -0.761763 2.655 0.780413 0.60595 -1.12392 0.812268 -0.571549 -3.28881 -1.21437 2.71215 1.01119 -1.81398 0.532186 -1.72742 -0.0792434 -0.215246 0.961716 -0.299801 -1.761 -1.09465 1.09211 1.3865 -0.456461 0.809147 -0.266016 0.944869 0.210312 0.944271 -1.26155 -2.7543 -0.313051 1.30284 0.857462 1.92403 0.837782 -2.30542 0.926146 0.0540711 -1.91838 
-0.21137 2.39337 1.02401 -1.15234 -1.55179 0.797912 1.35156 2.24824 -1.52796 -0.814228 -0.699627 -0.61233 0.499213 -0.271892 0.325215 2.09074 0.115953 0.148418 2.36255 -1.51362 -0.314789 -0.520689 -0.42275 -1.2817 2.41042 -0.570893 -0.596136 -1.1049 0.855039 -1.53334 0.433806 2.60693 0.100512 -0.705066 0.74513 -0.611566 -0.547804 0.710909 1.08407 3.17748 -1.1203 -2.93289 -0.416129 -2.4603 -0.832542 1.39894 0.679697 -0.903088 -0.846358 1.16721 0.845534 1.29065 -0.333681 0.353466 -1.66852 0.18641 2.6471 -1.01921 -0.364416 0.229884 0.177596 1.54429 -1.19829 -0.722789 0.719517 0.199505 0.827142 1.9565 0.0549227 -0.823673 -0.419948 -0.650656 -0.404253 -1.70848 1.28568 -1.04839 1.94825 1.30792 -1.77538 1.30233 -0.148839 -0.267008 -0.228691 -1.07053 -2.30089 1.26165 0.646322 -1.56538 0.106079 1.03463 0.169043 1.69036 -0.573852 -0.116446 -1.72711 -0.0561509 -0.938688 -0.730168 1.48399 -0.281009 1.2881 0.261965 2.78351 -1.02166 -0.419676 0.869867 0.0547525 0.460193 1.22664 0.346696 0.254177 1.39436 -1.11203 0.493276 2.12085 -0.616207 -0.0800531 2.08057 -0.330541 1.46023 2.41056 -1.0287 -0.92359 -1.80923 0.944834 -1.00478 0.754046 -0.556938 -2.48074 -0.303167 0.172382 -0.663948 -0.758408 -0.17981 1.21044 -0.845262 0.824661 -0.0947016 -1.06335 -2.1508 -0.186236 -0.874299 -0.961353 -0.220758 3.08487 -0.996094 -0.247708 -1.01759 -0.985373 -0.257061 -0.71532 -0.764139 1.51654 0.840526 -0.370696 1.88626 1.65339 0.0675423 -0.345929 1.31125 -0.727622 -0.753781 0.753168 -0.630086 0.382475 -1.85611 -0.308194 0.140848 -0.248828 1.7612 1.16159 0.42099 -2.07532 2.64404 -3.55236 -0.3239 0.398492 0.94386 0.560206 0.390577 -3.44858 -1.06476 0.884963 -0.130288 0.864212 -0.978533 -0.696729 0.820549 -0.907449 -1.35504 1.34838 -0.964197 -0.394752 1.40879 -0.845593 -0.785416 -0.0103862 1.11227 -1.88013 -0.533065 0.65749 -0.859356 0.398731 1.53517 -0.498746 0.197701 -0.824308 1.07784 0.672168 3.56452 -0.291157 -2.50619 -0.904726 -1.57849 0.151753 -3.92363 0.961984 -1.1006 -2.77991 -1.19717 2.10483 0.981975 0.056251 -1.0078 0.77505 -0.726934 0.841673 -0.810066 -0.0396819 -0.826029 1.70122 -2.93489 3.4233 0.940159 -0.867956 -0.397236 1.80369 -0.929475 0.335995 0.518727 -2.59767 1.33884 -1.08576 -1.99001 -0.695546 -0.0863353 -1.10218 -2.63148 -0.578305 0.952861 3.83374 0.433737 -0.468164 -2.83682 0.553417 -3.00884 -0.804369 1.78851 2.68637 1.84452 0.926973 0.181276 0.888734 -0.0743921 0.158696 0.0771857 1.05327 1.21629 -2.09466 -0.211295 -0.766986 -1.55241 1.10909 1.62429 -0.210921 -0.820902 1.96962 -3.76485 2.65259 1.85754 -0.0822471 0.399069 0.111755 -0.946617 3.14226 1.3019 -0.812197 -0.510518 -0.204945 0.0399329 2.4417 0.84485 -1.13617 1.55202 2.30827 2.20559 0.696562 -1.12193 0.390157 -1.22644 
-1.80897 -0.249793 0.476632 0.905018 -0.177569 -0.0418343 -0.521667 0.5201 1.08531 0.746549 -0.77738 0.583223 0.556028 -1.18129 -1.4831 -0.0592568 0.0514218 0.704594 -1.3782 3.13881 -0.0115371 2.23659 1.23142 -0.959799 -0.309929 0.67832 -1.12026 1.44314 1.95142 1.59355 -0.0861522 1.6765 -0.933577 -0.344358 -1.16523 0.1842 -0.604951 0.290053 0.692457 -2.03458 0.35918 -0.630867 1.36322 -0.693295 0.456598 1.60709 -2.04729 -1.57724 -0.378459 0.721311 -0.726249 0.570202 3.60191 -1.43589 -0.15903 2.40249 1.52676 -0.689959 0.713291 -1.44375 1.77277 -0.0646017 2.01897 0.108258 0.262028 -2.33074 -0.281707 -1.55539 0.138189 1.29904 -0.17664 0.622062 2.31697 -0.637864 0.980116 1.44213 0.464434 1.68444 1.09877 -1.64352 1.71907 -0.580779 0.992624 -2.4175 -1.53991 0.783905 -0.760978 -0.943995 -0.204217 -0.200556 -0.193648 -2.01676 1.50802 0.789368 -2.1045 0.023137 -0.368742 -1.35163 -1.04641 -0.34597 0.509194 1.89413 1.60635 -0.970798 -1.18771 -1.25607 -0.551973 1.93933 2.99383 -0.231761 -0.883374 -2.01162 1.35863 -0.00753462 0.953236 -1.43769 -1.37519 -1.40189 -0.669116 -1.40006 -1.69194 -0.193289 -0.0273831 -0.509911 1.63494 -0.846311 0.948499 0.813327 -0.430356 -0.442393 -1.3882 -1.81602 -0.368909 0.709722 -1.68909 0.0929132 2.01432 -0.549904 -0.158267 1.06584 0.239669 -0.977117 -2.11854 0.256798 0.751193 -0.529333 2.26506 -0.380568 1.05937 -1.02984 -0.844751 0.690217 -0.589205 0.135213 -1.14877 1.69896 -0.374345 0.485963 -0.681722 -0.192695 -0.319042 -0.874367 -0.713414 -1.22527 0.0769468 3.39823 1.34689 1.15268 1.14435 -1.94542 -0.155934 -0.985977 -0.542452 -0.185325 0.310728 -1.1055 -1.75625 -2.57187 0.218953 -1.51017 -1.40455 2.02899 1.73547 0.324952 1.42698 -2.78613 2.02554 -0.58529 -0.416855 0.203138 0.746358 0.688276 2.13444 0.0858415 -0.819914 0.425899 3.85014 1.47918 -0.410473 -0.847997 1.51972 0.859244 -0.0729225 0.426524 -1.37315 -1.28144 1.55658 -1.4821 -0.342691 -0.196293 -1.88921 0.600303 0.851409 -0.628946 0.461401 0.823619 