1372 0
40.46 40.46 40.46 
20.23 20.23 20.23 
1 1 1 1 1 1 1 1 1 1 1 1 1 1 1 1 1 1 1 1 1 1 1 1 1 1 1 1 1 1 1 1 1 1 1 1 1 1 1 1 1 1 1 1 1 1 1 1 1 1 1 1 1 1 1 1 1 1 1 1 1 1 1 1 1 1 1 1 1 1 1 1 1 1 1 1 1 1 1 1 1 1 1 1 1 1 1 1 1 1 1 1 1 1 1 1 1 1 1 1 
1 1 1 1 1 1 1 1 1 1 1 1 1 1 1 1 1 1 1 1 1 1 1 1 1 1 1 1 1 1 1 1 1 1 1 1 1 1 1 1 1 1 1 1 1 1 1 1 1 1 1 1 1 1 1 1 1 1 1 1 1 1 1 1 1 1 1 1 1 1 1 1 1 1 1 1 1 1 1 1 1 1 1 1 1 1 1 1 1 1 1 1 1 1 1 1 1 1 1 1 
1 1 1 1 1 1 1 1 1 1 1 1 1 1 1 1 1 1 1 1 1 1 1 1 1 1 1 1 1 1 1 1 1 1 1 1 1 1 1 1 1 1 1 1 1 1 1 1 1 1 1 1 1 1 1 1 1 1 1 1 1 1 1 1 1 1 1 1 1 1 1 1 1 1 1 1 1 1 1 1 1 1 1 1 1 1 1 1 1 1 1 1 1 1 1 1 1 1 1 1 
1 1 1 1 1 1 1 1 1 1 1 1 1 1 1 1 1 1 1 1 1 1 1 1 1 1 1 1 1 1 1 1 1 1 1 1 1 1 1 1 1 1 1 1 1 1 1 1 1 1 1 1 1 1 1 1 1 1 1 1 1 1 1 1 1 1 1 1 1 1 1 1 1 1 1 1 1 1 1 1 1 1 1 1 1 1 1 1 1 1 1 1 1 1 1 1 1 1 1 1 
1 1 1 1 1 1 1 1 1 1 1 1 1 1 1 1 1 1 1 1 1 1 1 1 1 1 1 1 1 1 1 1 1 1 1 1 1 1 1 1 1 1 1 1 1 1 1 1 1 1 1 1 1 1 1 1 1 1 1 1 1 1 1 1 1 1 1 1 1 1 1 1 1 1 1 1 1 1 1 1 1 1 1 1 1 1 1 1 1 1 1 1 1 1 1 1 1 1 1 1 
1 1 1 1 1 1 1 1 1 1 1 1 1 1 1 1 1 1 1 1 1 1 1 1 1 1 1 1 1 1 1 1 1 1 1 1 1 1 1 1 1 1 1 1 1 1 1 1 1 1 1 1 1 1 1 1 1 1 1 1 1 1 1 1 1 1 1 1 1 1 1 1 1 1 1 1 1 1 1 1 1 1 1 1 1 1 1 1 1 1 1 1 1 1 1 1 1 1 1 1 
1 1 1 1 1 1 1 1 1 1 1 1 1 1 1 1 1 1 1 1 1 1 1 1 1 1 1 1 1 1 1 1 1 1 1 1 1 1 1 1 1 1 1 1 1 1 1 1 1 1 1 1 1 1 1 1 1 1 1 1 1 1 1 1 1 1 1 1 1 1 1 1 1 1 1 1 1 1 1 1 1 1 1 1 1 1 1 1 1 1 1 1 1 1 1 1 1 1 1 1 
1 1 1 1 1 1 1 1 1 1 1 1 1 1 1 1 1 1 1 1 1 1 1 1 1 1 1 1 1 1 1 1 1 1 1 1 1 1 1 1 1 1 1 1 1 1 1 1 1 1 1 1 1 1 1 1 1 1 1 1 1 1 1 1 1 1 1 1 1 1 1 1 1 1 1 1 1 1 1 1 1 1 1 1 1 1 1 1 1 1 1 1 1 1 1 1 1 1 1 1 
1 1 1 1 1 1 1 1 1 1 1 1 1 1 1 1 1 1 1 1 1 1 1 1 1 1 1 1 1 1 1 1 1 1 1 1 1 1 1 1 1 1 1 1 1 1 1 1 1 1 1 1 1 1 1 1 1 1 1 1 1 1 1 1 1 1 1 1 1 1 1 1 1 1 1 1 1 1 1 1 1 1 1 1 1 1 1 1 1 1 1 1 1 1 1 1 1 1 1 1 
1 1 1 1 1 1 1 1 1 1 1 1 1 1 1 1 1 1 1 1 1 1 1 1 1 1 1 1 1 1 1 1 1 1 1 1 1 1 1 1 1 1 1 1 1 1 1 1 1 1 1 1 1 1 1 1 1 1 1 1 1 1 1 1 1 1 1 1 1 1 1 1 1 1 1 1 1 1 1 1 1 1 1 1 1 1 1 1 1 1 1 1 1 1 1 1 1 1 1 1 
1 1 1 1 1 1 1 1 1 1 1 1 1 1 1 1 1 1 1 1 1 1 1 1 1 1 1 1 1 1 1 1 1 1 1 1 1 1 1 1 1 1 1 1 1 1 1 1 1 1 1 1 1 1 1 1 1 1 1 1 1 1 1 1 1 1 1 1 1 1 1 1 1 1 1 1 1 1 1 1 1 1 1 1 1 1 1 1 1 1 1 1 1 1 1 1 1 1 1 1 
1 1 1 1 1 1 1 1 1 1 1 1 1 1 1 1 1 1 1 1 1 1 1 1 1 1 1 1 1 1 1 1 1 1 1 1 1 1 1 1 1 1 1 1 1 1 1 1 1 1 1 1 1 1 1 1 1 1 1 1 1 1 1 1 1 1 1 1 1 1 1 1 1 1 1 1 1 1 1 1 1 1 1 1 1 1 1 1 1 1 1 1 1 1 1 1 1 1 1 1 
1 1 1 1 1 1 1 1 1 1 1 1 1 1 1 1 1 1 1 1 1 1 1 1 1 1 1 1 1 1 1 1 1 1 1 1 1 1 1 1 1 1 1 1 1 1 1 1 1 1 1 1 1 1 1 1 1 1 1 1 1 1 1 1 1 1 1 1 1 1 1 1 1 1 1 1 1 1 1 1 1 1 1 1 1 1 1 1 1 1 1 1 1 1 1 1 1 1 1 1 
1 1 1 1 1 1 1 1 1 1 1 1 1 1 1 1 1 1 1 1 1 1 1 1 1 1 1 1 1 1 1 1 1 1 1 1 1 1 1 1 1 1 1 1 1 1 1 1 1 1 1 1 1 1 1 1 1 1 1 1 1 1 1 1 1 1 1 1 1 1 1 1 
0 1.445 1.445 1.445 0 1.445 4.335 4.335 0 4.335 1.445 4.335 0 4.335 4.335 1.445 0 7.225 1.445 1.445 0 7.225 4.335 4.335 0 10.115 1.445 4.335 0 10.115 4.335 1.445 0 13.005 1.445 1.445 0 13.005 4.335 4.335 0 15.895 1.445 4.335 0 15.895 4.335 1.445 0 18.785 1.445 1.445 0 18.785 4.335 4.335 0 21.675 1.445 4.335 0 21.675 4.335 1.445 0 24.565 1.445 1.445 0 24.565 4.335 4.335 0 27.455 1.445 4.335 0 27.455 4.335 1.445 0 30.345 1.445 1.445 0 30.345 4.335 4.335 0 33.235 1.445 4.335 0 33.235 4.335 1.445 0 36.125 1.445 1.445 0 36.125 4.335 4.335 0 39.015 1.445 4.335 0 39.015 4.335 1.445 0 1.445 7.225 1.445 0 1.445 10.115 4.335 0 4.335 7.225 4.335 0 4.335 10.115 1.445 0 7.225 7.225 1.445 0 7.225 10.115 4.335 0 10.115 7.225 4.335 0 10.115 10.115 1.445 0 13.005 7.225 1.445 0 13.005 10.115 4.335 0 15.895 7.225 4.335 0 15.895 10.115 1.445 0 18.785 7.225 1.445 0 18.785 10.115 4.335 0 21.675 7.225 4.335 0 21.675 10.115 1.445 0 24.565 7.225 1.445 0 24.565 10.115 4.335 0 27.455 7.225 4.335 0 27.455 10.115 1.445 0 30.345 7.225 1.445 0 30.345 10.115 4.335 0 33.235 7.225 4.335 0 33.235 10.115 1.445 0 36.125 7.225 1.445 0 36.125 10.115 4.335 0 39.015 7.225 4.335 0 39.015 10.115 1.445 0 1.445 13.005 1.445 0 1.445 15.895 4.335 0 4.335 13.005 4.335 0 4.335 15.895 1.445 0 7.225 13.005 1.445 0 7.225 15.895 4.335 0 10.115 13.005 4.335 0 10.115 15.895 1.445 0 13.005 13.005 1.445 0 13.005 15.895 4.335 0 15.895 13.005 4.335 0 15.895 15.895 1.445 0 18.785 13.005 1.445 0 18.785 15.895 4.335 0 21.675 13.005 4.335 0 21.675 15.895 1.445 0 24.565 13.005 1.445 0 24.565 15.895 4.335 0 27.455 13.005 4.335 0 27.455 15.895 1.445 0 30.345 13.005 1.445 0 30.345 15.895 4.335 0 33.235 13.005 4.335 0 33.235 15.895 1.445 0 36.125 13.005 1.445 0 36.125 15.895 4.335 0 39.015 13.005 4.335 0 39.015 15.895 1.445 0 1.445 18.785 1.445 0 1.445 21.675 4.335 0 4.335 18.785 4.335 0 4.335 21.675 1.445 0 7.225 18.785 1.445 0 7.225 21.675 4.335 0 10.115 18.785 4.335 0 10.115 21.675 1.445 0 13.005 18.785 1.445 0 13.005 21.675 4.335 0 15.895 18.785 4.335 0 15.895 21.675 1.445 0 18.785 18.785 1.445 0 18.785 21.675 4.335 0 21.675 18.785 4.335 0 21.675 21.675 1.445 
0 24.565 18.785 1.445 0 24.565 21.675 4.335 0 27.455 18.785 4.335 0 27.455 21.675 1.445 0 30.345 18.785 1.445 0 30.345 21.675 4.335 0 33.235 18.785 4.335 0 33.235 21.675 1.445 0 36.125 18.785 1.445 0 36.125 21.675 4.335 0 39.015 18.785 4.335 0 39.015 21.675 1.445 0 1.445 24.565 1.445 0 1.445 27.455 4.335 0 4.335 24.565 4.335 0 4.335 27.455 1.445 0 7.225 24.565 1.445 0 7.225 27.455 4.335 0 10.115 24.565 4.335 0 10.115 27.455 1.445 0 13.005 24.565 1.445 0 13.005 27.455 4.335 0 15.895 24.565 4.335 0 15.895 27.455 1.445 0 18.785 24.565 1.445 0 18.785 27.455 4.335 0 21.675 24.565 4.335 0 21.675 27.455 1.445 0 24.565 24.565 1.445 0 24.565 27.455 4.335 0 27.455 24.565 4.335 0 27.455 27.455 1.445 0 30.345 24.565 1.445 0 30.345 27.455 4.335 0 33.235 24.565 4.335 0 33.235 27.455 1.445 0 36.125 24.565 1.445 0 36.125 27.455 4.335 0 39.015 24.565 4.335 0 39.015 27.455 1.445 0 1.445 30.345 1.445 0 1.445 33.235 4.335 0 4.335 30.345 4.335 0 4.335 33.235 1.445 0 7.225 30.345 1.445 0 7.225 33.235 4.335 0 10.115 30.345 4.335 0 10.115 33.235 1.445 0 13.005 30.345 1.445 0 13.005 33.235 4.335 0 15.895 30.345 4.335 0 15.895 33.235 1.445 0 18.785 30.345 1.445 0 18.785 33.235 4.335 0 21.675 30.345 4.335 0 21.675 33.235 1.445 0 24.565 30.345 1.445 0 24.565 33.235 4.335 0 27.455 30.345 4.335 0 27.455 33.235 1.445 0 30.345 30.345 1.445 0 30.345 33.235 4.335 0 33.235 30.345 4.335 0 33.235 33.235 1.445 0 36.125 30.345 1.445 0 36.125 33.235 4.335 0 39.015 30.345 4.335 0 39.015 33.235 1.445 0 1.445 36.125 1.445 0 1.445 39.015 4.335 0 4.335 36.125 4.335 0 4.335 39.015 1.445 0 7.225 36.125 1.445 0 7.225 39.015 4.335 0 10.115 36.125 4.335 0 10.115 39.015 1.445 0 13.005 36.125 1.445 0 13.005 39.015 4.335 0 15.895 36.125 4.335 0 15.895 39.015 1.445 0 18.785 36.125 1.445 0 18.785 39.015 4.335 0 21.675 36.125 4.335 0 21.675 39.015 1.445 0 24.565 36.125 1.445 0 24.565 39.015 4.335 0 27.455 36.125 4.335 0 27.455 39.015 1.445 0 30.345 36.125 1.445 0 30.345 39.015 4.335 0 33.235 36.125 4.335 0 33.235 39.015 1.445 0 36.125 36.125 1.445 0 36.125 39.015 4.335 0 39.015 36.125 4.335 0 39.015 39.015 1.445 0 1.445 1.445 7.225 0 1.445 4.335 10.115 0 4.335 1.445 10.115 0 4.335 4.335 7.225 
0 7.225 1.445 7.225 0 7.225 4.335 10.115 0 10.115 1.445 10.115 0 10.115 4.335 7.225 0 13.005 1.445 7.225 0 13.005 4.335 10.115 0 15.895 1.445 10.115 0 15.895 4.335 7.225 0 18.785 1.445 7.225 0 18.785 4.335 10.115 0 21.675 1.445 10.115 0 21.675 4.335 7.225 0 24.565 1.445 7.225 0 24.565 4.335 10.115 0 27.455 1.445 10.115 0 27.455 4.335 7.225 0 30.345 1.445 7.225 0 30.345 4.335 10.115 0 33.235 1.445 10.115 0 33.235 4.335 7.225 0 36.125 1.445 7.225 0 36.125 4.335 10.115 0 39.015 1.445 10.115 0 39.015 4.335 7.225 0 1.445 7.225 7.225 0 1.445 10.115 10.115 0 4.335 7.225 10.115 0 4.335 10.115 7.225 0 7.225 7.225 7.225 0 7.225 10.115 10.115 0 10.115 7.225 10.115 0 10.115 10.115 7.225 0 13.005 7.225 7.225 0 13.005 10.115 10.115 0 15.895 7.225 10.115 0 15.895 10.115 7.225 0 18.785 7.225 7.225 0 18.785 10.115 10.115 0 21.675 7.225 10.115 0 21.675 10.115 7.225 0 24.565 7.225 7.225 0 24.565 10.115 10.115 0 27.455 7.225 10.115 0 27.455 10.115 7.225 0 30.345 7.225 7.225 0 30.345 10.115 10.115 0 33.235 7.225 10.115 0 33.235 10.115 7.225 0 36.125 7.225 7.225 0 36.125 10.115 10.115 0 39.015 7.225 10.115 0 39.015 10.115 7.225 0 1.445 13.005 7.225 0 1.445 15.895 10.115 0 4.335 13.005 10.115 0 4.335 15.895 7.225 0 7.225 13.005 7.225 0 7.225 15.895 10.115 0 10.115 13.005 10.115 0 10.115 15.895 7.225 0 13.005 13.005 7.225 0 13.005 15.895 10.115 0 15.895 13.005 10.115 0 15.895 15.895 7.225 0 18.785 13.005 7.225 0 18.785 15.895 10.115 0 21.675 13.005 10.115 0 21.675 15.895 7.225 0 24.565 13.005 7.225 0 24.565 15.895 10.115 0 27.455 13.005 10.115 0 27.455 15.895 7.225 0 30.345 13.005 7.225 0 30.345 15.895 10.115 0 33.235 13.005 10.115 0 33.235 15.895 7.225 0 36.125 13.005 7.225 0 36.125 15.895 10.115 0 39.015 13.005 10.115 0 39.015 15.895 7.225 0 1.445 18.785 7.225 0 1.445 21.675 10.115 0 4.335 18.785 10.115 0 4.335 21.675 7.225 0 7.225 18.785 7.225 0 7.225 21.675 10.115 0 10.115 18.785 10.115 0 10.115 21.675 7.225 0 13.005 18.785 7.225 0 13.005 21.675 10.115 0 15.895 18.785 10.115 0 15.895 21.675 7.225 0 18.785 18.785 7.225 0 18.785 21.675 10.115 0 21.675 18.785 10.115 0 21.675 21.675 7.225 0 24.565 18.785 7.225 0 24.565 21.675 10.115 0 27.455 18.785 10.115 0 27.455 21.675 7.225 
0 30.345 18.785 7.225 0 30.345 21.675 10.115 0 33.235 18.785 10.115 0 33.235 21.675 7.225 0 36.125 18.785 7.225 0 36.125 21.675 10.115 0 39.015 18.785 10.115 0 39.015 21.675 7.225 0 1.445 24.565 7.225 0 1.445 27.455 10.115 0 4.335 24.565 10.115 0 4.335 27.455 7.225 0 7.225 24.565 7.225 0 7.225 27.455 10.115 0 10.115 24.565 10.115 0 10.115 27.455 7.225 0 13.005 24.565 7.225 0 13.005 27.455 10.115 0 15.895 24.565 10.115 0 15.895 27.455 7.225 0 18.785 24.565 7.225 0 18.785 27.455 10.115 0 21.675 24.565 10.115 0 21.675 27.455 7.225 0 24.565 24.565 7.225 0 24.565 27.455 10.115 0 27.455 24.565 10.115 0 27.455 27.455 7.225 0 30.345 24.565 7.225 0 30.345 27.455 10.115 0 33.235 24.565 10.115 0 33.235 27.455 7.225 0 36.125 24.565 7.225 0 36.125 27.455 10.115 0 39.015 24.565 10.115 0 39.015 27.455 7.225 0 1.445 30.345 7.225 0 1.445 33.235 10.115 0 4.335 30.345 10.115 0 4.335 33.235 7.225 0 7.225 30.345 7.225 0 7.225 33.235 10.115 0 10.115 30.345 10.115 0 10.115 33.235 7.225 0 13.005 30.345 7.225 0 13.005 33.235 10.115 0 15.895 30.345 10.115 0 15.895 33.235 7.225 0 18.785 30.345 7.225 0 18.785 33.235 10.115 0 21.675 30.345 10.115 0 21.675 33.235 7.225 0 24.565 30.345 7.225 0 24.565 33.235 10.115 0 27.455 30.345 10.115 0 27.455 33.235 7.225 0 30.345 30.345 7.225 0 30.345 33.235 10.115 0 33.235 30.345 10.115 0 33.235 33.235 7.225 0 36.125 30.345 7.225 0 36.125 33.235 10.115 0 39.015 30.345 10.115 0 39.015 33.235 7.225 0 1.445 36.125 7.225 0 1.445 39.015 10.115 0 4.335 36.125 10.115 0 4.335 39.015 7.225 0 7.225 36.125 7.225 0 7.225 39.015 10.115 0 10.115 36.125 10.115 0 10.115 39.015 7.225 0 13.005 36.125 7.225 0 13.005 39.015 10.115 0 15.895 36.125 10.115 0 15.895 39.015 7.225 0 18.785 36.125 7.225 0 18.785 39.015 10.115 0 21.675 36.125 10.115 0 21.675 39.015 7.225 0 24.565 36.125 7.225 0 24.565 39.015 10.115 0 27.455 36.125 10.115 0 27.455 39.015 7.225 0 30.345 36.125 7.225 0 30.345 39.015 10.115 0 33.235 36.125 10.115 0 33.235 39.015 7.225 0 36.125 36.125 7.225 0 36.125 39.015 10.115 0 39.015 36.125 10.115 0 39.015 39.015 7.225 0 1.445 1.445 13.005 0 1.445 4.335 15.895 0 4.335 1.445 15.895 0 4.335 4.335 13.005 0 7.225 1.445 13.005 0 7.225 4.335 15.895 0 10.115 1.445 15.895 0 10.115 4.335 13.005 
0 13.005 1.445 13.005 0 13.005 4.335 15.895 0 15.895 1.445 15.895 0 15.895 4.335 13.005 0 18.785 1.445 13.005 0 18.785 4.335 15.895 0 21.675 1.445 15.895 0 21.675 4.335 13.005 0 24.565 1.445 13.005 0 24.565 4.335 15.895 0 27.455 1.445 15.895 0 27.455 4.335 13.005 0 30.345 1.445 13.005 0 30.345 4.335 15.895 0 33.235 1.445 15.895 0 33.235 4.335 13.005 0 36.125 1.445 13.005 0 36.125 4.335 15.895 0 39.015 1.445 15.895 0 39.015 4.335 13.005 0 1.445 7.225 13.005 0 1.445 10.115 15.895 0 4.335 7.225 15.895 0 4.335 10.115 13.005 0 7.225 7.225 13.005 0 7.225 10.115 15.895 0 10.115 7.225 15.895 0 10.115 10.115 13.005 0 13.005 7.225 13.005 0 13.005 10.115 15.895 0 15.895 7.225 15.895 0 15.895 10.115 13.005 0 18.785 7.225 13.005 0 18.785 10.115 15.895 0 21.675 7.225 15.895 0 21.675 10.115 13.005 0 24.565 7.225 13.005 0 24.565 10.115 15.895 0 27.455 7.225 15.895 0 27.455 10.115 13.005 0 30.345 7.225 13.005 0 30.345 10.115 15.895 0 33.235 7.225 15.895 0 33.235 10.115 13.005 0 36.125 7.225 13.005 0 36.125 10.115 15.895 0 39.015 7.225 15.895 0 39.015 10.115 13.005 0 1.445 13.005 13.005 0 1.445 15.895 15.895 0 4.335 13.005 15.895 0 4.335 15.895 13.005 0 7.225 13.005 13.005 0 7.225 15.895 15.895 0 10.115 13.005 15.895 0 10.115 15.895 13.005 0 13.005 13.005 13.005 0 13.005 15.895 15.895 0 15.895 13.005 15.895 0 15.895 15.895 13.005 0 18.785 13.005 13.005 0 18.785 15.895 15.895 0 21.675 13.005 15.895 0 21.675 15.895 13.005 0 24.565 13.005 13.005 0 24.565 15.895 15.895 0 27.455 13.005 15.895 0 27.455 15.895 13.005 0 30.345 13.005 13.005 0 30.345 15.895 15.895 0 33.235 13.005 15.895 0 33.235 15.895 13.005 0 36.125 13.005 13.005 0 36.125 15.895 15.895 0 39.015 13.005 15.895 0 39.015 15.895 13.005 0 1.445 18.785 13.005 0 1.445 21.675 15.895 0 4.335 18.785 15.895 0 4.335 21.675 13.005 0 7.225 18.785 13.005 0 7.225 21.675 15.895 0 10.115 18.785 15.895 0 10.115 21.675 13.005 0 13.005 18.785 13.005 0 13.005 21.675 15.895 0 15.895 18.785 15.895 0 15.895 21.675 13.005 0 18.785 18.785 13.005 0 18.785 21.675 15.895 0 21.675 18.785 15.895 0 21.675 21.675 13.005 0 24.565 18.785 13.005 0 24.565 21.675 15.895 0 27.455 18.785 15.895 0 27.455 21.675 13.005 0 30.345 18.785 13.005 0 30.345 21.675 15.895 0 33.235 18.785 15.895 0 33.235 21.675 13.005 
0 36.125 18.785 13.005 0 36.125 21.675 15.895 0 39.015 18.785 15.895 0 39.015 21.675 13.005 0 1.445 24.565 13.005 0 1.445 27.455 15.895 0 4.335 24.565 15.895 0 4.335 27.455 13.005 0 7.225 24.565 13.005 0 7.225 27.455 15.895 0 10.115 24.565 15.895 0 10.115 27.455 13.005 0 13.005 24.565 13.005 0 13.005 27.455 15.895 0 15.895 24.565 15.895 0 15.895 27.455 13.005 0 18.785 24.565 13.005 0 18.785 27.455 15.895 0 21.675 24.565 15.895 0 21.675 27.455 13.005 0 24.565 24.565 13.005 0 24.565 27.455 15.895 0 27.455 24.565 15.895 0 27.455 27.455 13.005 0 30.345 24.565 13.005 0 30.345 27.455 15.895 0 33.235 24.565 15.895 0 33.235 27.455 13.005 0 36.125 24.565 13.005 0 36.125 27.455 15.895 0 39.015 24.565 15.895 0 39.015 27.455 13.005 0 1.445 30.345 13.005 0 1.445 33.235 15.895 0 4.335 30.345 15.895 0 4.335 33.235 13.005 0 7.225 30.345 13.005 0 7.225 33.235 15.895 0 10.115 30.345 15.895 0 10.115 33.235 13.005 0 13.005 30.345 13.005 0 13.005 33.235 15.895 0 15.895 30.345 15.895 0 15.895 33.235 13.005 0 18.785 30.345 13.005 0 18.785 33.235 15.895 0 21.675 30.345 15.895 0 21.675 33.235 13.005 0 24.565 30.345 13.005 0 24.565 33.235 15.895 0 27.455 30.345 15.895 0 27.455 33.235 13.005 0 30.345 30.345 13.005 0 30.345 33.235 15.895 0 33.235 30.345 15.895 0 33.235 33.235 13.005 0 36.125 30.345 13.005 0 36.125 33.235 15.895 0 39.015 30.345 15.895 0 39.015 33.235 13.005 0 1.445 36.125 13.005 0 1.445 39.015 15.895 0 4.335 36.125 15.895 0 4.335 39.015 13.005 0 7.225 36.125 13.005 0 7.225 39.015 15.895 0 10.115 36.125 15.895 0 10.115 39.015 13.005 0 13.005 36.125 13.005 0 13.005 39.015 15.895 0 15.895 36.125 15.895 0 15.895 39.015 13.005 0 18.785 36.125 13.005 0 18.785 39.015 15.895 0 21.675 36.125 15.895 0 21.675 39.015 13.005 0 24.565 36.125 13.005 0 24.565 39.015 15.895 0 27.455 36.125 15.895 0 27.455 39.015 13.005 0 30.345 36.125 13.005 0 30.345 39.015 15.895 0 33.235 36.125 15.895 0 33.235 39.015 13.005 0 36.125 36.125 13.005 0 36.125 39.015 15.895 0 39.015 36.125 15.895 0 39.015 39.015 13.005 0 1.445 1.445 18.785 0 1.445 4.335 21.675 0 4.335 1.445 21.675 0 4.335 4.335 18.785 0 7.225 1.445 18.785 0 7.225 4.335 21.675 0 10.115 1.445 21.675 0 10.115 4.335 18.785 0 13.005 1.445 18.785 0 13.005 4.335 21.675 0 15.895 1.445 21.675 0 15.895 4.335 18.785 
0 18.785 1.445 18.785 0 18.785 4.335 21.675 0 21.675 1.445 21.675 0 21.675 4.335 18.785 0 24.565 1.445 18.785 0 24.565 4.335 21.675 0 27.455 1.445 21.675 0 27.455 4.335 18.785 0 30.345 1.445 18.785 0 30.345 4.335 21.675 0 33.235 1.445 21.675 0 33.235 4.335 18.785 0 36.125 1.445 18.785 0 36.125 4.335 21.675 0 39.015 1.445 21.675 0 39.015 4.335 18.785 0 1.445 7.225 18.785 0 1.445 10.115 21.675 0 4.335 7.225 21.675 0 4.335 10.115 18.785 0 7.225 7.225 18.785 0 7.225 10.115 21.675 0 10.115 7.225 21.675 0 10.115 10.115 18.785 0 13.005 7.225 18.785 0 13.005 10.115 21.675 0 15.895 7.225 21.675 0 15.895 10.115 18.785 0 18.785 7.225 18.785 0 18.785 10.115 21.675 0 21.675 7.225 21.675 0 21.675 10.115 18.785 0 24.565 7.225 18.785 0 24.565 10.115 21.675 0 27.455 7.225 21.675 0 27.455 10.115 18.785 0 30.345 7.225 18.785 0 30.345 10.115 21.675 0 33.235 7.225 21.675 0 33.235 10.115 18.785 0 36.125 7.225 18.785 0 36.125 10.115 21.675 0 39.015 7.225 21.675 0 39.015 10.115 18.785 0 1.445 13.005 18.785 0 1.445 15.895 21.675 0 4.335 13.005 21.675 0 4.335 15.895 18.785 0 7.225 13.005 18.785 0 7.225 15.895 21.675 0 10.115 13.005 21.675 0 10.115 15.895 18.785 0 13.005 13.005 18.785 0 13.005 15.895 21.675 0 15.895 13.005 21.675 0 15.895 15.895 18.785 0 18.785 13.005 18.785 0 18.785 15.895 21.675 0 21.675 13.005 21.675 0 21.675 15.895 18.785 0 24.565 13.005 18.785 0 24.565 15.895 21.675 0 27.455 13.005 21.675 0 27.455 15.895 18.785 0 30.345 13.005 18.785 0 30.345 15.895 21.675 0 33.235 13.005 21.675 0 33.235 15.895 18.785 0 36.125 13.005 18.785 0 36.125 15.895 21.675 0 39.015 13.005 21.675 0 39.015 15.895 18.785 0 1.445 18.785 18.785 0 1.445 21.675 21.675 0 4.335 18.785 21.675 0 4.335 21.675 18.785 0 7.225 18.785 18.785 0 7.225 21.675 21.675 0 10.115 18.785 21.675 0 10.115 21.675 18.785 0 13.005 18.785 18.785 0 13.005 21.675 21.675 0 15.895 18.785 21.675 0 15.895 21.675 18.785 0 18.785 18.785 18.785 0 18.785 21.675 21.675 0 21.675 18.785 21.675 0 21.675 21.675 18.785 0 24.565 18.785 18.785 0 24.565 21.675 21.675 0 27.455 18.785 21.675 0 27.455 21.675 18.785 0 30.345 18.785 18.785 0 30.345 21.675 21.675 0 33.235 18.785 21.675 0 33.235 21.675 18.785 0 36.125 18.785 18.785 0 36.125 21.675 21.675 0 39.015 18.785 21.675 0 39.015 21.675 18.785 
0 1.445 24.565 18.785 0 1.445 27.455 21.675 0 4.335 24.565 21.675 0 4.335 27.455 18.785 0 7.225 24.565 18.785 0 7.225 27.455 21.675 0 10.115 24.565 21.675 0 10.115 27.455 18.785 0 13.005 24.565 18.785 0 13.005 27.455 21.675 0 15.895 24.565 21.675 0 15.895 27.455 18.785 0 18.785 24.565 18.785 0 18.785 27.455 21.675 0 21.675 24.565 21.675 0 21.675 27.455 18.785 0 24.565 24.565 18.785 0 24.565 27.455 21.675 0 27.455 24.565 21.675 0 27.455 27.455 18.785 0 30.345 24.565 18.785 0 30.345 27.455 21.675 0 33.235 24.565 21.675 0 33.235 27.455 18.785 0 36.125 24.565 18.785 0 36.125 27.455 21.675 0 39.015 24.565 21.675 0 39.015 27.455 18.785 0 1.445 30.345 18.785 0 1.445 33.235 21.675 0 4.335 30.345 21.675 0 4.335 33.235 18.785 0 7.225 30.345 18.785 0 7.225 33.235 21.675 0 10.115 30.345 21.675 0 10.115 33.235 18.785 0 13.005 30.345 18.785 0 13.005 33.235 21.675 0 15.895 30.345 21.675 0 15.895 33.235 18.785 0 18.785 30.345 18.785 0 18.785 33.235 21.675 0 21.675 30.345 21.675 0 21.675 33.235 18.785 0 24.565 30.345 18.785 0 24.565 33.235 21.675 0 27.455 30.345 21.675 0 27.455 33.235 18.785 0 30.345 30.345 18.785 0 30.345 33.235 21.675 0 33.235 30.345 21.675 0 33.235 33.235 18.785 0 36.125 30.345 18.785 0 36.125 33.235 21.675 0 39.015 30.345 21.675 0 39.015 33.235 18.785 0 1.445 36.125 18.785 0 1.445 39.015 21.675 0 4.335 36.125 21.675 0 4.335 39.015 18.785 0 7.225 36.125 18.785 0 7.225 39.015 21.675 0 10.115 36.125 21.675 0 10.115 39.015 18.785 0 13.005 36.125 18.785 0 13.005 39.015 21.675 0 15.895 36.125 21.675 0 15.895 39.015 18.785 0 18.785 36.125 18.785 0 18.785 39.015 21.675 0 21.675 36.125 21.675 0 21.675 39.015 18.785 0 24.565 36.125 18.785 0 24.565 39.015 21.675 0 27.455 36.125 21.675 0 27.455 39.015 18.785 0 30.345 36.125 18.785 0 30.345 39.015 21.675 0 33.235 36.125 21.675 0 33.235 39.015 18.785 0 36.125 36.125 18.785 0 36.125 39.015 21.675 0 39.015 36.125 21.675 0 39.015 39.015 18.785 0 1.445 1.445 24.565 0 1.445 4.335 27.455 0 4.335 1.445 27.455 0 4.335 4.335 24.565 0 7.225 1.445 24.565 0 7.225 4.335 27.455 0 10.115 1.445 27.455 0 10.115 4.335 24.565 0 13.005 1.445 24.565 0 13.005 4.335 27.455 0 15.895 1.445 27.455 0 15.895 4.335 24.565 0 18.785 1.445 24.565 0 18.785 4.335 27.455 0 21.675 1.445 27.455 0 21.675 4.335 24.565 
0 24.565 1.445 24.565 0 24.565 4.335 27.455 0 27.455 1.445 27.455 0 27.455 4.335 24.565 0 30.345 1.445 24.565 0 30.345 4.335 27.455 0 33.235 1.445 27.455 0 33.235 4.335 24.565 0 36.125 1.445 24.565 0 36.125 4.335 27.455 0 39.015 1.445 27.455 0 39.015 4.335 24.565 0 1.445 7.225 24.565 0 1.445 10.115 27.455 0 4.335 7.225 27.455 0 4.335 10.115 24.565 0 7.225 7.225 24.565 0 7.225 10.115 27.455 0 10.115 7.225 27.455 0 10.115 10.115 24.565 0 13.005 7.225 24.565 0 13.005 10.115 27.455 0 15.895 7.225 27.455 0 15.895 10.115 24.565 0 18.785 7.225 24.565 0 18.785 10.115 27.455 0 21.675 7.225 27.455 0 21.675 10.115 24.565 0 24.565 7.225 24.565 0 24.565 10.115 27.455 0 27.455 7.225 27.455 0 27.455 10.115 24.565 0 30.345 7.225 24.565 0 30.345 10.115 27.455 0 33.235 7.225 27.455 0 33.235 10.115 24.565 0 36.125 7.225 24.565 0 36.125 10.115 27.455 0 39.015 7.225 27.455 0 39.015 10.115 24.565 0 1.445 13.005 24.565 0 1.445 15.895 27.455 0 4.335 13.005 27.455 0 4.335 15.895 24.565 0 7.225 13.005 24.565 0 7.225 15.895 27.455 0 10.115 13.005 27.455 0 10.115 15.895 24.565 0 13.005 13.005 24.565 0 13.005 15.895 27.455 0 15.895 13.005 27.455 0 15.895 15.895 24.565 0 18.785 13.005 24.565 0 18.785 15.895 27.455 0 21.675 13.005 27.455 0 21.675 15.895 24.565 0 24.565 13.005 24.565 0 24.565 15.895 27.455 0 27.455 13.005 27.455 0 27.455 15.895 24.565 0 30.345 13.005 24.565 0 30.345 15.895 27.455 0 33.235 13.005 27.455 0 33.235 15.895 24.565 0 36.125 13.005 24.565 0 36.125 15.895 27.455 0 39.015 13.005 27.455 0 39.015 15.895 24.565 0 1.445 18.785 24.565 0 1.445 21.675 27.455 0 4.335 18.785 27.455 0 4.335 21.675 24.565 0 7.225 18.785 24.565 0 7.225 21.675 27.455 0 10.115 18.785 27.455 0 10.115 21.675 24.565 0 13.005 18.785 24.565 0 13.005 21.675 27.455 0 15.895 18.785 27.455 0 15.895 21.675 24.565 0 18.785 18.785 24.565 0 18.785 21.675 27.455 0 21.675 18.785 27.455 0 21.675 21.675 24.565 0 24.565 18.785 24.565 0 24.565 21.675 27.455 0 27.455 18.785 27.455 0 27.455 21.675 24.565 0 30.345 18.785 24.565 0 30.345 21.675 27.455 0 33.235 18.785 27.455 0 33.235 21.675 24.565 0 36.125 18.785 24.565 0 36.125 21.675 27.455 0 39.015 18.785 27.455 0 39.015 21.675 24.565 0 1.445 24.565 24.565 0 1.445 27.455 27.455 0 4.335 24.565 27.455 0 4.335 27.455 24.565 
0 7.225 24.565 24.565 0 7.225 27.455 27.455 0 10.115 24.565 27.455 0 10.115 27.455 24.565 0 13.005 24.565 24.565 0 13.005 27.455 27.455 0 15.895 24.565 27.455 0 15.895 27.455 24.565 0 18.785 24.565 24.565 0 18.785 27.455 27.455 0 21.675 24.565 27.455 0 21.675 27.455 24.565 0 24.565 24.565 24.565 0 24.565 27.455 27.455 0 27.455 24.565 27.455 0 27.455 27.455 24.565 0 30.345 24.565 24.565 0 30.345 27.455 27.455 0 33.235 24.565 27.455 0 33.235 27.455 24.565 0 36.125 24.565 24.565 0 36.125 27.455 27.455 0 39.015 24.565 27.455 0 39.015 27.455 24.565 0 1.445 30.345 24.565 0 1.445 33.235 27.455 0 4.335 30.345 27.455 0 4.335 33.235 24.565 0 7.225 30.345 24.565 0 7.225 33.235 27.455 0 10.115 30.345 27.455 0 10.115 33.235 24.565 0 13.005 30.345 24.565 0 13.005 33.235 27.455 0 15.895 30.345 27.455 0 15.895 33.235 24.565 0 18.785 30.345 24.565 0 18.785 33.235 27.455 0 21.675 30.345 27.455 0 21.675 33.235 24.565 0 24.565 30.345 24.565 0 24.565 33.235 27.455 0 27.455 30.345 27.455 0 27.455 33.235 24.565 0 30.345 30.345 24.565 0 30.345 33.235 27.455 0 33.235 30.345 27.455 0 33.235 33.235 24.565 0 36.125 30.345 24.565 0 36.125 33.235 27.455 0 39.015 30.345 27.455 0 39.015 33.235 24.565 0 1.445 36.125 24.565 0 1.445 39.015 27.455 0 4.335 36.125 27.455 0 4.335 39.015 24.565 0 7.225 36.125 24.565 0 7.225 39.015 27.455 0 10.115 36.125 27.455 0 10.115 39.015 24.565 0 13.005 36.125 24.565 0 13.005 39.015 27.455 0 15.895 36.125 27.455 0 15.895 39.015 24.565 0 18.785 36.125 24.565 0 18.785 39.015 27.455 0 21.675 36.125 27.455 0 21.675 39.015 24.565 0 24.565 36.125 24.565 0 24.565 39.015 27.455 0 27.455 36.125 27.455 0 27.455 39.015 24.565 0 30.345 36.125 24.565 0 30.345 39.015 27.455 0 33.235 36.125 27.455 0 33.235 39.015 24.565 0 36.125 36.125 24.565 0 36.125 39.015 27.455 0 39.015 36.125 27.455 0 39.015 39.015 24.565 0 1.445 1.445 30.345 0 1.445 4.335 33.235 0 4.335 1.445 33.235 0 4.335 4.335 30.345 0 7.225 1.445 30.345 0 7.225 4.335 33.235 0 10.115 1.445 33.235 0 10.115 4.335 30.345 0 13.005 1.445 30.345 0 13.005 4.335 33.235 0 15.895 1.445 33.235 0 15.895 4.335 30.345 0 18.785 1.445 30.345 0 18.785 4.335 33.235 0 21.675 1.445 33.235 0 21.675 4.335 30.345 0 24.565 1.445 30.345 0 24.565 4.335 33.235 0 27.455 1.445 33.235 0 27.455 4.335 30.345 
0 30.345 1.445 30.345 0 30.345 4.335 33.235 0 33.235 1.445 33.235 0 33.235 4.335 30.345 0 36.125 1.445 30.345 0 36.125 4.335 33.235 0 39.015 1.445 33.235 0 39.015 4.335 30.345 0 1.445 7.225 30.345 0 1.445 10.115 33.235 0 4.335 7.225 33.235 0 4.335 10.115 30.345 0 7.225 7.225 30.345 0 7.225 10.115 33.235 0 10.115 7.225 33.235 0 10.115 10.115 30.345 0 13.005 7.225 30.345 0 13.005 10.115 33.235 0 15.895 7.225 33.235 0 15.895 10.115 30.345 0 18.785 7.225 30.345 0 18.785 10.115 33.235 0 21.675 7.225 33.235 0 21.675 10.115 30.345 0 24.565 7.225 30.345 0 24.565 10.115 33.235 0 27.455 7.225 33.235 0 27.455 10.115 30.345 0 30.345 7.225 30.345 0 30.345 10.115 33.235 0 33.235 7.225 33.235 0 33.235 10.115 30.345 0 36.125 7.225 30.345 0 36.125 10.115 33.235 0 39.015 7.225 33.235 0 39.015 10.115 30.345 0 1.445 13.005 30.345 0 1.445 15.895 33.235 0 4.335 13.005 33.235 0 4.335 15.895 30.345 0 7.225 13.005 30.345 0 7.225 15.895 33.235 0 10.115 13.005 33.235 0 10.115 15.895 30.345 0 13.005 13.005 30.345 0 13.005 15.895 33.235 0 15.895 13.005 33.235 0 15.895 15.895 30.345 0 18.785 13.005 30.345 0 18.785 15.895 33.235 0 21.675 13.005 33.235 0 21.675 15.895 30.345 0 24.565 13.005 30.345 0 24.565 15.895 33.235 0 27.455 13.005 33.235 0 27.455 15.895 30.345 0 30.345 13.005 30.345 0 30.345 15.895 33.235 0 33.235 13.005 33.235 0 33.235 15.895 30.345 0 36.125 13.005 30.345 0 36.125 15.895 33.235 0 39.015 13.005 33.235 0 39.015 15.895 30.345 0 1.445 18.785 30.345 0 1.445 21.675 33.235 0 4.335 18.785 33.235 0 4.335 21.675 30.345 0 7.225 18.785 30.345 0 7.225 21.675 33.235 0 10.115 18.785 33.235 0 10.115 21.675 30.345 0 13.005 18.785 30.345 0 13.005 21.675 33.235 0 15.895 18.785 33.235 0 15.895 21.675 30.345 0 18.785 18.785 30.345 0 18.785 21.675 33.235 0 21.675 18.785 33.235 0 21.675 21.675 30.345 0 24.565 18.785 30.345 0 24.565 21.675 33.235 0 27.455 18.785 33.235 0 27.455 21.675 30.345 0 30.345 18.785 30.345 0 30.345 21.675 33.235 0 33.235 18.785 33.235 0 33.235 21.675 30.345 0 36.125 18.785 30.345 0 36.125 21.675 33.235 0 39.015 18.785 33.235 0 39.015 21.675 30.345 0 1.445 24.565 30.345 0 1.445 27.455 33.235 0 4.335 24.565 33.235 0 4.335 27.455 30.345 0 7.225 24.565 30.345 0 7.225 27.455 33.235 0 10.115 24.565 33.235 0 10.115 27.455 30.345 
0 13.005 24.565 30.345 0 13.005 27.455 33.235 0 15.895 24.565 33.235 0 15.895 27.455 30.345 0 18.785 24.565 30.345 0 18.785 27.455 33.235 0 21.675 24.565 33.235 0 21.675 27.455 30.345 0 24.565 24.565 30.345 0 24.565 27.455 33.235 0 27.455 24.565 33.235 0 27.455 27.455 30.345 0 30.345 24.565 30.345 0 30.345 27.455 33.235 0 33.235 24.565 33.235 0 33.235 27.455 30.345 0 36.125 24.565 30.345 0 36.125 27.455 33.235 0 39.015 24.565 33.235 0 39.015 27.455 30.345 0 1.445 30.345 30.345 0 1.445 33.235 33.235 0 4.335 30.345 33.235 0 4.335 33.235 30.345 0 7.225 30.345 30.345 0 7.225 33.235 33.235 0 10.115 30.345 33.235 0 10.115 33.235 30.345 0 13.005 30.345 30.345 0 13.005 33.235 33.235 0 15.895 30.345 33.235 0 15.895 33.235 30.345 0 18.785 30.345 30.345 0 18.785 33.235 33.235 0 21.675 30.345 33.235 0 21.675 33.235 30.345 0 24.565 30.345 30.345 0 24.565 33.235 33.235 0 27.455 30.345 33.235 0 27.455 33.235 30.345 0 30.345 30.345 30.345 0 30.345 33.235 33.235 0 33.235 30.345 33.235 0 33.235 33.235 30.345 0 36.125 30.345 30.345 0 36.125 33.235 33.235 0 39.015 30.345 33.235 0 39.015 33.235 30.345 0 1.445 36.125 30.345 0 1.445 39.015 33.235 0 4.335 36.125 33.235 0 4.335 39.015 30.345 0 7.225 36.125 30.345 0 7.225 39.015 33.235 0 10.115 36.125 33.235 0 10.115 39.015 30.345 0 13.005 36.125 30.345 0 13.005 39.015 33.235 0 15.895 36.125 33.235 0 15.895 39.015 30.345 0 18.785 36.125 30.345 0 18.785 39.015 33.235 0 21.675 36.125 33.235 0 21.675 39.015 30.345 0 24.565 36.125 30.345 0 24.565 39.015 33.235 0 27.455 36.125 33.235 0 27.455 39.015 30.345 0 30.345 36.125 30.345 0 30.345 39.015 33.235 0 33.235 36.125 33.235 0 33.235 39.015 30.345 0 36.125 36.125 30.345 0 36.125 39.015 33.235 0 39.015 36.125 33.235 0 39.015 39.015 30.345 0 1.445 1.445 36.125 0 1.445 4.335 39.015 0 4.335 1.445 39.015 0 4.335 4.335 36.125 0 7.225 1.445 36.125 0 7.225 4.335 39.015 0 10.115 1.445 39.015 0 10.115 4.335 36.125 0 13.005 1.445 36.125 0 13.005 4.335 39.015 0 15.895 1.445 39.015 0 15.895 4.335 36.125 0 18.785 1.445 36.125 0 18.785 4.335 39.015 0 21.675 1.445 39.015 0 21.675 4.335 36.125 0 24.565 1.445 36.125 0 24.565 4.335 39.015 0 27.455 1.445 39.015 0 27.455 4.335 36.125 0 30.345 1.445 36.125 0 30.345 4.335 39.015 0 33.235 1.445 39.015 0 33.235 4.335 36.125 
0 36.125 1.445 36.125 0 36.125 4.335 39.015 0 39.015 1.445 39.015 0 39.015 4.335 36.125 0 1.445 7.225 36.125 0 1.445 10.115 39.015 0 4.335 7.225 39.015 0 4.335 10.115 36.125 0 7.225 7.225 36.125 0 7.225 10.115 39.015 0 10.115 7.225 39.015 0 10.115 10.115 36.125 0 13.005 7.225 36.125 0 13.005 10.115 39.015 0 15.895 7.225 39.015 0 15.895 10.115 36.125 0 18.785 7.225 36.125 0 18.785 10.115 39.015 0 21.675 7.225 39.015 0 21.675 10.115 36.125 0 24.565 7.225 36.125 0 24.565 10.115 39.015 0 27.455 7.225 39.015 0 27.455 10.115 36.125 0 30.345 7.225 36.125 0 30.345 10.115 39.015 0 33.235 7.225 39.015 0 33.235 10.115 36.125 0 36.125 7.225 36.125 0 36.125 10.115 39.015 0 39.015 7.225 39.015 0 39.015 10.115 36.125 0 1.445 13.005 36.125 0 1.445 15.895 39.015 0 4.335 13.005 39.015 0 4.335 15.895 36.125 0 7.225 13.005 36.125 0 7.225 15.895 39.015 0 10.115 13.005 39.015 0 10.115 15.895 36.125 0 13.005 13.005 36.125 0 13.005 15.895 39.015 0 15.895 13.005 39.015 0 15.895 15.895 36.125 0 18.785 13.005 36.125 0 18.785 15.895 39.015 0 21.675 13.005 39.015 0 21.675 15.895 36.125 0 24.565 13.005 36.125 0 24.565 15.895 39.015 0 27.455 13.005 39.015 0 27.455 15.895 36.125 0 30.345 13.005 36.125 0 30.345 15.895 39.015 0 33.235 13.005 39.015 0 33.235 15.895 36.125 0 36.125 13.005 36.125 0 36.125 15.895 39.015 0 39.015 13.005 39.015 0 39.015 15.895 36.125 0 1.445 18.785 36.125 0 1.445 21.675 39.015 0 4.335 18.785 39.015 0 4.335 21.675 36.125 0 7.225 18.785 36.125 0 7.225 21.675 39.015 0 10.115 18.785 39.015 0 10.115 21.675 36.125 0 13.005 18.785 36.125 0 13.005 21.675 39.015 0 15.895 18.785 39.015 0 15.895 21.675 36.125 0 18.785 18.785 36.125 0 18.785 21.675 39.015 0 21.675 18.785 39.015 0 21.675 21.675 36.125 0 24.565 18.785 36.125 0 24.565 21.675 39.015 0 27.455 18.785 39.015 0 27.455 21.675 36.125 0 30.345 18.785 36.125 0 30.345 21.675 39.015 0 33.235 18.785 39.015 0 33.235 21.675 36.125 0 36.125 18.785 36.125 0 36.125 21.675 39.015 0 39.015 18.785 39.015 0 39.015 21.675 36.125 0 1.445 24.565 36.125 0 1.445 27.455 39.015 0 4.335 24.565 39.015 0 4.335 27.455 36.125 0 7.225 24.565 36.125 0 7.225 27.455 39.015 0 10.115 24.565 39.015 0 10.115 27.455 36.125 0 13.005 24.565 36.125 0 13.005 27.455 39.015 0 15.895 24.565 39.015 0 15.895 27.455 36.125 
0 18.785 24.565 36.125 0 18.785 27.455 39.015 0 21.675 24.565 39.015 0 21.675 27.455 36.125 0 24.565 24.565 36.125 0 24.565 27.455 39.015 0 27.455 24.565 39.015 0 27.455 27.455 36.125 0 30.345 24.565 36.125 0 30.345 27.455 39.015 0 33.235 24.565 39.015 0 33.235 27.455 36.125 0 36.125 24.565 36.125 0 36.125 27.455 39.015 0 39.015 24.565 39.015 0 39.015 27.455 36.125 0 1.445 30.345 36.125 0 1.445 33.235 39.015 0 4.335 30.345 39.015 0 4.335 33.235 36.125 0 7.225 30.345 36.125 0 7.225 33.235 39.015 0 10.115 30.345 39.015 0 10.115 33.235 36.125 0 13.005 30.345 36.125 0 13.005 33.235 39.015 0 15.895 30.345 39.015 0 15.895 33.235 36.125 0 18.785 30.345 36.125 0 18.785 33.235 39.015 0 21.675 30.345 39.015 0 21.675 33.235 36.125 0 24.565 30.345 36.125 0 24.565 33.235 39.015 0 27.455 30.345 39.015 0 27.455 33.235 36.125 0 30.345 30.345 36.125 0 30.345 33.235 39.015 0 33.235 30.345 39.015 0 33.235 33.235 36.125 0 36.125 30.345 36.125 0 36.125 33.235 39.015 0 39.015 30.345 39.015 0 39.015 33.235 36.125 0 1.445 36.125 36.125 0 1.445 39.015 39.015 0 4.335 36.125 39.015 0 4.335 39.015 36.125 0 7.225 36.125 36.125 0 7.225 39.015 39.015 0 10.115 36.125 39.015 0 10.115 39.015 36.125 0 13.005 36.125 36.125 0 13.005 39.015 39.015 0 15.895 36.125 39.015 0 15.895 39.015 36.125 0 18.785 36.125 36.125 0 18.785 39.015 39.015 0 21.675 36.125 39.015 0 21.675 39.015 36.125 0 24.565 36.125 36.125 0 24.565 39.015 39.015 0 27.455 36.125 39.015 0 27.455 39.015 36.125 0 30.345 36.125 36.125 0 30.345 39.015 39.015 0 33.235 36.125 39.015 0 33.235 39.015 36.125 0 36.125 36.125 36.125 0 36.125 39.015 39.015 0 39.015 36.125 39.015 0 39.015 39.015 36.125 
0 0 0 0 0 0 0 0 0 0 0 0 0 0 0 0 0 0 0 0 0 0 0 0 0 0 0 0 0 0 0 0 0 0 0 0 0 0 0 0 0 0 0 0 0 0 0 0 0 0 0 0 0 0 0 0 0 0 0 0 0 0 0 0 0 0 0 0 0 0 0 0 0 0 0 0 0 0 0 0 0 0 0 0 0 0 0 0 0 0 0 0 0 0 0 0 0 0 0 0 0 0 0 0 0 0 0 0 0 0 0 0 0 0 0 0 0 0 0 0 0 0 0 0 0 0 0 0 0 0 0 0 0 0 0 0 0 0 0 0 0 0 0 0 0 0 0 0 0 0 0 0 0 0 0 0 0 0 0 0 0 0 0 0 0 0 0 0 0 0 0 0 0 0 0 0 0 0 0 0 0 0 0 0 0 0 0 0 0 0 0 0 0 0 0 0 0 0 0 0 0 0 0 0 0 0 0 0 0 0 0 0 0 0 0 0 0 0 0 0 0 0 0 0 0 0 0 0 0 0 0 0 0 0 0 0 0 0 0 0 0 0 0 0 0 0 0 0 0 0 0 0 0 0 0 0 0 0 0 0 0 0 0 0 0 0 0 0 0 0 0 0 0 0 0 0 0 0 0 0 0 0 0 0 0 0 0 0 0 0 0 0 0 0 0 0 0 0 0 0 
0 0 0 0 0 0 0 0 0 0 0 0 0 0 0 0 0 0 0 0 0 0 0 0 0 0 0 0 0 0 0 0 0 0 0 0 0 0 0 0 0 0 0 0 0 0 0 0 0 0 0 0 0 0 0 0 0 0 0 0 0 0 0 0 0 0 0 0 0 0 0 0 0 0 0 0 0 0 0 0 0 0 0 0 0 0 0 0 0 0 0 0 0 0 0 0 0 0 0 0 0 0 0 0 0 0 0 0 0 0 0 0 0 0 0 0 0 0 0 0 0 0 0 0 0 0 0 0 0 0 0 0 0 0 0 0 0 0 0 0 0 0 0 0 0 0 0 0 0 0 0 0 0 0 0 0 0 0 0 0 0 0 0 0 0 0 0 0 0 0 0 0 0 0 0 0 0 0 0 0 0 0 0 0 0 0 0 0 0 0 0 0 0 0 0 0 0 0 0 0 0 0 0 0 0 0 0 0 0 0 0 0 0 0 0 0 0 0 0 0 0 0 0 0 0 0 0 0 0 0 0 0 0 0 0 0 0 0 0 0 0 0 0 0 0 0 0 0 0 0 0 0 0 0 0 0 0 0 0 0 0 0 0 0 0 0 0 0 0 0 0 0 0 0 0 0 0 0 0 0 0 0 0 0 0 0 0 0 0 0 0 0 0 0 0 0 0 0 0 0 
0 0 0 0 0 0 0 0 0 0 0 0 0 0 0 0 0 0 0 0 0 0 0 0 0 0 0 0 0 0 0 0 0 0 0 0 0 0 0 0 0 0 0 0 0 0 0 0 0 0 0 0 0 0 0 0 0 0 0 0 0 0 0 0 0 0 0 0 0 0 0 0 0 0 0 0 0 0 0 0 0 0 0 0 0 0 0 0 0 0 0 0 0 0 0 0 0 0 0 0 0 0 0 0 0 0 0 0 0 0 0 0 0 0 0 0 0 0 0 0 0 0 0 0 0 0 0 0 0 0 0 0 0 0 0 0 0 0 0 0 0 0 0 0 0 0 0 0 0 0 0 0 0 0 0 0 0 0 0 0 0 0 0 0 0 0 0 0 0 0 0 0 0 0 0 0 0 0 0 0 0 0 0 0 0 0 0 0 0 0 0 0 0 0 0 0 0 0 0 0 0 0 0 0 0 0 0 0 0 0 0 0 0 0 0 0 0 0 0 0 0 0 0 0 0 0 0 0 0 0 0 0 0 0 0 0 0 0 0 0 0 0 0 0 0 0 0 0 0 0 0 0 0 0 0 0 0 0 0 0 0 0 0 0 0 0 0 0 0 0 0 0 0 0 0 0 0 0 0 0 0 0 0 0 0 0 0 0 0 0 0 0 0 0 0 0 0 0 0 0 
0 0 0 0 0 0 0 0 0 0 0 0 0 0 0 0 0 0 0 0 0 0 0 0 0 0 0 0 0 0 0 0 0 0 0 0 0 0 0 0 0 0 0 0 0 0 0 0 0 0 0 0 0 0 0 0 0 0 0 0 0 0 0 0 0 0 0 0 0 0 0 0 0 0 0 0 0 0 0 0 0 0 0 0 0 0 0 0 0 0 0 0 0 0 0 0 0 0 0 0 0 0 0 0 0 0 0 0 0 0 0 0 0 0 0 0 0 0 0 0 0 0 0 0 0 0 0 0 0 0 0 0 0 0 0 0 0 0 0 0 0 0 0 0 0 0 0 0 0 0 0 0 0 0 0 0 0 0 0 0 0 0 0 0 0 0 0 0 0 0 0 0 0 0 0 0 0 0 0 0 0 0 0 0 0 0 0 0 0 0 0 0 0 0 0 0 0 0 0 0 0 0 0 0 0 0 0 0 0 0 0 0 0 0 0 0 0 0 0 0 0 0 0 0 0 0 0 0 0 0 0 0 0 0 0 0 0 0 0 0 0 0 0 0 0 0 0 0 0 0 0 0 0 0 0 0 0 0 0 0 0 0 0 0 0 0 0 0 0 0 0 0 0 0 0 0 0 0 0 0 0 0 0 0 0 0 0 0 0 0 0 0 0 0 0 0 0 0 0 0 
0 0 0 0 0 0 0 0 0 0 0 0 0 0 0 0 0 0 0 0 0 0 0 0 0 0 0 0 0 0 0 0 0 0 0 0 0 0 0 0 0 0 0 0 0 0 0 0 0 0 0 0 0 0 0 0 0 0 0 0 0 0 0 0 0 0 0 0 0 0 0 0 0 0 0 0 0 0 0 0 0 0 0 0 0 0 0 0 0 0 0 0 0 0 0 0 0 0 0 0 0 0 0 0 0 0 0 0 0 0 0 0 0 0 0 0 0 0 0 0 0 0 0 0 0 0 0 0 0 0 0 0 0 0 0 0 0 0 0 0 0 0 0 0 0 0 0 0 0 0 0 0 0 0 0 0 0 0 0 0 0 0 0 0 0 0 0 0 0 0 0 0 0 0 0 0 0 0 0 0 0 0 0 0 0 0 0 0 0 0 0 0 0 0 0 0 0 0 0 0 0 0 0 0 0 0 0 0 0 0 0 0 0 0 0 0 0 0 0 0 0 0 0 0 0 0 0 0 0 0 0 0 0 0 0 0 0 0 0 0 0 0 0 0 0 0 0 0 0 0 0 0 0 0 0 0 0 0 0 0 0 0 0 0 0 0 0 0 0 0 0 0 0 0 0 0 0 0 0 0 0 0 0 0 0 0 0 0 0 0 0 0 0 0 0 0 0 0 0 0 
0 0 0 0 0 0 0 0 0 0 0 0 0 0 0 0 0 0 0 0 0 0 0 0 0 0 0 0 0 0 0 0 0 0 0 0 0 0 0 0 0 0 0 0 0 0 0 0 0 0 0 0 0 0 0 0 0 0 0 0 0 0 0 0 0 0 0 0 0 0 0 0 0 0 0 0 0 0 0 0 0 0 0 0 0 0 0 0 0 0 0 0 0 0 0 0 0 0 0 0 0 0 0 0 0 0 0 0 0 0 0 0 0 0 0 0 0 0 0 0 0 0 0 0 0 0 0 0 0 0 0 0 0 0 0 0 0 0 0 0 0 0 0 0 0 0 0 0 0 0 0 0 0 0 0 0 0 0 0 0 0 0 0 0 0 0 0 0 0 0 0 0 0 0 0 0 0 0 0 0 0 0 0 0 0 0 0 0 0 0 0 0 0 0 0 0 0 0 0 0 0 0 0 0 0 0 0 0 0 0 0 0 0 0 0 0 0 0 0 0 0 0 0 0 0 0 0 0 0 0 0 0 0 0 0 0 0 0 0 0 0 0 0 0 0 0 0 0 0 0 0 0 0 0 0 0 0 0 0 0 0 0 0 0 0 0 0 0 0 0 0 0 0 0 0 0 0 0 0 0 0 0 0 0 0 0 0 0 0 0 0 0 0 0 0 0 0 0 0 0 
0 0 0 0 0 0 0 0 0 0 0 0 0 0 0 0 0 0 0 0 0 0 0 0 0 0 0 0 0 0 0 0 0 0 0 0 0 0 0 0 0 0 0 0 0 0 0 0 0 0 0 0 0 0 0 0 0 0 0 0 0 0 0 0 0 0 0 0 0 0 0 0 0 0 0 0 0 0 0 0 0 0 0 0 0 0 0 0 0 0 0 0 0 0 0 0 0 0 0 0 0 0 0 0 0 0 0 0 0 0 0 0 0 0 0 0 0 0 0 0 0 0 0 0 0 0 0 0 0 0 0 0 0 0 0 0 0 0 0 0 0 0 0 0 0 0 0 0 0 0 0 0 0 0 0 0 0 0 0 0 0 0 0 0 0 0 0 0 0 0 0 0 0 0 0 0 0 0 0 0 0 0 0 0 0 0 0 0 0 0 0 0 0 0 0 0 0 0 0 0 0 0 0 0 0 0 0 0 0 0 0 0 0 0 0 0 0 0 0 0 0 0 0 0 0 0 0 0 0 0 0 0 0 0 0 0 0 0 0 0 0 0 0 0 0 0 0 0 0 0 0 0 0 0 0 0 0 0 0 0 0 0 0 0 0 0 0 0 0 0 0 0 0 0 0 0 0 0 0 0 0 0 0 0 0 0 0 0 0 0 0 0 0 0 0 0 0 0 0 0 
0 0 0 0 0 0 0 0 0 0 0 0 0 0 0 0 0 0 0 0 0 0 0 0 0 0 0 0 0 0 0 0 0 0 0 0 0 0 0 0 0 0 0 0 0 0 0 0 0 0 0 0 0 0 0 0 0 0 0 0 0 0 0 0 0 0 0 0 0 0 0 0 0 0 0 0 0 0 0 0 0 0 0 0 0 0 0 0 0 0 0 0 0 0 0 0 0 0 0 0 0 0 0 0 0 0 0 0 0 0 0 0 0 0 0 0 0 0 0 0 0 0 0 0 0 0 0 0 0 0 0 0 0 0 0 0 0 0 0 0 0 0 0 0 0 0 0 0 0 0 0 0 0 0 0 0 0 0 0 0 0 0 0 0 0 0 0 0 0 0 0 0 0 0 0 0 0 0 0 0 0 0 0 0 0 0 0 0 0 0 0 0 0 0 0 0 0 0 0 0 0 0 0 0 0 0 0 0 0 0 0 0 0 0 0 0 0 0 0 0 0 0 0 0 0 0 0 0 0 0 0 0 0 0 0 0 0 0 0 0 0 0 0 0 0 0 0 0 0 0 0 0 0 0 0 0 0 0 0 0 0 0 0 0 0 0 0 0 0 0 0 0 0 0 0 0 0 0 0 0 0 0 0 0 0 0 0 0 0 0 0 0 0 0 0 0 0 0 0 0 
0 0 0 0 0 0 0 0 0 0 0 0 0 0 0 0 0 0 0 0 0 0 0 0 0 0 0 0 0 0 0 0 0 0 0 0 0 0 0 0 0 0 0 0 0 0 0 0 0 0 0 0 0 0 0 0 0 0 0 0 0 0 0 0 0 0 0 0 0 0 0 0 0 0 0 0 0 0 0 0 0 0 0 0 0 0 0 0 0 0 0 0 0 0 0 0 0 0 0 0 0 0 0 0 0 0 0 0 0 0 0 0 0 0 0 0 0 0 0 0 0 0 0 0 0 0 0 0 0 0 0 0 0 0 0 0 0 0 0 0 0 0 0 0 0 0 0 0 0 0 0 0 0 0 0 0 0 0 0 0 0 0 0 0 0 0 0 0 0 0 0 0 0 0 0 0 0 0 0 0 0 0 0 0 0 0 0 0 0 0 0 0 0 0 0 0 0 0 0 0 0 0 0 0 0 0 0 0 0 0 0 0 0 0 0 0 0 0 0 0 0 0 0 0 0 0 0 0 0 0 0 0 0 0 0 0 0 0 0 0 0 0 0 0 0 0 0 0 0 0 0 0 0 0 0 0 0 0 0 0 0 0 0 0 0 0 0 0 0 0 0 0 0 0 0 0 0 0 0 0 0 0 0 0 0 0 0 0 0 0 0 0 0 0 0 0 0 0 0 0 
0 0 0 0 0 0 0 0 0 0 0 0 0 0 0 0 0 0 0 0 0 0 0 0 0 0 0 0 0 0 0 0 0 0 0 0 0 0 0 0 0 0 0 0 0 0 0 0 0 0 0 0 0 0 0 0 0 0 0 0 0 0 0 0 0 0 0 0 0 0 0 0 0 0 0 0 0 0 0 0 0 0 0 0 0 0 0 0 0 0 0 0 0 0 0 0 0 0 0 0 0 0 0 0 0 0 0 0 0 0 0 0 0 0 0 0 0 0 0 0 0 0 0 0 0 0 0 0 0 0 0 0 0 0 0 0 0 0 0 0 0 0 0 0 0 0 0 0 0 0 0 0 0 0 0 0 0 0 0 0 0 0 0 0 0 0 0 0 0 0 0 0 0 0 0 0 0 0 0 0 0 0 0 0 0 0 0 0 0 0 0 0 0 0 0 0 0 0 0 0 0 0 0 0 0 0 0 0 0 0 0 0 0 0 0 0 0 0 0 0 0 0 0 0 0 0 0 0 0 0 0 0 0 0 0 0 0 0 0 0 0 0 0 0 0 0 0 0 0 0 0 0 0 0 0 0 0 0 0 0 0 0 0 0 0 0 0 0 0 0 0 0 0 0 0 0 0 0 0 0 0 0 0 0 0 0 0 0 0 0 0 0 0 0 0 0 0 0 0 0 
0 0 0 0 0 0 0 0 0 0 0 0 0 0 0 0 0 0 0 0 0 0 0 0 0 0 0 0 0 0 0 0 0 0 0 0 0 0 0 0 0 0 0 0 0 0 0 0 0 0 0 0 0 0 0 0 0 0 0 0 0 0 0 0 0 0 0 0 0 0 0 0 0 0 0 0 0 0 0 0 0 0 0 0 0 0 0 0 0 0 0 0 0 0 0 0 0 0 0 0 0 0 0 0 0 0 0 0 0 0 0 0 0 0 0 0 0 0 0 0 0 0 0 0 0 0 0 0 0 0 0 0 0 0 0 0 0 0 0 0 0 0 0 0 0 0 0 0 0 0 0 0 0 0 0 0 0 0 0 0 0 0 0 0 0 0 0 0 0 0 0 0 0 0 0 0 0 0 0 0 0 0 0 0 0 0 0 0 0 0 0 0 0 0 0 0 0 0 0 0 0 0 0 0 0 0 0 0 0 0 0 0 0 0 0 0 0 0 0 0 0 0 0 0 0 0 0 0 0 0 0 0 0 0 0 0 0 0 0 0 0 0 0 0 0 0 0 0 0 0 0 0 0 0 0 0 0 0 0 0 0 0 0 0 0 0 0 0 0 0 0 0 0 0 0 0 0 0 0 0 0 0 0 0 0 0 0 0 0 0 0 0 0 0 0 0 0 0 0 0 
0 0 0 0 0 0 0 0 0 0 0 0 0 0 0 0 0 0 0 0 0 0 0 0 0 0 0 0 0 0 0 0 0 0 0 0 0 0 0 0 0 0 0 0 0 0 0 0 0 0 0 0 0 0 0 0 0 0 0 0 0 0 0 0 0 0 0 0 0 0 0 0 0 0 0 0 0 0 0 0 0 0 0 0 0 0 0 0 0 0 0 0 0 0 0 0 0 0 0 0 0 0 0 0 0 0 0 0 0 0 0 0 0 0 0 0 0 0 0 0 0 0 0 0 0 0 0 0 0 0 0 0 0 0 0 0 0 0 0 0 0 0 0 0 0 0 0 0 0 0 0 0 0 0 0 0 0 0 0 0 0 0 0 0 0 0 0 0 0 0 0 0 0 0 0 0 0 0 0 0 0 0 0 0 0 0 0 0 0 0 0 0 0 0 0 0 0 0 0 0 0 0 0 0 0 0 0 0 0 0 0 0 0 0 0 0 0 0 0 0 0 0 0 0 0 0 0 0 0 0 0 0 0 0 0 0 0 0 0 0 0 0 0 0 0 0 0 0 0 0 0 0 0 0 0 0 0 0 0 0 0 0 0 0 0 0 0 0 0 0 0 0 0 0 0 0 0 0 0 0 0 0 0 0 0 0 0 0 0 0 0 0 0 0 0 0 0 0 0 0 
0 0 0 0 0 0 0 0 0 0 0 0 0 0 0 0 0 0 0 0 0 0 0 0 0 0 0 0 0 0 0 0 0 0 0 0 0 0 0 0 0 0 0 0 0 0 0 0 0 0 0 0 0 0 0 0 0 0 0 0 0 0 0 0 0 0 0 0 0 0 0 0 0 0 0 0 0 0 0 0 0 0 0 0 0 0 0 0 0 0 0 0 0 0 0 0 0 0 0 0 0 0 0 0 0 0 0 0 0 0 0 0 0 0 0 0 0 0 0 0 0 0 0 0 0 0 0 0 0 0 0 0 0 0 0 0 0 0 0 0 0 0 0 0 0 0 0 0 0 0 0 0 0 0 0 0 0 0 0 0 0 0 0 0 0 0 0 0 0 0 0 0 0 0 0 0 0 0 0 0 0 0 0 0 0 0 0 0 0 0 0 0 0 0 0 0 0 0 0 0 0 0 0 0 0 0 0 0 0 0 0 0 0 0 0 0 0 0 0 0 0 0 0 0 0 0 0 0 0 0 0 0 0 0 0 0 0 0 0 0 0 0 0 0 0 0 0 0 0 0 0 0 0 0 0 0 0 0 0 0 0 0 0 0 0 0 0 0 0 0 0 0 0 0 0 0 0 0 0 0 0 0 0 0 0 0 0 0 0 0 0 0 0 0 0 0 0 0 0 0 
0 0 0 0 0 0 0 0 0 0 0 0 0 0 0 0 0 0 0 0 0 0 0 0 0 0 0 0 0 0 0 0 0 0 0 0 0 0 0 0 0 0 0 0 0 0 0 0 0 0 0 0 0 0 0 0 0 0 0 0 0 0 0 0 0 0 0 0 0 0 0 0 0 0 0 0 0 0 0 0 0 0 0 0 0 0 0 0 0 0 0 0 0 0 0 0 0 0 0 0 0 0 0 0 0 0 0 0 0 0 0 0 0 0 0 0 0 0 0 0 0 0 0 0 0 0 0 0 0 0 0 0 0 0 0 0 0 0 0 0 0 0 0 0 0 0 0 0 0 0 0 0 0 0 0 0 0 0 0 0 0 0 0 0 0 0 0 0 0 0 0 0 0 0 0 0 0 0 0 0 0 0 0 0 0 0 0 0 0 0 0 0 0 0 0 0 0 0 0 0 0 0 0 0 0 0 0 0 0 0 0 0 0 0 0 0 