500 1.00001
27.9793 27.9793 27.9793 
14 14 14 
1 1 1 1 1 1 1 1 1 1 1 1 1 1 1 1 1 1 1 1 1 1 1 1 1 1 1 1 1 1 1 1 1 1 1 1 1 1 1 1 1 1 1 1 1 1 1 1 1 1 1 1 1 1 1 1 1 1 1 1 1 1 1 1 1 1 1 1 1 1 1 1 1 1 1 1 1 1 1 1 1 1 1 1 1 1 1 1 1 1 1 1 1 1 1 1 1 1 1 1 
1 1 1 1 1 1 1 1 1 1 1 1 1 1 1 1 1 1 1 1 1 1 1 1 1 1 1 1 1 1 1 1 1 1 1 1 1 1 1 1 1 1 1 1 1 1 1 1 1 1 1 1 1 1 1 1 1 1 1 1 1 1 1 1 1 1 1 1 1 1 1 1 1 1 1 1 1 1 1 1 1 1 1 1 1 1 1 1 1 1 1 1 1 1 1 1 1 1 1 1 
1 1 1 1 1 1 1 1 1 1 1 1 1 1 1 1 1 1 1 1 1 1 1 1 1 1 1 1 1 1 1 1 1 1 1 1 1 1 1 1 1 1 1 1 1 1 1 1 1 1 1 1 1 1 1 1 1 1 1 1 1 1 1 1 1 1 1 1 1 1 1 1 1 1 1 1 1 1 1 1 1 1 1 1 1 1 1 1 1 1 1 1 1 1 1 1 1 1 1 1 
1 1 1 1 1 1 1 1 1 1 1 1 1 1 1 1 1 1 1 1 1 1 1 1 1 1 1 1 1 1 1 1 1 1 1 1 1 1 1 1 1 1 1 1 1 1 1 1 1 1 1 1 1 1 1 1 1 1 1 1 1 1 1 1 1 1 1 1 1 1 1 1 1 1 1 1 1 1 1 1 1 1 1 1 1 1 1 1 1 1 1 1 1 1 1 1 1 1 1 1 
1 1 1 1 1 1 1 1 1 1 1 1 1 1 1 1 1 1 1 1 1 1 1 1 1 1 1 1 1 1 1 1 1 1 1 1 1 1 1 1 1 1 1 1 1 1 1 1 1 1 1 1 1 1 1 1 1 1 1 1 1 1 1 1 1 1 1 1 1 1 1 1 1 1 1 1 1 1 1 1 1 1 1 1 1 1 1 1 1 1 1 1 1 1 1 1 1 1 1 1 

0 1.45737 0.973817 1.28256 0 2.03222 3.80038 3.54691 0 4.64381 1.06749 4.23474 0 4.04153 3.93524 0.818804 0 7.15581 1.5233 1.90082 0 6.75237 4.4581 4.50657 0 9.64543 1.8248 4.28816 0 9.96651 4.84347 1.76948 0 13.1437 1.55265 1.4497 0 12.8446 4.53926 3.56268 0 15.4563 1.87104 4.5003 0 15.7651 4.72526 1.48605 0 18.7977 1.70769 1.62447 0 18.2466 4.71775 4.19004 0 20.758 1.46698 4.9703 0 20.9153 4.27064 1.55693 0 24.6033 1.89897 1.14535 0 23.5852 4.42287 4.16245 0 27.1631 0.974992 4.26543 0 26.1148 4.81706 1.63644 0 1.55326 6.84311 1.43577 0 1.42793 9.58631 4.01606 0 3.82659 6.86939 4.17467 0 3.33279 10.3554 0.951459 0 6.43898 7.05189 1.47125 0 6.98614 10.8274 4.38253 0 8.80566 8.02362 4.07341 0 9.4739 9.83661 1.07259 0 12.2583 7.55854 1.12123 0 12.082 9.93039 4.25727 0 14.8096 7.49468 4.08145 0 15.5082 9.83406 1.12524 0 18.4653 7.64172 1.60687 0 17.7564 9.80469 4.33978 0 20.965 7.13002 4.23708 0 20.9995 10.019 1.40537 0 23.5128 7.27843 1.73962 0 23.9044 9.81515 4.33074 0 26.2935 7.09872 4.46669 0 26.6784 9.75255 1.60211 0 1.24565 13.0828 1.05009 0 1.05077 15.8201 4.04017 0 3.8222 13.2803 3.98601 0 4.60072 15.1359 0.676005 0 6.64045 12.2977 0.889879 0 6.86839 14.8064 3.36173 0 9.693 12.6827 4.52047 0 9.68037 15.0173 0.767154 0 12.4527 12.2314 1.604 0 12.8567 15.1971 4.02968 0 15.6318 12.5827 4.36792 0 15.2073 14.819 1.15949 0 18.332 12.513 1.6322 0 18.5298 15.2302 4.25298 0 20.8682 12.717 4.77958 0 21.1765 15.3321 2.03057 0 23.8529 12.7799 1.80258 0 23.8001 15.4559 4.71819 0 26.6008 12.5118 4.30727 0 26.1226 15.4649 1.3038 0 1.2954 18.4536 1.33121 0 1.32236 21.1827 4.01379 0 4.74633 17.961 3.521 0 4.09966 20.7332 1.15243 0 7.03274 18.2417 0.831373 0 7.66542 20.5726 3.87444 0 9.58245 17.3755 3.5895 0 9.8311 20.7903 0.819729 0 13.0307 17.9096 1.21824 0 12.7543 20.7204 4.41169 0 15.4606 18.1334 4.51854 0 15.3255 20.9883 1.5543 0 17.5176 17.679 1.60689 0 18.0448 20.4837 4.12477 0 20.5095 18.2282 4.33941 0 20.8213 20.6163 1.25978 0 23.5582 18.3872 1.8111 0 24.0915 21.5696 4.42764 0 26.7287 18.4049 4.06827 0 26.7058 21.3517 1.58935 0 1.29666 24.2945 0.976929 0 1.73131 26.145 4.22093 0 4.66906 23.1319 3.88713 0 4.31445 26.2128 1.42209 0 7.35738 23.7101 1.42779 0 7.57462 26.4955 4.23847 0 9.83858 23.4382 4.16873 0 10.2199 26.7245 1.76925 0 12.7053 23.6369 1.79701 0 13.0174 26.8125 4.13916 0 15.194 23.4655 4.40322 0 15.8905 26.7898 2.05574 0 18.4188 23.5359 1.71006 0 19.0853 26.572 3.60694 0 20.9107 23.2065 3.87344 0 21.6943 27.5685 0.971326 0 23.009 23.5816 1.04642 0 23.6421 25.7299 4.22847 0 27.0061 23.8495 4.13578 0 25.8846 26.2211 1.48399 
0 1.71158 0.768491 7.51137 0 1.19836 3.545 9.96386 0 4.15712 0.655434 10.0315 0 3.79303 3.45698 6.74586 0 6.76525 1.42897 7.10554 0 6.55815 4.04143 9.89502 0 9.53574 1.34993 10.0311 0 9.47314 3.82118 7.11699 0 12.3224 1.0763 7.07757 0 12.8962 3.74318 9.5902 0 15.6152 0.814509 9.69485 0 15.5832 4.25487 6.87373 0 18.027 1.46578 7.23999 0 18.68 4.23669 9.78136 0 20.9976 1.38625 9.49647 0 21.0656 4.22136 7.13171 0 23.6594 1.08476 6.50082 0 24.1486 3.88727 9.70212 0 26.7426 0.803048 9.62229 0 26.793 3.59783 6.64556 0 1.20247 6.36316 6.60427 0 0.952119 9.95048 10.3844 0 3.45602 7.01479 9.60941 0 4.56319 10.1751 6.94209 0 6.44179 7.16057 7.71406 0 6.5202 10.142 9.98498 0 9.62939 7.1265 9.76568 0 9.57714 9.98882 7.28625 0 12.2135 6.51631 7.33291 0 12.3181 9.03362 9.66255 0 15.625 6.75843 9.67828 0 14.5112 9.92768 7.04586 0 18.2742 7.19744 6.75321 0 18.2337 9.59107 9.89747 0 21.3279 7.18009 10.0228 0 21.1018 9.91639 7.24105 0 23.6304 6.73512 7.04841 0 24.1394 9.96405 9.96071 0 26.3382 7.02929 9.41568 0 26.0637 9.65977 7.05535 0 1.19533 12.0415 7.00891 0 1.49493 15.742 9.91203 0 3.6735 12.5982 9.61662 0 3.90485 15.0734 6.87517 0 6.88531 12.9704 7.51125 0 6.75967 15.5252 10.7139 0 9.41977 12.5133 10.2048 0 9.46915 15.4285 8.22205 0 12.1372 12.586 7.53304 0 12.3339 14.9855 10.4013 0 14.9839 12.1172 9.70001 0 15.157 15.1961 6.85591 0 17.9578 12.029 7.5605 0 18.0846 14.998 9.45111 0 21.2794 12.1227 9.7363 0 20.7802 15.2064 7.22831 0 23.9633 12.3672 6.97167 0 24.0498 15.3497 9.41168 0 26.8792 12.8253 10.0129 0 26.8433 15.1452 6.74503 0 1.6396 17.779 6.93313 0 0.948181 21.4288 10.7669 0 3.62254 18.5981 10.4578 0 3.79355 21.2954 6.92375 0 6.99508 17.8885 6.36349 0 6.6755 21.0145 9.77795 0 9.38849 18.4837 9.98999 0 9.58626 20.58 7.39475 0 12.0483 18.0929 7.12217 0 13.0271 20.8964 9.81317 0 14.9951 17.6473 9.78785 0 15.7508 20.809 6.98881 0 17.9911 18.03 7.56983 0 18.5938 20.7597 10.0334 0 21.0706 18.536 9.42949 0 21.1711 21.294 6.9336 0 24.4484 18.8745 7.26199 0 24.2207 21.0749 10.5938 0 26.6673 18.5977 10.5594 0 27.6434 20.6373 7.38337 0 1.61784 23.728 7.09802 0 1.05943 26.4972 10.6766 0 3.78303 23.8445 10.0728 0 4.07307 26.0858 6.98406 0 7.17785 23.3838 6.78485 0 7.30017 26.0831 9.08907 0 9.90784 23.8001 9.66182 0 10.3676 26.1815 6.60848 0 12.6063 23.3542 7.08727 0 13.1446 26.3553 9.41 0 15.5709 23.7051 9.47614 0 16.3031 26.4815 6.63385 0 18.3171 23.3188 7.09688 0 18.6062 26.1802 9.72996 0 21.2434 23.1915 9.77318 0 21.0941 25.3953 6.75766 0 24.419 23.2094 7.44658 0 23.5229 26.4481 10.0328 0 26.2726 24.1273 10.6311 0 26.5345 26.1302 6.8452 
0 1.33944 0.971312 13.1732 0 0.828774 4.52478 15.2015 0 4.14011 2.37525 15.0713 0 3.67316 4.48689 12.2446 0 7.00742 1.61919 12.5214 0 7.63132 4.6126 15.5902 0 10.1935 1.71806 15.3849 0 9.6606 4.11397 12.6137 0 12.4595 0.984118 12.0222 0 13.0536 3.9524 14.969 0 15.9194 1.68872 15.1899 0 15.7594 3.60701 11.8978 0 18.1694 1.26078 12.47 0 18.4933 4.20584 14.5897 0 20.9352 1.52001 15.249 0 21.2964 3.72724 12.3795 0 23.8538 1.01526 12.7218 0 23.5308 4.52139 15.2565 0 26.2078 1.80139 15.5108 0 26.7495 4.04336 12.5366 0 0.850974 7.08224 12.5437 0 1.06277 9.68653 15.8362 0 4.15418 7.29251 15.5441 0 4.04722 9.50814 12.4314 0 6.93124 6.90588 12.5483 0 6.95765 9.73843 15.4908 0 10.005 7.07051 15.0447 0 9.24053 9.44798 12.383 0 12.6012 6.1032 12.3179 0 12.3659 9.59452 14.918 0 15.7276 6.47618 14.94 0 15.0107 9.70708 12.3369 0 18.9575 7.38463 12.5292 0 18.0408 10.0803 15.359 0 20.428 7.32322 15.71 0 21.146 9.87997 12.9514 0 24.0509 7.54816 12.3138 0 23.596 10.3196 15.6726 0 26.1398 7.14548 15.0958 0 26.3137 10.1212 13.2998 0 1.3453 12.8208 13.3252 0 1.42789 15.7252 16.0263 0 4.1531 12.6025 15.483 0 3.75318 15.2357 13.0133 0 6.54543 12.3118 12.8593 0 6.62763 15.6281 15.1479 0 9.91647 12.5912 14.9661 0 9.80619 15.5464 12.7493 0 12.7062 12.2876 12.6143 0 12.6947 15.3224 15.2225 0 15.1785 12.5688 15.2059 0 15.3207 15.2147 12.499 0 18.2174 12.2096 12.2804 0 18.1408 15.2789 15.0462 0 20.9099 12.9393 15.4273 0 21.1702 14.9883 11.8938 0 24.2836 12.8868 12.6931 0 24.0678 15.229 15.6221 0 26.5844 12.3305 16.0274 0 26.6918 15.8856 12.9804 0 1.99493 18.6918 13.7704 0 1.73024 21.3141 16.0436 0 4.95997 18.5446 15.8227 0 4.2763 21.4114 12.8007 0 6.97088 18.8153 12.3519 0 7.76511 21.5538 15.6443 0 9.64869 18.4468 14.9912 0 9.68228 21.4328 12.4003 0 12.2222 18.4967 12.4145 0 12.8758 20.8504 15.3901 0 15.1863 17.8565 15.2564 0 15.6695 20.7626 12.6213 0 18.3541 17.9669 12.7822 0 18.4917 20.8369 15.3521 0 21.3141 18.2367 15.4609 0 21.2728 20.48 12.6786 0 23.5052 17.2789 12.5405 0 23.8023 21.4072 15.7011 0 26.7994 18.2807 15.8859 0 26.8756 21.3336 13.8529 0 0.913578 24.2956 13.4165 0 1.74169 26.2132 15.8674 0 4.5936 23.867 15.3015 0 4.37788 26.6969 13.0325 0 7.30755 24.0699 12.3681 0 7.43081 26.2542 15.8969 0 10.415 23.9885 15.4011 0 9.95402 26.5426 12.6913 0 13.0171 23.3904 12.492 0 12.7595 26.6514 15.1694 0 15.2082 24.1624 15.6536 0 15.5885 26.0242 12.1742 0 18.2453 23.3489 12.2161 0 17.9725 26.6518 15.2639 0 20.8961 24.1849 15.8565 0 21.0642 26.5686 12.7513 0 23.7949 24.1897 13.2499 0 23.2264 26.5757 15.9943 0 26.3649 24.1069 15.9792 0 26.0954 26.7345 13.6072 
0 1.18024 2.00167 18.0564 0 1.72568 4.55804 20.6673 0 3.91093 1.66803 20.8923 0 4.52907 4.07138 18.084 0 6.79624 1.38823 18.5218 0 7.18273 3.964 21.058 0 9.89762 1.34636 21.5369 0 9.96141 3.55468 18.6634 0 12.8584 1.76594 17.9509 0 12.6231 4.32971 21.618 0 15.2542 2.00014 20.7325 0 15.8855 4.55577 17.8045 0 18.5777 1.45817 17.8851 0 18.1921 4.33527 21.1796 0 21.0147 1.68702 21.3003 0 20.6203 4.37818 17.3901 0 23.0742 1.37754 18.3225 0 23.3906 4.38798 20.7072 0 26.5329 2.19671 20.7155 0 26.3573 4.86438 17.9201 0 1.44687 7.08203 18.1278 0 1.46846 9.93025 21.486 0 4.76878 6.89527 21.1041 0 4.31485 9.40917 18.5638 0 7.13293 6.60968 18.6428 0 7.39324 9.74162 20.5803 0 10.1009 7.05504 20.5816 0 10.0331 9.60608 17.7603 0 12.5775 7.1719 17.6441 0 12.508 9.75052 20.3839 0 15.3463 7.02871 20.8149 0 14.8803 9.96817 17.885 0 17.7891 7.28169 17.9681 0 17.4834 10.0579 20.5664 0 20.7261 6.89521 20.4478 0 20.4253 9.7999 18.391 0 23.399 7.38889 17.9126 0 23.6635 10.2192 21.0658 0 26.9922 6.7415 20.9153 0 26.5311 10.0332 18.6835 0 1.95268 12.5223 18.5566 0 1.89008 15.7735 21.0959 0 4.76464 12.2116 21.1865 0 4.58429 15.6317 18.4345 0 6.6147 12.5076 18.0622 0 7.08672 15.4046 21.532 0 9.89469 12.6466 20.5137 0 9.14975 15.0309 18.0247 0 12.1825 12.723 17.9204 0 12.438 15.1023 20.9042 0 15.3374 12.692 20.7809 0 15.4939 15.2127 17.8541 0 18.4059 12.8482 17.9219 0 17.8947 15.6884 20.7079 0 20.4915 12.8877 20.8404 0 21.28 15.5481 17.9355 0 23.7767 13.0799 18.7702 0 23.8445 15.7944 20.8909 0 26.8005 12.8578 20.9573 0 26.9282 15.7979 18.5874 0 1.45726 18.3272 18.1957 0 1.39817 21.1175 20.715 0 5.27716 18.5836 20.5065 0 5.0473 21.0907 18.2082 0 7.85061 18.2624 18.1723 0 8.16847 20.8186 21.6824 0 9.55469 17.7334 21.2736 0 10.3041 20.9283 18.1776 0 11.7014 17.6621 18.286 0 12.0826 21.0416 21.0647 0 14.8694 18.0812 20.0729 0 16.1105 20.9728 17.8592 0 17.9893 18.024 17.4435 0 18.4672 20.3284 20.9555 0 21.0456 18.0065 20.6358 0 21.0736 20.9551 17.8516 0 24.2756 18.3825 18.2411 0 24.1501 20.6536 20.7156 0 26.991 18.2599 20.916 0 26.6332 21.2593 18.3438 0 1.32559 23.8942 18.4759 0 0.769953 26.8322 20.7572 0 4.79477 23.7141 20.3256 0 4.20035 26.6797 18.3644 0 8.0054 23.4105 18.8617 0 6.95765 26.5298 20.8781 0 10.0103 24.1765 21.6774 0 9.98609 27.0968 18.2207 0 12.1293 24.2934 18.6048 0 13.1999 26.7571 21.4902 0 15.1119 23.6549 20.9092 0 15.2035 27.1895 18.048 0 18.8862 23.7266 18.6365 0 17.5197 26.4542 20.7108 0 21.1045 22.6715 21.2895 0 20.9967 26.6112 19.1885 0 23.5013 23.6655 18.7446 0 23.588 27.2058 21.4306 0 26.1322 24.3455 20.7092 0 26.3406 27.1438 17.8766 
0 1.05603 2.12586 23.6597 0 0.684597 4.38299 26.5658 0 3.97362 1.10719 26.6479 0 3.87683 4.42237 24.0835 0 6.16414 1.45109 23.9028 0 6.90781 4.53073 26.76 0 10.0467 2.14074 27.5343 0 9.35035 4.07775 23.8949 0 13.2759 1.45223 24.1805 0 12.7 4.53053 27.2966 0 16.1472 1.70391 27.2511 0 15.9723 4.66478 23.7443 0 17.5829 1.36156 23.6907 0 18.5412 4.51157 26.1726 0 20.7475 1.63105 26.4291 0 20.7249 4.30477 23.5574 0 23.7879 1.52846 24.3395 0 23.477 4.69622 26.0835 0 27.1045 0.868354 26.3727 0 26.1656 4.40104 23.7384 0 1.0393 6.67076 24.0858 0 0.982379 9.30503 26.5252 0 3.94764 6.85956 26.6477 0 4.1337 9.67079 23.659 0 7.46204 7.06897 23.5246 0 6.70797 9.52108 26.6889 0 9.48315 7.02618 26.6539 0 10.1344 9.47524 23.6159 0 13.1613 7.30493 23.4216 0 12.3884 9.72031 26.3071 0 15.3693 6.98799 26.8772 0 15.1745 10.2309 23.6642 0 18.1304 7.52926 23.4299 0 18.2274 10.0637 26.5613 0 21.0801 7.56041 26.5788 0 20.6122 10.1135 23.3668 0 23.4806 7.20269 23.2411 0 23.369 10.4042 25.5808 0 25.7197 7.42868 26.7381 0 26.604 9.81812 23.7596 0 1.07964 12.5063 24.0749 0 0.74452 15.3246 26.3555 0 3.99612 12.423 26.2084 0 3.91069 15.4486 24.1907 0 7.9342 12.3993 23.5864 0 7.31184 15.5621 26.0592 0 10.1701 12.5185 26.1153 0 10.182 15.3716 23.4908 0 12.4283 12.4353 23.3188 0 12.8403 15.3502 25.9941 0 15.283 12.3171 26.6074 0 15.0219 14.9845 23.2787 0 17.9266 12.5224 23.64 0 17.5473 15.2048 26.1845 0 21.2064 13.4179 27.065 0 21.0124 15.9234 23.6942 0 23.5397 13.2738 23.4881 0 23.7117 16.4012 26.8641 0 26.1973 13.0441 26.209 0 26.3197 15.887 23.3717 0 1.47521 18.5137 23.6307 0 1.77678 21.3315 26.3125 0 4.4307 18.1743 26.4555 0 4.32079 21.2142 23.1338 0 6.84447 18.3586 24.0197 0 7.17462 20.9295 26.334 0 10.0696 17.8949 26.3707 0 10.374 21.0892 24.3248 0 12.792 17.8617 23.1569 0 13.0591 20.562 26.5089 0 15.6327 18.283 26.3531 0 15.3191 20.4032 23.726 0 18.0708 17.8195 23.4275 0 18.0944 20.7778 27.0762 0 20.1232 17.4878 26.6404 0 20.4145 20.3998 24.0754 0 23.721 18.4491 23.7522 0 23.4344 20.4278 26.8295 0 26.8725 18.5516 26.4201 0 27.3474 21.1817 23.542 0 1.49673 23.804 23.6019 0 1.37157 26.316 26.3458 0 4.16861 24.2462 26.106 0 3.63009 26.956 23.5206 0 7.2291 23.903 24.2224 0 7.1466 26.6485 27.2398 0 10.0961 23.9568 26.4776 0 10.4065 27.4125 24.6373 0 12.7626 24.0979 24.1698 0 13.0969 26.5024 26.8222 0 15.7636 23.4735 26.0735 0 15.7756 26.327 24.1163 0 18.1305 22.7801 23.5807 0 18.8842 26.5125 27.1642 0 20.4581 23.4943 26.1736 0 20.0031 26.2906 23.5925 0 23.8073 23.1499 23.7145 0 24.0763 26.2832 26.0921 0 26.5617 23.5383 26.0629 0 26.8476 26.3669 23.4425 

-0.274978 1.61619 1.90518 -0.203526 1.78914 -0.784545 -2.27313 -1.91469 -0.626622 0.0217244 1.79595 -0.868333 -0.0976942 -1.17738 2.43748 -2.54166 3.59998 1.73071 -0.531165 0.23883 3.19401 0.786948 0.685679 -2.07866 0.656102 0.0955053 -2.08127 0.791858 -0.301979 1.42252 1.92097 0.749022 1.45799 0.291989 2.06746 0.535707 1.01692 -0.524652 0.232935 -0.657443 -1.63229 1.70521 -1.1623 -0.776264 0.945214 -2.12311 0.179277 -1.28074 -0.679917 0.344747 -2.0339 0.468436 -0.248341 -0.206851 -1.62457 1.70446 0.688006 0.604923 -0.179126 -2.1937 1.19615 -1.28532 1.62512 1.56339 -0.348337 2.17821 -0.995571 -0.612318 -0.705053 -1.6969 1.54197 -1.1862 1.05203 2.70265 -1.28602 0.852562 -0.348116 -1.16321 1.76542 -1.73703 1.06167 1.74235 0.279259 1.12901 -1.24346 -1.33067 0.464788 0.50605 -1.62913 0.219276 -2.18839 -0.433641 0.218648 0.167143 -0.367328 -1.9425 -0.400136 -1.97074 2.0567 -1.4051 1.6686 1.67532 -1.0012 0.694603 0.200951 1.04267 0.85811 -0.441745 1.31469 0.704418 -1.36963 2.11271 1.54063 -1.2657 -0.0990804 -1.12261 0.968648 1.06585 -0.26625 -0.966905 -0.170288 -1.04439 2.25548 0.331 1.07606 -0.0419396 0.0562433 1.36653 0.436257 -0.277158 -0.628227 2.52938 0.588623 1.28973 1.63801 1.23077 0.780851 0.750387 -0.330975 0.746978 0.00710027 -0.434841 -2.45685 -0.347064 0.730867 -1.17795 -0.886054 -1.3396 -1.2952 -0.252488 1.27397 -0.423353 2.76884 -0.379182 -0.761557 -0.500423 -1.39801 0.750655 -1.49541 -1.23204 1.52626 1.22001 0.581856 1.0872 0.866966 -0.154764 0.0367599 -1.02835 -1.25516 -1.18702 0.0169274 -0.414934 -0.500362 -3.84303 0.38341 0.338532 0.649352 0.163502 1.10457 -0.550936 1.02391 -0.307949 -2.83569 1.42364 -1.02724 0.647391 0.239258 0.631855 -1.92034 0.0745039 -0.885366 -2.1282 0.756513 -1.54944 -1.473 0.807159 0.0519489 1.87366 0.757899 0.912591 2.61517 0.514704 -0.389874 0.451587 0.245759 -1.33971 -0.559301 0.433276 0.580081 0.718753 0.586657 -0.957191 0.507803 0.442213 -1.39737 -0.423625 -1.93289 0.200947 2.54377 0.478968 0.10441 2.45631 1.10046 -2.56513 -1.82192 1.03873 -2.89252 1.95336 -3.08737 0.855323 0.734685 0.559179 -1.21192 0.655268 1.82408 0.584018 -1.13587 1.33199 -0.233113 -0.641302 1.01165 0.368366 -0.958766 -0.291343 2.32176 -1.07532 -1.66988 -0.209616 1.04351 0.594794 -0.0203055 0.639203 0.448036 -1.34431 -0.166545 3.12335 1.08383 0.214838 -2.11596 2.67146 -0.446425 -0.346755 -1.22193 2.56166 0.678724 -0.719204 0.41001 -2.38593 -0.515266 -2.26561 -0.3422 -0.124656 1.14768 0.132899 -0.239003 0.0153396 0.460977 -1.37016 1.18699 -1.28342 0.0839677 0.165411 3.07782 1.64926 -1.94626 0.314297 0.272941 -1.83109 -2.64649 -1.6264 0.056404 1.01748 -2.07788 2.36353 0.754661 1.4437 -0.0443323 0.0450367 2.1812 0.336117 
0.593721 -3.51042 -0.200099 1.06201 -1.40882 -1.97277 -0.490613 -1.7974 3.11903 -1.2984 0.180665 1.23793 -0.0611879 1.12856 -0.553898 -0.55558 1.10704 -1.19026 0.308632 0.847448 -0.134182 0.434674 0.596511 -1.19642 0.374535 -3.73056 -0.27245 -0.538661 -2.16181 -2.21748 -0.911406 0.316195 1.21062 -0.634183 1.47875 -1.54444 -0.795069 2.1629 -1.48651 0.359787 0.0968276 -1.34157 -1.31849 -1.05894 0.461512 1.57853 -0.172294 -0.0961187 -0.617522 1.55047 -0.91585 0.738268 1.01418 -0.963084 -1.7864 0.253424 1.41804 0.0105502 -1.07516 -1.71566 -1.74138 1.04944 0.577795 0.392679 -0.618741 -0.520797 1.9781 0.473676 -0.913242 -0.784884 0.987812 -0.955349 -0.21787 -3.13982 -0.485346 -0.540675 -0.802613 0.517989 0.695972 -0.0951914 2.2398 0.691179 0.083855 0.902589 -0.168474 -0.216439 2.42036 1.50588 0.632021 -1.48291 -0.734191 0.830817 0.900564 -0.869113 0.199859 -0.388125 1.34078 0.628975 -1.09916 -0.407201 0.930312 -0.215281 -1.5568 -2.08607 1.72123 1.11012 1.06219 -0.464157 -1.682 0.103977 -1.07821 -0.402247 -1.3296 0.9852 -0.549363 -3.29011 -2.10987 -0.535855 0.343585 -0.0578123 -1.47757 2.75995 0.485815 2.08074 0.541263 -0.43367 1.78635 0.978355 0.578373 1.34856 -2.81256 1.19627 0.683347 -1.8005 -1.6401 0.112271 -0.309407 -2.2364 1.54989 2.54588 0.847835 -0.839938 -1.33504 0.534414 0.805886 -1.60213 0.855504 0.753384 -1.26328 -0.895599 -2.20549 -0.802392 -1.9629 -1.63929 0.731096 0.519075 0.0235657 0.105334 1.65133 -1.06125 0.915431 2.30184 0.652726 0.444757 1.30032 -2.20867 0.816929 -0.215856 0.950452 -0.496387 -0.365594 -1.50053 1.09901 0.468987 3.3087 0.669129 1.11804 -0.453087 1.77361 0.468696 -2.85979 1.76522 -1.09666 2.03599 -0.604146 1.24843 -1.05524 2.2981 2.30208 -0.278353 -0.256094 1.71975 -2.057 1.27385 -1.0152 0.00441044 0.907959 -0.353189 -0.369134 0.621733 1.65891 0.512824 1.95909 1.28426 1.4143 -2.4075 1.71234 -0.249875 -1.51421 0.574605 0.421667 0.368577 1.0763 0.120103 0.317481 0.135659 -0.533624 1.67165 -2.35899 -1.43495 1.24981 0.136643 0.50461 0.614265 0.0110206 -3.0873 0.348091 -0.514438 1.19618 1.18469 -0.289032 1.09937 -0.175353 0.0547212 1.01592 0.0753129 -0.656853 0.668399 -2.21815 -1.546 -0.939873 0.422614 3.82368 2.32278 0.180178 1.07257 0.84493 0.296012 0.345761 0.991346 -0.331613 -0.288325 0.458739 1.88891 -0.18 1.93166 1.98481 -0.988889 -0.272222 0.825081 -0.731492 -0.265375 1.4064 -1.34377 -1.38661 1.14869 -1.49029 1.85622 -1.90238 -1.83783 -1.43232 0.108096 1.67422 0.509622 0.642381 0.812397 1.40411 -1.32311 -0.2307 0.0613467 1.75433 0.895932 0.418168 1.92048 -0.0282203 -0.54464 1.13026 2.5193 1.49922 -0.752406 1.96876 -1.04125 -0.864048 0.298053 1.62653 0.205158 -1.09455 -0.515922 1.25366 0.271254 
0.356582 2.55585 -0.655297 -0.0949926 -1.33061 -0.395694 1.70825 1.19761 0.0101461 -0.85506 3.02867 -0.00279387 -1.02912 -0.802574 -1.7195 1.33724 -0.62282 -1.51237 -0.647776 -0.953277 -1.24783 0.156413 0.770746 0.549094 1.81959 -2.68419 -1.40375 -1.20496 -0.367413 -0.162138 -0.341218 0.695767 2.46298 -0.588854 0.0665906 -2.20141 -0.245032 3.36316 -1.59626 -0.0376733 1.84802 -1.1008 -1.29429 -1.19884 0.676459 -0.681643 1.66881 0.570644 -1.44121 1.4245 0.312351 -0.664499 -1.78607 -0.169999 2.79136 -1.62096 -0.462052 1.32562 0.0764105 2.13032 1.79005 -0.614738 -1.67084 -1.75074 -0.100009 0.823414 2.10743 -2.27622 -0.475591 -0.246677 -1.32973 1.9475 2.26736 -1.04081 0.708501 1.99798 -0.870403 1.06476 0.64241 1.06512 -0.396413 0.113451 -1.81502 2.49305 -1.11648 -0.0821478 -1.12872 -0.291998 -0.910541 -1.13442 0.00625128 -2.10573 -0.484146 -1.79642 1.4079 -2.31646 -2.04491 -0.363441 -3.34419 -1.35835 -1.57912 -0.0584341 1.62483 -0.648015 1.5956 -0.0199707 1.2818 0.146815 -1.40779 -0.585165 -0.825607 1.55909 1.24649 -0.246839 -1.81082 2.49691 -0.305583 0.126314 -1.22831 -0.291128 -0.0602324 0.625492 -3.69285 0.856236 0.0817701 -0.648443 0.632106 -0.28386 -1.76953 0.386293 0.573341 0.410034 0.59075 -0.156012 0.279557 1.55765 0.551328 -2.45516 -0.511104 -0.179668 -0.00271438 0.718326 -0.322602 1.52528 0.565834 -0.673663 1.07723 -1.4363 1.78427 1.51103 2.04012 0.617178 -2.45556 0.393958 -0.441998 0.0535931 1.15271 -1.25894 0.441955 -1.33281 -0.930723 -0.674364 -0.509322 1.51758 -0.741144 0.562538 0.761315 3.88573 -0.86861 -1.6929 1.5063 1.02482 -0.197724 0.712044 -1.04393 1.12051 -0.968223 -0.559845 0.5047 -0.306991 -0.620148 0.599366 0.562905 -1.2048 -0.318472 0.317421 -0.0530115 -0.920912 0.768085 3.07366 -0.256502 -0.565444 1.19377 -1.24763 -1.6413 -1.0879 -1.50648 -0.403794 0.552918 0.681144 -0.269488 0.00888275 -0.732195 -1.40826 1.59068 -1.97083 -0.00113556 -0.0117376 2.81768 1.41072 2.21135 -1.13553 -1.8257 -1.82937 0.164797 -0.390844 -1.03943 -0.414981 -0.728285 1.89441 0.721587 0.60528 0.3854 1.34721 0.289314 -0.981982 3.5658 -0.45374 0.465083 0.783313 0.290617 0.146809 -1.75679 -2.24458 -1.08523 0.341109 2.58515 -1.61153 -2.57548 0.0890228 -0.0939374 -1.20293 2.33608 -0.0795649 -0.49409 0.663765 -0.956214 2.01739 0.610007 0.110949 -0.317009 -0.356817 -2.26882 0.358212 0.554134 0.621396 1.93506 -1.46306 -2.27228 -2.01149 0.945043 -0.260027 -1.073 -1.67055 1.46387 -1.62848 -0.613922 -2.41534 -0.098518 -3.0775 -1.94714 -1.8839 -1.5096 -0.34513 -2.18628 -0.432423 -1.81577 -0.475183 2.08283 0.299146 0.72263 -0.214681 1.82278 0.813577 0.621311 -3.28292 -0.0636085 -1.83289 -0.726771 -0.0316543 2.44978 1.27099 -0.0310485 0.236281 -2.12845 1.33361 -0.495602 2.03093 -1.31784 -0.919412 
1.0585 0.381491 2.51267 -2.37059 -0.833838 -0.127978 -0.947117 1.67573 -0.91374 0.378286 0.353773 1.16584 -0.319183 1.08729 -0.3451 0.330782 0.730861 -1.29214 -2.22703 -0.708082 0.66795 0.440992 -1.45075 -1.38407 -1.4246 -2.31223 -0.228952 3.77501 1.14481 1.68003 -0.889822 1.21958 -0.272542 -0.516158 0.327787 -2.00295 0.0993092 -1.25224 -0.749986 -0.05794 -0.513927 3.384 0.182314 1.67279 -1.40773 2.60959 1.5124 0.280094 -0.111443 1.60951 1.24947 0.525461 -2.71489 -1.40275 -1.15536 -0.993964 0.457154 -1.15343 2.16461 -0.120329 -0.360106 0.192187 -0.648485 -1.49524 1.05168 -0.24957 1.97829 0.180571 1.50357 -0.171907 0.0920587 -0.468983 -2.69723 0.239084 -1.40684 -1.51731 -0.999171 0.607133 1.77505 1.3879 2.61644 0.0886692 -0.49801 -0.0582082 -1.00594 -2.62016 -0.779563 -0.415996 -1.22709 0.968103 -1.06082 -0.0662466 -1.0069 0.303791 3.16704 -2.27272 1.70565 -0.35092 -0.409561 0.992709 2.54199 0.566833 -1.50154 2.10012 2.31522 -2.15073 1.65564 -2.84986 -1.22375 1.25329 -0.292215 1.44777 0.439007 2.63129 -1.76823 -0.530025 -0.615084 0.392014 0.784458 0.159586 -0.677166 -0.426425 -1.47516 -0.970095 0.322318 0.711631 1.11846 -2.22727 -0.472365 1.49505 1.1232 1.16328 0.601244 1.19743 -0.976105 1.11223 -0.134418 -1.73669 0.720714 0.0616787 -0.609277 -2.51135 1.021 2.66783 -2.38903 -0.427141 0.864437 -0.373519 1.06274 2.00441 -1.4967 0.206007 0.887887 -0.0845726 1.14314 -1.28987 -0.0759013 -0.100781 -0.975691 1.64163 -0.565876 -1.06646 1.41835 1.5582 -1.3514 -0.436756 0.436057 -0.478348 -0.187588 0.684221 -0.461742 -0.304968 -1.50013 -1.12531 0.457973 1.31351 2.94898 0.779681 2.0769 -0.969909 1.46128 0.647235 0.446318 0.40115 1.15736 1.39324 -0.407197 -1.33352 -2.51673 1.82017 -0.529651 3.27438 0.806033 -0.752729 2.28651 -1.09199 3.2552 0.295754 -1.82929 -1.86694 0.314452 -0.231854 -1.70632 -2.27233 4.15985 0.115054 0.70872 0.002284 -0.759462 1.1667 0.3379 1.8129 0.826728 -0.625985 -2.61066 0.0590512 -0.35748 -0.775246 -0.411868 -0.305042 0.255527 1.61137 -1.11366 -0.995791 0.941052 1.5216 -0.785115 1.0209 0.620907 -0.0233955 -1.33076 0.713883 -0.944725 -0.571844 0.258791 1.54066 -1.74262 -1.89417 -1.07258 0.224837 -1.34663 1.31036 1.82453 -0.171341 -1.18763 -0.260041 -0.00182515 -1.13955 -1.11332 0.729598 -0.422555 1.44117 0.364874 -2.00303 -0.576531 1.29894 1.79603 -1.91534 -0.00988368 -2.3517 -1.51371 -0.457597 0.607331 1.82162 0.480627 -0.271177 0.691046 1.94925 -0.915564 -0.92781 0.344053 -0.831833 -0.612809 -0.1358 0.815175 -1.53668 -0.26024 -0.317258 -1.71487 0.864964 0.5821 -1.01148 -1.48801 0.471469 -0.751187 -1.19749 -0.430612 0.937434 -0.672289 -1.96746 1.26464 1.28954 -2.43991 -0.342072 -2.9489 -0.264656 -0.179471 1.36542 -2.86121 -1.26953 
-0.585762 -0.0478836 1.07526 -0.367725 -1.21983 -0.536102 -1.33892 -1.42059 -0.97617 0.206578 -0.594707 1.14825 1.97117 0.720238 2.09621 -1.97406 2.15657 0.863689 -1.39433 1.08819 0.61929 -1.55595 0.978893 0.417291 -1.19981 -0.108189 -2.91081 1.09159 -0.00900481 -0.193006 -0.281109 -0.532304 -0.372507 -1.05423 1.56401 -0.94965 -0.0943236 -1.69891 -0.322698 -0.789457 -1.36375 -0.972218 0.64815 1.43497 0.50635 -0.578419 1.37199 2.37794 1.1422 -2.44437 3.10475 -1.27257 0.616548 2.04273 -0.978159 -2.13705 0.67756 1.454 -1.2306 -2.7254 3.07269 0.69432 -2.80279 2.61345 0.779083 1.31477 2.19917 1.46676 1.06427 -1.94459 -0.786524 -1.88534 0.661126 -2.85298 -1.35776 -0.875899 -1.15512 -1.18544 -1.26842 2.27191 2.29528 1.70834 -1.27666 -1.88087 0.409449 0.845824 -1.20099 0.380195 -1.99608 -2.35898 0.0800102 1.78678 -0.958222 0.888456 0.393924 1.65558 3.09049 0.970546 -0.571814 0.518419 1.07444 2.65092 -1.04797 0.774792 -0.613324 -1.01482 0.677715 0.624133 -0.435809 -0.46765 -2.23153 1.33323 0.510142 0.773588 1.81103 1.3345 -0.722682 -1.23845 -1.50375 2.36433 1.00497 -1.0981 -0.0119565 -1.61838 0.171609 -0.563198 -0.262166 0.387284 1.61824 0.891363 3.03564 1.77937 0.411619 -0.351637 0.542141 0.896107 -0.242542 2.30661 -1.71763 -0.891066 -0.968518 -1.10269 1.70645 -1.86544 -3.38409 -0.996398 -0.0945952 -1.91021 -1.06936 2.62359 -0.54421 0.0718507 1.33918 -0.631642 -0.612321 -1.38169 1.19178 1.38088 0.355449 2.03126 -1.24869 -0.322277 0.346915 -2.8707 1.10141 -2.06157 -0.8967 -0.110886 -1.76991 1.47678 -1.9122 -3.54235 -1.48575 -1.40661 0.581582 0.000874837 0.564357 2.00702 -1.49047 -0.2777 0.181206 -1.02855 -0.888587 0.473467 0.290834 -0.0644459 -0.225949 0.982303 1.30332 0.904632 1.46921 1.14929 -0.103348 -1.90252 -2.11014 0.356672 0.776947 -0.0581471 -1.23867 0.828326 1.74056 -0.102363 0.92799 0.600058 -2.40682 0.679798 -2.54189 -1.22403 0.954172 -0.288216 0.254145 -2.87476 0.765301 -0.380076 -1.23436 0.957359 -0.311914 0.800648 -0.932173 1.65081 0.0304479 1.43419 2.3817 -1.06884 -0.959154 0.361198 -0.632683 -2.67252 -1.46737 0.851033 -4.27867 1.51625 0.46644 -0.105856 -0.0481436 -0.150003 -2.50793 -0.602567 2.06614 0.80929 1.77195 -0.991424 -2.68255 2.40346 -0.271265 2.84954 2.01537 -1.02935 1.45478 0.323769 0.238191 0.106578 0.909867 -0.0170324 -1.57778 -1.35868 -0.0123506 1.70098 -0.398114 -0.174867 1.83239 -1.14169 3.72722 -0.0270192 0.906715 -0.812871 1.08328 -1.33478 0.046743 -2.10621 1.46509 0.0702768 1.60278 1.06755 -0.982189 -1.03389 -0.90938 0.121529 -1.36871 -1.77919 -0.35081 0.151765 0.8148 -1.75458 -0.134001 1.54679 0.778404 1.19065 -0.38322 0.0268028 -0.890748 1.512 1.04419 2.32259 -1.74587 -1.03778 -1.40033 -0.165327 -0.899139 0.186688 
