500 101.001
29.9713 29.9713 29.9713 
14 14 14 
1 1 1 1 1 1 1 1 1 1 1 1 1 1 1 1 1 1 1 1 1 1 1 1 1 1 1 1 1 1 1 1 1 1 1 1 1 1 1 1 1 1 1 1 1 1 1 1 1 1 1 1 1 1 1 1 1 1 1 1 1 1 1 1 1 1 1 1 1 1 1 1 1 1 1 1 1 1 1 1 1 1 1 1 1 1 1 1 1 1 1 1 1 1 1 1 1 1 1 1 
1 1 1 1 1 1 1 1 1 1 1 1 1 1 1 1 1 1 1 1 1 1 1 1 1 1 1 1 1 1 1 1 1 1 1 1 1 1 1 1 1 1 1 1 1 1 1 1 1 1 1 1 1 1 1 1 1 1 1 1 1 1 1 1 1 1 1 1 1 1 1 1 1 1 1 1 1 1 1 1 1 1 1 1 1 1 1 1 1 1 1 1 1 1 1 1 1 1 1 1 
1 1 1 1 1 1 1 1 1 1 1 1 1 1 1 1 1 1 1 1 1 1 1 1 1 1 1 1 1 1 1 1 1 1 1 1 1 1 1 1 1 1 1 1 1 1 1 1 1 1 1 1 1 1 1 1 1 1 1 1 1 1 1 1 1 1 1 1 1 1 1 1 1 1 1 1 1 1 1 1 1 1 1 1 1 1 1 1 1 1 1 1 1 1 1 1 1 1 1 1 
1 1 1 1 1 1 1 1 1 1 1 1 1 1 1 1 1 1 1 1 1 1 1 1 1 1 1 1 1 1 1 1 1 1 1 1 1 1 1 1 1 1 1 1 1 1 1 1 1 1 1 1 1 1 1 1 1 1 1 1 1 1 1 1 1 1 1 1 1 1 1 1 1 1 1 1 1 1 1 1 1 1 1 1 1 1 1 1 1 1 1 1 1 1 1 1 1 1 1 1 
1 1 1 1 1 1 1 1 1 1 1 1 1 1 1 1 1 1 1 1 1 1 1 1 1 1 1 1 1 1 1 1 1 1 1 1 1 1 1 1 1 1 1 1 1 1 1 1 1 1 1 1 1 1 1 1 1 1 1 1 1 1 1 1 1 1 1 1 1 1 1 1 1 1 1 1 1 1 1 1 1 1 1 1 1 1 1 1 1 1 1 1 1 1 1 1 1 1 1 1 

0 14.5727 26.4688 1.47223 0 20.7449 8.90036 2.14959 0 13.3633 5.5444 4.7224 0 1.8398 13.7023 27.6568 0 13.9051 8.94199 5.84713 0 8.90061 24.4855 22.781 0 10.8565 8.13618 3.44125 0 19.6156 29.4563 29.2126 0 15.1496 4.23836 24.5377 0 8.65369 19.6953 28.5805 0 12.3381 13.4227 17.5642 0 18.0732 27.29 20.3564 0 12.5957 23.4347 23.7141 0 15.5976 29.018 12.519 0 26.4484 2.97968 21.1703 0 10.2458 8.28539 7.0646 0 25.1137 6.08513 22.6107 0 22.9352 5.37547 2.14412 0 3.35083 29.8367 9.51328 0 27.1873 25.5259 21.1485 0 15.356 2.8724 3.00071 0 18.557 11.0033 4.10729 0 27.0559 5.08921 3.27277 0 17.5086 6.6013 9.99794 0 1.48768 7.90776 3.7565 0 7.93203 14.9199 10.2126 0 1.14233 1.10104 26.983 0 29.8604 16.4822 4.47936 0 19.6321 3.82501 24.9929 0 25.4554 10.5582 6.63699 0 15.2493 14.7516 7.19866 0 14.7332 6.18535 27.2337 0 18.3425 3.82934 15.2132 0 29.8842 11.2194 7.73586 0 17.6797 17.227 2.64066 0 18.5109 13.8535 1.71861 0 27.6405 13.3495 5.82862 0 26.3065 20.0983 5.74199 0 25.9589 13.3492 2.61805 0 23.2426 18.3899 7.19637 0 24.0407 22.2473 7.73425 0 21.2824 18.3315 3.26015 0 2.38762 13.9875 5.5317 0 2.50321 3.05832 3.45133 0 4.28151 6.2587 27.2128 0 8.45836 10.8463 4.69332 0 7.26526 12.6317 25.8289 0 13.4041 16.5868 23.0161 0 21.9226 15.2942 28.508 0 24.6345 17.2104 2.9499 0 11.4995 11.61 2.61547 0 4.25718 15.4458 0.724478 0 5.20272 7.57453 7.47608 0 10.7746 21.4054 21.5762 0 22.836 11.8633 4.40808 0 22.3157 14.9286 1.69197 0 26.6026 19.1369 11.0203 0 25.9022 5.18977 12.0553 0 17.7751 6.46373 2.90498 0 29.344 2.50641 0.517335 0 13.531 14.888 2.83725 0 24.1817 1.12079 13.3116 0 5.22396 19.4472 26.2215 0 22.4881 20.1714 12.7753 0 2.32832 17.851 7.16907 0 28.5456 15.0654 26.7306 0 11.2987 29.1751 19.6877 0 18.6892 3.56034 1.30239 0 17.5152 19.5364 26.3043 0 20.7303 22.1745 0.366394 0 23.4633 27.8593 15.2829 0 20.0379 22.0883 26.25 0 26.4621 16.4451 0.00242049 0 17.6121 26.9978 26.3921 0 20.5163 19.0041 10.0808 0 23.0735 1.95332 25.8616 0 24.9077 10.5134 10.2727 0 25.2884 22.2641 11.5638 0 3.84732 23.7965 4.37753 0 24.5707 15.2396 25.4034 0 3.21638 27.8728 27.0253 0 29.2622 4.69255 6.63824 0 3.09733 27.5 12.6513 0 0.984093 6.38492 0.649885 0 7.66675 23.3556 5.88038 0 2.72546 3.60006 29.2149 0 8.5228 29.8257 6.30594 0 26.6897 25.0986 13.6454 0 17.2103 26.4793 16.8426 0 11.2716 29.1244 4.00868 0 19.368 22.8738 7.06047 0 27.747 2.74726 25.5293 0 25.1362 3.40396 29.7768 0 21.9263 1.46894 1.65094 0 15.5726 29.632 28.313 0 28.5014 18.8712 2.10378 0 20.8081 6.33182 5.22622 0 0.987624 29.4185 0.202714 0 2.12429 24.8405 28.9532 0 5.53246 3.96085 1.48038 
0 16.6577 25.2351 6.37622 0 6.32572 27.3387 16.6072 0 20.7116 5.85067 8.65394 0 7.5672 4.37766 5.44027 0 5.51632 1.92664 7.32503 0 9.34837 0.749602 11.0531 0 6.23954 15.5348 14.174 0 7.13952 7.80623 0.491982 0 21.628 22.5146 10.3126 0 8.66742 13.8739 0.521805 0 14.2879 3.72647 15.5692 0 24.5304 27.8306 2.38248 0 20.5195 28.1569 2.12336 0 17.6487 23.5217 22.4487 0 16.8707 6.41221 17.7207 0 13.3238 18.288 0.258351 0 1.85943 4.45697 25.2717 0 14.5122 2.57421 6.82691 0 5.70378 29.1176 29.9637 0 23.0098 28.482 9.30257 0 26.2189 29.2577 7.25078 0 0.0825797 11.4437 4.07415 0 14.3494 9.57045 11.4468 0 0.00471573 20.4709 5.04852 0 5.45304 7.34358 3.84973 0 2.29582 21.7792 8.78223 0 4.82256 20.9718 6.37314 0 22.2243 15.4005 5.83782 0 5.91262 4.08908 10.3476 0 8.75915 3.19405 8.86211 0 7.80145 11.342 8.40033 0 4.68944 11.212 5.5552 0 16.5172 28.7512 5.95181 0 10.4644 6.13601 10.3229 0 9.63951 26.6847 17.5808 0 8.83301 14.6255 4.03611 0 17.787 8.1238 6.52842 0 19.6444 2.53531 8.02087 0 16.7112 11.6228 9.1467 0 27.3163 12.0571 17.713 0 21.6948 26.7421 27.5084 0 24.5185 26.336 6.23218 0 4.90492 17.272 4.21813 0 5.62085 20.5635 2.1196 0 29.8019 18.2836 12.525 0 21.5999 20.9557 22.7831 0 16.4527 13.9778 16.2199 0 20.2799 12.2957 8.07271 0 16.4406 21.3686 4.94446 0 10.6492 24.6319 14.4158 0 12.4197 20.0882 13.4218 0 24.3595 8.02479 4.16576 0 29.1846 9.48891 1.0428 0 19.7356 21.7391 3.77311 0 9.56472 13.2102 14.2483 0 26.0205 16.4536 6.10004 0 28.396 7.92931 10.0284 0 8.79343 16.0992 16.6146 0 24.9801 13.9519 12.41 0 21.6539 9.20529 7.04648 0 28.5305 26.5267 9.40501 0 7.22468 20.0577 10.932 0 4.01387 11.5135 25.503 0 10.6383 19.7099 10.5234 0 0.136056 24.6241 5.04033 0 10.9473 16.0532 20.0809 0 10.792 20.3474 6.66923 0 14.0099 17.9153 26.5269 0 14.982 12.6371 0.572652 0 13.2202 10.7861 28.354 0 11.8249 21.489 28.2297 0 12.3937 14.5824 11.7582 0 2.1532 18.7453 2.64331 0 18.2395 14.3782 5.47048 0 29.1183 20.0825 8.66404 0 15.1052 22.6104 1.50746 0 3.63555 28.3184 2.95863 0 26.3955 28.8346 11.3052 0 24.9615 25.4321 10.117 0 24.0697 22.6139 29.0621 0 6.6302 6.37109 13.4258 0 8.89935 27.1416 11.9033 0 5.6715 2.56681 27.4704 0 13.7682 11.8678 14.2557 0 3.0888 5.37876 5.86724 0 14.1866 25.1726 12.3553 0 7.20973 23.8747 13.031 0 10.6642 15.8308 7.08206 0 11.6932 20.9773 2.14928 0 14.9103 12.2672 4.42092 0 13.7032 21.1831 8.56149 0 17.5353 26.2587 12.9301 0 15.6834 22.039 12.4212 0 25.2332 5.63735 26.4543 0 20.3929 1.31323 12.2004 0 12.1948 29.335 7.84155 0 28.5783 2.13709 16.2255 0 5.66637 28.1805 7.67988 0 6.12199 29.7327 11.9105 0 22.9187 25.3604 0.683582 
0 17.6494 12.7901 12.9483 0 19.6901 1.65153 4.62995 0 26.7302 2.83611 8.47433 0 5.39812 8.8946 16.2586 0 4.77133 21.6582 16.5174 0 5.35666 15.9378 27.5311 0 4.3388 10.4234 9.7521 0 2.84509 8.66729 19.0897 0 9.68532 7.66494 19.5675 0 7.87373 29.6041 21.6345 0 17.3148 24.3423 9.72065 0 16.8617 19.8855 9.30643 0 3.10098 25.6067 9.28021 0 11.4563 11.6567 10.0148 0 23.876 18.7537 19.7467 0 29.5154 27.3172 27.566 0 0.397906 0.789297 6.74149 0 21.6601 27.5499 22.6365 0 26.5634 1.09514 3.37279 0 18.1507 22.3163 17.1693 0 0.703065 1.44128 20.1946 0 18.6463 13.396 21.5147 0 29.8918 29.3314 13.8809 0 6.5189 14.6614 6.83201 0 25.6704 5.73211 6.74758 0 7.36074 18.1747 7.03605 0 3.34046 8.87623 12.7024 0 3.65545 14.5302 16.3012 0 23.04 2.18084 9.77638 0 29.9371 14.8627 23.3192 0 11.906 5.33252 17.5322 0 24.2983 13.407 8.18784 0 24.969 22.4712 15.5459 0 0.0650415 11.3035 24.1215 0 20.6062 24.1548 20.2426 0 27.4381 5.84345 16.2819 0 23.1053 29.6044 28.8606 0 23.0322 7.40082 29.3992 0 29.7532 29.7771 10.1607 0 16.4066 0.980354 9.36016 0 22.0746 15.8864 12.3667 0 18.2448 18.3558 13.0131 0 13.3029 7.71908 14.7431 0 1.99155 14.2666 8.90947 0 1.58773 27.4924 6.86572 0 19.1952 16.1784 25.9712 0 11.0703 18.6623 17.8445 0 19.983 15.4733 9.9169 0 7.6726 12.8415 17.9249 0 17.9728 18.6591 18.2516 0 9.96086 11.5423 20.2195 0 10.7888 13.8021 22.8669 0 24.2451 22.8996 19.9197 0 21.3613 18.9803 27.1183 0 14.7674 9.33891 23.7766 0 11.4247 12.2896 6.47672 0 21.8034 17.393 16.621 0 22.9714 11.7914 14.7442 0 28.8714 8.72649 17.7871 0 2.00138 10.8162 16.8903 0 27.4803 23.8243 7.43781 0 0.690832 13.8049 14.7898 0 3.2217 22.5564 12.4385 0 2.57937 18.5875 10.5788 0 21.7949 17.2566 23.5159 0 8.26882 6.90439 24.0753 0 0.22043 11.5374 20.2549 0 13.5402 23.8693 4.76602 0 22.5898 11.9989 20.1508 0 2.63412 19.6823 14.436 0 21.4531 8.85689 17.665 0 14.2546 3.74434 11.5771 0 25.0699 16.3351 9.84772 0 13.7444 13.2565 21.0334 0 25.6381 19.6209 29.2966 0 12.0615 24.5137 0.609244 0 12.124 14.8663 29.5338 0 21.7602 24.7741 4.49725 0 25.4782 18.8551 15.0629 0 12.7767 16.1171 15.2877 0 9.02535 29.7113 14.411 0 2.27268 1.54345 12.3086 0 27.7067 13.2519 10.3041 0 7.51556 23.6712 17.012 0 11.3609 23.0467 10.8818 0 1.49811 22.4952 1.43279 0 19.1169 28.4413 9.9218 0 19.7987 10.413 14.3404 0 14.3184 26.0043 27.8308 0 22.046 21.1114 16.6547 0 12.7465 17.841 4.42947 0 15.7859 18.3313 6.15025 0 6.9852 26.3756 4.03353 0 17.3787 4.17051 5.74895 0 28.4261 24.2128 16.7875 0 18.4938 18.4763 22.6684 0 23.1873 3.22458 5.28983 0 1.19244 5.78049 17.5387 0 4.96063 1.169 15.2793 0 28.1546 7.95138 5.55339 
0 0.50454 14.471 18.204 0 20.3206 7.10021 21.9193 0 1.77999 4.38056 9.46653 0 29.0139 23.3594 10.9633 0 27.1864 27.8102 15.921 0 8.45512 5.73892 16.6227 0 15.1124 23.6788 16.0033 0 7.12692 13.5198 22.1006 0 3.98608 25.0547 15.4633 0 12.2822 28.4315 11.429 0 17.6374 3.25709 18.8508 0 17.286 2.35107 22.4127 0 16.3172 13.1311 24.0412 0 25.825 22.224 23.2213 0 2.50101 22.58 22.3276 0 24.5613 14.5072 17.3349 0 21.7269 7.21928 14.5793 0 27.2396 21.2625 18.9217 0 28.8235 29.1341 23.0436 0 15.0479 29.4948 21.3566 0 16.5538 9.90797 15.3614 0 3.30631 1.37362 22.7189 0 1.6688 29.503 16.7723 0 13.3952 17.6248 9.45046 0 28.577 5.15675 27.8584 0 3.53302 25.1645 19.4895 0 7.25191 8.50693 10.6308 0 29.7466 4.29844 12.9005 0 6.14902 11.3642 13.3393 0 14.41 3.11333 20.0194 0 21.6394 1.43225 15.9338 0 6.56352 16.3416 19.6986 0 15.8125 27.3379 9.12633 0 29.6827 9.03985 14.3014 0 6.45834 9.51167 19.7203 0 21.0521 27.0501 18.1465 0 28.225 28.963 19.6278 0 6.7703 2.82362 23.2707 0 9.9052 3.10115 25.3046 0 27.5324 11.6482 13.2613 0 27.1267 10.8817 22.1854 0 7.99452 20.2066 18.3836 0 9.58099 16.6926 13.1194 0 23.466 9.08629 21.2189 0 9.34 2.97333 20.3734 0 6.74678 9.06707 26.9498 0 7.32661 25.8641 27.5846 0 9.40446 10.2738 29.6119 0 4.76984 5.30525 16.2676 0 2.16055 17.5387 17.7564 0 11.4976 9.35307 22.2566 0 13.9727 7.50486 19.921 0 2.9871 16.1068 21.0722 0 18.76 6.58309 29.5644 0 25.1067 8.56604 13.4045 0 0.235562 19.504 20.88 0 14.1565 14.0095 26.7252 0 29.0619 4.88704 23.0117 0 3.93035 9.94072 22.0059 0 15.7885 15.8159 12.1087 0 23.6812 9.78591 24.8982 0 0.184894 16.2873 29.945 0 10.8871 8.90076 12.5671 0 20.7822 23.796 14.554 0 14.0614 20.4739 18.9314 0 9.0885 20.747 14.9392 0 10.8277 18.8015 25.2029 0 3.8598 19.9285 19.9738 0 14.9802 26.6365 23.6329 0 8.6681 5.56997 27.7063 0 15.869 16.0726 29.9309 0 6.8933 21.2003 22.0541 0 27.3575 16.4601 19.255 0 5.91115 16.2808 24.1526 0 29.677 19.908 28.5948 0 0.799869 22.1676 18.7923 0 14.4329 10.8598 18.2361 0 0.9187 10.9553 11.2085 0 20.7754 14.3118 15.5947 0 9.5497 4.76873 2.06352 0 27.0432 18.6315 25.947 0 11.1874 1.72032 17.1768 0 0.00961524 20.3068 24.1926 0 0.348362 25.2731 13.8145 0 9.43256 0.788726 28.124 0 3.89975 28.8202 19.7884 0 18.9969 12.2157 17.9854 0 17.0207 6.2626 22.3865 0 6.04903 22.7626 9.36865 0 27.0409 19.0852 22.0457 0 18.5783 24.871 29.3009 0 15.2017 19.9 22.5881 0 19.9334 27.9492 14.8445 0 15.1029 24.1706 20.1374 0 27.77 24.2881 0.0202613 0 18.012 25.7852 3.12437 0 21.0932 15.8368 19.8168 0 15.6339 19.2728 15.3362 0 20.54 29.8366 25.7552 0 22.6233 24.2192 23.5304 
0 17.3913 29.9431 1.96218 0 9.21471 22.3975 25.588 0 12.571 25.2833 8.70027 0 14.6404 5.4198 0.677791 0 12.221 3.60759 28.1721 0 4.11269 2.63888 18.6419 0 12.1925 25.8703 21.4098 0 11.6309 6.97801 25.5849 0 12.4602 5.32617 22.4244 0 18.3669 10.4192 0.53365 0 16.9159 29.8629 24.5391 0 11.454 27.1093 24.84 0 10.4901 4.08446 13.1868 0 27.5899 8.40492 24.8738 0 10.5908 2.66525 5.02722 0 25.432 9.31271 28.0216 0 28.8263 21.4945 13.9195 0 20.4758 5.64611 18.3432 0 6.54328 26.2348 20.6093 0 1.8952 9.59619 28.2695 0 12.9059 0.13672 25.999 0 7.87731 10.1937 23.0703 0 5.81142 13.3421 2.89445 0 25.9394 29.6712 25.631 0 14.5667 9.5387 2.20571 0 11.0888 7.34573 29.3636 0 17.3488 10.2385 26.547 0 11.841 1.70598 22.6377 0 11.1844 22.2501 17.7729 0 18.095 2.15159 27.7417 0 14.2104 16.9499 18.2538 0 24.1514 10.2414 1.51883 0 19.2088 6.97148 26.0438 0 28.8455 18.7599 16.7071 0 17.5815 9.54303 20.1686 0 21.3478 3.67694 20.8514 0 24.9613 1.16191 17.8561 0 9.50711 9.385 16.166 0 25.227 8.31251 17.697 0 26.3455 12.1502 25.8884 0 21.7656 12.5551 11.4014 0 1.28276 26.3234 21.9239 0 19.2242 18.8863 6.3365 0 29.395 16.7781 9.01888 0 11.3456 11.417 25.4545 0 27.1321 22.3499 27.1149 0 3.79392 9.76248 1.7393 0 27.6091 12.9303 29.5692 0 1.48777 8.00204 7.73975 0 0.679323 26.4626 17.8869 0 26.761 6.95242 0.242393 0 5.80281 17.9397 16.7984 0 7.81169 0.531784 18.1885 0 16.2461 23.1728 26.0508 0 17.7517 7.10924 13.6505 0 23.345 21.2077 3.9849 0 18.1458 9.48934 23.534 0 18.9727 17.2137 29.1365 0 21.1045 25.4032 8.47134 0 27.035 29.6585 28.8928 0 27.2705 15.0545 15.2244 0 28.5632 28.1058 4.49476 0 22.94 29.6335 5.40916 0 8.73756 17.7513 22.3176 0 13.8217 26.7436 17.897 0 10.0339 17.6927 1.47674 0 16.5515 16.1184 21.1114 0 5.46435 25.0147 0.878991 0 12.9297 0.302561 0.725748 0 5.90644 12.0586 28.8903 0 21.6832 12.7373 24.8365 0 8.66617 23.1123 1.8076 0 25.1062 29.1159 21.5176 0 18.4193 0.191995 17.4853 0 24.9266 15.2346 21.5214 0 25.4924 26.3139 27.7282 0 1.1887 25.2006 25.3436 0 27.3633 25.8056 24.5801 0 2.5178 15.7373 12.8224 0 2.59653 17.1254 25.2133 0 4.30503 13.0651 19.1866 0 10.6362 25.7103 4.78662 0 9.96397 14.9351 26.169 0 9.01279 29.4542 24.737 0 4.36651 23.2901 25.3328 0 22.0821 26.5027 12.235 0 4.54707 27.7866 23.5942 0 13.9658 6.43503 8.36462 0 5.91546 0.845741 3.66505 0 9.1603 0.896889 1.70447 0 9.55365 27.2297 0.484973 0 21.6171 3.60273 28.6837 0 18.053 13.2317 28.1558 0 24.8311 26.6074 18.4739 0 26.022 24.4668 3.38944 0 2.57517 4.98138 20.818 0 24.1714 21.0137 25.8047 0 21.6234 8.11158 11.0003 0 29.925 8.04502 21.5222 0 5.71831 6.11342 20.7539 

-0.330283 1.77838 -3.22173 -0.740066 -0.087379 2.51133 -2.74815 -1.48618 -0.288791 0.305287 1.29274 -1.66631 1.43276 2.52362 0.220476 0.166611 -0.99937 0.5932 -1.89261 -2.50821 -0.676587 0.229392 -1.19161 -0.117903 0.963618 -0.661621 -2.23829 -2.24099 -0.448927 0.968338 -1.43844 0.0975198 0.393698 -1.39512 2.68185 1.3949 -0.420057 1.96813 0.705803 -1.06257 0.322161 1.21216 -0.367685 0.649385 0.366065 -0.796142 1.12726 -0.203504 -1.20848 -0.459315 -1.45723 -0.840993 -1.94071 0.113287 -0.0821311 1.00744 0.749353 -0.253574 2.3159 -0.890425 0.463435 0.864525 0.236974 -2.17984 1.01935 -1.04891 -1.44967 0.311033 -0.658338 -0.0108707 0.979017 -0.367425 -0.374039 0.981753 0.773022 -0.549488 0.15548 0.684082 -1.75413 0.626186 1.52258 3.64464 0.192959 -2.27678 -0.118626 -1.03164 -0.462052 1.04916 -0.141525 -0.025616 -1.21191 0.636909 -0.317667 -0.724232 1.13779 0.558443 0.715495 -0.0780246 1.78515 0.272798 0.304615 -0.92931 0.726308 -1.47514 0.759577 0.12613 -0.519631 0.919187 0.0274853 -0.0695938 -0.812699 -1.24675 -3.4819 0.603991 -0.792246 0.679457 2.00616 -2.07128 -2.08924 2.47186 -0.755837 -0.0499879 1.2872 1.31152 1.53853 -1.32381 3.04449 1.68618 -0.411624 2.48439 0.283754 1.61138 -1.46619 -0.273542 -0.73195 -3.40993 1.47995 1.8088 -1.43263 -2.23314 2.55728 1.63059 2.45724 -1.53974 0.564348 -0.424897 0.522165 -0.0505593 1.8063 -0.936791 -2.29179 -1.44207 2.1745 0.535789 1.45849 -1.57361 -2.63391 1.06678 0.395552 -0.140507 -0.524214 0.307482 1.20466 0.685973 -1.63509 2.54919 -1.99256 -0.0455234 -0.567841 0.531917 -0.592517 0.737633 -1.97526 -2.30059 1.05216 0.5815 3.86803 -0.505344 -1.72559 -0.585192 -0.441592 0.168236 0.412742 -0.891413 -1.9136 1.76356 0.694279 -1.92404 0.805683 -0.351765 -0.126224 1.03902 0.981391 0.781876 2.59279 -0.554138 -2.55226 -1.79105 -1.90698 1.52057 0.172037 -0.301069 -1.3138 1.306 0.945096 -1.90649 -2.83314 0.811765 -0.254888 0.52445 0.772644 -0.297604 1.53031 -0.696914 -1.51869 0.505356 2.16719 0.294325 0.354802 0.963172 -0.270654 -2.41984 0.691967 1.38279 0.891119 0.408933 -1.24484 -1.28927 0.250704 0.972849 3.0772 -2.2096 1.86853 3.26213 -0.312757 1.1616 -0.169532 0.335006 1.2701 0.436852 2.49361 2.72688 0.569128 0.0138188 -0.110026 0.439519 -1.27277 -1.25826 -0.528681 1.8778 1.56072 0.138442 -1.31855 -1.68551 0.800142 -0.335309 0.609308 0.111164 -1.56189 -1.81195 2.30904 0.309849 1.08079 -1.02927 1.24197 -2.26558 0.424241 1.0623 -1.47227 0.29368 -3.18698 -2.56032 -0.202276 -1.68359 -2.17362 -1.2493 0.0773434 -0.104792 -0.900112 1.90438 0.290029 3.29943 2.71593 0.249229 -2.5304 -1.00085 -1.27273 -0.462206 0.120931 -0.163395 -0.116642 2.74622 -1.79289 0.533909 -1.59094 -1.97269 -2.68698 -0.314731 -0.605241 -1.06829 
-2.13874 0.0281736 -0.184118 0.665083 0.0984214 -3.08618 1.29417 -0.664739 2.49175 0.870942 -0.295768 1.88455 0.251729 -0.851647 0.296485 1.58529 0.531992 0.76834 -0.228563 2.66737 0.58619 2.77217 -2.34176 -1.10268 -0.911615 0.71959 -1.27077 1.69635 -0.379836 1.41939 -4.6637 -0.470593 -0.0441671 0.0725728 -2.17073 -1.55589 0.00713105 -0.249925 1.21023 1.51312 0.78028 3.43388 0.398266 -0.148627 0.0505233 2.4125 -1.47568 -0.411265 -0.731395 1.92952 -1.29866 2.13359 -0.538432 -1.85503 -0.158843 1.36889 -0.354343 2.21291 -0.491117 2.01273 -0.389003 -2.16921 0.46337 -0.457654 -2.81778 -0.127837 -0.609748 0.0916614 -2.5837 -2.44555 -0.502162 -1.15742 -0.779944 0.767173 -0.437355 0.757051 1.36959 0.393974 0.1041 -3.11739 -0.426391 -0.894238 0.350093 -0.180934 -0.234101 0.0672726 -0.393827 0.219971 0.313147 -2.65996 -0.788601 1.8405 -1.88484 2.02732 -1.4495 -2.38826 0.89077 2.54717 -2.02008 0.809378 -0.147233 -2.32214 -0.176573 0.111207 -1.60798 1.71497 2.66029 -1.17528 -0.978045 -0.681939 1.15079 1.5321 2.27467 -0.0638295 -0.76326 1.59154 -1.85799 -0.0933249 -0.955045 1.80843 2.43157 -0.31775 -1.12904 -1.79392 -1.36214 0.546779 2.24631 -0.243119 0.980724 0.869787 2.72124 -2.43194 0.0142368 -0.446274 3.35407 1.90401 1.36234 -2.4498 -0.576728 0.402714 -1.25142 -2.19803 -1.03312 -1.78011 -2.01714 0.264562 3.2035 0.256669 2.29386 0.468912 -2.18049 -1.61539 -0.819727 0.321347 1.341 2.04562 -1.091 -0.132866 2.175 -1.29824 -0.317757 -0.367321 0.70284 1.05163 -0.0440296 -0.812377 1.29349 0.138047 0.50869 0.697317 1.32788 1.49873 -2.51065 0.264905 0.305841 0.571056 -0.660985 -0.727679 1.37697 0.340695 0.231632 0.422404 -0.461183 -1.98954 -0.0878198 -0.288407 -0.888555 1.05347 0.676283 2.42762 -0.453978 -1.27653 1.97258 1.00022 -1.02228 1.32591 -0.451574 0.800269 -1.72857 0.235171 -0.955411 2.88192 1.17348 -2.71619 0.138985 0.948608 1.04431 -1.12795 -0.64029 -0.391298 0.689724 -0.684233 -1.50555 -0.566077 0.0933112 0.676582 -1.25189 -0.718164 -1.67347 0.245742 0.547669 -0.251942 1.93592 -1.03697 -0.273821 -1.46108 -0.527344 0.385038 -0.734668 -1.55384 -0.193048 -0.0334863 -0.52594 -2.14805 -0.693292 -0.204999 -0.921432 2.38849 0.256872 -0.318767 -1.39713 -1.16567 2.61705 0.228885 0.283371 -1.83616 3.36282 -1.87773 -2.53524 -1.58173 1.92517 2.69317 -0.646981 -1.17802 -1.39654 -0.301972 0.543079 -0.176291 -1.40434 0.714777 1.16405 0.201033 1.02655 -0.787239 -0.303963 1.96218 1.2258 1.11423 -0.866343 1.97715 -0.0784168 0.0499564 -1.42732 2.19686 2.00754 0.879165 0.198069 -0.20291 -0.386445 0.689064 2.66273 1.58057 -0.215918 -0.956682 1.92713 0.623855 2.73647 4.3284 1.20518 0.0409508 -1.26148 -1.06475 0.350533 -0.648159 -0.809504 2.03721 1.73247 -0.000443334 -0.396001 -0.728881 
-0.216262 -1.59841 0.847465 -0.842625 -0.235043 3.11978 -0.333925 -1.42472 -0.220511 0.093202 -1.27027 -0.141355 2.42222 0.353083 1.36045 0.98832 0.699209 -0.463031 -1.00782 -0.401558 -0.221096 0.371378 2.36251 2.73351 -2.00594 -0.876453 -0.913284 0.369766 -1.31563 0.874923 3.24889 1.2069 2.04905 0.552203 -0.479282 2.58601 2.6247 1.2193 -0.78466 -1.31042 0.460706 1.71803 -2.00244 -0.136008 0.566257 1.04531 -1.01171 -1.13878 -0.791274 3.11246 -2.14849 -1.44145 -0.43968 0.290202 -0.248104 0.503633 0.287151 0.0830198 -1.51689 1.48101 1.20514 -0.834053 0.528157 -0.576088 -0.0683832 1.15142 0.778531 2.59965 -0.823837 -0.240565 -0.0799011 0.227913 3.49378 -1.89865 -1.16421 0.522959 0.393874 -6.46908e-05 -1.77354 -0.815873 -1.83527 1.73722 1.08836 3.0788 0.972198 -0.873815 -1.03016 1.00641 2.18875 -1.15408 0.371819 1.39954 2.87771 0.200894 -0.204654 0.646583 0.00345454 1.08615 1.02351 -0.22123 -0.929476 -1.69804 -1.21682 0.222335 0.266765 0.138785 1.12074 -0.62716 -1.54377 0.619875 -1.14804 -1.78047 -3.22533 1.18954 -1.12192 1.8724 1.66928 2.21215 0.92251 0.174272 2.59142 2.45658 -2.21867 -0.674538 -1.37608 1.6819 0.904297 -0.624241 0.381563 -4.07018 -1.26386 1.90347 -0.0975992 -1.80777 0.332554 2.69046 1.01591 -1.34446 0.157631 -1.91243 0.0889058 2.5137 -0.701661 1.30296 0.208722 -1.6256 0.98389 0.560705 1.599 0.943437 0.983655 0.298355 0.156467 -0.497899 0.765436 -0.782557 0.36646 1.78311 -1.62305 0.838733 -1.22118 -1.00219 2.84077 2.41159 0.897211 -1.27908 -2.56022 -2.76194 -0.96183 1.66765 -0.915384 0.823963 0.240165 0.0718564 -1.29193 -0.501457 0.81181 -2.0189 0.505191 -0.112632 -2.26743 1.47435 1.0139 -1.45808 1.03957 0.380187 0.189764 1.32369 -0.951411 1.09942 1.83345 -0.214429 -0.281268 2.27894 -0.328818 -1.08869 -1.07844 0.178282 -1.97687 2.35145 0.0601102 -1.10793 -0.614713 -1.06371 -1.76215 -0.716461 0.0613778 0.0104487 0.39729 2.3669 0.0453837 -0.751338 -2.04081 -0.256569 -1.56418 0.307814 1.91587 -0.574565 0.147298 -1.10464 1.76965 -1.34185 -0.519866 1.67335 3.02683 -2.56886 -0.78973 2.33723 -0.65111 -1.06837 4.48923 -0.327599 -2.31381 3.02596 -2.28304 0.839481 -0.269414 -0.0642684 0.519675 -1.60253 2.49478 -1.11491 0.778113 1.59713 0.0768901 1.11547 2.07158 -1.37024 -1.0895 2.25473 1.68248 -2.12769 0.35403 1.07871 -0.423363 -0.589394 -0.939096 1.55189 0.135976 -0.605516 1.8543 1.39281 0.366608 -1.33856 0.228113 1.76558 -1.86174 -2.48637 1.49672 -0.293846 -0.471005 0.20943 1.05399 -0.492327 -1.75005 -1.59907 1.08369 -0.360675 1.17999 -0.0645999 0.778888 -0.979092 0.375953 -0.330786 -2.91474 1.12019 -1.87659 1.40808 -0.393731 0.445846 -1.13 1.26505 -3.51774 -0.106343 0.857537 -1.05691 -1.36624 -1.37986 -0.253958 0.487515 
1.65284 0.447328 1.65917 1.20274 0.301396 2.93779 -0.0669375 -0.574057 -1.18338 0.586357 -0.0594113 -4.45613 0.100579 -0.815131 0.586565 -0.110883 -0.64056 -3.00686 0.0428188 -0.782255 1.08923 1.05622 -1.91317 2.55662 -1.71722 1.93576 -0.125133 -1.256 -2.60157 -2.56282 1.73662 3.42591 -0.0469419 0.318965 1.345 1.2465 1.34531 -0.598714 -0.05439 0.530618 0.419415 0.869287 2.50694 -0.685277 -2.07911 -0.91172 0.173933 2.26537 3.50376 -0.920214 0.532894 -0.339053 -2.88479 -1.33841 -0.0840904 -1.05921 0.502271 1.59049 0.0217146 -2.50348 0.559357 2.41722 -2.8795 -1.06141 -2.01642 -0.724448 -0.752214 1.00159 -1.00061 1.35498 0.997777 -0.902424 -2.92938 -2.58534 1.73403 -0.907792 0.184804 -0.607779 -1.64557 0.281458 -0.89102 0.455125 -1.59048 0.139676 -0.810441 -1.32834 -0.641332 1.30834 1.08086 -0.0549939 1.39408 1.27874 -0.772568 -2.31386 0.637311 0.709015 1.62424 1.61303 -1.8545 -0.0542834 0.0880153 -2.41304 0.404743 0.604839 0.317452 -1.1477 -0.901298 0.769102 1.90431 -0.344191 -1.64592 1.70839 0.403018 1.96582 -2.24359 0.212696 -0.21559 0.226304 -2.34348 1.60663 -0.583846 0.281159 -0.0866539 1.11404 -1.22346 -1.28132 -0.720911 -0.725385 1.28768 3.53068 -2.77989 -0.944099 1.01209 -2.45631 1.55311 -1.77574 -1.40573 -1.09526 -0.539444 -1.43078 0.784809 0.187206 -1.21308 -1.49686 -0.220245 0.556617 -0.377274 -1.37131 -0.156476 1.28379 0.671708 1.27056 1.74852 -1.47448 -0.520484 -0.700557 0.826342 2.11602 0.0464033 -0.0742373 -0.0139067 -1.91548 -2.30831 2.43531 -0.0730579 0.530125 -0.223969 0.123364 -1.01126 -0.951188 1.28193 0.661728 -0.141638 -0.177741 2.14597 0.672575 1.09035 -1.41329 2.50973 0.434135 0.694536 0.309882 0.758203 -0.651953 -2.15359 1.35102 -2.45355 0.652428 0.645856 0.291748 0.00703143 -3.46789 2.43916 1.47787 -1.10034 -0.884322 2.93588 -0.121508 1.62278 0.698805 -0.619859 0.0857294 -1.23737 -2.09784 0.750552 -0.930132 2.30077 0.200804 -2.09482 -0.716935 0.869331 0.162199 -0.409339 -0.384592 -2.27226 1.20071 -1.95195 -1.25306 -0.166264 -1.12423 -0.106656 0.199052 -0.25204 -0.440229 0.894197 -0.083352 1.47576 1.54312 0.253172 0.978265 0.644854 -1.67484 -0.449479 0.0734946 -0.945168 -0.710794 0.764714 1.68881 1.33576 -1.31022 -0.62709 1.66312 2.44087 2.41349 -0.647346 -0.62383 -0.510368 -0.909955 0.415613 0.413188 -1.5448 2.30926 0.628528 0.711009 -0.0139405 0.99886 -0.63527 1.79029 3.04729 -0.530212 -1.403 -0.237093 0.242874 -0.945328 -2.33708 0.177047 0.581973 -2.08801 -0.50666 2.07445 -0.318082 -3.90714 3.16584 -0.55852 0.194233 -1.66282 -0.527244 2.95329 0.810679 1.92233 1.38829 0.510825 -1.86822 0.214397 -0.271293 0.0741529 -0.648433 -2.52611 -2.61274 -0.734499 0.0733692 -2.30236 -0.58108 -0.28913 -0.542065 -0.884554 0.48527 -0.722205 -0.950627 1.0643 
0.702177 1.08587 0.663029 -0.891792 3.83901 -0.333471 0.631606 2.899 1.56119 -1.02604 -0.69273 -1.19464 0.60294 -0.0778743 0.0478775 1.35677 0.677394 -0.939032 -0.0205966 2.80996 -0.632154 0.0409165 1.78506 -1.32247 -0.612326 -1.16767 1.29746 -1.14894 0.629783 -0.0968603 1.5921 0.798902 -1.49563 0.417593 -0.338177 0.186286 0.741337 0.24025 -0.665155 -0.40728 2.5201 1.87298 0.82021 0.397322 -1.20279 1.23424 -0.197195 0.746898 1.7777 1.22934 2.03791 -0.458884 -0.6923 -0.331577 -0.487601 1.45299 -0.506316 0.867378 -1.23835 2.97783 -0.643619 1.63297 -2.02142 1.9832 2.90086 2.17203 -1.15012 0.669122 -0.343771 0.501053 -0.0213687 0.377469 -1.12832 -4.64881 -0.712162 1.32223 -1.18917 -0.933044 -2.28143 0.779921 -2.2834 0.808898 0.115395 0.555619 2.81721 -0.102954 0.985226 1.31524 3.12676 2.46304 0.241474 -0.681216 0.358958 0.111875 1.33969 1.05892 0.726174 -1.45149 1.9213 -0.58201 0.95879 -0.527545 -0.939541 0.645237 0.0960077 0.067449 -1.24063 -0.649695 -0.557693 2.4305 -0.893654 0.0820907 0.0659546 -0.758198 1.08167 -0.39549 -1.94383 -1.06497 0.702356 -0.902577 0.273261 -1.33896 -1.39451 -0.387888 1.23576 0.587429 1.45716 0.00423296 -0.934423 -1.14369 -1.86457 -0.531364 -1.9001 0.187618 -1.79559 -1.51499 -0.379294 -1.70492 2.02167 0.355764 -0.789765 -1.32664 -3.30912 0.869143 -2.09112 0.890313 -1.43371 -1.82149 0.00507651 0.138299 1.02278 -2.41325 -0.393806 -0.444589 -2.29803 -3.16149 1.35924 -0.337877 -0.724472 -0.948155 1.20191 -1.73454 0.389791 0.266595 0.455867 1.01136 -1.44077 0.377061 0.265588 -1.10236 -2.01952 -0.812546 0.678076 2.18375 -0.227095 0.951401 -0.633094 0.421032 -0.382894 0.101004 -3.81843 0.683483 -0.369716 -0.282964 0.0706131 0.748786 -1.5785 0.642516 3.6271 -0.344837 0.490531 -0.706596 1.05701 0.909085 -0.147358 3.50173 -0.494046 1.24477 1.74608 2.52097 -1.52668 0.840286 -0.227926 -2.46509 -1.10387 0.274039 2.48515 1.14727 -1.26416 2.30999 -0.842061 -0.294303 -0.207908 -0.80887 -0.609578 -0.125966 -0.403251 -0.118502 -1.62686 -0.506871 -0.889854 0.324454 -3.7922 -0.586815 0.87929 -0.507006 -0.716528 -2.63547 -0.584192 -0.345498 0.42888 -1.91018 -1.8459 -0.587658 3.36955 1.12725 -1.39774 0.110742 0.18854 -1.78503 -0.0344735 -0.053573 -1.77346 -2.52322 0.14807 -1.04049 -1.31971 -1.89304 -0.762121 -1.35505 -1.12459 1.19907 0.586416 -0.441568 -0.604361 0.00881951 0.792226 -2.09586 1.76973 0.224802 -2.45753 -2.01047 -1.37488 -0.212828 -2.66705 -0.25868 -1.71928 -1.80515 -1.0611 0.83049 -2.2459 -0.260967 1.26707 2.56829 1.06826 -1.13891 -0.985824 0.28199 1.5877 0.899828 -1.36484 -1.81461 1.0419 0.176651 0.999231 -1.56652 -0.969984 -0.614536 1.02431 -1.34674 -0.340187 -0.489576 1.61407 2.1677 2.04769 -1.56681 1.02326 1.8027 2.00069 -0.916256 
