1372 1.00001
40.8045 40.8045 40.8045 
20.23 20.23 20.23 
1 1 1 1 1 1 1 1 1 1 1 1 1 1 1 1 1 1 1 1 1 1 1 1 1 1 1 1 1 1 1 1 1 1 1 1 1 1 1 1 1 1 1 1 1 1 1 1 1 1 1 1 1 1 1 1 1 1 1 1 1 1 1 1 1 1 1 1 1 1 1 1 1 1 1 1 1 1 1 1 1 1 1 1 1 1 1 1 1 1 1 1 1 1 1 1 1 1 1 1 
1 1 1 1 1 1 1 1 1 1 1 1 1 1 1 1 1 1 1 1 1 1 1 1 1 1 1 1 1 1 1 1 1 1 1 1 1 1 1 1 1 1 1 1 1 1 1 1 1 1 1 1 1 1 1 1 1 1 1 1 1 1 1 1 1 1 1 1 1 1 1 1 1 1 1 1 1 1 1 1 1 1 1 1 1 1 1 1 1 1 1 1 1 1 1 1 1 1 1 1 
1 1 1 1 1 1 1 1 1 1 1 1 1 1 1 1 1 1 1 1 1 1 1 1 1 1 1 1 1 1 1 1 1 1 1 1 1 1 1 1 1 1 1 1 1 1 1 1 1 1 1 1 1 1 1 1 1 1 1 1 1 1 1 1 1 1 1 1 1 1 1 1 1 1 1 1 1 1 1 1 1 1 1 1 1 1 1 1 1 1 1 1 1 1 1 1 1 1 1 1 
1 1 1 1 1 1 1 1 1 1 1 1 1 1 1 1 1 1 1 1 1 1 1 1 1 1 1 1 1 1 1 1 1 1 1 1 1 1 1 1 1 1 1 1 1 1 1 1 1 1 1 1 1 1 1 1 1 1 1 1 1 1 1 1 1 1 1 1 1 1 1 1 1 1 1 1 1 1 1 1 1 1 1 1 1 1 1 1 1 1 1 1 1 1 1 1 1 1 1 1 
1 1 1 1 1 1 1 1 1 1 1 1 1 1 1 1 1 1 1 1 1 1 1 1 1 1 1 1 1 1 1 1 1 1 1 1 1 1 1 1 1 1 1 1 1 1 1 1 1 1 1 1 1 1 1 1 1 1 1 1 1 1 1 1 1 1 1 1 1 1 1 1 1 1 1 1 1 1 1 1 1 1 1 1 1 1 1 1 1 1 1 1 1 1 1 1 1 1 1 1 
1 1 1 1 1 1 1 1 1 1 1 1 1 1 1 1 1 1 1 1 1 1 1 1 1 1 1 1 1 1 1 1 1 1 1 1 1 1 1 1 1 1 1 1 1 1 1 1 1 1 1 1 1 1 1 1 1 1 1 1 1 1 1 1 1 1 1 1 1 1 1 1 1 1 1 1 1 1 1 1 1 1 1 1 1 1 1 1 1 1 1 1 1 1 1 1 1 1 1 1 
1 1 1 1 1 1 1 1 1 1 1 1 1 1 1 1 1 1 1 1 1 1 1 1 1 1 1 1 1 1 1 1 1 1 1 1 1 1 1 1 1 1 1 1 1 1 1 1 1 1 1 1 1 1 1 1 1 1 1 1 1 1 1 1 1 1 1 1 1 1 1 1 1 1 1 1 1 1 1 1 1 1 1 1 1 1 1 1 1 1 1 1 1 1 1 1 1 1 1 1 
1 1 1 1 1 1 1 1 1 1 1 1 1 1 1 1 1 1 1 1 1 1 1 1 1 1 1 1 1 1 1 1 1 1 1 1 1 1 1 1 1 1 1 1 1 1 1 1 1 1 1 1 1 1 1 1 1 1 1 1 1 1 1 1 1 1 1 1 1 1 1 1 1 1 1 1 1 1 1 1 1 1 1 1 1 1 1 1 1 1 1 1 1 1 1 1 1 1 1 1 
1 1 1 1 1 1 1 1 1 1 1 1 1 1 1 1 1 1 1 1 1 1 1 1 1 1 1 1 1 1 1 1 1 1 1 1 1 1 1 1 1 1 1 1 1 1 1 1 1 1 1 1 1 1 1 1 1 1 1 1 1 1 1 1 1 1 1 1 1 1 1 1 1 1 1 1 1 1 1 1 1 1 1 1 1 1 1 1 1 1 1 1 1 1 1 1 1 1 1 1 
1 1 1 1 1 1 1 1 1 1 1 1 1 1 1 1 1 1 1 1 1 1 1 1 1 1 1 1 1 1 1 1 1 1 1 1 1 1 1 1 1 1 1 1 1 1 1 1 1 1 1 1 1 1 1 1 1 1 1 1 1 1 1 1 1 1 1 1 1 1 1 1 1 1 1 1 1 1 1 1 1 1 1 1 1 1 1 1 1 1 1 1 1 1 1 1 1 1 1 1 
1 1 1 1 1 1 1 1 1 1 1 1 1 1 1 1 1 1 1 1 1 1 1 1 1 1 1 1 1 1 1 1 1 1 1 1 1 1 1 1 1 1 1 1 1 1 1 1 1 1 1 1 1 1 1 1 1 1 1 1 1 1 1 1 1 1 1 1 1 1 1 1 1 1 1 1 1 1 1 1 1 1 1 1 1 1 1 1 1 1 1 1 1 1 1 1 1 1 1 1 
1 1 1 1 1 1 1 1 1 1 1 1 1 1 1 1 1 1 1 1 1 1 1 1 1 1 1 1 1 1 1 1 1 1 1 1 1 1 1 1 1 1 1 1 1 1 1 1 1 1 1 1 1 1 1 1 1 1 1 1 1 1 1 1 1 1 1 1 1 1 1 1 1 1 1 1 1 1 1 1 1 1 1 1 1 1 1 1 1 1 1 1 1 1 1 1 1 1 1 1 
1 1 1 1 1 1 1 1 1 1 1 1 1 1 1 1 1 1 1 1 1 1 1 1 1 1 1 1 1 1 1 1 1 1 1 1 1 1 1 1 1 1 1 1 1 1 1 1 1 1 1 1 1 1 1 1 1 1 1 1 1 1 1 1 1 1 1 1 1 1 1 1 1 1 1 1 1 1 1 1 1 1 1 1 1 1 1 1 1 1 1 1 1 1 1 1 1 1 1 1 
1 1 1 1 1 1 1 1 1 1 1 1 1 1 1 1 1 1 1 1 1 1 1 1 1 1 1 1 1 1 1 1 1 1 1 1 1 1 1 1 1 1 1 1 1 1 1 1 1 1 1 1 1 1 1 1 1 1 1 1 1 1 1 1 1 1 1 1 1 1 1 1 
0 40.463 1.78521 1.89351 0 0.287168 4.97031 3.65379 0 5.40801 0.367903 3.38893 0 4.60965 3.82852 1.38802 0 7.35084 40.3861 0.0353111 0 7.72048 3.58594 4.2815 0 10.6697 40.6041 4.01518 0 9.88618 2.84832 0.448071 0 13.529 0.766106 1.23642 0 13.349 3.33561 4.74692 0 16.6553 0.58174 4.34084 0 16.0925 3.1522 2.22435 0 19.7462 0.697194 2.14205 0 19.3306 3.36032 4.54799 0 22.0608 0.104202 4.79369 0 21.142 4.71067 0.551025 0 24.7647 0.120473 0.771253 0 23.0864 3.4659 2.80698 0 28.5943 0.780779 2.72087 0 25.9636 4.48548 0.991375 0 30.3323 3.29824 1.11464 0 28.9026 4.36935 5.13688 0 32.3839 2.27096 4.24935 0 33.9913 4.30243 0.0401318 0 36.778 0.368561 2.19364 0 35.0733 5.29208 5.18567 0 38.2002 2.62739 4.33036 0 37.8239 4.69207 1.39602 0 2.38228 7.02505 1.64932 0 2.84299 9.73837 4.57196 0 5.15859 6.35243 3.95319 0 5.75741 9.06201 1.12643 0 7.58635 5.98788 0.617395 0 8.35654 8.38359 4.47639 0 11.0316 6.07376 3.86607 0 9.12922 8.99358 1.3344 0 13.2138 5.42833 1.06302 0 13.3498 9.74544 5.3042 0 16.4981 6.15931 3.74978 0 14.9971 9.15264 2.00676 0 18.723 7.23572 1.57313 0 19.3276 9.85857 4.80504 0 21.5572 6.90264 4.14945 0 21.0794 9.93731 0.0157363 0 23.9328 7.60253 1.27005 0 22.6949 10.0104 4.48747 0 25.6445 8.183 4.00456 0 27.8706 10.4853 40.7572 0 28.5781 6.81463 1.49296 0 30.6988 11.1375 3.47476 0 32.011 5.38049 3.0905 0 32.9328 9.16561 1.81993 0 38.1652 8.03438 1.15477 0 35.7275 8.57518 3.90852 0 39.7771 7.86656 4.55757 0 40.0806 10.8945 1.9166 0 1.01593 14.8259 1.33487 0 2.74659 16.3934 5.05602 0 3.92481 13.3704 3.11183 0 4.98834 16.9375 1.44997 0 7.98421 13.0223 2.05555 0 7.42881 15.8171 4.3753 0 10.1576 12.2971 4.74926 0 10.5124 16.3157 40.7808 0 12.8848 13.3187 0.869867 0 11.748 15.6777 3.52184 0 15.3505 12.5421 3.58467 0 14.5829 17.0332 1.39187 0 19.6322 13.0994 1.007 0 18.8615 15.9754 3.17919 0 21.4014 13.4261 4.24984 0 21.9763 16.348 0.9441 0 23.8944 12.3384 1.50988 0 23.901 15.4461 5.10559 0 27.1419 11.1264 4.14265 0 25.2181 15.5015 0.901418 0 31.8766 12.8669 0.844213 0 28.4585 14.4048 3.16273 0 33.2019 12.5679 5.73453 0 33.931 15.0734 2.86773 0 34.7998 11.9769 40.4306 0 36.966 16.3444 3.91724 0 39.2488 12.9483 5.02156 0 36.4307 15.9301 0.316255 0 2.40556 19.1658 1.38209 0 2.34501 21.69 3.71915 0 4.92906 18.836 5.2389 0 4.82882 21.4134 1.32315 0 8.02895 18.9764 1.50089 0 7.43384 21.1411 4.0852 0 9.52882 18.7454 4.48791 0 10.4929 22.207 2.70276 0 11.7206 19.3015 1.1422 0 13.0644 19.8419 4.21875 0 16.4546 19.5962 4.08301 0 14.7997 23.6323 1.12596 0 19.4518 20.4348 1.59704 0 16.936 23.1002 4.76283 0 22.2738 19.6516 5.00882 0 22.2579 21.9964 40.7916 
0 24.2951 19.2245 0.273271 0 25.2219 21.3239 3.26932 0 26.9507 17.6217 3.40075 0 28.6463 20.3098 1.46931 0 31.011 17.5291 0.348345 0 29.1194 21.2166 5.21893 0 31.3492 17.2142 3.75825 0 33.5196 21.4462 2.40138 0 36.4389 19.8071 1.58451 0 36.4498 23.2276 4.70815 0 40.2157 17.7061 2.59926 0 39.6908 21.3179 0.971203 0 1.99291 24.3788 0.605868 0 1.97423 25.7184 4.75232 0 5.65448 24.2794 3.94335 0 3.20225 27.7598 1.37631 0 6.9279 24.2831 0.272142 0 6.26911 27.5697 3.38098 0 9.30546 25.0344 4.89312 0 9.55373 27.4394 2.20009 0 11.5771 25.4279 0.111571 0 12.8833 27.5036 4.98126 0 13.082 24.2036 4.61334 0 14.2971 27.1206 1.92354 0 19.0355 25.1117 1.8888 0 17.4068 27.7955 3.51335 0 20.6633 22.5868 3.91461 0 21.8987 26.8455 1.99194 0 24.7519 24.7934 2.45271 0 24.4038 27.9328 4.25006 0 28.073 24.7548 4.10586 0 27.4965 27.5699 2.39312 0 31.0061 24.016 1.74885 0 30.105 27.4525 5.12586 0 32.199 24.4673 4.97812 0 32.6086 27.5681 3.07373 0 35.7044 24.7735 1.24857 0 35.8472 27.4597 4.54598 0 39.7184 24.6662 3.46325 0 40.0326 27.7528 1.75045 0 1.26276 31.7338 1.83752 0 0.649558 32.8471 5.5432 0 4.42542 30.573 3.45479 0 4.8704 34.2886 1.74133 0 7.68826 31.2752 1.19792 0 7.71409 33.8329 3.91141 0 9.71168 30.5413 4.21773 0 10.6609 33.1458 1.30611 0 12.9145 30.8014 0.624994 0 12.7343 33.4258 4.05048 0 14.9693 30.4286 3.90238 0 15.2579 33.2304 1.21165 0 16.9579 30.2821 1.10196 0 18.2784 32.4123 3.26617 0 21.3086 29.8349 3.78082 0 21.6032 32.6322 1.94728 0 24.416 29.7742 1.28333 0 25.5866 32.2115 3.71228 0 28.4211 30.7481 5.02741 0 28.7333 34.3176 1.29968 0 27.8391 30.7281 1.34748 0 30.9764 35.1419 5.34375 0 31.8076 30.7681 3.79513 0 35.2818 33.1064 1.93587 0 35.6925 29.6554 1.48605 0 38.0544 33.8516 5.22652 0 38.9847 30.3137 3.62412 0 38.652 33.2685 1.79415 0 1.21721 34.9886 1.62226 0 2.06545 40.2021 4.83925 0 3.57875 36.2574 4.50711 0 3.81655 37.4681 0.692138 0 8.57638 35.8807 1.25198 0 7.215 38.0442 3.71177 0 10.7374 36.5661 4.243 0 10.5829 38.8662 0.848835 0 12.4917 36.0239 1.3185 0 13.7761 38.8751 4.0702 0 15.8584 35.7279 3.84233 0 16.7262 38.4529 1.64302 0 18.8101 35.5748 1.96845 0 19.0088 38.2917 4.39772 0 21.4907 36.217 4.51701 0 21.4489 38.8091 1.61816 0 24.3766 35.5942 2.61537 0 24.6077 38.8975 4.18316 0 27.2939 35.9504 5.02453 0 27.7053 37.768 1.75091 0 32.1713 33.3062 0.186318 0 32.2662 37.9787 4.20898 0 35.2394 35.6216 4.12722 0 33.6043 37.6295 0.819297 0 37.1335 36.5273 1.27252 0 37.6067 38.3633 4.67283 0 0.0563541 36.7152 4.78029 0 40.018 38.8518 1.52813 0 1.11087 1.63576 7.10651 0 1.58551 5.46556 10.0414 0 6.10844 1.7517 11.9023 0 3.55244 4.26413 7.37481 
0 6.8465 2.86679 7.71793 0 8.57984 4.79362 10.924 0 9.07384 0.837361 10.0433 0 10.4372 3.39886 6.80391 0 13.9615 0.429943 7.58438 0 13.4492 3.96459 10.8176 0 16.5171 1.67296 10.264 0 16.1197 3.88073 6.59172 0 18.4565 1.0648 7.73377 0 19.1212 3.66183 10.382 0 22.1952 0.606741 8.07262 0 21.7329 3.89193 6.84341 0 25.8558 1.90262 5.98112 0 23.8389 3.64146 9.87673 0 27.1127 2.35011 9.75617 0 25.1221 6.23709 6.9055 0 30.0834 0.636609 6.37638 0 29.5642 4.59216 8.87795 0 30.3982 1.19897 9.91157 0 32.4138 3.9468 7.62745 0 35.7975 3.46943 8.43179 0 37.0435 5.22928 11.2566 0 39.4406 1.57242 9.79066 0 39.616 4.42558 7.08169 0 2.15691 7.38158 6.9791 0 1.35878 11.058 10.0038 0 4.88729 6.05473 9.8423 0 5.63354 8.09735 7.38142 0 8.54 6.18276 7.31969 0 7.28151 10.6496 9.433 0 10.6909 7.98112 10.2065 0 10.2173 10.3092 7.56166 0 12.5799 6.47092 7.6252 0 13.5185 10.3519 9.54353 0 16.4793 6.31905 10.1128 0 17.0506 10.1614 7.91868 0 17.7379 6.9924 7.04683 0 19.4903 10.0954 10.4245 0 21.3648 6.55113 10.3715 0 20.4501 11.9684 7.5404 0 20.9473 8.22771 7.21259 0 23.2662 10.349 9.59964 0 26.4588 6.14567 9.99592 0 26.2056 9.61632 7.37256 0 29.2144 7.60468 6.73519 0 29.9821 9.8167 10.2628 0 33.7722 6.01405 10.965 0 32.8654 9.25543 6.56834 0 35.8659 7.862 8.14764 0 37.96 10.5214 10.4559 0 39.6963 7.36071 9.20133 0 39.6491 10.6017 7.59681 0 2.29708 13.188 6.63432 0 2.33733 16.4314 9.96861 0 5.46362 13.4861 10.1458 0 5.61184 15.8169 7.41372 0 6.81226 11.4729 5.15896 0 8.99324 15.7236 9.81355 0 10.4505 12.7332 11.0584 0 10.1482 15.2524 6.68986 0 12.9134 13.0871 7.19243 0 12.9773 15.212 10.1415 0 15.9438 12.8015 9.85204 0 14.6931 15.5968 5.63634 0 17.8242 13.9903 5.93207 0 17.7352 16.7496 9.0049 0 21.4456 14.6341 9.9166 0 20.5272 16.8224 6.43743 0 24.1072 12.2923 6.59778 0 25.6196 15.1602 10.6991 0 27.0567 11.8091 10.7347 0 27.191 14.2185 6.39011 0 29.4677 12.1788 7.77702 0 31.9173 16.0328 7.31437 0 34.0122 11.0747 9.49496 0 36.0054 16.09 7.73294 0 36.664 12.678 7.26651 0 36.5224 15.0004 10.6679 0 39.5488 13.8066 9.63291 0 39.4752 16.7452 7.26788 0 1.28223 19.2 6.36467 0 1.08017 21.6577 9.6779 0 4.79278 19.5758 8.92592 0 3.52721 22.7849 6.76482 0 7.87019 19.0683 7.42745 0 7.81416 21.6139 10.018 0 11.1831 19.4168 10.188 0 11.1959 21.8888 7.61271 0 14.0799 18.2584 8.00655 0 12.6901 22.8047 11.149 0 17.0039 20.4056 9.26856 0 14.5981 22.9752 7.61242 0 19.1418 20.6179 6.30697 0 19.2817 22.6403 10.3422 0 21.3239 19.4969 9.36114 0 21.9336 22.4906 7.49758 0 23.9306 17.7353 8.36287 0 23.6657 21.4438 11.0019 0 27.1136 18.6178 10.2971 0 26.2367 21.9829 7.31477 
0 28.3104 18.4948 6.9384 0 29.9879 20.9841 8.58856 0 33.9249 18.7561 9.01104 0 32.803 21.7362 7.08689 0 35.1471 19.5544 5.4773 0 35.5161 21.6917 9.96335 0 39.0412 18.777 9.9254 0 38.7494 21.598 7.23928 0 0.0225038 24.5618 7.32202 0 0.705793 28.2431 9.40295 0 3.65416 24.9253 9.05408 0 4.9569 26.9816 6.57134 0 7.07917 23.3849 7.34813 0 7.14426 26.3123 9.5389 0 9.80284 25.099 11.9298 0 8.74433 28.035 6.38582 0 11.7782 25.6615 8.50566 0 13.424 29.1432 9.59533 0 16.5108 25.1195 10.4629 0 15.7819 27.8444 7.15259 0 19.5151 24.7125 7.49255 0 18.6861 28.2446 9.49807 0 22.2338 25.4541 9.55918 0 21.7553 28.2084 7.0893 0 24.3787 24.9812 6.21569 0 24.7681 28.0471 9.31588 0 27.0756 24.107 9.81666 0 27.3176 28.0108 7.23829 0 29.9081 24.5928 7.26283 0 29.9444 27.28 9.55817 0 32.6676 24.4113 9.68243 0 32.7727 28 7.58887 0 34.7589 25.626 7.20876 0 36.3726 28.8167 9.05254 0 38.1866 25.4373 9.53307 0 39.8939 27.5252 5.5978 0 2.16078 29.6415 6.33029 0 2.2688 32.8412 10.0728 0 4.40229 28.849 9.39847 0 4.00322 33.4076 6.4443 0 6.51251 30.8327 6.90313 0 5.95859 34.843 10.1443 0 8.84671 29.9694 9.61849 0 10.5539 33.9381 6.77332 0 12.7793 30.66 6.34528 0 13.814 33.4548 9.18782 0 16.5498 30.8392 10.1784 0 15.7323 33.4159 6.29499 0 18.0783 30.3447 6.84671 0 19.4798 33.1814 9.65073 0 21.3617 29.7413 10.2797 0 21.0648 32.6011 5.94735 0 24.7503 30.5155 7.23761 0 23.9656 33.4936 9.22478 0 27.7458 30.8036 10.1055 0 27.0987 32.8904 7.46267 0 30.9228 31.5994 7.62427 0 30.8855 33.8197 10.5432 0 32.5547 30.5763 10.6326 0 33.8847 33.6164 8.20379 0 36.6657 30.9558 6.10139 0 36.979 33.2962 9.46047 0 39.6319 31.0047 7.84134 0 39.7763 34.9895 8.52855 0 0.489323 38.4247 8.20949 0 1.83825 39.5261 11.5687 0 3.41433 36.5095 9.36145 0 4.63988 40.3068 7.15039 0 6.46178 36.4347 7.10424 0 5.9031 38.9024 10.8101 0 9.03311 36.5132 9.83916 0 8.79851 39.1109 6.97571 0 13.381 36.2747 6.73564 0 11.7489 38.8723 8.49356 0 16.4238 35.6434 9.52754 0 15.9398 38.578 6.93976 0 18.9089 35.4951 6.96586 0 19.571 38.1723 8.90282 0 22.6287 36.4942 10.6002 0 22.9473 37.6764 7.4996 0 25.8555 36.325 8.21071 0 24.9702 39.3437 10.3336 0 28.2016 35.9286 11.3666 0 27.7504 39.0045 6.85495 0 30.9397 37.2809 8.02619 0 28.488 39.1443 10.4658 0 34.0728 37.1587 10.5548 0 33.2849 39.7487 7.34207 0 35.812 37.161 7.59299 0 36.9088 39.2994 10.483 0 39.9865 37.2451 11.4062 0 37.749 0.597902 7.10874 0 0.177395 1.53252 15.4721 0 1.15419 6.44295 15.924 0 4.18114 1.28028 16.9967 0 2.91182 3.52395 13.7654 0 8.15872 40.0014 13.7303 0 5.6839 5.5737 17.509 0 11.2403 0.493453 15.1159 0 10.4883 3.08829 13.5023 
0 13.7661 0.35021 11.8862 0 12.5645 3.50508 16.1831 0 14.882 0.423856 16.0407 0 16.6419 2.7578 14.4017 0 19.605 0.132923 11.8211 0 19.5057 3.38848 17.1995 0 21.8124 1.20177 16.1413 0 21.3365 2.98167 12.7769 0 24.5688 1.63289 13.388 0 22.8068 4.03824 15.6074 0 27.1686 1.05366 16.1254 0 26.3207 4.65269 14.4645 0 28.9487 0.541433 13.3751 0 29.7511 4.52178 15.8624 0 32.4929 2.30826 15.3017 0 30.9693 3.57265 12.3265 0 35.1795 1.92805 11.7374 0 36.0246 4.93056 17.6552 0 37.5109 2.32703 15.7989 0 39.5241 4.24609 13.5042 0 1.29865 7.54243 12.563 0 1.02659 9.72767 15.8518 0 4.47377 6.70126 14.2113 0 4.43017 10.3732 11.4571 0 7.07827 7.79042 12.1389 0 5.75467 10.2128 15.7596 0 9.4468 6.41703 15.614 0 9.78249 10.5069 14.678 0 13.2395 6.31304 13.7953 0 13.3315 9.62328 16.7451 0 15.3751 6.63301 16.7516 0 16.1724 8.44825 12.9604 0 19.8528 6.14162 13.8091 0 18.7423 9.84923 14.8403 0 21.5397 7.19841 16.4037 0 22.3365 9.61685 12.8827 0 23.8406 6.35615 12.8313 0 25.628 10.7078 16.088 0 28.1034 7.84849 16.0484 0 26.6577 8.9389 12.5185 0 29.8696 6.98069 13.1966 0 30.0793 10.7515 16.8145 0 32.84 6.72014 16.0844 0 32.2298 9.83099 13.5998 0 36.8814 8.06999 13.4709 0 35.6517 9.80468 16.1175 0 38.7148 7.36096 16.9733 0 39.5869 11.2518 13.529 0 1.08471 13.9269 12.6283 0 1.14215 16.4781 15.4059 0 3.54505 12.5071 15.4502 0 4.5522 15.5167 13.3455 0 7.12233 13.114 13.2635 0 5.9753 16.1174 17.015 0 12.014 12.8173 15.9064 0 9.1856 15.5015 13.8991 0 13.9465 11.6234 12.9004 0 14.048 17.6226 16.4607 0 14.8394 14.723 18.0076 0 16.0152 14.7866 13.1741 0 18.9993 13.4168 12.117 0 17.9311 16.0795 16.1495 0 21.5965 13.128 15.3546 0 22.4154 16.6918 12.5005 0 24.0551 12.3627 12.8607 0 24.1827 15.4136 15.4571 0 29.7342 12.1706 13.2504 0 28.1983 16.5246 13.8981 0 32.6244 13.6589 11.7064 0 31.234 15.413 14.8881 0 33.6892 12.7556 16.1532 0 32.4884 17.183 11.4634 0 36.4068 12.6407 13.9371 0 35.1372 16.2827 14.0396 0 40.3921 13.3047 17.278 0 38.7059 14.8439 13.0706 0 0.379972 18.7274 12.5438 0 40.24 20.1734 15.5941 0 3.38134 19.454 15.2426 0 4.61883 20.7444 11.9988 0 6.84305 18.1382 12.017 0 6.80029 19.9218 15.7358 0 10.2138 18.5239 16.2891 0 9.08275 20.9812 13.3526 0 15.0464 17.9346 11.7302 0 12.6301 20.6565 14.3687 0 16.6493 19.5102 15.6096 0 15.4543 22.6076 13.5768 0 18.4121 17.7722 12.7168 0 18.4152 22.7771 15.9185 0 20.2906 18.4969 16.0508 0 21.2978 20.598 13.4374 0 24.9006 19.0934 13.796 0 25.5489 22.7344 16.7519 0 27.3987 19.593 15.9711 0 27.3864 21.8422 13.3401 0 30.1815 19.6983 13.554 0 30.4362 21.5648 16.2399 0 33.5365 19.203 15.3152 0 33.0716 21.9089 12.3974 
0 35.9628 18.5167 11.7795 0 37.4542 21.9856 15.2052 0 37.9679 17.6629 15.1527 0 39.2375 21.5404 12.5303 0 0.477385 24.8355 11.1614 0 0.635105 28.3398 15.3748 0 1.87061 22.6548 14.239 0 3.82291 26.3908 12.8664 0 6.55099 24.3742 13.8276 0 7.56253 27.5146 17.2438 0 11.6831 25.3183 16.2062 0 9.03886 28.0872 13.6128 0 13.2652 26.1304 12.6103 0 12.3529 28.9083 14.9571 0 15.441 25.372 15.8796 0 16.0678 28.0727 12.6587 0 19.5133 25.8757 12.297 0 18.7618 27.2655 15.6717 0 21.6415 24.4832 15.1665 0 22.5068 27.5898 12.5215 0 24.828 24.836 13.0325 0 24.6877 27.8287 15.4482 0 27.8399 25.8113 15.0371 0 27.5281 28.1975 12.2914 0 30.447 25.4762 12.588 0 31.4752 28.0368 15.7516 0 32.873 24.2675 16.0419 0 33.8359 27.0812 12.4855 0 36.0629 24.0349 12.8602 0 34.8715 27.2786 16.8839 0 38.8469 24.8873 14.5253 0 37.5374 27.5347 12.4045 0 40.7703 30.4594 11.898 0 1.48407 32.7421 16.9308 0 4.26798 29.9845 15.527 0 3.08747 33.686 13.4616 0 5.98948 30.72 11.7524 0 7.86535 33.6112 13.5183 0 10.3177 31.8912 14.4952 0 10.3913 33.6529 11.1623 0 13.4278 31.3754 12.7834 0 13.8429 34.0326 15.3609 0 15.3774 30.6094 15.9052 0 16.0691 33.683 12.2348 0 18.1758 30.4623 14.2149 0 19.232 34.2025 14.268 0 21.2922 30.3287 15.2624 0 21.8289 32.9749 12.2575 0 24.9555 31.2 13.5995 0 24.4202 34.1375 15.8057 0 27.9561 29.6206 15.8349 0 28.1672 32.9278 13.5962 0 30.3716 30.082 13.0481 0 30.7902 33.3779 16.3286 0 33.5025 30.6318 13.7996 0 34.678 33.7582 11.8549 0 36.8964 31.0778 12.4748 0 34.4192 33.3068 16.492 0 39.0536 30.5298 15.7427 0 38.8261 34.1135 12.8524 0 1.87547 36.7761 13.6351 0 1.11743 38.9633 16.3304 0 4.07253 35.2687 16.4774 0 4.3401 39.8944 14.3155 0 6.0659 36.796 14.1302 0 6.33488 38.9767 17.4187 0 10.6799 35.8096 13.8751 0 11.314 38.8074 12.0237 0 13.3239 35.8343 11.6447 0 13.677 38.0554 14.2005 0 16.8 37.4208 15.0227 0 15.6512 38.665 10.8793 0 18.7276 36.7654 12.1237 0 18.1265 40.7339 15.0421 0 22.4192 36.3846 14.6463 0 22.7798 39.6318 13.0718 0 25.3307 34.348 12.2185 0 24.6187 39.4968 16.6159 0 27.5354 35.9498 15.9098 0 27.184 38.5373 13.8416 0 30.8879 36.1923 13.8196 0 30.6815 39.5964 15.8465 0 33.5728 36.6768 17.2598 0 32.3663 40.1281 12.1328 0 36.2214 36.8979 14.3134 0 35.8016 40.4666 14.3767 0 39.2887 36.0954 15.8388 0 39.5185 40.1925 12.7635 0 40.3897 2.05296 19.1136 0 1.19123 4.19066 21.6801 0 4.25267 1.84656 21.1949 0 2.72911 4.03991 18.3337 0 8.08398 2.11804 20.4597 0 8.63297 5.30787 20.0943 0 9.39253 40.7639 22.6999 0 7.67289 2.12486 16.082 0 12.8942 1.30782 19.0907 0 12.0649 3.96111 20.9651 0 16.2928 1.56926 22.3635 0 15.4136 3.86977 19.0124 
0 19.2198 0.845593 20.3992 0 19.4892 3.51776 22.5859 0 21.5061 0.741389 23.044 0 22.5369 4.30578 19.0792 0 24.2649 1.1986 19.5114 0 23.7507 3.81885 22.5911 0 26.9763 1.39551 21.8579 0 26.8914 4.23607 17.9803 0 29.6413 2.14194 18.9629 0 29.4272 5.05913 22.6069 0 32.2963 1.2586 21.1789 0 32.3753 4.23151 18.9627 0 36.0101 2.51326 20.592 0 36.8141 4.88999 23.2044 0 39.0519 2.1823 22.4846 0 38.8657 5.90801 20.2961 0 0.198109 8.69353 18.8929 0 1.18594 9.29732 23.1364 0 3.97032 7.13099 20.2212 0 3.49506 10.3145 18.4656 0 7.54595 8.78865 18.6068 0 6.07473 10.8125 21.5606 0 9.67996 10.0351 21.475 0 8.46098 12.0264 17.359 0 14.3301 8.12056 20.5705 0 13.7544 11.0243 22.21 0 17.7521 6.85516 22.0114 0 15.9093 10.7295 19.1526 0 18.5451 8.15373 18.5808 0 19.7388 11.1169 21.5482 0 21.2729 7.37007 20.8937 0 21.7122 10.1037 18.1897 0 24.6912 7.7537 18.3994 0 24.7235 9.75598 21.6289 0 26.0155 6.2546 21.5741 0 27.2298 9.82882 19.5127 0 29.7287 6.99188 19.0685 0 29.5764 11.7956 21.987 0 31.529 8.23628 21.7763 0 33.0125 9.70239 18.7586 0 34.6737 7.21723 20.5694 0 35.9892 11.606 21.6576 0 38.6892 8.53141 22.2854 0 38.1162 10.0737 19.1079 0 1.11233 12.1912 20.9411 0 0.958364 16.3092 22.8512 0 3.94631 14.2033 22.1361 0 2.41968 15.0565 18.8689 0 5.42378 13.0457 19.1331 0 8.28937 13.8487 21.0194 0 11.3938 13.4219 22.8675 0 10.7715 15.5443 17.8342 0 11.5887 12.2033 19.6469 0 14.5285 16.4352 20.6888 0 16.8725 13.3564 21.6177 0 16.5532 18.5372 18.8679 0 17.7082 12.5042 16.5137 0 17.7643 16.3148 22.1695 0 24.0505 13.5186 22.6077 0 21.372 16.6965 19.4252 0 28.0223 13.4208 16.9898 0 24.7397 17.3875 21.6374 0 26.6707 13.7453 20.1612 0 26.7951 16.536 17.9324 0 31.042 13.8451 18.7953 0 29.9925 15.3394 21.7622 0 33.8285 14.4776 20.4593 0 34.1023 16.3453 17.2929 0 36.7753 13.3136 18.0885 0 36.3145 17.0943 20.9686 0 38.8779 13.9903 21.6765 0 38.6904 16.3883 18.2746 0 1.08452 18.7039 18.4263 0 1.95378 21.3816 22.1049 0 4.11963 17.1653 20.8372 0 4.77548 19.904 19.0518 0 7.64236 17.5503 19.4356 0 7.76974 21.7962 20.5902 0 11.1649 16.9577 22.6155 0 10.08 23.0333 18.5895 0 11.1546 19.4085 19.7157 0 13.1607 21.4762 22.3319 0 16.0708 19.4795 22.4788 0 14.7892 21.4547 17.3827 0 19.3354 20.4954 19.2994 0 18.559 22.0269 22.2034 0 21.4149 19.3467 21.9319 0 22.3735 22.6469 18.249 0 23.5998 18.7056 17.6134 0 24.4077 21.2474 21.9 0 28.6367 18.2867 21.7429 0 27.0748 20.6568 19.2431 0 30.6119 17.5736 18.4124 0 30.0655 21.532 20.564 0 32.51 18.9607 20.8536 0 33.5969 21.255 17.8627 0 36.8072 19.4547 17.8817 0 35.7247 21.3409 21.1132 0 38.8919 18.9895 20.8517 0 38.7757 22.0963 19.1944 
0 0.480097 23.864 17.3372 0 1.08136 28.0228 22.1943 0 2.91078 24.2525 19.6453 0 3.95969 26.133 16.557 0 6.47956 23.9803 17.9958 0 4.07313 28.474 20.4877 0 10.5962 23.9194 23.0498 0 9.16491 26.4526 20.3822 0 13.4179 23.9675 19.4087 0 13.0093 26.9458 22.3095 0 15.5855 24.3585 22.6569 0 13.7245 27.5618 18.2122 0 17.2668 23.7996 19.0167 0 18.8467 26.5313 21.883 0 22.1707 24.854 21.4525 0 21.3409 27.8466 18.0375 0 24.1198 25.7465 18.5519 0 23.9715 28.1865 21.2478 0 26.2259 24.0943 21.0497 0 27.3256 27.1286 19.184 0 28.764 24.0539 18.2704 0 29.2424 25.3871 21.7227 0 33.0258 23.854 21.2884 0 32.5563 27.0459 19.6244 0 35.6304 23.9392 18.3088 0 35.8241 26.1558 21.1388 0 40.2009 24.7918 21.3139 0 38.6237 27.0304 17.3764 0 0.652945 29.2504 19.1799 0 0.352468 32.6504 22.109 0 4.99674 32.1187 21.6739 0 6.01121 35.3095 19.7943 0 9.76943 31.1541 17.9628 0 9.52101 33.711 21.6837 0 11.3156 31.1062 21.1896 0 11.5548 34.6767 17.9629 0 13.8095 31.799 18.9695 0 13.2289 34.5882 21.1193 0 16.2391 29.3704 21.6251 0 17.5515 33.0291 17.7082 0 19.0965 30.3603 19.3031 0 18.3575 33.1074 22.0052 0 22.2476 30.0978 23.2344 0 20.9945 33.4001 17.4055 0 24.1458 30.4664 17.6476 0 22.89 33.5154 20.5961 0 26.1704 30.8939 20.8643 0 27.286 32.5482 18.2072 0 29.7962 30.1274 19.526 0 29.3632 33.7077 20.8571 0 32.7568 30.0924 21.8108 0 33.0339 30.3409 18.1181 0 36.5377 29.9523 17.9134 0 34.5064 33.1522 20.7937 0 38.14 29.0072 21.2958 0 38.7734 33.1585 17.8306 0 1.27624 35.8965 18.7311 0 0.170091 39.7094 20.7482 0 3.1511 35.9242 21.8229 0 3.49523 38.6051 19.5508 0 8.2561 35.9299 17.1941 0 7.72365 37.9033 20.6908 0 11.1551 37.5569 19.9246 0 9.87408 40.2237 18.2243 0 14.5938 36.9617 17.7091 0 14.8849 39.199 21.2483 0 16.3577 36.4505 22.8324 0 17.1549 39.3621 18.551 0 19.5317 36.8693 17.6363 0 18.4939 39.7887 23.0904 0 21.1538 37.1676 21.6177 0 21.4979 39.5632 18.8437 0 24.4939 36.4736 19.2203 0 24.0697 39.0127 21.6232 0 27.5664 36.7759 22.9048 0 27.1617 39.4602 19.7527 0 29.8534 36.7413 18.5663 0 29.9862 39.5066 22.3495 0 32.6065 36.5122 21.0846 0 34.1442 40.7404 18.1467 0 36.589 35.6476 18.6998 0 35.9473 39.1814 21.3153 0 40.1039 36.0419 22.9812 0 37.4071 40.3909 18.5884 0 2.05368 1.54014 24.5236 0 1.60944 3.75501 27.334 0 3.6835 0.941112 27.839 0 4.72084 3.7278 24.0614 0 6.69177 0.801914 25.1412 0 6.1475 3.82678 28.0273 0 9.65668 40.4426 26.4942 0 8.33523 3.81729 23.6389 0 12.8027 1.34 23.072 0 10.5384 4.05026 26.7562 0 15.4545 1.12551 27.2289 0 14.5208 3.73443 24.6768 0 17.9222 1.79103 25.2141 0 18.3414 2.72186 28.5653 0 21.8893 0.764167 29.4837 0 21.1522 2.31302 26.267 
0 24.2847 0.932357 25.3356 0 24.0294 3.71911 28.7892 0 26.9742 1.64638 28.5909 0 26.9599 3.57868 25.4233 0 30.1859 2.13244 24.6589 0 31.5801 5.81909 28.5974 0 32.5458 1.67586 27.3436 0 32.8942 4.02125 24.1987 0 36.0993 2.31378 24.9989 0 37.1714 4.74724 26.7122 0 39.8072 1.25833 27.5915 0 40.3639 6.23354 24.3555 0 3.12897 6.75543 25.2197 0 0.834582 10.1936 27.671 0 4.33804 6.79673 28.3531 0 4.35669 10.6883 25.158 0 6.64469 7.27908 23.2871 0 7.17777 9.97652 28.9104 0 8.33128 6.91055 27.1976 0 11.4208 9.72233 25.109 0 14.1014 7.08829 24.0073 0 11.9816 7.03603 27.811 0 15.746 6.31254 26.8541 0 17.5951 10.2342 24.3856 0 19.2332 5.67426 25.8148 0 19.1697 10.1338 27.602 0 22.3111 6.76429 27.8478 0 22.2653 11.0209 23.8383 0 23.2599 7.64936 24.2469 0 25.319 9.49042 27.6591 0 28.76 9.1623 28.0869 0 27.7913 8.3298 24.0108 0 31.1746 7.37321 25.2475 0 30.9749 12.4423 28.7302 0 33.9801 8.23412 27.5959 0 33.104 10.4693 24.4521 0 36.8762 7.85505 25.1116 0 36.9982 10.8558 27.3415 0 39.3238 7.33404 27.8819 0 38.8096 11.3239 24.376 0 1.14794 12.9855 24.6754 0 1.53853 16.5758 27.2318 0 3.24378 13.2315 27.2522 0 5.01184 16.4969 24.3392 0 8.30114 12.7689 24.944 0 6.80624 15.0028 27.8345 0 10.0681 12.5776 27.9863 0 10.0907 15.8896 25.7769 0 13.4764 12.7393 25.9107 0 13.0354 15.3445 28.2535 0 16.5786 13.7375 27.7765 0 15.062 15.3967 24.2788 0 19.323 13.8099 24.5265 0 19.0423 17.4361 29.2408 0 24.5432 13.3422 27.1919 0 21.697 16.457 24.979 0 26.1767 11.3959 24.1591 0 25.3842 17.2069 26.5823 0 27.8266 12.7581 27.0873 0 27.319 15.2812 24.2331 0 32.4404 13.7449 24.1513 0 31.2111 15.3949 27.1343 0 34.4456 13.5334 27.3449 0 33.5933 17.5552 24.1504 0 36.3951 14.3955 24.4434 0 35.8912 16.8292 26.8481 0 39.2598 13.7304 27.4853 0 39.2832 16.2235 25.1382 0 0.796597 18.9595 24.6423 0 0.948299 20.1998 27.9948 0 4.97618 19.1179 27.7105 0 4.5047 20.2232 24.2994 0 7.59264 18.5604 22.7862 0 7.03476 21.6008 26.1437 0 8.59553 18.5491 27.5973 0 10.5244 20.8187 25.0329 0 13.1987 18.6609 25.2442 0 12.4004 21.3791 27.9046 0 15.5179 18.2959 28.0253 0 15.6834 21.7852 25.1072 0 18.429 18.141 24.8699 0 19.1686 20.567 27.5717 0 21.9694 18.694 27.7153 0 21.5928 22.146 24.0305 0 26.1237 19.2412 24.0746 0 24.7432 22.8192 27.1906 0 28.1559 19.636 27.4824 0 28.2561 21.8417 24.0387 0 29.782 18.2581 24.9663 0 30.1983 23.4771 27.3392 0 32.9264 18.9216 27.4409 0 33.7652 21.277 24.3368 0 36.7429 19.5537 23.8041 0 35.3689 21.5225 27.6526 0 38.0721 19.3936 27.5956 0 39.2332 21.8421 25.8601 0 1.53587 24.3913 24.1159 0 2.29799 25.5257 27.5778 0 3.4514 22.5295 26.8406 0 3.76228 27.5573 24.5584 
0 5.17812 24.1106 22.3394 0 5.93304 25.4859 26.6746 0 9.2694 24.1074 26.5812 0 9.71674 27.7722 23.5614 0 13.1991 24.5811 25.5192 0 12.0421 27.9997 26.7219 0 15.6947 26.1738 29.0852 0 15.8463 27.8626 25.5191 0 18.0568 24.1842 25.3454 0 18.5876 27.6578 28.4691 0 20.7401 24.2489 28.0254 0 20.8147 26.5687 24.71 0 24.9614 25.0777 24.1269 0 23.9926 27.0098 26.7622 0 26.9109 25.8552 29.1017 0 26.4462 28.3301 24.0024 0 27.949 25.3265 25.7892 0 31.5179 28.2019 26.8387 0 33.1699 24.5789 26.6175 0 35.825 28.0415 24.2235 0 36.5894 23.7339 23.5522 0 36.5398 28.0162 28.6046 0 38.007 24.9834 27.1804 0 39.7981 26.6937 24.8852 0 1.29583 29.0623 26.9617 0 1.74855 32.5488 28.8796 0 4.5299 28.7582 29.1278 0 2.99591 31.2343 24.4857 0 6.83048 28.8317 24.7569 0 5.82194 31.6926 27.5316 0 8.95029 29.9817 27.2365 0 8.94106 33.0819 25.5779 0 13.1951 30.0403 23.83 0 12.3023 31.5874 26.8657 0 16.4534 30.9346 27.7049 0 15.4845 32.9154 24.1838 0 18.7667 30.9399 24.9334 0 19.7137 33.0088 27.3953 0 22.504 30.1692 26.8733 0 21.1478 33.8053 24.1997 0 25.0146 31.701 23.9783 0 24.4252 33.9182 26.6568 0 28.4634 31.1431 26.4379 0 27.9376 33.8393 24.5224 0 29.4127 30.366 23.2058 0 31.0028 34.4436 27.1395 0 33.1087 31.0668 25.5654 0 31.4046 34.0111 23.7505 0 36.262 31.955 23.6984 0 37.5049 33.8007 27.2621 0 39.6706 30.1432 29.2946 0 1.00217 34.0027 25.6861 0 2.77058 37.2564 25.9683 0 1.71826 38.9651 29.1761 0 5.20451 35.1269 28.5874 0 4.36923 39.3643 23.3493 0 6.47488 36.6893 23.9209 0 5.66522 39.1287 27.3927 0 11.7233 35.6666 27.6549 0 11.8793 38.1032 23.2887 0 14.4973 36.0171 25.9341 0 13.018 39.7598 25.7782 0 16.4964 34.2826 28.5854 0 16.7707 38.9826 26.0296 0 18.2753 35.602 25.7911 0 19.2478 39.4297 28.5716 0 21.0756 36.0041 28.0352 0 21.422 38.891 25.8282 0 24.2276 36.0239 23.6151 0 24.6371 39.7042 28.7445 0 26.3629 36.9236 26.4077 0 27.3584 40.3783 24.6485 0 30.9512 37.3623 25.5277 0 29.4652 40.243 27.8187 0 34.2665 37.2079 26.5527 0 33.2167 39.7959 24.0617 0 36.4746 35.565 22.9757 0 36.1686 40.07 28.3976 0 39.8961 36.7417 27.3779 0 38.2653 39.1712 24.7106 0 1.17103 1.5799 30.7804 0 1.49065 4.28999 33.1935 0 4.87375 0.20765 33.3596 0 4.27429 4.03007 31.0032 0 7.41799 2.07713 30.6356 0 7.3871 4.35088 34.153 0 10.4353 2.12086 32.9888 0 10.2342 5.1767 30.5914 0 11.7718 0.406487 29.2367 0 13.656 3.64004 32.6931 0 16.2862 0.697044 33.6064 0 13.6614 4.03963 28.9325 0 18.7789 1.76557 31.857 0 18.421 4.59378 33.704 0 21.3306 39.8946 34.0449 0 21.6241 4.10919 31.4468 0 23.921 0.464631 32.1098 0 24.1172 3.35649 33.8876 0 27.6302 0.310423 34.1735 0 27.3455 5.08502 29.4938 
0 30.2579 1.32682 30.8259 0 30.4091 4.84984 32.4969 0 31.9526 2.10676 34.8751 0 34.1804 4.51827 31.1987 0 36.2422 1.79947 32.0979 0 35.9876 3.95796 35.1872 0 39.6184 1.33615 33.1402 0 39.503 4.57859 31.0007 0 1.26969 7.54639 30.8033 0 1.15963 10.5566 32.9721 0 3.70735 6.9624 33.4257 0 3.55846 9.99777 29.9637 0 6.66105 6.50793 30.9243 0 6.60442 10.1845 34.5654 0 9.08403 7.63321 34.0799 0 9.93378 9.23256 31.3857 0 13.1461 7.1431 31.6407 0 12.6449 10.4352 33.7615 0 16.0234 7.14994 33.784 0 16.2681 10.5049 30.5378 0 17.4625 6.41821 30.0838 0 18.1351 10.0615 33.4293 0 21.321 6.46711 34.2689 0 20.5526 8.38496 31.2896 0 23.6779 7.03978 31.4836 0 23.9459 10.0104 33.5847 0 27.2812 8.49121 32.9061 0 26.6517 11.7537 30.7354 0 30.8104 8.28822 31.7764 0 32.9836 10.5108 33.6643 0 33.2718 6.68964 34.0605 0 35.0986 10.1438 30.2946 0 36.5472 7.39693 31.9775 0 36.8834 10.8523 33.4258 0 40.0735 7.31518 33.7123 0 39.2197 10.4483 30.4142 0 1.72497 13.0831 30.2811 0 1.149 15.9732 33.8937 0 4.30497 12.4122 33.3067 0 4.48066 14.7996 30.4347 0 8.48434 12.4102 32.6563 0 7.58118 16.0429 33.2207 0 9.5283 12.4571 36.1024 0 10.3403 15.2574 31.0943 0 12.8539 12.4115 30.5348 0 12.1326 14.4105 33.8925 0 15.6012 13.458 32.9717 0 15.3342 17.1798 31.7994 0 19.7647 13.4162 29.0864 0 19.2295 16.908 32.492 0 20.131 12.991 32.9935 0 23.4496 15.8408 29.7286 0 23.0033 12.0642 30.2997 0 22.4124 16.2131 33.4172 0 26.1406 13.6499 34.3905 0 27.7292 15.8848 30.1225 0 29.5675 13.232 32.302 0 30.3308 16.6934 33.8285 0 33.884 13.5369 32.0724 0 34.3719 16.2767 30.0533 0 37.079 13.2549 30.3142 0 36.8461 15.1515 33.0889 0 39.9066 13.2487 32.8711 0 38.4986 16.8583 30.2165 0 0.630365 18.4919 31.6087 0 0.293944 21.7163 33.0985 0 4.287 20.1566 34.6285 0 3.64125 21.2683 30.6573 0 6.74125 18.6475 30.8115 0 7.214 22.4147 33.0129 0 10.3309 18.9883 33.1535 0 9.62208 21.1568 29.9312 0 12.4709 18.5217 30.0357 0 13.495 20.8427 32.1134 0 15.9634 20.3335 34.7642 0 15.647 22.5401 28.2906 0 17.8108 20.6427 31.2289 0 20.3887 22.2212 33.5303 0 21.725 19.1834 32.2573 0 22.0716 21.4351 29.8421 0 25.0873 19.1472 29.9023 0 23.7646 22.6072 33.6706 0 27.4263 18.7908 32.7537 0 28.1299 22.535 30.0403 0 30.8698 18.6272 30.7886 0 31.0472 21.997 33.3697 0 33.4683 19.1221 33.8814 0 32.2606 21.9099 29.4959 0 35.224 19.7135 30.6213 0 34.6944 22.1357 33.9687 0 37.7899 19.4013 33.1251 0 38.2472 22.3966 30.5204 0 0.425799 23.8528 29.7582 0 0.822917 25.7561 33.5809 0 3.70355 23.6167 35.3884 0 3.82344 24.4018 31.8185 0 7.74358 24.4152 29.5501 0 6.77769 26.973 32.0708 0 10.4478 24.6351 32.8737 0 9.96302 27.5165 31.0218 
0 11.7197 24.5307 29.3723 0 13.655 26.0463 31.7525 0 16.0002 23.3487 31.7382 0 17.2824 27.8397 31.7936 0 20.2987 25.3197 31.261 0 19.8587 28.9159 34.3065 0 22.8509 26.7684 33.0203 0 22.0849 27.9515 29.5621 0 23.7065 24.7376 30.459 0 26.1752 27.0239 33.1229 0 27.3131 23.8974 34.4416 0 28.7056 28.6518 29.8258 0 30.407 25.0945 31.1726 0 29.6974 28.179 33.3563 0 33.9321 25.6513 34.3472 0 33.0115 26.8285 29.408 0 34.8221 23.4716 30.7811 0 35.2439 28.3957 32.3817 0 37.9103 24.1592 34.2953 0 38.8168 26.9317 31.0686 0 1.96491 27.9317 31.0686 0 1.34966 32.3752 32.7471 0 4.47784 29.8865 33.2557 0 4.54313 32.4498 31.122 0 7.41616 30.3316 30.6876 0 7.44995 34.2664 32.0115 0 10.4938 30.5485 32.6481 0 11.5431 32.8677 30.2192 0 13.1795 28.9621 29.9311 0 13.196 33.6092 33.0939 0 16.047 30.5984 34.6829 0 15.5618 30.9621 31.1751 0 19.6017 30.872 30.5548 0 19.6685 32.4139 34.2237 0 22.6818 30.1529 32.2578 0 22.1869 33.069 30.061 0 25.623 30.1286 28.4847 0 25.2735 32.4402 30.881 0 27.7457 32.3152 33.3806 0 28.1353 33.4023 29.192 0 32.0058 29.8606 31.5567 0 30.8837 33.7671 31.0289 0 33.134 32.649 34.3567 0 34.368 34.2431 28.2142 0 34.7668 31.6322 30.4678 0 36.3434 33.2611 33.5849 0 38.4366 30.6134 32.5125 0 39.0249 33.2946 30.5333 0 1.51456 35.3791 30.8753 0 2.06356 39.367 32.7405 0 4.52734 35.1836 33.7407 0 4.59732 38.0686 30.8062 0 8.78367 36.2385 29.4134 0 6.59951 38.1481 33.4595 0 10.4814 36.1639 33.1985 0 9.31321 39.5469 31.2957 0 13.817 36.5734 31.1056 0 12.791 39.5335 32.8781 0 15.8563 35.9199 33.6008 0 15.9639 39.5069 30.3013 0 18.754 35.9316 30.4886 0 18.2062 38.8015 32.7711 0 22.2274 35.5471 33.2391 0 21.9905 38.1911 30.9907 0 24.8188 35.9565 30.3398 0 24.7643 38.0473 33.3232 0 27.7781 35.5904 32.0846 0 27.4145 39.0451 30.7272 0 31.2925 37.4628 29.151 0 30.6168 39.3537 33.3056 0 32.9519 36.6528 32.6597 0 33.3535 0.12505 31.2552 0 35.9689 36.1786 31.0176 0 36.2369 38.8174 32.8546 0 38.8846 35.2315 33.2186 0 39.5545 39.4525 30.7071 0 2.03989 1.45941 35.7901 0 0.900139 2.92206 39.0714 0 3.8211 0.241388 40.7283 0 4.52835 4.39616 36.067 0 8.02592 0.683575 35.5546 0 6.45288 2.91566 39.2932 0 9.41961 0.815579 38.4287 0 11.4665 3.60619 36.4794 0 13.7623 0.970394 36.0975 0 15.0006 3.09048 39.3517 0 16.4052 40.3162 39.4555 0 15.7991 3.65634 36.1059 0 18.5289 0.10301 36.5057 0 18.3701 5.78469 39.3202 0 20.9476 40.5988 39.24 0 20.5244 3.82582 37.2976 0 24.1202 0.376455 36.0991 0 24.5807 3.98413 37.75 0 27.7754 2.26154 38.8052 0 28.6437 4.06468 35.9275 0 30.4455 0.315475 37.7252 0 30.9404 5.20937 38.5286 0 31.7666 0.324028 1.31964 0 33.5254 0.97979 39.5534 
0 36.9332 0.422833 36.2496 0 37.7361 2.62787 39.0302 0 39.5656 39.1732 38.2837 0 39.8923 3.86512 35.8941 0 1.22091 7.35884 36.2166 0 1.79981 9.96075 38.9432 0 3.15565 5.68278 39.3728 0 3.49634 9.74828 35.6365 0 5.31499 7.72924 37.6004 0 7.98224 9.45992 38.9342 0 10.3154 5.97985 38.8 0 10.845 8.81472 36.7932 0 13.1276 6.58576 35.6586 0 12.2448 9.44024 40.3598 0 15.5224 7.74092 39.783 0 15.2241 10.1181 36.801 0 18.6352 7.72372 36.2627 0 18.0468 12.3925 37.7014 0 22.2841 7.10182 37.3876 0 20.8714 10.9285 35.9386 0 25.2673 6.55078 35.0256 0 24.6052 10.0049 39.4839 0 26.8534 6.42552 38.7227 0 27.1257 10.2638 36.2104 0 30.1752 7.28773 35.202 0 31.1253 8.64718 38.4237 0 34.9711 7.77828 39.7569 0 34.9789 10.9266 36.7405 0 36.8999 7.47044 35.6749 0 38.0982 10.5824 39.2221 0 38.4791 6.30471 38.3732 0 39.6684 10.0289 35.8539 0 1.6125 13.2388 36.9106 0 1.13102 16.1613 39.0577 0 3.47104 12.6435 40.4884 0 4.54432 15.361 36.474 0 5.67205 11.8676 37.875 0 6.1475 15.1438 39.5788 0 9.49587 12.7288 39.7635 0 9.75693 16.1123 36.223 0 12.645 13.9818 38.3248 0 12.9865 17.5093 38.3286 0 15.6611 11.4713 40.3171 0 15.7849 14.6267 37.4043 0 19.7093 15.5387 35.9599 0 18.0123 15.7311 40.4033 0 22.6255 13.6908 39.5491 0 20.6083 18.9899 35.4468 0 22.628 13.9459 35.8892 0 24.1129 16.7165 38.3776 0 25.6793 13.4082 38.053 0 27.6213 16.2503 36.9131 0 30.7204 13.7194 35.5877 0 28.7254 14.5773 39.9498 0 33.0444 13.9064 38.2847 0 33.9717 15.4871 35.0096 0 38.4282 13.3002 36.3714 0 36.3822 16.1129 37.6627 0 40.3231 13.0916 39.8401 0 39.3822 16.3092 36.6583 0 1.1381 18.7833 36.2141 0 1.43994 21.4737 39.3474 0 5.0432 18.7799 39.1402 0 6.75721 21.786 38.3653 0 7.19445 18.3422 36.4596 0 9.85199 22.3927 39.9732 0 9.4098 19.2197 38.8392 0 10.6223 21.0499 35.7685 0 13.4869 17.8493 34.9665 0 14.0435 22.107 37.6686 0 14.8526 20.1674 0.118706 0 18.0715 23.2039 35.8827 0 17.1573 17.959 37.2736 0 17.9533 22.8014 39.2661 0 20.2769 18.8941 38.9575 0 22.1923 21.8209 36.4865 0 24.6232 19.0912 35.4653 0 26.3118 22.0869 37.1559 0 27.3153 17.7546 40.0671 0 29.0912 19.6754 35.6285 0 31.6811 16.9732 37.992 0 30.2959 21.3816 39.2591 0 33.9845 19.1816 40.2775 0 33.7037 21.1245 37.2225 0 36.1621 19.0638 36.0259 0 36.7173 21.7713 39.7101 0 38.6266 18.8885 38.8826 0 39.3506 22.5857 37.1792 0 1.296 25.4077 37.1937 0 1.05921 28.2484 39.1893 0 4.64442 24.6223 38.723 0 4.02214 26.9956 35.3583 0 7.4178 25.0776 36.071 0 6.97468 27.4442 39.8806 0 11.2532 25.1552 36.9517 0 9.35251 27.9898 36.1042 0 13.454 23.6628 34.0071 0 11.8119 28.4251 38.7303 0 14.3894 25.7126 38.0742 0 15.9971 27.105 35.0138 
0 20.7739 25.6904 35.6106 0 18.18 26.8697 39.4385 0 21.8453 25.2884 39.6845 0 22.9208 28.5545 36.2926 0 24.773 25.3106 36.6216 0 25.4901 27.056 39.4181 0 27.1872 23.7199 0.0625737 0 28.0117 26.3096 37.2346 0 30.7742 24.3779 36.4245 0 30.3483 26.3241 39.9747 0 33.398 23.5609 39.9856 0 33.7265 26.9583 37.8982 0 36.2259 24.4284 37.3794 0 36.6486 27.347 39.7707 0 39.4827 25.2911 40.1183 0 38.883 26.624 36.6238 0 1.33705 29.5336 35.7771 0 1.45941 31.5858 38.9944 0 5.10866 30.3652 40.3164 0 4.26347 32.427 36.2159 0 6.33887 29.5258 36.309 0 6.52186 33.1637 39.1373 0 9.66277 30.9396 38.4136 0 8.19393 32.0987 35.2419 0 12.3776 31.0939 35.7927 0 12.1465 33.698 38.7559 0 14.8514 30.0917 38.1306 0 16.1268 33.5759 37.2456 0 18.7113 30.5346 37.616 0 19.3235 33.4451 39.174 0 22.3676 31.6117 38.4662 0 21.5151 34.3584 36.6586 0 24.0568 32.5535 34.7994 0 25.0202 33.4033 39.6515 0 28.3295 29.1295 39.0696 0 27.4496 32.0008 37.1225 0 30.5047 29.4622 36.2764 0 30.7872 32.7963 37.7451 0 32.5054 29.7203 40.3592 0 35.1362 32.417 38.0831 0 37.6667 29.683 37.1482 0 37.9921 33.7489 38.4523 0 39.1509 30.7237 40.0344 0 39.2388 32.366 35.5166 0 1.64472 34.783 35.7674 0 2.26131 38.5345 36.8718 0 3.65849 35.1736 38.5308 0 5.59742 39.7533 37.0699 0 7.37646 35.6848 35.9733 0 6.49336 37.2981 39.2604 0 10.364 36.6628 38.9104 0 10.123 38.5826 35.4118 0 12.8876 36.2431 36.3503 0 12.9906 39.4324 38.741 0 15.3404 36.6029 39.4031 0 15.3437 38.7285 35.9834 0 19.2774 36.9834 35.8293 0 18.7462 36.9414 39.4283 0 21.6711 35.6769 40.5173 0 24.0833 37.9878 36.7721 0 25.9924 35.4969 35.3075 0 24.7574 37.4098 39.9799 0 28.3207 35.098 38.6299 0 27.7111 38.2152 37.1731 0 29.5477 35.5469 35.0957 0 31.0302 37.8506 39.5637 0 34.158 36.0075 38.5518 0 33.4153 38.5031 35.8916 0 36.7604 36.0382 36.1307 0 36.0379 39.223 39.8151 0 0.315663 35.5281 39.2089 0 39.3382 38.6516 34.5067 
-3.14652 0.0275552 -0.744649 -0.453446 1.17716 -2.47408 1.75462 1.02545 0.144586 0.0764392 0.0207103 -1.51143 0.0112904 -0.652558 -0.296034 0.610105 -1.26743 0.558745 0.833932 1.46592 -0.891427 1.16978 -1.29789 -1.32734 -3.28775 1.78685 2.04454 0.499221 0.495972 -2.47935 0.304179 -3.38142 2.85558 -0.758865 2.6461 0.253817 -1.03763 -1.9053 1.4114 2.03555 1.02885 0.962932 -2.76831 -2.73652 -0.706385 0.272203 -0.928703 3.24913 0.367689 0.620061 -3.75608 -0.754114 -2.03246 -3.97014 -4.44702 2.13406 -0.797417 -0.3003 -2.1304 -0.783052 2.86391 0.998191 0.445899 -1.45282 3.30639 1.89236 0.0274454 -0.3252 -0.0454325 1.69808 -0.185576 -2.84002 2.86672 0.955383 -1.14469 -0.0277672 0.286079 -2.69085 -0.190557 -0.166636 -4.50053 -3.50048 0.365679 -2.8556 0.822752 2.31808 3.02413 2.56717 -0.798477 -0.128701 -3.02405 1.99979 0.325023 2.34297 -2.79171 1.70549 0.61251 -0.70261 1.36 0.63335 0.853044 -2.60031 -0.376282 -1.21314 0.155479 -0.362442 -0.203684 2.54507 -0.58997 -2.69115 -2.80332 -0.722584 -0.322405 -0.354436 1.39346 -2.78897 -1.25713 -1.08889 -0.462128 3.37414 1.00277 1.52908 1.69786 -3.63506 0.779749 -1.47515 -1.26174 -0.0733556 4.5034 -2.94626 -2.11859 -0.479005 1.0418 4.0374 1.31543 1.13865 -1.16014 0.355548 -0.875487 0.619349 -1.74296 -0.204026 1.00094 -0.497935 -1.80454 1.60774 0.0965701 -0.240131 2.19761 -0.261024 -1.82278 2.55898 0.456824 -0.301456 -0.928343 2.41832 0.227926 0.229279 -0.293176 -1.01921 -0.0767871 -1.27485 1.39728 0.560258 2.24094 1.21626 2.48019 4.10406 3.7358 0.803354 -1.46317 0.33874 -0.652801 1.80059 -3.15341 0.115804 -1.29714 -0.233627 4.05766 -0.805336 1.17929 -0.270215 0.619123 -0.201627 -0.5587 -0.380523 2.28882 -1.12344 0.479863 1.67834 0.0507851 -1.68083 1.22095 -2.41673 -2.59985 -2.26966 -2.49963 0.294363 -0.986525 1.85535 0.670794 -1.33639 3.56598 -1.77102 -0.0606389 -0.0308928 -0.702518 -1.17293 -2.12049 0.111655 1.56892 1.52776 -1.12767 -0.102494 1.10856 1.0835 -1.24965 -0.283372 1.18085 0.231619 2.9227 0.703306 0.332541 -1.78575 -1.91153 -1.00122 0.940244 -0.988247 -2.11321 -0.982243 0.859965 -0.395332 -1.86641 0.60778 -3.03542 1.36063 1.54692 -0.364646 0.749311 2.94116 -3.72912 -0.392914 0.486313 2.53307 -1.27251 -3.87596 -1.62625 -1.21178 1.32042 -0.807089 -0.669093 -1.82311 1.00203 -1.59253 0.0707874 -0.00855576 -3.14296 1.92926 0.219277 -1.34231 1.13378 1.57625 1.96593 1.22468 1.22851 1.83203 -1.85967 2.07303 0.320339 -1.55164 0.585909 2.39273 -0.22951 -2.31739 0.0252204 0.961473 0.665841 -0.454142 0.517615 0.441215 0.410328 -0.00409715 -1.06626 1.13927 -2.37102 -1.82396 -0.925166 -4.79024 -2.14749 2.8247 0.669044 -3.45634 3.85818 -2.46361 3.3942 -0.206967 0.941427 -1.3311 -0.1174 1.41376 
-1.72586 1.26635 0.222985 1.38163 0.438919 1.65874 1.84291 0.560489 -0.432288 2.35242 -0.656397 3.1159 -1.2656 0.597281 1.92427 0.167117 -0.170147 -1.38101 -1.64156 0.58966 -4.10957 -0.100833 -1.04871 0.00503525 -1.93944 0.0418994 1.94069 3.34166 1.94544 0.242594 -0.34487 2.47349 -0.567623 1.47591 -0.0800507 -1.40996 0.272051 0.316609 -1.0599 -1.27977 -1.90251 -3.8564 0.478058 0.0276731 0.408718 -0.844609 0.865462 2.65345 2.03342 2.37983 3.44079 2.4705 0.348831 2.3294 2.4214 0.237408 -1.7247 1.99403 -4.14834 -1.60932 -2.77799 1.1665 -0.0156782 -0.71651 1.37134 0.579896 -0.752092 0.163125 0.187671 2.29543 -0.963641 0.134753 -2.2585 -0.252501 -0.401599 -1.25333 0.384806 1.18327 0.706843 -1.82262 -0.975652 -3.15081 -0.705545 3.79312 -2.16702 -0.286485 1.24009 2.11436 -0.277715 0.6005 3.51911 -1.34598 -0.00893091 -0.348613 -0.731683 1.68483 -1.1899 -3.16162 -0.960519 2.12657 2.65782 -3.74038 -2.2399 2.92501 -1.09967 -3.41723 1.78227 -1.21694 -1.58669 -0.708465 0.605982 2.49925 1.48794 1.53015 -1.24893 0.651692 0.526071 0.0511454 0.241131 -0.66029 0.704045 -0.376417 -2.77868 1.65718 1.39263 -0.0227647 1.22498 -0.811655 0.491037 -1.116 2.73377 2.61148 2.46141 3.0463 -4.13641 -2.32012 3.02474 -1.67023 1.65669 3.94198 3.13947 -1.44616 0.940811 0.47377 -1.07623 2.18748 -2.09838 1.6375 0.00164393 -2.56979 0.10103 -0.860637 -0.502595 -2.52898 -0.363166 0.794059 -1.50362 -0.410633 1.46828 0.28463 -2.08536 -0.730288 0.161684 -0.118087 1.5001 0.15077 1.25384 0.953756 2.97415 -1.59525 -0.330978 -0.976317 1.23182 0.364194 2.51093 1.49988 -0.707953 4.73137 -2.04223 0.882524 -1.75135 2.35518 -1.4428 -2.04478 1.38905 1.14694 0.741314 -1.72436 0.680646 -0.325876 1.39424 4.15293 -3.22664 1.08059 3.89826 0.81314 0.718082 0.049315 -4.79079 -2.80459 0.138404 2.59105 -2.25623 -0.24783 0.608787 -0.558756 1.57228 3.22184 1.30039 1.1288 -1.98374 2.71379 0.0534227 0.989412 0.664744 -3.18658 1.99998 -0.700913 0.379229 0.713805 0.15303 -0.184673 -0.830523 -1.19534 -0.883504 -2.02796 -2.49004 1.85966 -1.17909 0.735427 -1.46995 -3.39147 -3.5088 -0.0416351 -1.41225 -1.44718 -0.81334 -0.0999937 -0.0122842 -2.82217 0.834532 1.73009 1.46102 0.430003 2.62658 1.84527 -0.765476 -3.57898 0.203967 0.995536 -0.542582 0.501214 0.075234 1.2611 -2.1617 -1.85733 -0.472148 -0.211148 -1.97157 2.28324 1.08421 2.51074 -1.70165 0.276241 1.45372 0.854505 -0.510661 0.724187 -1.75731 4.03101 3.36975 -2.17246 0.891199 -1.60733 -0.422727 -2.01484 -0.586583 0.477462 0.16966 1.38054 0.411799 1.83854 1.48383 -1.22987 1.49846 -0.10167 -1.91288 1.44797 1.81333 0.677487 -0.777194 2.69113 0.647111 -0.76584 0.988828 -1.69563 2.63232 -0.198668 3.03834 1.24504 
4.28156 0.48345 2.43417 0.951693 -0.303699 2.02435 -2.3487 0.566083 -1.89457 2.54601 0.207126 1.83071 1.98801 2.61301 1.2697 3.61497 0.25071 -1.19707 2.70341 -0.918169 0.472395 -0.717825 0.155468 0.952488 -0.920461 -4.02725 -1.63553 -1.73453 1.44079 -2.04765 -0.963067 -0.00432639 0.390736 -3.03735 -1.88002 0.29957 0.201451 0.459765 -1.46412 -1.68982 -2.2146 -0.530184 -0.201776 2.58787 0.523467 -0.63099 2.70808 0.418747 -0.89911 0.776944 -0.604672 -0.693612 2.02972 -0.283667 -0.67906 -0.478997 2.13223 -1.27778 -1.32634 2.53157 0.259854 -0.973926 2.08901 -0.0702711 3.6108 1.00937 -1.66452 -1.02191 0.926577 -1.41847 -0.447802 -0.592733 3.74009 2.26344 1.23092 1.56764 -1.70803 -3.15616 -1.68558 -0.961123 -2.27331 0.975594 -1.22339 0.0434561 0.628026 -2.97778 -0.482799 -0.0463801 0.459036 -1.23226 -1.91292 1.04761 -0.920886 0.79069 -0.421585 1.31641 -2.24481 -1.59197 0.0846835 -2.50011 -1.27513 -0.400367 -0.631697 -0.983207 3.57361 1.37394 -2.23499 0.222954 -2.3759 1.49387 1.5049 -1.08174 -0.924193 1.42495 -1.99668 0.47119 -0.0990991 1.17259 -0.532554 -0.980653 -0.0077614 0.571999 1.34521 -1.70554 2.48417 1.66266 -1.98323 -0.535012 -1.13636 -4.00714 -1.97767 -2.00193 0.746453 -2.00083 0.680589 0.0497636 0.969435 -1.70005 0.396826 -1.24718 1.83381 0.0920819 -1.35535 0.176067 -2.09317 -0.423498 -0.659615 -0.117131 -0.509111 -3.50467 0.953434 0.766933 0.088658 -0.541971 2.43149 -0.498977 -0.641593 0.987919 -0.125655 2.94411 1.78925 -1.26395 0.579047 -1.63831 0.697362 2.20414 -2.05288 0.300984 -0.205907 1.57824 -2.24152 2.3726 -3.45706 1.65901 2.01634 -0.0614102 -0.670937 0.758986 2.81195 -1.94945 0.496004 1.35362 1.71341 1.26375 1.0609 -2.21162 -1.43202 -0.465615 -1.02616 0.826725 2.38504 2.77471 -2.44051 0.697645 -1.18864 -1.7336 -0.487541 -5.87443 -1.04313 1.53509 -0.121842 -2.48279 -2.69443 1.06967 -0.153694 -3.24587 -0.929643 1.92647 -1.61739 1.28629 -0.921394 -0.476926 -1.47565 0.182236 1.30177 0.592893 1.64008 1.51588 -0.0138911 3.96323 -0.382035 0.46918 1.75853 -0.723185 -2.53341 -2.37069 2.04242 2.09449 2.51884 0.0271348 0.0169764 0.887285 -2.72156 -2.19832 2.09487 2.7263 -0.352642 1.1116 1.01019 -3.10987 1.60036 -1.51606 2.37513 -1.79244 -1.75417 -1.9339 -3.24319 -0.651383 -1.45077 -0.573404 -1.6471 -1.83122 -0.0112316 2.05377 1.62891 1.25241 0.754117 1.36867 0.0312056 -4.33352 1.19121 -3.31085 -2.19054 1.18251 0.935319 -1.2566 -0.0580384 -0.205764 -2.02707 1.04908 1.44191 1.95579 -2.41451 -1.44845 -0.528764 1.69248 0.332912 0.630813 0.817231 0.0955895 2.29229 2.06074 1.34987 0.549908 -3.7468 -0.341112 0.133238 1.3893 -2.68831 0.413328 0.737138 -3.24829 -3.72507 0.401877 -1.64266 -2.4687 -2.47513 -2.37389 -2.77949 0.038148 
-3.06533 -3.53358 -1.98861 -2.70606 0.0289098 -1.34097 0.0603067 -1.73206 -0.598681 -0.43468 -2.60414 1.26484 -0.675279 0.81679 -2.26604 -1.98845 -0.258393 -1.0408 0.563603 1.84708 -0.590747 0.46214 -1.97376 1.67013 0.703689 0.540992 -0.00733842 0.580582 1.83405 -1.54103 0.555384 5.25063 -0.766558 0.795099 -1.9425 -1.91687 0.735625 -0.0683876 -2.17845 0.481427 0.705491 -0.124388 -1.461 -0.333784 1.18659 0.479162 2.21071 0.446138 -2.24832 1.79938 -4.03276 -0.351474 -0.438722 -2.29537 0.745446 0.277546 -1.99415 0.11441 -2.60076 -0.373281 0.0449878 -2.62059 -0.56774 1.03601 -2.17324 1.85152 -1.55873 2.38334 -0.692999 0.452208 0.0345746 -1.54867 -0.548253 -1.55717 1.07168 -1.6792 -1.5676 -1.45917 0.0398504 0.95675 -0.890413 0.988616 -2.99349 1.50063 0.8328 -2.62857 0.213588 1.14506 1.63074 -1.21143 -0.924515 0.980294 0.200911 1.31855 0.427883 2.85187 -0.290181 3.81307 2.36084 1.26157 -0.808084 -1.62648 -2.5666 1.01344 0.743293 1.06192 0.195255 -1.19948 0.300132 1.19707 -0.155298 -0.902214 -0.13969 2.18 -0.0950565 0.520299 1.92129 0.672849 -2.04089 -1.34204 1.85795 -3.00272 -0.444886 0.452587 1.79326 1.0633 -2.57033 -0.106456 -0.431568 -0.666775 -2.17689 0.283175 0.760404 -3.98993 -2.03305 -1.11283 -0.507718 2.71597 -1.57973 1.3664 0.342424 3.75101 -0.0354157 -2.01796 -0.403467 1.24143 -1.40582 1.47229 -0.298577 -1.26675 1.14003 0.859269 0.69553 1.31232 0.120844 -1.4169 1.5807 1.60315 -0.5701 1.81627 1.1257 -1.58886 0.857861 -0.0129565 -1.80094 -4.33922 2.76062 0.413745 1.49064 1.29533 0.347236 0.985545 -1.93384 2.78274 -2.52912 -2.13487 -0.122813 1.50472 0.785936 1.98328 0.914955 0.075176 -3.46982 2.54271 -4.6632 2.23566 -0.967272 -0.287779 -1.6895 0.599749 -0.86226 4.44976 -2.23405 4.45223 1.23773 -0.677048 4.57884 1.91046 -1.87451 -1.68784 -1.67179 2.88207 -0.627108 0.528101 -0.565918 1.96547 -0.134172 -2.27458 -0.999483 -2.69139 -0.805459 2.09503 1.93246 -0.228429 0.907937 0.928044 -0.491248 0.531561 -0.546915 -2.58314 -0.292769 -3.69747 -0.37398 -3.56141 0.645197 1.01306 1.27876 -0.947441 0.570249 1.74472 1.53342 -2.4663 -1.19318 -2.92247 0.75439 -3.26979 -0.870796 3.46565 1.45029 1.70941 -1.19234 -0.162555 -0.131299 0.246479 -0.557519 -0.61394 -2.25197 1.83612 0.953606 -1.67259 0.183944 0.859452 -0.279835 1.12672 0.494448 0.850074 1.80594 0.92253 -2.59753 -1.09783 0.429363 -0.0121382 -1.18562 -1.44309 -0.48983 -0.425054 -1.20057 1.66626 1.18262 1.09771 -0.970446 -1.68269 0.0769098 -1.49187 1.04823 3.46881 -1.90894 -0.587597 1.48178 0.0075684 -0.588978 0.858588 -0.521929 2.13114 3.08596 -2.54229 0.456013 -0.0917169 3.30099 0.276578 1.42138 -2.74668 0.692562 1.02987 0.832356 -1.1234 0.448583 0.461185 -0.71433 -0.930168 
3.10853 0.403019 -1.56439 -1.22982 -2.02895 -0.686863 -0.456758 -0.286295 -0.0453718 0.812841 -0.145364 -1.67974 0.723461 0.363109 0.469401 -1.92763 -1.47644 -1.14233 -1.64318 -0.0707756 1.49524 0.93521 0.555554 4.14023 1.54075 1.42785 0.756444 -0.492571 0.793031 -2.07084 -1.0346 1.06871 -0.790631 -1.46465 -0.933463 -1.41756 1.18233 -0.78752 0.645068 -0.927216 1.17612 2.30139 0.453731 2.9857 0.242236 -3.25856 -0.907603 -1.08494 0.748499 0.260496 0.699117 -3.16079 0.22632 1.11192 -2.2024 -0.420446 0.30697 -0.246177 0.392636 -0.0858113 1.4624 5.66914 -2.4758 -0.223234 -0.459056 -0.966886 2.64105 -2.38929 0.546121 1.06216 0.547481 -1.20023 1.63398 -0.332547 0.557643 -1.6299 1.21888 -3.6534 2.19494 -0.034383 0.378067 0.554583 0.417478 2.17127 0.329918 -0.582457 3.37416 -0.109594 1.61897 1.76918 -0.2709 -1.38681 0.860383 2.60172 -4.38658 -1.23258 0.0134664 -3.14721 2.88303 -1.30997 -1.16851 1.71177 0.490529 0.831077 -2.48194 0.356961 -1.28302 -2.48162 -0.418462 1.91716 -0.0268946 2.86857 1.88986 -1.88691 -2.60553 -0.616738 -1.26119 -2.52623 0.410315 3.59679 -1.04921 -2.02177 0.227556 1.54848 1.63403 2.28599 4.32559 -1.17499 2.75038 0.949267 -0.836651 1.11497 -1.05646 0.59876 1.4443 -1.35204 -3.51348 3.45227 2.09574 3.95563 1.47626 -0.920681 3.3578 1.97821 -0.0795501 1.47984 0.674124 -0.619404 -1.42316 -0.863133 -1.73759 -0.735484 1.69881 -1.02863 1.10782 1.11427 -1.87095 1.82262 0.886245 -0.313737 0.18255 0.641998 1.39109 -2.10268 -0.208828 -1.73738 0.145321 -0.0825364 -1.25892 -0.131467 1.43139 0.205372 -0.271347 1.0932 -1.12575 -0.763171 1.51332 -0.464855 -0.277907 0.540803 -0.347936 1.25127 -1.80456 -1.25739 -0.831815 0.568685 1.38121 0.430187 1.09148 0.391836 -0.966177 0.164249 1.45848 -1.17423 -0.973972 1.52597 -1.33354 -0.472411 0.560371 -0.0705146 -1.17468 -0.0393499 -0.750675 -0.293158 3.67831 -2.25332 -0.8125 -2.5681 -1.26462 -0.920852 -2.51683 0.687095 -0.492583 -2.10608 -1.19061 1.31362 1.80008 -0.721995 -0.58723 -0.514541 0.845373 2.09664 -0.550221 -2.53079 -2.59309 -2.84101 -3.5164 -0.529474 0.180658 1.01603 -1.11404 -3.06737 -2.66254 0.0440657 0.121538 -1.08575 0.668139 0.427435 1.54718 -1.52029 1.61132 -1.41581 -0.889946 -1.08707 -1.42921 -0.272428 0.733819 -3.48208 -1.01729 1.99358 -0.957697 -2.33049 -0.0723651 0.657244 -2.51066 -0.576527 -1.95596 1.0896 3.61761 2.88792 0.718416 -3.51088 2.37384 -1.64087 1.10375 0.123054 -0.951904 2.02915 -2.54023 0.432303 -0.75024 -0.506296 -0.955799 -0.268206 2.49528 1.59374 -0.0691746 2.12636 0.485465 3.47637 -0.403055 -2.77869 1.12256 1.36084 2.93823 1.17596 1.7171 -0.411325 2.33587 -1.9597 0.0207499 0.57813 0.860257 1.47317 -0.170395 2.16245 -1.64163 -2.66812 1.95936 -4.0005 
-0.722864 -2.0052 -1.00275 1.64502 1.6233 -0.346882 -0.249784 0.134495 -0.784474 -0.650058 1.01931 0.971212 -0.68489 0.240641 -1.75684 0.68101 -1.32592 -1.15411 -0.659389 0.600907 -0.537575 -0.157883 -1.25402 -4.99274 -0.794916 1.10598 -0.58057 -2.08502 -0.22341 2.51773 2.39208 2.76162 -0.271466 -1.76725 1.33628 2.78524 0.44863 -0.319764 1.93952 0.735951 -2.37345 -4.88842 0.192658 1.14987 -0.208956 -1.5289 3.90608 0.856581 0.821751 -1.46764 1.2861 0.508962 1.91807 -1.63122 1.4953 1.48882 -1.61431 0.897169 0.822379 2.32906 -1.92521 1.00646 -0.741002 1.36316 4.0014 0.184449 3.26998 1.83415 -2.38968 -2.64165 0.520597 -0.578567 4.54125 0.149991 -1.90513 0.391557 0.319573 1.5059 -2.20009 3.47175 -0.115044 -0.911374 -1.08061 -1.5183 -0.362377 0.723982 1.39935 2.15815 -0.131271 2.86959 -2.71157 -1.58516 -1.15988 -0.887124 -2.60231 1.10009 -0.333637 1.51664 -2.55784 -3.0696 0.56593 0.262201 -0.238126 0.125846 -1.05212 -0.901851 -2.07608 -0.22321 -2.38223 -0.598769 0.584951 0.698837 0.596565 1.11505 0.946776 -2.44845 0.96663 0.572512 -0.0116474 -0.23608 0.745064 -1.94179 2.61639 3.33288 -1.08451 -3.55288 -0.704018 1.66424 -0.785416 -0.405602 -0.718662 -2.07525 -0.159048 0.880078 -3.42966 0.931402 1.96892 1.02762 -1.60053 1.1708 1.8304 2.36627 -0.266898 4.10626 1.09525 1.77214 2.33953 0.641796 0.423349 2.63776 -1.95016 -0.174828 -0.947291 1.06901 2.42913 -0.26877 2.44137 -2.47859 -2.06725 -2.03312 1.34942 -1.57803 1.12814 0.418331 1.75715 -0.390775 0.769401 -1.14156 0.163507 -0.248065 -3.04566 0.572844 3.26451 3.53961 2.49317 -0.875227 1.49648 -0.181034 1.22672 0.174319 2.0954 -1.51601 1.12363 -1.83826 -0.913196 -1.53918 0.914978 -0.918401 1.46945 -2.16287 1.04933 0.588877 -0.979537 0.124822 -1.90458 0.0905054 -1.26284 -0.350248 -0.927146 1.40216 -1.13701 -1.99513 -1.18839 1.31514 0.463578 2.87729 -3.66923 2.675 3.26299 -0.737151 2.4352 3.31001 0.791086 -4.53349 -0.0492448 -2.11559 -0.592654 2.72904 0.485467 -1.05581 -0.775006 -3.3179 -1.3235 0.577866 -1.69327 -1.97019 0.481966 1.26828 3.30761 -2.49607 1.40884 0.630751 -1.20279 2.47154 -0.968953 -1.24101 -0.550563 0.0383601 1.26406 -0.190371 3.85045 -3.52887 -0.335592 0.808899 1.90768 -0.839739 1.04357 1.31579 0.832421 0.646911 1.42342 0.942205 -0.357364 0.933969 -0.879758 -3.15722 -1.90211 -1.25749 3.28359 1.17268 0.728534 0.631882 -0.0495511 1.38787 0.802236 1.64234 3.8443 -1.26234 0.475457 2.25138 -1.83945 -1.03432 0.928831 -0.733972 -1.15286 -2.10547 1.64145 2.22689 3.72813 2.44033 1.42944 1.13305 0.194442 -2.74169 -0.0506686 -2.04218 0.885931 0.0381697 -0.325338 0.739536 -1.17938 0.362615 4.37427 1.54343 0.960543 -0.188732 1.99688 -1.15327 0.986389 -1.50502 
-1.39283 0.565171 3.02019 -2.28196 -0.891921 -2.04078 -2.60597 0.59341 0.437196 2.99143 0.420365 2.26486 1.58503 -0.147235 0.474211 0.533505 3.9951 1.72004 0.643197 -0.794916 -2.2345 1.07584 -1.01348 1.4891 -3.0355 1.42123 0.0570486 -2.28236 3.13572 1.58772 -1.01818 1.46318 -3.93408 -3.53652 2.13655 1.18971 -0.777597 0.856642 0.261953 1.55446 -0.763957 1.9881 1.16567 -0.229428 3.96322 0.376828 3.99908 0.0367364 2.39884 -1.60352 -0.196872 0.918403 0.231852 1.90068 2.90768 -0.520721 1.50284 -1.12072 1.41846 0.568033 -0.210382 2.22694 -0.386021 0.907162 1.14532 -1.04987 0.876334 3.38366 2.26844 0.332713 1.70753 -1.46044 0.614477 1.16123 -0.928099 -2.14477 2.8927 1.22103 1.49704 -2.2589 -0.679533 1.2281 1.40169 -0.123277 0.657861 1.32587 -0.144751 0.00154071 -0.538084 1.36125 -1.18577 0.91231 2.22239 1.02954 -1.32157 1.80415 -0.0645255 -4.0303 1.63676 0.716283 0.885196 -0.263529 -1.82989 1.49727 -0.516854 -2.02113 -0.0786781 -1.71139 -1.24432 -1.4703 -0.653196 0.34587 -0.897453 3.96572 -1.95909 1.41842 0.613263 -1.68024 -1.50993 -2.82836 -1.63773 1.24211 1.04204 -0.492314 2.24421 0.625581 -2.04036 0.724747 1.09852 -1.86853 -0.236961 0.808346 0.145656 -0.302953 0.23413 -0.0124866 0.283138 -0.347237 0.099371 -1.30083 -2.59341 -0.312114 2.12049 -2.21816 2.07447 3.21902 1.29927 2.25848 0.0152259 -3.12226 0.144709 -3.76016 3.49491 1.81639 0.257234 -2.42129 -0.170887 -1.3961 3.02098 -1.1746 -0.131281 1.66858 1.41492 1.81357 -0.385611 -3.02105 0.166216 -1.05922 -2.44456 -0.425809 -0.377479 -1.05329 2.4293 1.50666 2.47468 -0.875241 0.380285 0.0169534 -1.51357 -3.87599 1.58724 3.58717 -0.858659 -2.97134 0.882162 0.635475 -1.19948 1.11361 -3.95817 -0.0110066 -2.56212 0.638914 0.822931 0.673011 -1.56121 -2.28016 -0.307849 0.618125 1.34132 -1.07762 -0.00151851 -2.51982 0.691858 0.714511 -0.354282 1.8378 -2.20261 2.86986 0.354374 -3.18538 0.840072 0.882794 -0.245044 0.621687 -1.83864 0.783784 0.0615621 2.03108 -1.4046 0.29162 2.93978 -0.710075 0.580062 1.29491 -2.41885 -0.952285 -1.53917 3.15727 -2.27225 -0.712527 1.57036 -0.163134 -2.85433 -0.00501597 1.0659 -4.22392 1.54692 0.0687108 -1.01469 -2.6342 1.91063 1.82314 3.29769 -1.62906 0.067845 1.49864 1.43052 -0.104149 0.482337 0.755508 0.949864 -1.05945 2.52851 1.46414 0.973593 2.64656 -2.92231 -0.364454 -3.5395 0.451679 0.468359 1.14801 0.192147 -1.88889 -1.02937 -2.27404 -1.71628 -0.975816 -1.49518 -2.02751 0.960534 3.00311 -0.173283 -4.94962 2.07477 -0.150611 -0.902847 -2.57939 1.74542 0.176739 -0.128257 0.064298 -2.09761 -2.59686 0.750652 1.15901 1.26374 3.01537 0.727244 -2.50962 -1.27124 -1.16941 -0.497999 -0.857206 -0.818911 0.402837 0.568803 -1.27757 -2.10576 -0.25087 
0.072565 1.8038 -2.5544 -1.3038 -0.929852 2.96087 -4.34764 -0.360616 1.51889 1.65018 -1.04052 -0.480214 2.02406 -1.58265 -0.0105261 -4.71799 0.101902 -0.315957 2.21629 0.317092 -3.19687 1.31155 1.13718 1.33842 1.35428 0.408946 0.40143 -1.43248 -0.605956 -0.217124 -2.50596 -1.76061 -0.303513 -1.2848 -1.27849 3.284 -0.475149 -1.92336 -0.950486 -1.64494 0.305664 -0.676788 -1.50876 0.846846 -3.32134 0.940819 1.00333 -0.872815 -2.88848 3.0604 1.77635 -0.00111856 2.14316 -1.41171 0.626906 -0.0813335 2.45851 1.51004 -3.04541 -0.0087063 -1.03619 4.06263 -1.83983 0.713926 -2.85713 -0.714827 -0.843943 1.62699 3.15618 0.0358851 -4.52176 -0.36999 -1.79597 1.3793 -2.85316 -2.86999 -1.4671 -1.17131 4.27346 2.44008 -2.41459 0.619431 1.16954 0.915234 -1.43297 0.679585 -1.62512 -1.30058 -1.23002 1.14384 -0.173096 2.27371 -1.77844 -0.910089 -1.75981 2.11196 -0.928377 -0.240063 -2.06762 0.784069 1.4003 0.012569 -0.835571 -0.183862 1.63296 -1.79346 1.02024 0.911131 0.735915 1.40471 1.56132 -1.94742 1.28999 1.02361 -0.786795 -2.12412 -1.49943 0.690915 0.287978 -0.631128 -1.74575 -2.1739 1.0372 -1.22358 0.668178 0.292919 0.712731 -1.63431 -1.11742 -3.08789 3.39862 0.793931 0.811815 -0.253475 2.33705 -3.29335 0.170689 -0.371499 1.02801 1.49275 3.15834 -2.74298 -0.429374 -0.761821 1.18052 1.03087 -3.51698 1.20901 0.855557 0.315049 1.79418 1.2633 1.85942 0.308139 -3.98041 0.156412 -0.250082 -4.02167 -4.32833 -5.34472 -0.424806 -1.20994 0.881369 1.74921 0.721955 1.38033 1.43672 -0.174721 -3.09868 -0.660459 -1.25107 -1.15449 1.80718 -2.38644 2.28775 -3.02443 0.00528097 -1.07708 0.797465 1.08525 -0.667751 0.692077 -2.05021 0.126099 -0.317055 0.434259 1.63652 0.0537703 -0.137525 -0.0622346 0.560005 1.2396 3.95308 -0.546667 -0.660956 2.3751 -0.943969 0.356963 2.86019 -2.90258 1.27844 2.81008 1.41016 0.904069 2.53741 -0.858346 0.833557 -0.854481 -0.0817033 -0.314645 -2.1709 3.12907 -0.225163 -0.0859656 -3.32886 1.23035 0.641744 -1.09971 -2.60777 -0.575316 -2.0982 1.1849 1.43049 -0.951007 2.06061 0.519053 -0.505778 1.24134 -0.843687 -0.042641 2.43948 -0.186637 1.95061 -1.7927 -0.341563 0.968828 -1.29935 -1.33348 -2.29126 -2.44874 -2.43317 0.213813 1.166 0.842406 1.35993 -1.48003 2.12512 -0.0424714 0.612637 0.0516005 1.61864 -3.62301 0.554097 -0.00106885 2.58973 1.33489 0.85966 0.701363 3.44405 1.03015 -1.59425 -0.594231 1.7933 -1.35758 -0.889892 -1.31277 1.08878 0.407978 1.28582 -2.48603 -2.58716 -1.10604 -2.74697 1.10117 -3.27844 -0.0349671 -1.34121 1.54285 -2.99389 -3.35013 0.204577 -2.0182 -3.77445 0.226928 0.651835 -0.749073 0.409402 1.47862 0.124079 -1.60263 -0.727193 -0.887607 1.23693 1.50124 -0.502662 -0.163917 3.63415 0.749591 -0.24356 0.858439 
0.0970911 -2.17928 1.3477 1.79387 -1.9057 0.366077 -1.72591 -0.118192 1.47216 1.42529 1.54632 -0.243324 -3.77853 2.59356 1.11449 3.42006 0.55175 -2.41179 0.0389201 -1.26969 0.470082 -2.26396 1.00045 -0.312724 1.59556 0.919171 2.42142 0.383442 0.503342 1.97939 -1.39461 0.392012 2.73895 0.989405 0.710571 1.06134 2.18861 -1.33711 2.6918 -0.352162 -0.810148 -4.68854 -0.75999 -1.97447 1.01857 0.217194 -1.61079 5.12649 2.61268 2.27305 -0.250126 0.880118 -0.64522 -1.11246 3.80922 1.90024 -1.12597 2.06159 0.791659 -0.0768233 -2.70581 -2.86523 1.10566 -2.52552 -1.42281 -0.286274 0.903285 -0.333889 0.356711 0.71146 2.14095 0.760025 2.30531 -0.298441 -0.602429 -1.97966 1.98922 0.414091 0.60938 1.69475 -1.45047 -1.66998 2.4838 -2.42285 1.80422 2.92935 4.08188 -1.70814 -2.18278 -0.213741 1.55387 1.67591 0.866684 -0.612918 -0.5585 -0.637222 1.3974 0.405646 -1.20791 1.87196 -2.15719 -0.0330631 1.87838 -0.0480632 0.320451 -1.50253 0.977422 1.19664 0.472214 -0.206913 -2.11309 0.51367 0.589962 1.64922 -0.0887311 0.891948 0.628857 0.13334 -1.18981 -1.66066 1.31118 -3.07349 -0.644656 2.05267 1.1838 0.679126 -1.80673 0.329789 -0.433897 -0.213726 -2.41124 -0.835254 0.143887 1.62323 -0.494351 1.29317 -2.19258 0.872713 0.475457 -1.34445 0.127001 1.38353 -0.955836 0.4656 0.856958 -1.30424 0.457045 -2.15851 -1.47736 0.702007 0.860672 -1.17982 1.10942 -0.314315 -3.06433 -1.91191 0.416163 2.11784 2.14737 0.611345 -0.638023 -0.868783 2.2577 0.999218 -0.693944 -1.07392 -2.26454 -0.906033 3.27261 -3.05039 3.26215 1.13066 -3.07236 -0.712217 1.49286 -1.27629 -3.70286 -2.51577 -2.48209 2.23179 -0.583771 -0.890125 -1.02915 0.207962 -1.54815 -0.978023 4.66908 -0.582 -0.0553761 1.84141 3.32293 -2.5538 -1.16977 0.477076 -0.385286 1.57111 1.8147 4.22645 0.254254 1.56928 -0.0700988 -0.537756 0.621341 1.70537 -1.14657 -1.49012 1.82578 4.78818 -3.74802 2.98957 0.0192121 2.02798 -0.543981 -1.5657 0.510028 0.303415 -2.63631 -2.11438 -1.45704 1.2967 -1.49581 -2.13976 1.25415 0.623981 0.72773 0.836944 -0.451053 -1.19115 -1.37893 -1.04775 2.34694 1.51299 2.53709 -0.985683 -0.62021 -1.30592 0.140765 1.78191 0.880006 -0.724582 -0.753092 1.51934 0.229298 -0.120398 -2.36178 -2.51477 -1.88329 -0.0952246 -0.74313 0.26629 -3.06481 -0.633445 1.57722 -0.0438147 1.89564 0.731506 0.910501 0.945828 0.354552 0.749039 0.759093 1.50293 1.18481 0.100397 -0.914496 -1.63099 -0.97974 -2.68396 0.0336798 1.05679 0.517163 1.53065 1.77548 -2.32236 0.372422 -1.28967 2.51478 0.377405 -1.32462 -2.70057 0.497529 -2.24159 0.54333 -0.53076 0.666317 0.367407 -0.258418 -0.892749 -1.94287 0.830475 1.9588 3.09394 -0.0799854 -2.32153 -2.88479 -1.71033 -0.913686 -0.181041 -0.451031 0.793525 
0.833112 1.34684 0.250633 -0.654802 -0.787848 -0.79891 -1.43052 -0.702828 -1.3107 -1.88852 -2.08952 -1.50814 1.45657 -1.00299 1.27097 -3.56794 2.29891 -1.43403 -1.46532 1.58406 -1.99707 1.24628 0.280687 0.464075 -2.21379 0.242203 0.169127 -1.52313 2.44067 -1.71898 2.90161 2.27534 1.99462 -1.61053 3.24827 3.85224 1.98388 1.19898 -2.29096 1.92179 4.80184 -1.1095 3.01188 1.48355 -0.987352 -1.29873 -2.62539 -0.215717 -3.75879 3.55206 3.16317 1.98895 2.30616 -0.524863 0.52963 1.33002 1.45424 1.70402 0.333753 1.159 1.11769 -1.4374 0.443623 -1.16723 1.95882 -0.640446 -1.82374 1.58517 0.277172 -0.383421 3.46579 -0.712794 0.967107 -1.61449 3.6081 1.28915 -1.76533 0.310761 0.736244 0.722014 3.46357 0.538362 -1.54726 -1.10578 -1.43329 -0.787662 0.230317 1.31676 -2.28088 -1.74924 -0.791417 0.23102 0.670505 -2.6046 0.212561 0.0952267 1.09525 1.69681 0.278025 0.28226 1.01861 1.0092 -2.97261 0.137708 2.60279 1.18818 -0.603077 2.35092 0.21807 -0.216751 1.23539 -0.333498 -0.95636 -2.65613 1.02069 0.891817 -3.69135 -0.0868382 -3.09362 1.07424 0.232951 2.59505 1.78155 -2.52491 2.00228 0.387182 0.472389 2.7836 -0.271112 -0.741046 3.51536 2.3329 2.72957 -0.191404 -0.94304 2.74515 -1.62057 0.555519 -2.94729 -0.346325 -0.943122 -0.203069 2.16119 0.0507613 -1.19872 1.50684 -3.79228 -2.5347 0.982739 -2.453 -1.69857 -0.344642 -2.11427 3.37564 -0.233137 -0.632658 -3.85 1.67718 0.736677 -1.2916 2.01945 0.721324 3.54022 1.24664 1.19628 0.132296 -1.42736 0.216387 2.57652 -1.55101 -0.758342 0.427574 -0.805994 2.30169 0.40611 -0.745015 2.53984 1.47103 -0.0394876 -0.618381 -0.775316 0.645301 0.428641 -0.696475 -0.308044 0.914389 -1.66775 0.830529 0.0850563 -0.585391 0.981396 0.101887 2.08446 0.16627 0.893504 0.13067 -1.27534 0.885842 1.66737 -1.75103 -1.88219 -0.0780572 1.01569 0.51515 0.87124 1.49056 -0.405964 0.920288 -0.30802 0.599506 0.573827 1.21069 0.29058 1.25653 -1.10254 2.41727 0.311761 3.25668 1.52411 1.35191 -0.431011 0.774854 2.13037 3.51958 -0.974713 -1.5195 0.93078 -0.618677 -1.03186 -0.695175 -0.841595 -2.14465 2.64549 0.723625 1.45139 -0.0568842 -0.969961 0.644304 -0.930248 -2.07049 -0.11389 1.09371 -0.925897 0.599454 0.790821 -0.651277 0.602671 -2.1883 0.827166 -2.79236 -0.975483 0.734127 1.31318 -2.21407 0.669684 0.114063 -2.26386 -1.3531 2.35355 0.562713 -1.28857 0.5851 -0.112582 1.8525 -0.898763 -3.1403 -3.7336 4.2734 -0.503731 -0.606094 0.376188 -0.416047 -1.38081 -0.320675 -1.13858 -0.946555 1.30873 4.17178 -1.43758 0.107768 -0.332242 0.205595 0.390212 -3.29169 2.30017 0.930041 0.43645 -3.12708 -0.867003 -2.64181 -2.28433 2.60412 -0.415731 0.192246 1.57507 -0.480738 0.510049 -0.176417 0.458313 -0.728847 
-4.94782 1.39078 2.07633 -2.02224 -0.857482 -1.27711 2.58078 0.254119 1.59229 0.84461 0.460097 0.781133 2.52507 -0.575462 1.16025 -0.132518 0.0771317 2.08521 0.355819 2.09865 -1.81395 0.317286 2.06096 -0.685966 -0.0365787 -4.12833 -3.18405 0.460118 0.221123 -2.2328 2.04639 -0.134906 -0.423132 2.23804 4.74757 -0.119574 -0.237912 -0.582371 -1.66806 -2.1522 -2.01502 0.629354 1.30294 3.93212 1.28489 0.69443 2.5677 0.82988 0.859019 -0.221557 2.71794 -0.936064 1.31846 1.80142 -0.0297723 0.467422 2.04363 -0.900139 0.952194 -0.201145 -3.70934 -2.12349 3.0651 -1.51501 1.46549 0.562611 1.64636 0.00753727 -2.20665 -0.847529 -2.203 0.300976 -1.10721 -0.983016 -2.80238 1.93416 0.596242 0.464046 -0.631374 2.71732 0.519036 0.806111 0.495177 1.40994 -0.401427 1.17981 1.98732 -0.120553 2.2922 -0.423351 1.15455 -2.13291 1.00223 -2.21155 -0.42815 0.947751 -0.646865 -1.97868 -1.1053 2.18968 -0.635467 -0.420018 0.851951 -0.36348 0.412066 0.553472 0.583129 0.901503 -3.26304 1.63235 -0.511473 3.24653 -1.39315 1.35373 -0.641214 2.19497 -0.705814 -0.405334 0.473108 0.894552 3.72975 -0.0656925 4.16715 -0.217337 -0.325544 1.58265 0.57666 0.973017 0.818153 1.64127 -1.62253 -2.57682 2.02789 -0.601557 -0.0654993 -0.346865 -0.66151 -1.73778 1.56643 -0.371935 -2.40843 1.22777 0.169272 -2.26889 0.313996 1.20073 -2.06312 -4.00672 1.37574 1.56936 -0.442707 -2.46524 0.390302 0.466115 -1.33608 3.73541 -1.5152 0.033257 -1.04453 -2.37872 0.995642 1.52645 -4.03306 1.83235 2.42224 0.751586 0.608976 -2.03829 2.01488 -0.734562 -0.00165867 -3.20388 0.0142038 -1.35834 -0.941405 -1.37669 0.0505845 2.72164 2.73423 -0.560111 0.55048 0.490445 -0.113784 -1.34594 -0.21934 -0.0339792 -2.09229 1.96837 -3.03041 -0.169931 3.82945 -0.00674584 2.31233 -4.87565 3.8283 0.392549 -0.62502 0.43547 2.61638 -3.83768 3.44706 2.41288 -4.04038 -4.23209 -1.3729 -0.774539 2.41911 1.24582 3.3968 1.13694 -0.191601 0.465024 0.288695 -0.362943 -1.59691 -3.08884 -0.0205491 -1.81653 0.690917 0.706121 -3.11434 0.755605 -1.56271 0.15426 0.398078 1.07692 3.88298 2.04058 -1.90679 0.452959 0.642638 0.582072 1.66321 0.633328 0.487011 -2.4913 -2.80143 -0.820592 -1.44752 -2.47228 3.47637 2.92126 0.782712 0.67367 -1.87312 0.519187 -2.74189 0.705462 1.54889 0.151851 1.98897 1.87267 -0.45021 0.768858 1.10484 3.56226 -2.53437 0.512942 -0.0267651 -0.984187 0.973293 -2.54968 0.67144 -3.69671 -1.77704 -0.915786 -3.9347 -0.961152 -0.392385 -0.0764779 -1.82188 1.14982 -0.380641 -1.20069 1.61392 -0.28001 0.0497085 1.09769 2.12623 1.88161 -1.00871 -2.57275 0.981932 -4.35003 -0.783239 1.46653 -0.0636336 3.61864 0.0454973 0.501718 0.772155 0.469867 -3.6734 -1.46538 -0.838553 -2.04467 1.46521 2.1633 -3.20059 0.820621 
-0.489489 1.82972 1.05251 -2.06163 -0.900913 -1.12648 2.01577 2.34076 0.83691 -0.629622 -1.96898 -0.488967 2.48887 2.685 2.54074 2.9331 0.27565 -1.45107 1.4949 0.247127 0.410798 0.757321 0.430294 1.51176 2.64941 0.265569 1.71443 -1.69864 0.135512 0.102316 0.902101 -2.99227 -1.78432 0.135782 3.13344 -2.50648 -0.0617279 0.0529944 -1.14179 -0.568397 -1.89961 -2.22961 0.118009 0.062426 1.16863 -1.09056 0.706467 -0.00584839 1.46698 -1.2285 1.23174 -2.80421 0.530975 1.63746 -6.06075 0.454125 1.45666 -0.264416 3.58066 1.26684 -1.09172 -3.99817 3.78343 0.710947 -2.25166 -1.05356 -1.45971 2.68751 1.32902 -1.95785 -1.89765 -2.64873 0.125596 1.7983 -0.231707 1.83346 1.48048 -0.862233 -3.02548 -0.0797268 0.501424 2.22558 0.132562 -2.69649 -1.50459 -1.91965 -0.529896 -0.686325 -0.939957 1.8498 -0.032176 0.267988 0.415348 2.28852 -2.1471 -3.39924 -1.26785 -0.843653 -1.0945 1.58311 1.56311 1.74826 0.342018 -4.17996 -2.36564 -1.01173 -0.420453 0.00947977 -0.884187 0.668164 -1.97394 -0.604228 -1.69357 -1.50612 -1.07733 -1.97497 -1.73719 1.67839 -1.07764 -0.991734 3.20277 -0.146185 0.583923 -1.13191 -3.10062 -0.728627 -1.50249 -0.770387 1.59383 1.50928 -1.17979 -0.94477 0.115982 0.375418 -0.0422841 -1.87945 -0.0232341 0.145403 0.226494 0.418031 1.31287 -0.280586 -1.57973 -2.14606 0.0811782 -2.88869 3.84021 0.498658 -2.26847 -2.57402 3.06364 -2.75477 -0.658705 0.537555 -0.0144553 -1.8173 -0.246123 0.615652 1.42552 1.33018 1.05705 -0.233212 -1.73042 0.855816 2.17829 -0.273691 0.124933 1.30106 -0.0620162 -1.26844 -0.153199 1.85069 -1.29535 -1.94099 1.34262 -3.02666 1.14606 0.0431435 0.549609 0.563805 1.72851 -1.2738 -2.35503 0.535905 0.346449 -1.69833 -0.189898 -2.65857 -1.29782 -0.909882 -2.26971 1.26567 2.42411 -0.406684 -2.06825 -0.172946 2.70385 -1.6609 -2.26584 -1.41474 -0.688165 -2.19738 2.33046 1.51195 3.20505 2.80005 -1.62173 -0.296953 -1.76815 0.0834986 0.960975 3.73205 -1.82809 -0.928414 -0.817961 -0.119724 -0.0565683 -0.616029 -0.406095 1.92962 3.11925 -0.163911 -4.2803 2.86891 0.659333 -0.947109 -0.60903 1.65314 -1.88011 -0.106363 -0.268167 2.45799 -0.173071 0.472519 -1.8251 -0.223522 3.53585 -0.344153 -0.825682 2.41994 2.45528 -0.119229 -1.3812 1.32611 -2.36045 2.50525 -1.17067 1.18963 0.551958 2.32344 -1.22924 -0.786745 2.70032 1.91095 -0.302438 -0.0728155 -2.4879 -1.43812 -2.64229 -0.994466 -1.60509 -0.71935 -1.44807 0.0918915 -2.82698 -0.509665 0.854099 -0.160323 -1.04495 -0.552572 2.66649 -3.73372 -4.14551 -2.15372 -1.64991 2.27989 2.24739 1.16509 0.00485395 2.49033 1.23027 -0.883264 -1.17404 1.03643 -0.149234 -1.79623 1.4544 0.689969 0.253477 0.380452 0.531845 2.39302 0.895524 -1.10501 -0.562407 -1.40433 0.196449 -1.25698 0.925934 -2.02494 
-0.758629 -3.07947 -1.37442 -1.78873 -0.674468 0.637555 0.170576 -2.87852 0.553246 -1.25452 0.114847 -1.55433 1.17861 -0.0337279 -0.014776 0.00786094 -1.7211 -2.69241 0.082561 -1.94039 -1.34672 -1.86025 1.02091 -1.8704 -2.17648 1.0355 1.91379 1.76337 1.61991 2.51703 -0.387286 0.0821993 0.0551107 0.110119 0.021168 1.36292 0.73536 3.47449 -4.21417 -3.2422 0.098127 0.636919 -0.892555 0.633541 -0.140554 3.4839 0.794413 1.17432 -0.563727 0.489418 -1.18002 -1.0942 0.341979 -1.03651 2.2112 -0.168309 -2.84478 -0.253692 1.16044 0.332783 1.89418 0.174721 2.75814 -1.35814 -2.09596 -0.933678 -3.43196 -2.70127 -1.92124 -0.0852133 2.39741 0.167483 2.03326 0.859301 -0.0634178 -1.29594 0.350251 -2.77231 0.10971 -4.22556 1.29408 0.239064 0.798613 0.45989 -2.39724 0.297345 3.1448 -0.366223 -0.957434 2.12807 -0.817396 0.921649 0.338208 -0.981931 -1.09849 -1.21896 2.548 0.094021 0.139332 -0.297389 2.08909 0.478678 -0.0594674 -4.22521 2.56333 -1.33769 1.28754 -0.393815 1.21219 -3.16369 -2.55054 0.43137 -2.61618 1.13093 -1.52413 -3.55858 1.43923 0.786888 -1.60145 -0.202812 1.79196 2.34789 0.652404 0.798685 2.5586 1.26423 -1.84394 0.328277 0.912792 -3.16803 -2.24745 0.977801 0.0857457 1.52676 -4.92248 -1.62916 -0.0101489 -0.42479 2.8141 -1.03678 0.0763911 -5.08964 2.38296 0.0618058 0.627863 1.90639 -1.58127 -0.512311 -2.54935 -1.96769 -0.214733 0.26337 1.03647 -2.06794 -0.626245 0.312728 -1.97706 -0.981683 0.0532926 0.15629 -2.22668 -1.44402 2.18981 0.228161 1.34917 -0.539205 0.0435108 -2.29547 2.64766 0.520977 1.56238 -1.02662 0.340685 -1.84967 1.33111 -1.99714 -1.27959 0.238316 0.0672034 -0.478416 0.558136 3.34146 0.671576 -1.32859 -0.137754 -1.46023 -1.15283 0.0495407 2.15915 -2.86084 -0.456669 0.433176 -1.25639 0.254657 0.415969 2.91525 0.0455522 1.54581 0.16144 -3.60575 -1.10344 2.24328 0.442908 -1.30468 -0.675675 -1.50284 2.18077 2.99366 -0.890705 -1.37773 -0.0220815 1.48147 1.76314 1.26019 -1.52576 1.94538 -2.50032 2.78984 1.66086 -1.30853 -2.08695 1.38502 2.09377 2.46377 1.53561 -1.10459 -0.454315 -0.464992 1.81644 0.145501 -1.52289 2.51583 -0.955832 -1.21735 1.88697 -4.74565 3.57933 3.80083 1.91552 -2.69312 -1.82582 1.4918 1.25923 1.38313 -1.12624 -1.11008 0.171838 -5.79523 1.5609 -1.2863 -0.582042 0.977376 2.57056 1.27065 -0.640099 -1.41205 1.55924 -0.4664 -1.89494 -0.0725279 0.000421796 -0.660343 0.203457 0.29821 3.84903 -2.16147 -0.506834 -1.73624 0.351666 1.69395 -0.974644 2.50084 1.40115 -0.290521 -2.80138 3.51567 -3.10841 -0.557979 1.22679 -0.602117 -0.813855 -0.45245 0.769579 -0.720388 -1.12745 1.95505 -1.66893 -0.317386 0.749669 0.0526974 -3.79581 0.24115 -1.04963 1.6499 -0.313653 0.461717 -3.65576 -1.4985 1.08131 0.584832 
2.3929 -0.20594 -1.71634 1.4657 -2.20599 -0.677834 -2.74721 1.38769 1.3657 1.36609 2.89305 1.02338 -0.30394 -0.429067 0.233593 0.0708375 -1.52739 0.139455 -2.15233 0.0301662 1.42191 -2.21147 1.47784 -0.887199 0.0867883 0.6406 1.51617 3.41352 0.195694 0.355314 -1.97893 0.150744 0.678427 -0.282698 -1.71292 0.883004 -2.04954 0.326931 4.29198 4.9368 1.14625 -1.56725 3.44714 1.39611 -0.399179 -1.60754 -1.93381 -2.26639 2.22598 -0.232524 0.764448 3.09162 0.381302 -4.71984 0.399904 0.135958 -1.67829 0.295084 -1.63883 -1.15213 -1.32127 0.512905 1.78229 5.16169 -0.499226 0.180646 0.869522 1.75482 -3.15217 -0.188298 -2.15401 -0.984246 -2.14429 -1.82465 1.77907 -0.703318 -3.90675 -0.840236 -3.59756 1.8765 0.599948 -2.3024 0.747873 3.55774 -0.235811 0.1176 2.10592 1.09862 -1.36487 -0.758846 0.580855 1.29686 -0.309757 0.0923392 1.13037 -0.260556 -2.66084 0.27286 0.949338 1.12105 1.4245 0.944022 2.82247 -2.32381 -0.33516 -1.18092 -1.67258 -0.552267 0.910382 -2.37062 -1.81376 4.69584 4.37612 3.03728 0.709917 -0.903981 -0.82752 -0.280304 -1.44513 1.05166 -0.602299 -0.0909133 -0.757937 -0.411823 -1.7785 1.37161 0.323023 -3.18517 0.555495 -0.25015 -2.45113 -0.838254 1.88262 2.0328 -0.133868 -0.570002 -1.16846 -1.81464 -1.35458 -1.69088 -1.3252 0.444916 -2.2571 1.24783 0.634621 -0.300447 1.4691 1.42339 0.0703355 2.58119 -0.184633 3.02082 -0.568886 0.491954 -3.00823 -1.60156 1.73321 0.756864 -0.273097 -1.11927 -0.147206 -0.769982 0.563582 0.563085 0.391099 -0.178314 0.0211776 0.14129 1.68139 -0.112148 -1.92828 0.867864 -0.225926 -0.429607 3.25555 -2.2554 -0.7714 -1.16181 -1.22645 2.07746 3.29726 3.75282 0.640967 0.928781 -1.78178 1.17592 0.201951 -0.408795 -3.27313 3.8277 -0.18392 0.862545 -1.98153 4.84831 -0.480537 2.91041 -0.601227 -0.987328 1.35908 -1.14714 -2.644 0.0417256 0.0291718 0.308685 -1.8672 0.555647 -0.0515401 2.21383 -0.906827 -1.88277 2.14398 2.14062 -0.733024 -0.734606 1.36828 -1.65768 