1372 101.001
40.8045 40.8045 40.8045 
20.23 20.23 20.23 
1 1 1 1 1 1 1 1 1 1 1 1 1 1 1 1 1 1 1 1 1 1 1 1 1 1 1 1 1 1 1 1 1 1 1 1 1 1 1 1 1 1 1 1 1 1 1 1 1 1 1 1 1 1 1 1 1 1 1 1 1 1 1 1 1 1 1 1 1 1 1 1 1 1 1 1 1 1 1 1 1 1 1 1 1 1 1 1 1 1 1 1 1 1 1 1 1 1 1 1 
1 1 1 1 1 1 1 1 1 1 1 1 1 1 1 1 1 1 1 1 1 1 1 1 1 1 1 1 1 1 1 1 1 1 1 1 1 1 1 1 1 1 1 1 1 1 1 1 1 1 1 1 1 1 1 1 1 1 1 1 1 1 1 1 1 1 1 1 1 1 1 1 1 1 1 1 1 1 1 1 1 1 1 1 1 1 1 1 1 1 1 1 1 1 1 1 1 1 1 1 
1 1 1 1 1 1 1 1 1 1 1 1 1 1 1 1 1 1 1 1 1 1 1 1 1 1 1 1 1 1 1 1 1 1 1 1 1 1 1 1 1 1 1 1 1 1 1 1 1 1 1 1 1 1 1 1 1 1 1 1 1 1 1 1 1 1 1 1 1 1 1 1 1 1 1 1 1 1 1 1 1 1 1 1 1 1 1 1 1 1 1 1 1 1 1 1 1 1 1 1 
1 1 1 1 1 1 1 1 1 1 1 1 1 1 1 1 1 1 1 1 1 1 1 1 1 1 1 1 1 1 1 1 1 1 1 1 1 1 1 1 1 1 1 1 1 1 1 1 1 1 1 1 1 1 1 1 1 1 1 1 1 1 1 1 1 1 1 1 1 1 1 1 1 1 1 1 1 1 1 1 1 1 1 1 1 1 1 1 1 1 1 1 1 1 1 1 1 1 1 1 
1 1 1 1 1 1 1 1 1 1 1 1 1 1 1 1 1 1 1 1 1 1 1 1 1 1 1 1 1 1 1 1 1 1 1 1 1 1 1 1 1 1 1 1 1 1 1 1 1 1 1 1 1 1 1 1 1 1 1 1 1 1 1 1 1 1 1 1 1 1 1 1 1 1 1 1 1 1 1 1 1 1 1 1 1 1 1 1 1 1 1 1 1 1 1 1 1 1 1 1 
1 1 1 1 1 1 1 1 1 1 1 1 1 1 1 1 1 1 1 1 1 1 1 1 1 1 1 1 1 1 1 1 1 1 1 1 1 1 1 1 1 1 1 1 1 1 1 1 1 1 1 1 1 1 1 1 1 1 1 1 1 1 1 1 1 1 1 1 1 1 1 1 1 1 1 1 1 1 1 1 1 1 1 1 1 1 1 1 1 1 1 1 1 1 1 1 1 1 1 1 
1 1 1 1 1 1 1 1 1 1 1 1 1 1 1 1 1 1 1 1 1 1 1 1 1 1 1 1 1 1 1 1 1 1 1 1 1 1 1 1 1 1 1 1 1 1 1 1 1 1 1 1 1 1 1 1 1 1 1 1 1 1 1 1 1 1 1 1 1 1 1 1 1 1 1 1 1 1 1 1 1 1 1 1 1 1 1 1 1 1 1 1 1 1 1 1 1 1 1 1 
1 1 1 1 1 1 1 1 1 1 1 1 1 1 1 1 1 1 1 1 1 1 1 1 1 1 1 1 1 1 1 1 1 1 1 1 1 1 1 1 1 1 1 1 1 1 1 1 1 1 1 1 1 1 1 1 1 1 1 1 1 1 1 1 1 1 1 1 1 1 1 1 1 1 1 1 1 1 1 1 1 1 1 1 1 1 1 1 1 1 1 1 1 1 1 1 1 1 1 1 
1 1 1 1 1 1 1 1 1 1 1 1 1 1 1 1 1 1 1 1 1 1 1 1 1 1 1 1 1 1 1 1 1 1 1 1 1 1 1 1 1 1 1 1 1 1 1 1 1 1 1 1 1 1 1 1 1 1 1 1 1 1 1 1 1 1 1 1 1 1 1 1 1 1 1 1 1 1 1 1 1 1 1 1 1 1 1 1 1 1 1 1 1 1 1 1 1 1 1 1 
1 1 1 1 1 1 1 1 1 1 1 1 1 1 1 1 1 1 1 1 1 1 1 1 1 1 1 1 1 1 1 1 1 1 1 1 1 1 1 1 1 1 1 1 1 1 1 1 1 1 1 1 1 1 1 1 1 1 1 1 1 1 1 1 1 1 1 1 1 1 1 1 1 1 1 1 1 1 1 1 1 1 1 1 1 1 1 1 1 1 1 1 1 1 1 1 1 1 1 1 
1 1 1 1 1 1 1 1 1 1 1 1 1 1 1 1 1 1 1 1 1 1 1 1 1 1 1 1 1 1 1 1 1 1 1 1 1 1 1 1 1 1 1 1 1 1 1 1 1 1 1 1 1 1 1 1 1 1 1 1 1 1 1 1 1 1 1 1 1 1 1 1 1 1 1 1 1 1 1 1 1 1 1 1 1 1 1 1 1 1 1 1 1 1 1 1 1 1 1 1 
1 1 1 1 1 1 1 1 1 1 1 1 1 1 1 1 1 1 1 1 1 1 1 1 1 1 1 1 1 1 1 1 1 1 1 1 1 1 1 1 1 1 1 1 1 1 1 1 1 1 1 1 1 1 1 1 1 1 1 1 1 1 1 1 1 1 1 1 1 1 1 1 1 1 1 1 1 1 1 1 1 1 1 1 1 1 1 1 1 1 1 1 1 1 1 1 1 1 1 1 
1 1 1 1 1 1 1 1 1 1 1 1 1 1 1 1 1 1 1 1 1 1 1 1 1 1 1 1 1 1 1 1 1 1 1 1 1 1 1 1 1 1 1 1 1 1 1 1 1 1 1 1 1 1 1 1 1 1 1 1 1 1 1 1 1 1 1 1 1 1 1 1 1 1 1 1 1 1 1 1 1 1 1 1 1 1 1 1 1 1 1 1 1 1 1 1 1 1 1 1 
1 1 1 1 1 1 1 1 1 1 1 1 1 1 1 1 1 1 1 1 1 1 1 1 1 1 1 1 1 1 1 1 1 1 1 1 1 1 1 1 1 1 1 1 1 1 1 1 1 1 1 1 1 1 1 1 1 1 1 1 1 1 1 1 1 1 1 1 1 1 1 1 
0 31.7544 20.2668 33.3176 0 22.983 21.5443 31.2929 0 7.38514 13.554 37.5293 0 35.1554 6.16404 36.4865 0 8.64512 35.3144 0.673736 0 7.51392 28.7572 1.75221 0 7.97044 12.1491 2.49968 0 23.0089 6.95175 8.43709 0 8.80736 6.94818 33.4396 0 4.55723 13.0648 16.6072 0 36.0236 2.41891 36.6707 0 7.10079 7.67889 5.26238 0 16.6086 8.2992 13.3412 0 32.7003 37.9946 11.4716 0 23.115 3.08678 6.98113 0 23.4312 37.9951 5.56864 0 21.4315 4.82052 37.048 0 24.704 0.445054 4.85165 0 28.9378 14.7929 11.8262 0 18.1071 1.09596 4.13524 0 27.3406 7.32771 6.31495 0 34.5279 8.0024 31.5355 0 30.2462 10.4521 6.30234 0 25.8967 8.75724 0.932738 0 36.2557 1.89702 8.9119 0 0.244188 11.0809 37.7524 0 38.4298 13.0384 2.10988 0 36.8484 13.9246 5.09216 0 38.997 9.65321 40.744 0 35.7628 8.39712 0.142665 0 39.2068 16.1176 7.91849 0 0.343106 40.2317 0.213774 0 39.1922 19.0005 36.6588 0 1.2525 2.79374 20.5377 0 7.54208 4.26915 2.5076 0 38.9069 31.2627 8.44554 0 24.4529 23.0071 38.64 0 7.67965 37.0953 6.34988 0 18.843 9.37464 1.54465 0 12.291 5.18292 26.1627 0 15.3596 6.40337 29.9569 0 27.5877 11.5285 18.8742 0 10.9937 0.513383 33.3621 0 17.2419 4.09297 37.5865 0 14.9417 17.8149 6.89477 0 19.8506 9.93658 12.4523 0 21.6081 30.761 35.5533 0 30.6406 14.3914 1.8166 0 16.9446 11.4479 40.6679 0 34.4237 19.7882 2.36735 0 20.1284 32.4418 15.7054 0 2.96507 19.2836 5.06839 0 40.7504 18.37 27.9832 0 21.0935 18.0458 1.39738 0 2.51709 8.76927 12.155 0 34.7132 20.9116 37.9598 0 36.0296 20.1861 23.7236 0 19.3142 4.79784 40.5102 0 36.4227 23.0967 2.47824 0 33.2304 4.84701 32.7404 0 12.9598 6.48811 3.45389 0 35.8686 34.1836 26.1595 0 8.14282 16.0304 33.6176 0 4.8627 20.5552 31.2221 0 40.5907 22.9763 1.2467 0 29.5712 6.19996 13.731 0 17.6757 4.90951 3.1442 0 1.72005 12.9301 0.0664537 0 36.8215 9.31312 10.2522 0 13.0997 23.2359 32.9387 0 15.2683 8.31361 26.8273 0 13.7975 11.2143 8.78349 0 33.495 10.0058 16.7627 0 15.0003 8.86778 1.79888 0 12.2804 14.5562 0.928126 0 17.7928 4.14246 15.7358 0 38.3507 13.6895 24.8952 0 37.8879 26.252 3.40307 0 6.21391 26.6773 39.7032 0 26.7104 30.871 7.83216 0 36.5895 24.764 9.47597 0 17.0058 27.1628 10.6963 0 6.97578 20.1743 18.4423 0 20.3145 15.4383 30.4585 0 37.9869 5.28943 10.2229 0 38.6822 32.0357 0.0599087 0 2.1704 14.754 31.9442 0 12.4856 23.1705 22.3684 0 4.7233 18.7844 15.8161 0 2.61062 32.6449 2.6524 0 17.517 11.4477 10.458 0 8.44395 20.5534 37.8648 0 5.15958 21.3578 26.0261 0 18.3613 21.3229 7.18377 0 21.162 22.5899 10.9127 0 9.98643 25.4911 0.868835 0 22.2814 14.3573 0.973623 0 20.6184 32.5606 2.22769 0 35.1684 4.62614 12.3633 0 9.52244 23.8645 13.9216 
0 24.724 10.6242 5.88078 0 34.2024 14.8259 35.373 0 17.8122 19.7907 35.5361 0 40.7715 13.3289 9.44989 0 28.0667 22.2359 3.02701 0 26.9697 20.4674 39.7869 0 23.8831 17.1805 40.3687 0 16.8951 7.39421 39.2282 0 23.6866 16.7682 12.6656 0 39.757 12.3974 6.29965 0 27.1858 25.9553 2.04213 0 26.5422 7.73311 11.6305 0 35.6721 17.7911 37.0806 0 4.64001 27.7519 3.38541 0 25.0034 31.2276 27.3266 0 16.3297 34.9095 15.3597 0 30.6932 21.7868 36.4805 0 11.8551 10.5123 2.01363 0 30.5374 21.1823 40.0398 0 12.0623 24.4491 26.5794 0 4.93958 14.0711 27.174 0 37.6973 26.0447 34.1962 0 19.1989 37.792 6.83354 0 25.7247 38.6604 34.9754 0 15.6157 23.817 20.3035 0 9.41354 31.7271 0.508609 0 12.3857 18.8017 4.2661 0 22.0652 27.1923 22.3395 0 19.8063 38.3969 19.3311 0 1.05897 3.55047 9.29678 0 27.256 14.5359 38.6957 0 9.5429 22.2546 3.29136 0 30.1876 37.3951 8.28265 0 28.0113 8.51928 23.5104 0 6.78752 9.64573 33.2871 0 23.7493 27.1198 2.72794 0 30.6894 28.316 27.5845 0 37.3253 34.9763 6.54116 0 37.4608 29.1208 16.9122 0 13.6989 21.4839 11.8573 0 11.2956 33.6975 25.6952 0 1.22784 29.6185 8.24136 0 7.53022 30.1819 8.65723 0 17.3384 32.1522 34.1549 0 36.5219 24.9691 31.0217 0 14.8365 29.2208 6.53919 0 5.97277 21.6821 4.77056 0 39.1795 29.2829 35.1416 0 13.9748 33.367 6.31639 0 11.483 2.1828 4.51443 0 10.1573 14.799 3.71378 0 26.8699 34.4059 37.95 0 7.26764 35.3545 34.779 0 15.3726 22.1213 35.4075 0 4.92295 17.2444 11.5264 0 29.8901 36.7409 4.7638 0 26.8085 29.1564 4.45498 0 24.4837 4.4151 3.46825 0 18.0966 35.0398 40.6408 0 6.52531 3.7 11.8703 0 37.7928 40.327 1.56454 0 36.8587 26.8172 27.8999 0 0.248045 15.1604 38.0774 0 31.703 37.3063 29.3083 0 35.6288 35.9261 32.3155 0 37.038 32.312 36.8841 0 38.2825 37.2886 3.6106 0 18.2924 31.9966 6.90256 0 24.0521 31.7561 4.02681 0 27.6704 37.1639 17.7785 0 35.5238 40.6336 5.96533 0 40.5345 34.7408 1.79572 0 18.576 40.4547 30.9917 0 3.13244 38.2695 13.6734 0 40.6439 19.6697 11.7523 0 13.5378 10.9441 37.9735 0 5.11241 2.13979 8.8957 0 4.68796 34.3263 14.3349 0 19.4963 38.335 2.10144 0 25.4607 40.2498 32.1688 0 27.4193 11.4338 3.55288 0 10.1172 32.6604 9.23118 0 20.6857 4.04276 9.19568 0 14.1028 9.95591 5.13448 0 32.7617 7.44671 2.97871 0 31.9002 3.2442 10.4454 0 30.0056 5.10449 8.57593 0 7.57086 33.6472 12.2808 0 2.14482 29.3525 35.3957 0 5.32034 35.8758 10.8291 0 38.724 32.6315 4.44771 0 34.7276 1.821 20.228 0 29.8927 18.6842 1.59036 0 0.914729 26.2719 1.26287 0 35.4981 37.2931 29.2182 0 4.51365 35.6945 0.24302 0 37.218 2.49764 4.3677 0 32.6456 4.6516 22.5505 0 27.1991 21.6923 17.189 0 2.08342 13.5315 14.2696 
0 8.1464 36.9387 31.0505 0 40.3163 16.5365 5.00595 0 24.1642 39.7349 13.6914 0 14.139 35.466 30.2034 0 1.2009 13.9547 3.28185 0 13.516 40.4919 10.3719 0 26.6127 3.81047 6.72457 0 18.4378 15.5724 4.65083 0 25.6399 4.9503 13.8026 0 16.6231 0.712954 10.5013 0 31.9379 6.59412 35.7022 0 0.417828 32.2067 36.6664 0 38.132 9.02504 3.70042 0 20.3269 2.92217 13.8857 0 37.9113 12.9353 39.3933 0 22.2492 39.7002 22.0491 0 34.5564 5.50418 8.8192 0 18.2468 9.94915 17.7592 0 31.603 34.3168 9.48428 0 34.8247 12.0588 0.0936382 0 26.8661 17.2782 10.6404 0 19.8805 29.7584 32.1272 0 38.4858 38.7005 12.8207 0 0.506027 37.6599 11.3597 0 27.0404 2.01283 25.9268 0 6.54168 10.9523 22.2324 0 6.29807 5.47396 22.2736 0 16.3604 20.4552 4.42969 0 14.946 0.945997 7.14949 0 4.04768 5.95661 2.82779 0 0.256069 21.8458 36.4198 0 14.1962 2.07342 20.4135 0 12.2853 4.14807 38.5985 0 21.2702 4.56961 30.0326 0 25.8471 0.966927 8.44339 0 8.51966 23.9098 39.2241 0 28.9574 5.43999 21.0686 0 36.4591 3.99464 23.1851 0 30.3376 3.79787 30.6291 0 11.5917 21.5449 0.502441 0 39.0795 6.3534 17.2017 0 31.5033 20.3388 4.51405 0 39.6026 11.9043 12.2692 0 26.6043 14.7682 15.3856 0 39.8857 29.625 2.37104 0 29.9356 16.2742 15.0743 0 7.21562 2.22246 26.1239 0 40.1432 7.99148 10.9628 0 32.0592 24.8626 13.928 0 40.3285 5.66509 21.3031 0 9.73943 23.5473 10.2887 0 2.9832 10.1777 8.99961 0 32.5709 9.42551 39.7087 0 17.2588 30.3194 13.0014 0 10.3665 11.6778 9.75211 0 33.4627 10.3907 8.62354 0 0.413106 33.1756 6.5697 0 27.9221 28.8685 36.823 0 29.4886 3.63844 0.895802 0 13.7786 14.5403 13.7838 0 14.7155 2.38623 3.31677 0 7.48391 40.5376 8.35996 0 12.1505 3.83213 9.99539 0 6.4841 9.68317 18.932 0 14.1687 14.3942 23.7146 0 8.35834 14.7951 40.5121 0 30.8724 8.19969 9.86036 0 24.4717 10.8501 21.4818 0 20.3613 34.2386 9.96623 0 35.3703 25.1691 5.88552 0 31.5932 6.86397 16.1817 0 29.2598 33.119 40.2448 0 29.6983 28.508 9.58141 0 40.5444 19.5101 6.66095 0 30.5143 17.0309 8.57304 0 5.9193 9.30007 1.91606 0 6.01816 27.3845 6.68374 0 34.8891 26.7735 0.894571 0 9.58026 26.9565 27.2663 0 36.9396 18.4695 5.60521 0 38.6318 19.9243 2.72903 0 35.268 26.413 37.4702 0 0.306499 26.3276 4.85382 0 6.47709 23.1339 36.4068 0 19.2611 24.5405 21.9226 0 12.4043 6.96727 33.2258 0 29.0814 10.9774 39.5483 0 18.0129 24.7144 4.32294 0 20.3174 26.9921 10.4933 0 11.0116 26.8595 11.9142 0 19.2361 9.70956 33.1226 0 11.8296 20.9162 15.2148 0 15.2137 26.1165 17.5655 0 21.3039 4.53324 16.8282 0 18.5165 21.3011 15.2835 0 16.9882 8.2243 4.77513 0 29.3071 31.8787 10.7087 0 17.0498 23.0703 10.2888 0 37.3563 16.7178 2.50222 0 38.1878 17.5939 33.5507 
0 34.0132 22.5744 20.046 0 23.4608 27.9501 26.3824 0 17.9738 38.2919 13.7668 0 24.4501 30.7726 37.8625 0 34.3623 15.3731 7.25801 0 25.3485 27.0655 39.431 0 23.9833 11.9603 2.73305 0 37.8426 22.665 36.1499 0 38.8206 20.8273 26.2842 0 12.7388 30.3498 0.30121 0 5.55268 18.383 8.28152 0 2.77073 21.2886 7.96878 0 8.93166 30.8545 30.3701 0 22.2359 24.0067 3.94975 0 20.5864 31.0651 24.0624 0 21.7267 40.7193 3.40115 0 5.73364 18.3291 2.9538 0 13.9613 30.4198 3.46458 0 11.3833 32.2558 20.7887 0 22.4931 32.5669 13.122 0 15.0571 27.1996 13.9053 0 8.32541 39.6918 4.55307 0 22.9595 36.4464 18.7669 0 30.8167 1.75748 21.0081 0 27.3163 16.7007 1.08264 0 22.1527 20.2047 4.63064 0 21.0342 28.1318 17.7658 0 18.4739 35.5483 3.91249 0 25.9025 25.4652 5.20722 0 39.3991 28.5533 10.6134 0 7.02411 23.5614 28.8503 0 15.6715 34.3738 25.4967 0 31.7695 10.7483 2.02275 0 3.41394 24.9336 6.9253 0 24.4636 23.7322 1.18815 0 2.22704 17.3885 8.04031 0 2.98872 13.5651 6.7419 0 35.8128 28.3068 10.504 0 1.35991 0.275542 23.208 0 4.63594 30.3433 0.379333 0 7.61206 26.1948 9.9136 0 13.795 36.4128 4.79013 0 5.17784 15.8151 30.5454 0 12.0742 1.9886 13.2635 0 20.747 37.4196 39.2772 0 0.411025 29.8513 39.8098 0 22.1892 30.3165 6.96261 0 16.3492 4.06841 8.55504 0 3.74393 1.55591 12.3799 0 33.7217 19.4891 11.2311 0 1.62996 25.4535 23.5333 0 29.7703 29.9913 2.53795 0 25.1152 39.9806 17.9316 0 26.694 38.6985 7.09901 0 3.09128 29.3641 13.1924 0 18.5417 1.38533 7.63131 0 29.1914 28.6835 40.1435 0 28.8714 7.19932 37.8151 0 28.6493 34.1151 7.68836 0 1.66332 33.3095 40.0418 0 1.45218 36.9218 4.00648 0 38.7083 39.1731 7.68094 0 38.4619 32.9696 11.9979 0 35.5901 39.996 11.0427 0 21.1965 2.75544 1.69466 0 9.9594 17.359 27.6699 0 34.0905 9.82564 34.6667 0 40.5287 40.655 4.30249 0 10.787 36.7433 3.07306 0 33.3026 7.70183 12.5466 0 1.41739 17.5227 35.2699 0 11.0347 7.83857 11.1332 0 21.4359 16.9585 5.53664 0 6.74058 4.04739 15.4041 0 16.0066 1.70803 14 0 13.0796 22.272 3.90013 0 18.2576 23.7159 25.3676 0 25.4518 34.9414 4.06744 0 14.7645 37.0225 0.628038 0 20.5442 40.4641 12.7124 0 21.2985 34.5103 6.00172 0 5.34945 1.07259 2.5839 0 37.6697 33.6507 18.4326 0 31.2091 18.37 24.6359 0 29.3969 4.32879 4.75628 0 24.3624 1.53115 1.3902 0 31.5502 2.74776 17.9417 0 0.454418 40.7676 14.776 0 31.5032 26.9915 36.803 0 15.9523 39.6525 25.2489 0 35.7018 32.5416 9.40564 0 2.46951 5.45753 38.7735 0 36.7945 16.7328 26.6477 0 6.16088 11.4332 5.34553 0 37.3407 2.63063 26.638 0 2.72886 8.33017 20.304 0 8.84785 13.7168 19.598 0 11.984 18.8226 8.39318 0 17.2914 30.8299 25.227 0 11.766 20.0665 19.1508 
0 10.5894 26.4087 8.27478 0 10.2725 39.7813 12.1688 0 12.8402 36.8885 25.4186 0 24.1296 11.1148 9.7235 0 8.55238 6.312 8.56634 0 21.5793 0.809194 18.6101 0 36.3975 23.6853 16.9645 0 6.27228 7.98321 12.8364 0 31.7114 3.40139 14.0795 0 28.7151 38.6794 20.9617 0 1.6595 27.1762 28.729 0 27.1046 19.1661 13.8274 0 37.9036 1.96614 16.3679 0 26.4302 10.6652 14.7897 0 15.3694 2.57212 24.279 0 32.2984 23.2285 2.45984 0 9.43788 18.849 16.1209 0 2.30433 5.26933 12.3129 0 8.46777 7.68837 16.3138 0 4.48314 37.1879 7.79535 0 13.5515 27.0792 1.85039 0 0.13131 9.55385 22.4178 0 9.56916 5.23771 12.7364 0 22.2042 20.1315 14.4441 0 14.3052 22.8054 7.25142 0 20.2755 14.2957 23.0561 0 24.4043 7.32689 25.5597 0 13.2025 24.1353 14.7071 0 9.71035 10.2215 19.9084 0 22.4683 14.1373 15.6319 0 16.6355 36.8603 23.3146 0 16.2103 18.9843 17.4585 0 10.665 37.9949 21.057 0 24.6035 13.1703 12.5257 0 24.3416 27.7676 8.71487 0 23.4639 9.22508 12.6471 0 28.9714 37.8765 14.1625 0 21.2852 10.3829 15.626 0 27.4803 4.72693 28.0689 0 35.0145 7.33457 22.3731 0 36.1331 18.7385 40.4568 0 27.9786 39.335 29.0604 0 36.4779 21.7293 28.9115 0 5.22964 7.1007 39.7206 0 1.7262 4.86446 35.3527 0 13.9428 39.1545 19.4672 0 39.7647 13.3462 15.9357 0 39.4597 17.4471 40.5538 0 2.00144 9.42528 40.6134 0 38.9066 2.74232 7.03984 0 9.36358 22.6017 20.4381 0 1.75918 22.9721 13.3874 0 14.8824 10.6256 16.2893 0 37.8791 19.9513 9.51012 0 13.2182 14.045 27.6779 0 9.41711 11.9352 28.1977 0 8.97963 16.7615 12.7197 0 20.0945 4.11043 5.81366 0 18.5992 28.2475 20.3627 0 21.0456 13.5557 11.5318 0 28.9487 0.102608 17.805 0 9.73757 10.9237 5.15263 0 17.4269 21.3181 23.04 0 18.7737 28.2579 6.97766 0 32.581 34.2866 6.18638 0 12.141 13.3836 17.7215 0 21.4927 19.694 8.22534 0 26.9578 25.784 27.2482 0 26.9229 33.5289 18.6861 0 24.8493 13.1636 28.6803 0 3.62615 7.92219 6.28309 0 5.26749 22.4324 15.0911 0 27.2517 24.4011 8.34487 0 30.3225 25.2406 25.8068 0 38.053 16.1676 17.1744 0 31.5605 7.97869 22.4841 0 12.4091 29.3193 14.5392 0 21.4351 9.04296 19.2165 0 26.1425 10.8768 30.6936 0 8.25983 27.3334 14.0751 0 14.5605 32.4621 13.9148 0 9.91584 27.3021 5.20929 0 14.8201 4.3457 12.2809 0 1.49398 26.2467 9.47848 0 5.94629 17.0411 36.9838 0 7.7529 16.9134 21.4692 0 20.4838 26.4541 2.12523 0 23.2119 24.4412 7.47719 0 32.6141 15.9204 11.2742 0 9.76602 20.3968 11.7459 0 23.9793 17.8145 24.6002 0 15.7494 13.8062 17.1358 0 21.6966 29.2692 40.171 0 39.0598 20.4753 16.119 0 25.0456 25.0997 23.8243 0 21.8326 37.8236 15.8188 0 18.168 5.10832 11.7452 0 29.7486 16.4736 29.8168 0 27.2551 16.813 7.28921 0 27.8971 0.000865881 40.28 
0 33.0643 39.6004 8.11481 0 31.0811 37.6463 23.5862 0 40.1912 12.3453 19.9263 0 0.24074 36.79 15.147 0 4.80888 35.2268 4.89055 0 30.4395 29.3672 19.1995 0 32.8749 23.5306 9.59301 0 40.3615 10.5594 26.7624 0 0.465529 13.4135 34.7616 0 12.3008 23.7433 18.1271 0 32.6699 28.1254 12.9026 0 31.3191 34.7377 12.8564 0 15.855 24.9841 27.7574 0 38.5411 27.798 6.53813 0 36.1273 26.7371 14.4295 0 15.8676 39.2718 38.7465 0 4.18974 25.9958 13.0272 0 9.22499 30.388 11.7332 0 25.6209 23.9962 19.672 0 23.6517 31.3583 20.8961 0 14.8358 16.201 3.02884 0 23.9342 28.0536 19.5259 0 18.2425 17.2104 7.84845 0 27.6693 35.2943 11.3565 0 1.59505 18.1399 1.92824 0 1.80195 29.5845 4.54657 0 29.7887 27.5193 15.7352 0 2.92283 21.3799 2.44673 0 37.5348 21.4463 20.2261 0 34.5855 13.5398 26.3574 0 21.6365 27.0468 5.76282 0 1.66279 17.558 13.8066 0 40.0772 23.3529 8.27188 0 0.503535 0.823052 11.6867 0 33.3724 36.8749 15.0201 0 39.0475 32.1279 15.774 0 36.746 18.0781 29.9205 0 18.7637 5.81235 19.9537 0 11.2689 32.6516 13.5614 0 8.50843 33.6007 17.1215 0 18.4228 30.6221 40.3379 0 14.1987 32.878 9.64873 0 10.5226 22.8558 6.92268 0 25.714 32.2445 12.5774 0 23.4966 31.6256 17.2546 0 28.1406 32.898 3.96713 0 29.0124 23.1502 21.7762 0 27.0608 39.768 11.408 0 32.7583 30.7845 9.09202 0 34.281 31.6568 24.5106 0 29.988 30.6332 6.58338 0 35.9503 39.1078 22.9718 0 34.0535 3.13598 25.9934 0 25.5123 34.6884 26.9457 0 24.2934 25.3527 11.1656 0 27.6259 16.0424 22.6389 0 33.4218 31.6694 27.8595 0 31.2241 33.2265 18.5544 0 1.53345 26.9057 18.9025 0 36.45 33.6258 30.1262 0 7.43854 13.482 11.5354 0 37.8302 1.62764 12.2245 0 3.35239 39.2437 35.2047 0 3.77507 5.89945 15.3347 0 8.79849 2.08243 39.177 0 3.35954 39.8304 5.37641 0 4.11063 12.5474 2.71313 0 2.94007 24.1655 36.3 0 19.9427 31.8084 20.5164 0 22.4243 24.7668 32.0279 0 25.3864 37.7237 20.7214 0 18.7486 30.4836 9.84014 0 6.27774 31.6881 35.0959 0 12.8548 3.39357 35.1823 0 10.9177 2.25748 24.8318 0 7.70502 25.1048 3.40351 0 18.3252 33.6315 23.0987 0 8.91885 10.4055 13.4205 0 20.6698 18.6407 30.1552 0 23.808 33.0088 24.4047 0 28.52 3.02623 12.0476 0 28.7436 19.2219 21.2527 0 35.9762 35.5749 13.2025 0 25.3463 2.59783 20.0564 0 3.38158 2.96473 5.60323 0 2.98478 28.9963 31.3621 0 0.849819 31.5911 11.1696 0 19.8234 33.7498 26.3884 0 8.64586 37.8171 17.9883 0 1.21534 6.77031 24.5849 0 3.38628 10.9232 31.7485 0 2.28614 34.7357 9.62108 0 7.18277 10.0552 9.529 0 10.3018 12.2411 22.6603 0 12.2587 18.0198 12.8559 0 8.4079 4.53371 29.3762 0 18.7811 0.410382 16.1759 0 3.13932 12.2111 19.794 0 0.263968 38.126 33.2481 0 20.9626 36.1631 22.1992 
0 26.2454 31.3435 34.1125 0 16.6771 15.9038 14.6934 0 27.2322 36.1136 29.9977 0 11.0225 0.756154 20.7816 0 19.146 13.2972 19.4873 0 11.2962 15.6879 7.0115 0 25.7992 38.8035 24.0846 0 27.5573 0.937584 22.653 0 11.8709 39.3897 16.0501 0 0.276638 18.1645 17.7647 0 22.9863 14.1277 38.4056 0 6.22657 29.7963 32.1249 0 18.8324 5.9939 27.1248 0 39.9336 3.98075 24.7722 0 2.58029 3.31379 23.8514 0 40.3524 7.95191 7.66905 0 27.4963 15.1807 19.2336 0 39.6386 40.6276 25.5518 0 29.9802 18.3433 12.0248 0 39.1185 16.5462 20.3176 0 32.7806 26.8968 7.5929 0 7.08798 18.6219 29.6418 0 36.6233 16.994 22.6989 0 9.69709 29.8538 16.7617 0 16.6313 35.2033 7.85466 0 9.77755 14.4945 30.9482 0 19.1232 8.9929 7.6933 0 10.1525 4.7245 16.6 0 8.92921 0.448 18.0028 0 13.1314 17.1759 16.8937 0 15.1267 9.05627 19.6061 0 15.4281 9.33818 31.9989 0 28.8226 4.6114 17.3251 0 31.8963 40.4195 15.4807 0 11.9864 10.6866 30.7562 0 28.8363 8.08408 29.6554 0 29.6787 17.0459 38.6487 0 26.9594 10.0515 26.7969 0 31.5112 22.1407 29.3748 0 38.0151 7.6881 24.8063 0 37.1046 9.44348 36.8449 0 8.12756 3.3493 20.132 0 34.0053 14.8657 22.7309 0 5.32848 11.2218 12.7629 0 24.0768 7.90333 37.8455 0 39.4088 7.78002 29.2713 0 17.0816 11.5641 35.217 0 2.40185 17.252 20.7919 0 6.11706 22.754 11.6462 0 5.50954 14.7755 8.58529 0 17.1554 7.17404 16.6766 0 31.2108 37.0881 17.714 0 9.66697 15.5183 16.3007 0 15.2416 29.4081 38.7378 0 37.2507 11.8743 18.0941 0 17.3073 12.9078 13.5731 0 22.9887 0.442856 25.565 0 21.8339 12.2354 6.93789 0 27.5765 23.0525 13.7765 0 23.5831 18.2399 20.9734 0 33.3151 27.911 4.27547 0 27.3743 22.8058 35.8221 0 23.7479 14.1059 19.7587 0 10.3023 7.14088 19.3864 0 24.266 17.4631 16.4719 0 21.1177 12.9041 28.1147 0 36.3222 5.93732 28.7826 0 29.0002 17.2748 35.1231 0 17.2604 14.8663 10.506 0 35.9934 24.5154 22.1108 0 13.6047 27.1181 30.4934 0 25.8028 4.62655 23.4915 0 33.8821 6.92909 25.4491 0 24.2651 13.4805 33.9083 0 1.70172 15.5683 26.8039 0 8.1821 36.2143 24.0201 0 40.6276 28.0502 13.982 0 9.23352 29.0705 21.9715 0 4.49002 28.413 9.76442 0 3.34383 24.6782 3.4353 0 8.94278 23.7443 25.1129 0 24.467 34.9525 15.8112 0 27.0456 26.9181 13.1373 0 17.3738 29.1879 17.2585 0 13.632 17.0586 26.7952 0 16.7503 23.6867 31.4547 0 26.1666 7.96787 19.6194 0 5.36433 1.54358 29.5106 0 21.3501 16.3305 17.9494 0 22.1005 25.4224 14.7945 0 24.1159 35.4986 11.6851 0 32.9946 23.6625 38.9611 0 30.6217 20.9979 15.0398 0 32.5816 24.9613 17.5636 0 30.3491 19.2272 27.8604 0 2.34067 12.5265 28.5817 0 3.06645 4.04067 31.3188 0 25.8668 21.4413 23.225 0 33.5684 26.9854 25.9154 0 34.337 7.30014 19.104 
0 1.9451 7.26553 32.1302 0 38.619 27.0487 40.5808 0 13.9929 32.9094 17.6595 0 24.4243 21.7861 12.1245 0 8.25147 31.5253 19.8224 0 31.0613 11.6985 22.4257 0 3.17488 20.1939 11.7318 0 8.36412 1.39179 22.9801 0 8.21538 35.3255 20.3618 0 23.8014 16.4573 32.1912 0 10.6453 26.4023 37.5602 0 2.81188 23.6879 31.0135 0 6.93322 19.5653 13.2842 0 13.0113 17.5986 30.3431 0 13.5347 2.30898 16.6014 0 27.614 21.4649 10.1661 0 20.3792 35.9966 13.1043 0 26.0962 18.6916 18.8512 0 18.3572 25.1614 18.5866 0 30.7517 21.7803 18.7228 0 39.9649 24.5219 15.5929 0 19.9223 21.6722 2.07327 0 34.8775 11.6023 20.5913 0 29.6901 40.1625 3.54118 0 27.3047 12.1064 22.5382 0 30.7748 31.8741 14.6523 0 39.3316 35.6377 9.33862 0 31.1124 9.73455 19.3704 0 3.62914 25.464 16.393 0 6.39654 37.8264 15.1588 0 12.7542 28.4313 18.7007 0 4.4596 26.5464 20.8198 0 6.49303 23.2487 8.04571 0 39.1297 3.8281 36.8008 0 11.0848 23.2642 36.0081 0 6.12072 30.5276 15.6008 0 39.4038 16.1831 11.9448 0 5.32809 5.40266 27.3083 0 15.3644 36.7392 11.7951 0 18.1431 28.7244 36.5385 0 26.3074 26.5225 17.3269 0 25.2915 16.4131 27.9918 0 34.2879 36.714 4.32802 0 2.15033 26.9292 38.6669 0 34.3443 31.3259 19.7877 0 2.28933 21.4548 27.7077 0 30.4933 6.45535 25.7467 0 18.7958 37.0143 32.5793 0 37.1074 36.5647 16.3076 0 33.218 28.7426 30.0517 0 0.921193 22.9923 20.5252 0 3.55251 36.5808 17.4272 0 29.3033 24.9791 18.1122 0 34.6171 34.8691 19.3319 0 11.2984 0.961322 7.62645 0 35.9727 40.5555 27.8782 0 1.38408 14.5059 23.1742 0 13.2952 40.1186 23.0081 0 11.2314 33.3868 29.0498 0 6.30996 12.2787 30.0368 0 9.1128 7.68626 2.2867 0 39.9341 29.6016 30.3156 0 16.2625 39.5094 17.0288 0 35.5853 40.3538 15.1975 0 4.61819 1.06483 21.7341 0 24.4444 3.57473 30.9746 0 19.9085 38.7353 25.6278 0 18.2271 33.4127 30.9876 0 28.266 32.8984 26.2688 0 20.8989 17.132 37.0723 0 18.4311 27.883 24.3164 0 17.555 28.6398 3.18219 0 27.7245 1.89651 30.1721 0 27.7944 1.10274 14.459 0 33.2891 38.5126 20.7552 0 3.27596 32.5263 26.4019 0 32.1296 0.174229 28.9714 0 4.92489 1.11282 15.9822 0 14.4418 39.4819 13.5378 0 37.7224 7.19251 13.7058 0 37.197 5.73406 6.69113 0 32.983 18.9228 30.3128 0 40.2423 6.32715 40.6775 0 21.8475 37.3401 9.57398 0 15.3229 22.0594 16.8515 0 9.7879 0.274724 1.48436 0 29.2572 1.14317 7.04402 0 36.918 4.67105 19.9014 0 39.7764 0.559377 29.4725 0 1.57483 7.13113 17.373 0 37.3735 29.7757 13.3709 0 28.0514 8.09535 16.5666 0 14.4935 34.0486 21.6264 0 7.48736 26.6929 30.3915 0 15.8817 31.1574 21.5151 0 10.6981 9.86257 25.4659 0 16.4452 27.2499 33.6101 0 39.8677 37.6876 23.9373 0 2.06595 6.80931 28.5257 0 34.7405 29.6352 35.9519 
0 22.9549 36.5362 24.9749 0 17.1306 36.7694 28.2932 0 30.1371 34.3261 21.5745 0 19.6546 17.6261 14.4454 0 4.11896 39.1521 28.1701 0 22.7263 27.5723 37.2213 0 15.3872 0.844699 36.0113 0 7.01731 38.9757 21.3838 0 34.8314 14.7365 38.9711 0 14.156 29.3244 11.2701 0 5.50328 31.9331 23.1603 0 37.7112 8.34634 20.5019 0 7.60527 18.8898 25.5171 0 5.55534 5.63335 18.8441 0 7.31912 33.8411 8.11596 0 10.8322 33.4856 35.2525 0 17.5646 8.07443 24.3312 0 15.0712 12.7636 2.38476 0 13.9421 14.9205 9.46315 0 17.6997 2.91863 30.111 0 17.818 4.54493 22.8591 0 17.2721 16.8823 27.8459 0 11.5855 9.81847 16.9697 0 23.6445 1.67471 16.0227 0 20.3811 34.2226 34.6203 0 37.9096 36.1909 21.1657 0 30.9006 13.5292 19.0832 0 26.8728 30.3846 16.8523 0 24.5403 0.902876 28.4557 0 5.3501 4.23217 37.0378 0 32.8873 13.1551 15.3703 0 24.0955 36.8266 37.4391 0 22.4554 27.7198 29.9555 0 29.7395 3.0832 23.983 0 35.4933 2.34146 30.4006 0 28.7321 5.72303 34.8084 0 30.7023 40.7276 11.9173 0 33.5442 5.54205 40.5919 0 32.7951 5.85793 29.3188 0 30.8228 24.1204 33.9871 0 13.3186 11.996 20.9094 0 3.6884 20.1138 35.4456 0 10.3623 20.6269 27.157 0 38.4847 37.1488 27.021 0 6.87159 14.6546 14.6492 0 5.27795 39.8789 24.8999 0 15.6073 21.6286 38.9138 0 4.86936 9.23492 15.9192 0 1.81732 18.4507 30.8158 0 12.9788 16.7984 33.8812 0 14.1619 14.2821 36.1404 0 24.3148 7.74389 15.6576 0 36.3353 14.3528 14.6504 0 21.3753 21.459 39.4347 0 31.8886 15.1172 32.5226 0 13.0279 12.0651 33.906 0 33.4904 20.7279 26.8367 0 16.7878 21.3476 27.8051 0 29.3416 12.6857 15.9957 0 16.9036 17.2742 23.8587 0 38.8108 7.03988 33.3065 0 35.8069 9.48742 27.3629 0 37.0893 3.81566 33.4405 0 22.1837 9.27297 28.1858 0 11.3578 16.0135 19.7292 0 29.2613 21.7693 24.6651 0 1.93258 37.6759 20.8921 0 36.0687 16.8665 10.2747 0 10.7919 4.8765 21.7138 0 14.0442 11.0377 12.4357 0 26.3218 22.2066 26.7126 0 10.9324 26.4964 16.0726 0 3.33534 20.679 21.9913 0 11.9726 35.5529 12.0301 0 4.96018 6.78647 30.7849 0 8.97274 32.7852 23.5082 0 10.5529 13.9372 35.3452 0 28.4876 27.4647 33.1469 0 24.9134 34.198 8.28178 0 10.3138 19.9426 31.2276 0 7.40491 25.2805 21.7367 0 24.1849 14.5536 8.99847 0 9.53767 18.063 1.41115 0 30.8794 10.3767 13.163 0 19.1935 19.8416 26.025 0 29.6759 11.6526 31.6279 0 29.5423 30.2752 30.9206 0 33.0611 16.7431 27.1974 0 30.1828 18.2327 17.8841 0 26.7966 18.8709 25.3944 0 4.25742 18.3935 27.7054 0 10.162 19.972 23.0039 0 6.59485 20.3825 22.4887 0 37.5504 12.357 28.3543 0 4.48549 31.9413 7.39583 0 23.3082 33.7758 36.1858 0 8.24114 2.81889 6.26286 0 40.3775 30.4941 23.6301 0 28.066 24.439 38.9604 0 32.3505 2.16195 34.5011 
0 0.00468085 35.573 18.2887 0 36.5254 18.8609 13.6088 0 4.53425 32.487 18.0358 0 8.01336 12.0365 16.567 0 23.6358 24.9767 28.2466 0 2.16822 26.2325 33.6194 0 13.2744 36.4604 15.1152 0 18.3437 38.0072 10.3154 0 22.9701 20.1837 18.0106 0 16.9987 40.4028 21.2701 0 34.5496 21.0818 15.6794 0 15.0729 20.193 32.2514 0 15.3691 20.2353 20.4242 0 26.0888 18.3476 3.97881 0 28.3263 15.8958 26.0672 0 18.9972 29.7124 28.5438 0 5.24477 28.1568 27.807 0 23.8753 34.7343 29.8636 0 35.9753 11.4518 13.0697 0 14.2846 11.2221 24.9909 0 29.3615 40.1073 25.5855 0 15.3496 27.3574 21.6197 0 23.0542 11.7307 31.293 0 36.0062 11.159 23.8999 0 12.9208 30.3242 23.4341 0 12.2063 35.0421 39.1996 0 9.06144 36.1771 27.5099 0 7.71163 14.9561 24.2314 0 17.2073 32.9329 18.5634 0 4.7066 32.9865 38.322 0 15.5063 32.2772 28.8654 0 5.41818 40.3566 32.2554 0 39.8133 24.8704 11.5112 0 13.8076 27.5804 25.2711 0 10.1224 29.855 25.6419 0 32.8415 23.3217 23.6697 0 21.7124 23.9176 18.0935 0 24.1967 28.1249 33.5381 0 27.0361 35.3419 23.4028 0 20.7701 25.5476 39.718 0 15.2618 24.6428 24.1768 0 11.6064 39.0825 30.3534 0 7.28387 27.8884 18.7037 0 19.5792 1.1137 23.1895 0 22.0365 7.32717 33.5818 0 25.3872 4.48717 38.5425 0 38.9079 27.7487 25.1889 0 1.57247 22.5311 17.0161 0 27.3981 27.0925 21.5261 0 3.34745 38.4123 1.68531 0 39.1011 23.1224 23.2913 0 15.7592 28.5839 27.6735 0 1.76013 3.01939 27.4913 0 38.5589 11.3361 34.376 0 7.88421 23.8128 17.2749 0 6.30804 27.2248 24.4125 0 4.26153 31.9797 11.5652 0 24.7984 38.0841 27.5638 0 1.37833 21.1857 33.0751 0 0.759314 34.961 31.8638 0 26.9281 29.072 28.5494 0 12.3372 7.39317 14.3226 0 26.5353 13.5163 1.08061 0 12.3925 37.1929 33.3537 0 31.1768 13.3425 8.89533 0 16.3004 29.9866 31.0425 0 33.2101 38.6843 26.4662 0 17.5076 1.23821 26.7938 0 20.0057 7.28622 14.2684 0 15.5792 4.96503 34.3161 0 35.8479 28.3748 23.9483 0 30.599 2.48839 27.1822 0 26.904 8.76335 33.0866 0 20.0375 26.42 27.3397 0 25.5004 26.2661 30.9875 0 31.9054 30.8964 22.2109 0 32.9875 19.4768 21.5223 0 32.5786 0.478523 23.6045 0 9.29845 36.1762 14.3603 0 38.0835 27.5034 21.8873 0 1.56524 32.1915 29.7844 0 17.3274 32.5635 2.46938 0 0.798056 35.9222 27.2391 0 13.9528 37.8656 7.92341 0 17.6503 33.5532 12.3512 0 6.46966 3.58115 32.5198 0 11.4265 7.60587 36.905 0 3.59691 1.87247 34.487 0 18.2472 26.778 30.3947 0 27.6525 38.3789 38.0077 0 19.5724 9.96783 26.313 0 10.5928 3.73075 0.794849 0 11.6546 7.7595 40.5563 0 18.2972 40.3536 34.7376 0 10.2457 39.2114 24.9135 0 30.4358 37.505 0.743342 0 27.4901 14.7707 4.11312 0 20.4951 33.236 39.043 0 24.4779 37.728 0.471558 0 32.3935 37.6099 33.9524 
0 30.0539 11.144 25.7019 0 39.6368 40.0746 19.8463 0 11.8501 8.07332 7.40949 0 31.2752 0.668636 40.5607 0 32.3372 34.5913 39.5978 0 22.1045 10.15 40.7765 0 35.1878 18.3868 19.1028 0 27.4181 5.29588 31.6315 0 37.9038 39.6791 38.5835 0 15.8349 19.7665 13.7209 0 36.7033 9.87665 6.9622 0 6.91294 22.025 0.956977 0 4.78725 35.2355 21.1245 0 40.6297 0.353539 35.8684 0 1.88014 2.60036 0.636832 0 19.804 35.1713 17.8312 0 15.0627 8.39962 35.8329 0 8.36263 40.7606 30.8387 0 27.2571 12.8047 7.90392 0 8.6833 5.62265 25.9851 0 24.309 10.6783 25.1918 0 16.6838 26.3467 0.526073 0 33.8946 15.8988 2.35196 0 39.2705 33.5925 28.2804 0 10.8566 13.3339 38.6946 0 24.1971 14.9637 4.33054 0 7.39935 7.85848 37.0111 0 27.4171 5.90515 2.45212 0 36.7503 14.3732 32.2438 0 34.214 19.0956 7.72928 0 33.994 40.5111 32.4772 0 36.7976 10.7906 31.3316 0 21.7063 2.02025 32.574 0 30.2182 9.86662 35.6753 0 32.1141 9.60843 28.3539 0 3.76166 9.86744 37.5968 0 7.77403 20.233 34.2209 0 19.8423 21.0303 19.4603 0 5.53636 8.40456 24.5363 0 39.8578 15.916 30.4277 0 10.8002 15.9399 23.619 0 32.5282 7.37944 6.79012 0 3.6525 15.8338 40.7329 0 15.468 16.0045 20.717 0 20.9585 10.7407 22.5868 0 18.5637 19.6943 11.7106 0 6.43183 12.9703 34.3177 0 4.20662 20.3158 40.0137 0 26.9419 14.9894 31.5204 0 9.74187 16.8389 36.8502 0 17.3355 12.5127 7.15172 0 18.8636 17.2323 20.9734 0 7.78482 1.49564 35.2162 0 20.1165 22.5834 29.4206 0 8.58824 18.0592 5.67409 0 2.8906 31.2699 21.0417 0 28.1203 13.4456 28.5062 0 0.542958 22.5285 4.75658 0 40.7635 3.51091 33.0061 0 35.7596 29.8421 39.9808 0 21.4125 6.65732 24.1693 0 4.64727 16.6658 24.0424 0 9.43272 11.61 32.726 0 13.3007 18.8145 22.6296 0 8.51136 8.10821 30.1111 0 33.9525 27.4383 33.4937 0 31.0852 39.7674 37.1188 0 1.89018 18.8583 24.4728 0 23.0383 5.63606 40.6793 0 14.4773 18.182 37.2059 0 21.106 16.7567 10.1648 0 15.2224 11.582 28.6083 0 20.8669 16.1695 27.0723 0 31.7429 13.2378 28.5369 0 19.316 10.5744 37.8195 0 20.0485 28.5491 13.8965 0 15.1779 18.6435 10.2764 0 29.7457 27.3233 4.86794 0 11.0655 31.542 5.35878 0 26.3806 25.9077 35.7282 0 24.0673 19.965 1.51096 0 38.857 25.6327 18.654 0 19.0151 3.95281 33.92 0 12.0347 20.3694 37.9578 0 31.2488 16.539 20.8849 0 27.6003 31.6444 22.1256 0 36.5297 24.0519 25.754 0 39.5091 9.78821 15.4183 0 31.3212 14.5938 24.6536 0 29.3475 8.54419 0.717409 0 35.7314 29.948 2.65607 0 26.7651 30.8896 1.22615 0 26.2787 22.8686 30.1866 0 33.9606 24.0049 35.2068 0 21.9745 10.5048 35.3158 0 3.79923 24.5756 26.6184 0 20.9819 1.155 28.7504 0 1.74124 35.2934 35.9087 0 39.4513 17.1594 24.9473 0 4.08423 5.94565 9.59044 
0 12.8971 23.9313 39.3384 0 39.9546 19.6618 22.3278 0 37.9839 30.7275 20.6755 0 22.4112 23.7599 36.1382 0 24.843 18.5053 36.8457 0 6.37362 16.296 17.8561 0 33.5186 17.0157 14.6834 0 11.8736 17.1403 39.2889 0 32.6717 25.4832 31.0319 0 1.22379 34.4157 21.716 0 26.2748 19.1078 30.1851 0 36.4311 32.3984 33.4579 0 2.98786 40.2438 18.8543 0 38.5504 33.6551 24.0924 0 2.94512 28.8088 25.0022 0 40.7803 32.2235 19.4037 0 14.2132 35.8584 36.7877 0 27.8779 1.94845 37.548 0 38.1788 1.04521 22.4065 0 40.6081 37.9015 29.9352 0 7.20065 38.2964 1.44052 0 4.88607 23.3377 23.301 0 34.5074 36.6088 37.0527 0 5.32124 28.7676 37.1289 0 11.1557 26.5038 33.1667 0 9.34862 10.458 36.1029 0 17.6327 0.615046 0.996721 0 30.6961 33.5469 30.6868 0 8.68855 23.456 32.8315 0 31.6541 31.1382 37.2306 0 25.1992 23.3374 33.1888 0 13.9841 20.9075 25.4446 0 12.732 33.5602 32.4932 0 23.8489 2.65457 11.8614 0 34.6417 27.6975 20.3069 0 22.036 36.2132 2.45298 0 18.4603 2.41769 19.1376 0 33.918 35.3374 23.0746 0 34.036 15.0511 18.6576 0 19.4348 12.4559 2.96967 0 24.6961 5.17078 17.5729 0 33.8175 12.2495 31.6625 0 11.5372 26.5663 22.3461 0 29.3791 25.0165 11.1751 0 34.1702 24.247 28.3817 0 39.1703 35.0237 34.6007 0 39.6102 2.36276 39.8023 0 11.8159 38.5856 40.5146 0 40.2189 5.87679 4.52332 0 5.01068 35.4634 28.6723 0 16.1994 35.3021 33.9432 0 9.42376 1.79945 10.4248 0 11.3283 35.1105 22.7366 0 13.5887 33.8806 2.03628 0 29.1776 36.6402 26.6805 0 4.17215 24.0133 39.9702 0 23.6576 31.0407 31.0519 0 14.0949 5.78757 17.4249 0 29.2821 28.9022 24.32 0 27.0099 32.5687 29.5087 0 32.4454 34.8511 26.6505 0 21.8507 23.9944 24.6619 0 25.1992 28.9618 23.6878 0 20.9208 32.3645 29.2238 0 15.4136 7.98683 9.62014 0 12.4397 0.558553 37.8634 0 33.5101 33.768 35.5249 0 20.5521 36.1779 29.145 0 2.43521 36.8226 24.4167 0 0.416206 3.22045 16.8222 0 12.4625 30.3585 27.9154 0 33.0494 30.9976 33.0122 0 34.6386 40.0584 36.5121 0 33.8863 11.9034 37.2585 0 37.2717 13.8809 21.5468 0 14.4766 5.74977 21.2232 0 13.712 40.0848 1.89391 0 10.629 35.0385 6.23132 0 1.99831 10.7249 16.4305 0 8.5996 16.518 9.32718 0 1.77052 2.2593 37.7233 0 16.4813 38.6677 5.13285 0 40.594 11.2543 30.9613 0 8.08096 34.1164 38.1245 0 40.2159 23.8234 31.8051 0 37.3671 37.8448 34.8672 0 22.4919 5.96316 11.8511 0 37.4194 13.3568 9.92266 0 23.7546 28.611 14.804 0 37.186 4.96577 39.8727 0 24.8187 1.51182 35.2698 0 15.2159 25.3162 36.6729 0 4.98908 0.669212 37.6752 0 8.83168 13.3617 7.19994 0 26.2242 4.74705 9.93484 0 17.9008 13.7022 25.9926 0 6.99718 11.3065 25.5994 0 27.2089 1.79142 3.22366 0 36.3838 39.1055 19.3974 0 33.198 3.39331 2.44907 
0 0.389713 30.0469 26.9842 0 14.1367 32.2405 36.4583 0 16.2857 35.9853 18.9925 0 34.7451 3.86616 16.9567 0 32.172 17.6928 36.2644 0 33.3129 17.6498 39.5278 0 31.8624 3.31387 38.4195 0 29.0933 39.6606 32.5069 0 39.6614 4.39194 29.8079 0 11.7547 39.4804 5.09833 0 10.6482 1.31188 28.7087 0 10.1955 5.4662 5.48565 0 17.6176 16.9837 0.900598 0 5.12184 17.2528 33.5936 0 12.7969 25.4435 5.24628 0 36.3863 28.7949 31.723 0 17.4126 16.0027 36.1723 0 18.4931 6.44973 31.628 0 35.3661 36.0693 9.72893 0 19.5587 21.3711 32.8679 0 23.1725 0.780649 39.3054 0 11.2275 4.23715 31.692 0 30.668 25.7383 0.353744 0 30.9969 20.405 9.10044 0 15.5007 3.91705 40.7453 0 35.3434 10.8615 3.34308 0 35.5846 32.2277 16.1472 0 22.669 37.1041 33.6211 0 40.7184 7.76746 37.6275 0 38.5732 35.2572 39.3752 0 19.0439 40.4793 38.4795 0 24.6644 23.1177 15.8497 0 4.27572 9.58253 28.0227 0 28.7951 1.94871 34.3417 0 1.22809 0.0912164 7.84235 0 4.46516 7.83061 34.4519 0 8.29332 38.8145 34.0603 0 3.48623 11.7336 24.1526 0 22.3547 39.6216 36.0289 0 22.4271 38.8916 30.7208 0 8.55081 38.2986 39.0296 0 13.8772 25.1404 10.7038 0 13.6593 4.19481 6.71602 0 5.31646 37.1131 37.1197 0 20.1167 13.0844 34.245 0 8.7837 19.9956 8.59997 0 9.06903 10.1713 40.0655 0 19.2046 24.4965 7.54354 0 25.2422 11.5134 39.5505 0 20.9022 18.0037 33.5406 0 29.6967 13.7987 35.5815 0 19.6371 13.7297 38.9924 0 24.0546 11.1893 17.7894 0 14.3035 13.8947 5.56458 0 27.9418 34.6464 15.0861 0 17.465 17.62 31.7752 0 28.3443 20.211 6.16815 0 39.126 20.5969 31.0811 0 34.8427 2.24122 40.173 0 38.1099 0.480772 32.8668 0 27.0345 11.4571 35.0704 0 6.76015 15.1356 3.90635 0 23.4279 4.03966 27.3781 0 11.6865 29.6586 7.87134 0 31.2878 34.3917 2.5376 0 11.7294 19.8759 34.4895 0 17.2719 11.9301 22.2436 0 9.77113 4.29959 35.7173 0 2.30466 9.80313 3.25642 0 18.8277 23.1373 37.5207 0 13.0046 7.90652 23.2643 0 1.15678 9.75873 34.3211 0 18.1104 12.7941 30.8158 0 15.5987 38.5156 31.9849 0 24.9343 21.8307 5.61497 0 18.9772 7.14835 35.8239 0 16.267 25.7046 7.5087 0 32.5216 29.4003 0.693943 0 24.5342 5.02974 34.9211 0 30.8005 16.2078 4.92902 0 27.4418 11.698 11.3031 0 39.5248 24.3801 28.0385 0 34.9504 15.1335 29.5837 0 26.7949 38.1371 3.44083 0 4.60917 23.3741 19.7167 0 35.0202 17.9488 33.0636 0 2.05581 14.9883 17.9057 0 18.0524 9.67979 29.2728 0 37.8988 15.4596 36.558 0 10.8658 24.7351 30.0563 0 33.0099 29.8643 16.7798 0 40.3112 25.3597 36.3877 0 3.49248 14.5109 36.4735 0 20.8508 6.61333 3.03963 0 7.22305 18.2593 39.9853 0 25.1466 14.676 24.5898 0 8.71407 7.95624 22.6119 0 12.1356 6.74352 29.1741 0 28.6285 21.6141 32.3021 0 10.7048 29.7194 38.5212 
0 10.1126 26.102 19.4294 0 5.45872 12.4983 40.1388 0 22.6394 23.0087 21.1123 0 1.48594 32.8045 14.8895 0 22.628 29.842 10.8336 0 32.59 3.01447 6.83369 0 25.4559 35.0598 33.0989 0 37.3756 30.867 26.5813 0 14.8517 19.665 1.59356 0 31.3934 26.3303 21.4996 0 33.7495 32.0785 12.2499 0 7.65382 33.4815 32.0321 0 31.116 13.8004 38.7349 0 5.47267 3.78628 40.6486 0 35.5895 20.8586 34.3453 0 33.6454 38.44 39.8471 0 33.015 12.7913 4.99867 0 4.2412 32.8813 32.6119 0 13.3842 28.8547 35.3982 0 14.4443 39.4229 28.6673 0 39.856 32.035 32.8192 0 5.44629 24.9693 33.4897 0 7.86931 39.1649 27.733 0 9.55609 36.7493 10.0411 0 24.7113 20.0477 8.95333 0 8.38802 0.99215 14.1805 0 1.44111 18.3125 38.755 0 24.2144 34.4782 21.0312 0 29.1683 33.6573 33.9738 0 24.6657 33.1172 0.212308 0 10.8048 38.3859 36.1617 0 30.177 29.9709 34.2528 0 15.2211 32.6819 39.8522 0 27.0435 35.3981 0.995615 0 22.5474 20.6342 35.0256 0 15.3009 23.4605 1.38742 0 21.7489 20.6161 23.6045 0 25.7552 19.8919 33.5974 0 0.298048 37.325 38.43 0 2.23259 0.136667 30.6404 0 33.2555 39.4149 2.33511 0 24.8639 7.46374 30.4975 0 39.317 20.7644 39.8604 0 7.52275 33.1333 27.2645 0 11.6852 35.2366 18.4797 0 12.1871 30.4889 32.0054 0 4.35191 37.0505 32.6383 0 16.6366 24.0787 13.7801 0 23.2589 20.0078 27.4668 0 6.43818 32.679 2.33995 0 29.4143 25.2845 29.5229 0 9.55854 29.8031 33.6025 0 18.0042 35.564 36.9581 0 36.5914 23.3088 39.925 0 19.0633 24.756 34.2795 0 35.408 33.6731 1.46861 0 14.8197 1.0783 31.8619 0 14.1737 2.29825 27.4046 0 8.48039 5.99143 40.0813 0 37.1051 22.0705 6.10717 0 30.2113 36.3392 36.3254 0 22.5114 40.6947 9.15914 0 3.17894 39.1277 38.9266 0 20.5063 7.48974 39.0115 0 22.2068 3.6768 22.4451 0 35.6529 30.1565 6.87334 0 7.33721 30.0882 4.94348 0 15.2305 14.7547 39.7569 0 36.2291 5.84982 2.98636 0 31.0857 8.16474 32.5808 0 10.6968 13.5256 12.8976 0 5.76292 39.5482 11.2709 
1.48101 0.688811 1.21057 0.300853 2.26632 -0.824294 1.96033 -1.81457 -1.19856 1.67872 1.15884 1.94161 -0.67742 1.64569 0.114314 1.62393 0.180009 0.983445 3.12965 -2.28716 0.26736 1.75065 2.83867 -1.26587 1.2402 -3.34206 2.73239 0.525542 -0.418654 0.467206 -2.42036 2.49941 2.19141 0.499188 3.41138 0.830832 -2.03333 0.121255 2.39879 -1.70761 1.12208 1.46737 0.0920448 -0.104285 -0.204155 2.1244 -1.64324 0.0371024 3.79571 -1.48134 -2.91716 -0.400811 0.868037 -0.181308 -0.553734 3.47173 3.99483 1.06984 -0.391732 2.5703 3.97293 1.58332 0.3328 1.32299 1.2038 0.107749 0.353719 -0.133143 -1.86406 -1.11696 -1.48471 -0.855131 1.39811 1.14749 0.610981 1.74937 -0.151906 -0.695379 1.1518 2.91914 0.166567 1.74937 0.329586 1.93819 -1.7902 -0.63353 -0.553024 1.23317 0.794145 1.25583 -2.70756 -1.48372 -1.21509 -1.49874 -0.0721398 -0.350841 -1.76023 0.402421 -1.43695 -1.48008 -0.846545 -2.37041 -0.995365 -2.75512 -0.202487 -1.88417 -2.5231 2.8403 1.00017 1.44221 1.92182 0.544687 -1.37168 -1.14883 3.00397 1.31269 -0.616837 -1.80216 0.144241 -0.584652 3.74718 3.13288 -1.33922 -2.93638 -1.045 0.310726 -1.68968 0.189151 -1.05306 0.385277 1.48251 -0.985104 -1.12001 1.64329 -0.391932 1.44749 -0.185305 0.474284 1.27943 1.26719 0.268623 -3.10956 0.615931 0.770763 2.71546 2.83811 -1.72993 -3.2691 2.61371 -0.078802 0.971445 -0.77811 0.708133 3.36777 0.285243 -0.763313 -0.130557 0.460564 -1.94859 0.054519 -0.548173 1.39664 -3.57325 1.59266 0.468546 1.72486 -1.44663 -0.679955 0.607386 0.951211 -2.8154 -1.11474 -0.903536 0.561445 -0.692401 1.96502 -0.648231 0.866459 -0.122749 -1.18565 -0.559067 -2.85733 0.29605 0.921252 -1.31056 2.06624 2.00766 2.44414 -1.78996 0.556744 1.46972 -0.270651 -0.456313 -0.700935 2.40023 -1.9946 2.17546 -0.867575 -3.4431 1.86349 -0.00126664 0.706736 -0.841902 -0.51084 -0.623983 1.27718 -1.38342 0.0761976 1.48826 -0.610808 2.13965 2.9985 -1.80509 0.607203 0.105665 2.90019 0.794562 -2.26719 -1.27605 1.58677 -1.9657 -1.94288 0.999761 1.29547 1.38015 -0.387362 1.02891 -1.99767 1.76138 -1.89662 -1.9178 3.18569 -1.44018 -0.647966 -0.440482 -0.118781 0.652221 0.266065 0.527814 -1.53638 -1.77779 3.0688 -1.496 0.575955 -1.06945 -0.92041 -1.22387 3.28132 -0.635423 -0.166752 -1.24595 -0.945176 -2.37722 -0.50431 -0.954977 1.90149 2.05289 -1.24371 1.56803 2.97718 -1.16726 -1.27735 0.0352603 7.56749 2.17325 -2.35761 0.342676 2.46711 2.24497 1.3486 -2.40133 -0.170581 0.256195 -0.364016 -0.171903 -1.48977 0.130249 -0.344291 0.355813 -0.876363 -1.90945 -2.56689 2.03138 1.73648 1.57813 1.17089 -0.193145 -0.76986 1.89791 1.65052 0.983532 1.57207 0.0580014 0.388013 -1.0004 1.17505 2.23245 -0.00323625 -1.29906 2.14561 
0.0846833 -0.33612 3.07527 -1.74473 -2.06876 -1.96872 1.33172 -0.0867534 1.49196 0.992419 -2.41235 2.59449 0.886827 -2.77247 2.59165 0.121363 -1.10891 -2.34756 1.54409 -1.16002 0.140578 -3.44016 0.64746 -1.66667 -1.27957 0.765951 0.755163 1.44592 -0.464593 3.33943 -0.491524 -0.933534 -0.823864 -1.44603 -3.003 3.06473 -0.121992 -2.39453 -0.0424205 -2.44218 -2.76428 -0.21059 0.031567 -0.472504 1.85704 0.904987 -2.72751 2.10536 -0.208875 -1.94635 -4.64139 -0.352385 -0.118623 0.227088 0.147539 0.881591 1.21804 -2.77791 0.861839 1.29556 -1.77982 -1.14065 -3.95783 -1.89592 -0.642044 -0.43338 1.23071 0.0950362 -0.771385 -1.08319 0.508224 -0.579212 -1.86626 1.46413 -0.231152 -0.163624 1.25156 3.56847 -2.4285 -0.177275 0.412809 -1.52767 0.532248 1.52917 -2.83323 -0.715507 -0.612611 -0.999266 2.15593 -1.48701 1.51659 3.68312 1.88427 -1.08925 -2.5946 2.91854 -0.623645 1.36926 0.061432 -3.25252 -0.606514 -1.03421 1.11934 -0.93029 0.356661 -0.888631 -0.529133 -1.2192 -3.5038 -0.594304 0.433385 3.47802 -1.59675 0.0897397 -2.2105 -3.10299 -0.938245 -2.59288 0.243802 2.47045 3.36486 -0.130537 -3.74447 2.07035 -0.121056 -2.33728 -3.11609 -1.02642 -0.750303 -1.41156 1.11573 -0.700583 1.2306 -3.27671 2.75322 2.0162 2.6525 -0.991136 -0.385093 0.119742 0.970786 0.213523 0.505995 -4.06323 -2.95717 0.733641 -1.34663 -1.51141 -1.22644 -0.524578 -0.199927 -0.398426 -0.555855 -0.373925 -1.13899 0.449077 2.67529 -1.46082 0.0748637 -1.34814 -1.51683 0.286731 -0.856475 -2.356 0.945848 -2.23709 1.46954 -0.101564 -3.61514 0.101455 0.0557245 0.410121 -1.31134 0.269456 -0.379205 1.69673 0.331141 -1.73738 0.969411 1.22308 -2.33576 0.161977 1.36675 2.32633 -2.77435 1.00187 5.6196 2.79189 1.06232 2.4655 -3.26451 -0.0753746 1.94025 0.737637 0.620667 -3.65818 -0.620173 -0.572757 -0.490285 0.208287 0.289999 -1.33833 -0.443755 -1.62682 -0.452635 -2.32911 2.99487 -0.832921 1.66141 0.964006 0.20668 1.44676 0.0359485 0.465083 -0.0104406 0.344538 -0.687768 -0.688429 -0.771267 2.293 0.948414 2.32895 -1.85744 3.9641 -0.579172 -1.94581 3.28349 -2.64795 1.59867 1.3764 1.85105 2.56233 -0.430348 0.864829 -0.931994 -1.2834 0.265101 1.02997 -0.73275 -1.08403 1.28037 -1.32518 0.762794 2.30487 1.71028 -0.134621 -0.0796516 -0.409844 0.652236 -0.444907 4.94384 -0.496631 1.58534 2.17879 -0.601845 0.532237 0.348826 1.72629 2.18739 -0.452408 2.57849 0.309984 -2.44699 1.13216 1.58463 1.24886 -0.575095 -2.88912 1.81904 2.08809 -0.898166 -0.824665 2.43317 2.2996 0.105291 1.27016 0.44751 -1.36329 -0.0759011 -1.5214 2.13166 0.354107 -0.802279 -2.47536 1.83253 1.66591 -1.05688 0.910839 1.14569 1.23311 1.32368 2.8913 0.222515 0.659244 1.65777 0.378511 1.62201 1.50693 0.254966 -1.23052 
-3.32595 -1.51433 1.01524 -2.65339 0.276345 -1.20177 -0.477666 -0.258086 1.22228 -3.25845 2.42878 -0.471364 -0.253897 0.8784 1.1863 -0.876712 2.45444 0.796173 0.251111 -1.78749 -2.67344 3.21113 -1.729 0.0952311 0.0885717 -0.6637 1.61416 1.1616 4.34855 0.243501 -0.714017 -0.138519 3.21151 -2.84234 -3.99952 -0.0407597 -1.31723 -0.115885 -1.18642 4.213 1.10661 0.107883 0.500593 -1.28267 -0.609031 1.89305 -0.649723 0.000903439 1.60438 -0.340602 0.149658 1.78523 0.987218 -2.71218 -1.33934 0.627018 -1.75327 0.0416319 0.132649 -2.30064 0.0596588 2.77783 1.63327 1.1774 -0.357686 -2.03912 0.716473 0.240956 0.16569 3.15591 -2.12419 -0.595743 1.81643 0.217034 0.027078 -3.58055 2.28266 2.27081 -2.13098 -1.64987 -1.34594 -0.53854 -1.67658 3.00297 2.69253 -0.0198612 -0.119525 0.390233 0.724466 -0.709765 1.48872 0.263961 2.65013 -0.66945 -2.39088 -0.78641 -0.310521 -0.266513 -0.569724 -1.77119 3.098 -0.575694 -0.165844 0.632363 4.70873 1.32966 -1.07329 1.43522 -1.46562 -0.257844 -0.683648 2.66617 -1.28241 -1.20922 -3.18925 0.171217 2.19058 -3.34564 -0.221571 -0.0232018 -1.72126 0.0779712 0.371425 1.49435 1.16824 2.92037 2.64235 1.20663 0.195335 1.07809 -0.460557 -2.39295 -2.16066 -1.05165 -1.34652 -0.105511 1.51816 -0.400516 -1.82561 0.705128 -2.02951 -0.627181 2.13277 0.0314726 1.48011 -1.65495 -1.92735 -0.0566888 0.0010771 -1.63711 -0.211127 -2.60308 0.539833 -0.100647 3.29028 2.70333 0.0431871 -2.37063 0.00133299 -1.30832 -1.29951 -0.839946 -0.430505 0.24767 -0.985699 1.37817 0.0778102 1.85599 -0.067626 -0.711986 -1.34761 -1.37731 -3.27024 1.53512 2.32966 -0.743846 1.64229 -0.125477 0.415814 0.140215 0.866808 -1.40496 1.20442 1.80926 -0.100043 -1.89195 0.220719 2.50141 -0.0880238 1.12626 -2.01102 -0.409335 -1.5164 0.0374554 -0.494098 -0.312854 1.86612 0.349524 3.13976 -0.447436 -2.38721 1.91801 1.03485 -1.41919 -0.229854 0.737098 1.29142 0.824873 0.379799 1.93235 -0.84536 0.000324549 -2.68132 0.987356 0.60498 0.414478 -1.45487 1.29015 -0.00076878 2.84781 1.37762 -2.66774 0.791175 -1.71207 -1.55643 -0.480463 -0.0195956 1.26341 -4.24051 1.57769 -1.31566 2.48286 -1.04931 -1.453 2.91011 1.25297 2.52449 0.85051 0.821292 -1.45945 1.20767 2.68473 -0.888771 -1.26667 -0.164179 -1.42245 1.00903 -2.72318 -0.0179098 3.56541 0.013893 -1.20421 -0.0622521 -0.0588174 0.305825 1.29094 -1.12603 0.790883 2.11897 0.938567 -1.61242 -0.0436829 1.77637 4.02549 2.70921 1.23847 0.342123 0.492649 1.47722 0.347053 -2.0033 1.15807 1.18965 0.749731 2.88474 -0.598644 -0.805822 2.35343 -0.174872 -0.606779 -2.38536 -2.32967 -2.84056 1.55965 -0.0493582 3.35294 0.36569 -0.982739 1.42334 -1.97391 1.51776 0.436129 0.225026 -0.627275 -0.389533 -0.355749 0.651556 2.19514 1.87851 1.13703 
0.986302 -1.68378 -1.44809 0.423927 -1.80779 0.786271 2.14398 -0.221612 -0.327341 1.83589 -1.24423 0.00893976 -0.82487 1.90208 -0.568052 0.747771 -2.44499 -1.03596 -0.279791 -1.14467 -2.66733 -0.923697 2.35298 -2.54394 -3.06371 -1.06794 0.733262 0.526178 0.975048 -1.22421 -1.94652 0.319782 2.65609 -1.33218 -0.238124 -1.78379 1.18018 -1.44084 -0.0937788 -1.75742 0.405027 2.1399 -1.83943 -1.37089 -0.234158 0.0767742 -3.73443 -0.139954 0.152964 0.63869 -0.892271 -4.54183 0.985503 1.27212 -1.88686 -2.08619 0.302712 1.3616 -0.457365 -2.09265 1.02549 -0.461165 -1.02994 2.34878 0.181409 -0.220014 -1.96257 -1.22581 -0.720029 0.957576 -0.96125 1.30195 -2.62363 0.787503 1.49197 0.36819 -1.00867 -0.79495 -0.208423 -0.58346 0.658805 -1.35337 -0.74094 1.63992 1.24453 -0.232445 -2.32233 1.44673 2.01023 2.41598 -0.577962 1.07131 -0.67056 -3.75391 2.08858 2.43408 1.43256 0.319546 -3.48675 -0.79626 -1.72165 0.841264 1.47057 2.01217 1.91272 2.10768 -0.86769 1.16456 0.938586 -1.83512 -2.43477 0.0768042 -1.70655 -2.03274 1.74616 3.21292 0.820314 -0.344588 2.01319 -0.0139192 -0.268597 3.92722 -1.74411 0.389994 -1.74051 -3.28541 0.831559 -2.9065 0.103387 1.75856 -2.20681 0.55544 -1.20704 -1.23017 1.63368 2.58563 -0.57097 -1.6758 1.19039 0.242359 0.376711 2.06968 -2.98042 2.82526 -2.13159 0.464625 -0.00686214 -1.37575 2.29215 -2.61875 1.72228 -2.3532 1.51202 -2.39274 2.17673 -0.958976 0.863938 1.91861 -0.49597 -0.944676 -1.55968 0.604793 1.35696 1.63489 -1.30243 -0.128445 1.94969 2.49558 -1.84554 -0.242455 0.144755 0.342109 1.33252 -1.85466 0.221316 1.16448 1.4245 -1.28948 1.2776 2.0643 2.65488 -1.04556 0.65671 -0.93166 -0.619233 3.8459 4.33408 -1.42756 0.219411 -0.828433 0.623627 -3.33602 1.27252 1.66731 -3.09549 0.283193 -0.796474 -0.48936 -0.140772 0.352877 -2.01897 0.547758 1.19335 0.892673 0.379402 -0.941581 0.107762 -2.13697 2.59125 -1.06542 -2.35721 -1.4091 1.54436 2.21925 -0.686746 2.74195 -0.552772 -2.47165 -1.88861 2.00424 -2.87537 -1.08309 -1.07924 -0.129338 -0.531522 -2.19133 -2.16496 -0.243766 1.943 3.05905 -2.36673 -1.70789 2.83623 -2.37189 -1.65866 -0.0782541 -0.357861 0.0436973 0.0477307 1.16091 -0.567514 1.96738 -0.262004 2.06404 0.199262 -2.41644 -0.687831 2.58774 2.8409 -0.679057 -1.54514 -2.29475 -1.47748 0.232904 -2.81023 0.187951 2.09935 0.792439 -0.753238 0.0335247 -1.71138 2.78786 1.04554 0.749698 -0.578239 -2.02528 1.96903 -0.720201 -6.61423 3.78051 -0.301164 -0.667238 0.906359 -0.505896 0.388358 -2.59763 -0.616569 0.251301 -1.71867 0.968688 2.5298 1.82081 -0.0270748 -0.626977 1.74649 0.618143 2.65045 -2.60001 0.25035 -0.653805 1.87858 2.90796 0.873263 -1.99484 -1.66178 -1.75342 0.242192 5.33545 -0.439927 0.74813 
1.12132 -0.668985 0.157383 -2.67845 0.746161 -2.53933 2.16349 -1.46817 0.429601 4.088 0.182169 0.34222 -0.119259 -1.0696 -0.701256 -0.358226 1.12986 0.368761 0.713678 -1.4196 -1.08994 -2.02983 2.2803 -0.435315 2.29041 -1.93369 -2.14443 0.20651 -0.203457 -0.120684 -1.31271 -1.30867 -0.650501 -1.75327 0.834531 2.26045 -0.186479 1.21421 -1.52483 -2.29458 0.210439 1.51781 1.11509 0.13014 0.724261 -0.436491 -0.0934338 0.170283 0.641572 -0.994922 0.706473 1.65114 -0.410679 1.92101 -0.162757 -0.0785401 1.72288 0.0595662 -0.0490968 0.234221 -1.8693 -0.795678 -1.55997 0.157218 -0.512466 -0.811912 0.629548 -0.951847 1.57534 0.335903 -2.0988 3.36368 -2.90401 0.284998 -0.48002 -0.406354 1.61715 1.10081 -1.53687 1.27779 -1.81136 0.93801 1.0492 -1.04724 1.38084 0.197832 1.0557 2.13138 -1.27128 -4.09625 -0.139099 -0.170777 0.393749 -1.70918 -1.272 -0.678252 -0.293701 2.96551 4.29096 -0.475284 -0.720424 1.17782 0.724872 -1.21928 -0.128158 0.788277 0.857739 0.0323071 -2.35862 -0.370639 -0.37327 -0.958519 -0.512182 0.677919 -0.955616 -1.46202 -2.70202 0.895097 3.70327 1.94819 4.37436 -1.24494 0.157028 1.66846 2.2791 0.736295 2.76517 -2.7434 3.98437 1.55092 -0.720764 0.342432 -2.03422 1.59134 -3.66998 -4.25135 -0.540437 -1.58564 1.6071 2.36757 2.45484 0.050482 -1.64883 1.4854 -0.853998 -1.41144 -1.25757 -1.50467 1.25362 0.241857 0.195454 -2.72218 -0.289275 -2.81825 -0.813308 1.50487 0.834108 -0.669973 -2.06475 -1.74186 0.573762 0.205418 -2.79207 -0.44662 -0.892263 -3.67022 0.0906612 -2.18738 -0.661695 -0.993867 -2.62533 0.47223 1.39918 2.26275 2.27994 0.618943 2.95609 0.763973 0.563928 -0.198561 2.69394 0.451154 -0.636682 2.3427 -0.710434 -2.18605 -0.665636 -0.845458 -0.0819163 0.353917 0.545795 0.653334 2.07123 -0.320544 -0.0468502 2.62776 -1.98139 -1.56779 -0.118577 -1.57921 0.0753846 1.54681 -1.73367 -2.50778 -1.51624 -0.89343 -0.215413 -3.51945 0.0696138 1.27903 1.36127 2.52205 -1.84855 1.40758 -1.1696 1.62564 -2.25001 -1.75783 1.23559 0.340756 1.66092 -0.306277 0.397962 -0.7234 -1.67922 -2.15147 -0.433664 1.2434 -2.96588 -2.3615 1.4238 -3.33451 1.07323 -1.01902 2.38718 0.405721 0.488247 0.766636 2.31418 2.529 -2.83458 -1.31718 2.15764 1.47476 -0.952397 2.02635 0.485035 -1.90932 -2.10536 -2.40557 1.51182 1.36592 2.97335 -0.0614781 -1.16744 0.836435 0.650827 -1.23751 0.191351 0.617682 -0.22031 -0.267978 -0.00363636 1.17984 -1.77708 -1.40315 -1.91024 -1.61245 0.792644 -1.49182 -0.358412 0.114527 1.70999 -2.98327 -0.762016 -1.44434 0.811966 -1.48617 1.51866 2.17507 3.18464 1.2501 -1.67093 -3.02963 1.95882 0.241899 -0.270194 0.499283 1.03001 -1.51941 -1.79409 0.678082 1.28552 -2.49437 4.74333 2.32713 -0.728769 3.02371 0.716358 3.86033 
0.276552 1.32574 1.53613 -4.09749 1.79607 0.81046 2.2858 -1.70106 1.28856 -0.197647 -0.478727 -2.57346 0.450692 0.803877 0.490064 -0.266283 -1.62929 -1.89231 1.54704 -1.93826 2.39097 0.716968 0.416943 -1.1851 0.253635 1.99364 -0.508683 -3.84443 2.72311 1.10009 0.0149816 0.0383963 -0.710541 -0.814461 -0.673296 1.71459 1.6832 2.39225 -2.26704 -2.05486 -0.699393 -4.39544 -1.06583 2.593 -1.66928 -4.04696 0.210013 0.912031 1.7255 -0.422833 0.213113 -1.55765 2.32995 1.19695 2.43399 2.30945 -0.810423 0.271005 -1.16386 -0.00329094 -1.67859 0.078232 1.91229 0.196045 2.889 1.14871 0.781089 -1.40283 1.086 2.81607 -0.462472 1.8413 0.891871 0.258338 1.46692 -1.65865 1.79649 -0.226171 1.37978 -0.0149219 -0.00635251 -2.30338 1.62914 -1.52004 0.0519114 2.98037 0.263836 -0.347861 3.43305 1.59883 -0.00783256 -1.99409 1.59751 -0.692866 0.559845 2.66471 -1.39256 0.700954 -1.68778 -0.25135 -2.00962 2.34275 -0.723399 -0.462286 -0.0663067 0.134241 2.40217 -1.29615 1.07303 0.509158 -0.137146 1.44199 0.669938 2.03095 -0.325539 3.13671 0.483546 -1.8889 -0.207851 -0.169626 2.38344 2.22975 -0.845465 1.42023 -3.97463 -0.25728 -0.481636 -0.140595 -1.22548 2.82183 0.825758 2.44457 0.727486 0.346159 -4.10797 -1.00365 -1.60143 -1.52198 2.36068 1.79909 -0.903355 3.41303 1.86534 0.527522 0.854585 0.474004 -2.90542 -0.0219481 -0.270602 -0.721369 -1.5765 -1.729 0.914426 -0.884159 -1.78618 1.49567 1.75629 1.3293 0.196213 -0.398869 1.69291 0.427611 1.87729 1.39875 1.97294 -1.78817 3.13456 1.10735 -1.7878 -0.00776446 1.41877 3.30267 -1.83232 -0.988626 -1.32315 0.702887 -0.163447 -0.529515 -1.00681 0.837127 0.857938 -0.656832 0.607982 -2.36358 -2.82168 1.12251 0.816227 0.273155 1.74095 2.09916 0.838804 1.38641 1.27118 2.81532 -2.47836 1.03959 3.46756 -2.21828 1.0816 -1.59832 1.54647 1.73184 -0.27528 0.982136 -0.408454 -0.255543 -2.10144 -2.43598 -0.54288 0.130095 -0.836361 -1.22342 1.02942 0.424387 -1.05382 2.72154 -3.68782 -0.140774 1.86757 2.69161 0.785909 -0.422669 -2.60694 -1.37578 2.45304 0.472956 -5.24456 0.200073 0.619408 -0.498317 0.334839 1.27611 0.992079 -1.30072 -0.629467 1.07056 -1.09789 0.607268 -2.20653 0.813236 -0.953032 -2.1128 1.38431 -0.450391 4.72924 -1.6172 -0.48957 -2.80958 1.17348 0.0370372 4.57569 -0.457448 -0.979726 -4.72703 1.58856 -2.1256 0.382574 -0.155556 1.86462 -1.6679 0.0658389 -1.46189 1.24672 -1.97022 -0.176302 1.68398 1.54222 -3.06184 -0.746721 -1.10274 3.08761 -0.429818 1.09854 -2.04433 -0.722504 -1.1968 3.31858 -3.05595 0.180091 -2.55128 -0.38507 1.83995 -1.15244 -0.927991 -2.34616 -1.33919 0.865463 1.55211 0.78366 0.479815 2.34119 -0.510614 -0.964228 1.06564 0.107938 2.34717 -2.6517 -2.6613 0.118473 -1.22012 
-0.918632 -1.20802 -1.24358 -0.409527 2.37763 0.790141 -0.468224 -1.95996 2.02745 0.400462 0.493003 -0.409913 -1.11937 -0.496742 0.190522 1.17148 -3.07222 -0.872636 2.21671 0.0767815 1.00089 1.00163 1.8193 -1.45014 0.0805737 0.88062 -0.376044 0.603112 -0.555065 1.62465 0.0305366 -0.712822 0.521609 -1.56206 -1.81368 -0.453191 -0.10776 -0.314671 0.237894 2.70909 0.543557 -1.25787 0.629305 2.00727 1.20657 -0.424575 1.4951 -0.686244 0.402045 0.268006 -0.37901 -1.04639 0.256136 -3.18038 1.57058 1.22484 1.23512 -1.38933 -1.50439 2.26935 -1.63468 -1.80907 -0.179392 1.36054 -3.07299 2.77976 2.57139 -1.08008 -2.21052 -3.67828 -2.85847 0.331799 -1.72091 -0.65528 2.29337 -1.82041 0.120118 1.32904 -2.63005 -5.199 1.31481 0.0740792 -0.215511 2.54562 0.763682 2.98185 1.89568 -0.398298 -2.11555 1.24006 1.24026 -0.455636 1.84863 -4.69754 -0.144755 -0.270231 -2.09327 2.0135 1.63709 1.2515 1.2038 -4.63145 2.04993 1.57918 -1.06962 0.451581 -0.116898 0.989123 -0.207401 0.532802 -0.501289 -1.15078 1.1322 1.64512 -0.37903 -0.476359 0.356011 3.83488 1.55537 -0.489791 2.82403 1.81106 0.575466 -1.50709 -1.26615 -2.32657 -2.73452 -1.3077 -0.0968865 2.02572 -3.60642 -0.90212 -3.03624 -3.29179 -1.551 0.0695848 1.13408 -2.58538 -0.853125 1.09562 -0.511125 -3.15449 0.135763 -2.43442 -3.28736 2.80202 -1.15286 -1.46624 -2.89511 -1.84244 -2.3295 -1.26211 0.753705 2.44375 -2.68815 1.5722 -1.25079 1.14711 -0.382379 -0.0433334 -0.805614 0.159772 0.477885 0.355283 -0.741367 0.801252 0.391025 0.811263 -3.71678 3.17353 -0.59608 2.43933 -1.13088 -0.270916 -2.0741 -1.58023 0.777557 2.58261 1.56568 1.17691 2.95922 1.30213 0.744357 1.53225 2.86606 -0.269544 1.18852 -0.128194 -1.32841 -3.46945 -1.10413 3.92885 1.53331 -0.545365 3.04822 -0.34777 -0.97625 -2.05257 -2.26255 -2.60216 -1.50441 0.163336 0.879472 4.26873 0.115248 2.38536 3.16036 2.21698 0.433069 1.613 1.8846 -3.51551 0.725682 2.30269 0.495269 -3.47726 -1.16818 -0.824865 0.308242 -1.92729 -2.9743 0.411918 -1.64729 -1.07401 -0.302865 3.00145 -1.38775 0.420701 2.30335 0.352846 -1.75495 0.260476 0.623202 -0.444405 1.4881 2.01881 -1.37456 -0.817768 2.08801 1.83011 -1.53345 0.584986 -3.54525 1.33762 2.40986 0.774115 1.14245 0.0375846 -0.148683 1.41309 -0.438284 -1.09159 -2.33793 2.31764 0.462293 -1.93182 -1.09266 -0.650095 -1.31575 -1.30632 0.302745 4.26906 0.204297 0.221611 -0.394416 -0.0218263 -1.86312 2.65382 -1.99127 1.03619 -1.84753 -1.05882 0.546895 -1.83786 -0.590513 1.72366 -1.95563 -0.971088 -4.34814 0.966348 -1.84457 -1.91017 -0.69172 -1.6769 0.344318 0.381969 0.110423 0.955697 -0.309331 -2.29093 1.51802 0.263456 -0.440884 0.0171933 2.3642 -2.16834 0.471081 -2.08138 -0.0670997 -0.283327 
2.23258 -0.568919 0.605132 0.944763 -1.03094 -1.58865 1.11783 0.842475 -1.70873 1.01864 -0.911003 -0.518169 0.601905 -0.270803 -0.164172 0.753387 1.78949 -0.137416 -1.89065 -0.951896 0.842111 1.90488 -0.845656 4.7659 1.21351 -2.43153 1.78624 -0.604345 0.0313633 -0.638438 -2.99787 -0.0446727 -0.520293 -0.474441 2.32015 1.44527 -0.396004 0.504891 -2.4965 0.409539 -0.157647 -0.316816 1.04077 -4.69533 -0.970879 -0.305925 1.74781 -1.05117 2.42902 -0.033152 2.52189 0.611199 -1.10877 -1.04451 2.12317 1.00293 -0.488005 1.47862 3.44972 -4.45192 -3.44705 1.00638 -0.591815 -0.423705 3.44074 0.328843 0.0648659 -0.239146 -2.69968 -1.50667 0.965087 0.740878 -0.763012 -3.01065 -2.0732 -3.12054 -1.30257 -0.931048 -1.87172 2.03506 1.24864 0.857817 -0.0964269 -2.62225 -3.29014 -1.13157 -0.191939 0.402792 1.18118 -2.57217 -0.414797 -0.708777 -0.224157 0.701936 -0.996352 -0.0527703 0.469522 -2.04004 -1.47723 -0.463341 0.978086 -3.39303 1.72166 -0.75932 -0.175771 -1.04649 -1.30705 2.19383 0.684287 3.20604 -0.336772 -3.59418 3.59993 -1.87471 -2.42266 -1.43273 -0.703232 -1.56829 -1.43218 1.84645 -1.50153 1.35523 2.14968 3.36042 0.950213 1.06723 1.15775 1.06082 1.10611 -1.84169 -0.0706886 0.854541 -3.71701 -2.16896 -0.530987 -0.0839862 -0.333639 1.43179 0.233541 -0.348737 -0.352718 -3.82782 -0.994288 -1.18279 -0.248014 -0.036083 0.103891 -0.00108111 1.5926 -2.54666 -1.61985 0.246015 0.581917 2.66665 -0.291469 -0.998582 0.955342 -1.32706 2.68891 2.44908 -0.563554 -0.144233 2.37344 1.14425 2.14092 0.298201 2.88214 0.462039 0.036099 -3.15649 -2.34404 0.386037 0.206623 1.98648 1.77136 -3.11798 -1.05611 0.0218647 -0.819177 -0.627163 0.413024 2.26896 -0.190029 -0.924304 -1.17271 2.04312 -1.34968 -1.59951 -0.436538 0.128198 -1.36382 0.327855 -2.94691 -3.77086 2.76322 -0.439146 -3.52276 1.17233 -1.0143 1.17298 0.107493 -2.89492 0.185475 -3.24717 1.963 0.161523 0.308506 -1.12051 2.74964 -0.965286 0.869317 2.70877 -0.839496 2.18759 0.180115 1.82884 1.25167 -3.36227 0.281805 1.07527 -2.02436 -1.44045 -1.54712 -0.136343 0.0112186 1.71462 -1.74886 0.319511 1.07646 1.66826 1.73961 0.197601 -0.444331 2.9514 -1.90935 2.80435 0.950851 1.13185 -0.319783 -3.20993 -0.181675 2.03249 -0.963331 1.27289 -0.0605412 -0.486935 -2.30428 2.40184 -1.18924 -0.240482 -0.358386 3.04297 1.32907 1.85255 -0.852172 1.81153 0.476051 0.864107 1.20605 2.34668 -2.226 0.873871 -0.279959 0.297958 1.99791 1.64011 -3.69337 0.693675 -1.63052 -1.515 1.52343 2.69761 -0.915943 -1.60128 -1.08827 0.80482 2.77035 -1.16956 0.215865 2.06317 -0.192185 3.60177 2.36121 -3.14158 -1.98775 2.48234 0.92741 -2.29964 0.85163 -1.1648 -0.276078 -0.492335 0.735763 -0.00338941 0.736056 2.38177 -1.52246 0.53397 -2.3616 -1.67771 
-1.55039 -1.47934 1.09328 0.691046 -4.11085 -0.00182182 -1.67854 -1.56392 1.92366 1.16967 0.0103654 -0.574912 2.08649 -0.323725 0.948234 0.486629 2.76239 -1.74225 0.473272 1.39831 0.429998 -2.26486 -1.60367 -0.862329 -4.26444 2.51408 -1.78489 2.46511 1.08404 -1.87428 -4.14875 -1.75828 3.21495 0.455519 -0.414797 0.72291 -2.67483 -2.94324 0.838524 0.630426 -0.458151 -1.30112 -1.33122 0.434944 1.21065 -1.96483 -0.35697 -1.14898 0.396479 -0.135938 -2.09247 -1.18504 1.15538 -1.01482 1.38212 -2.88696 2.47157 -1.37535 0.289393 0.187841 -0.332425 0.492346 -0.365737 0.530609 -0.220018 -0.808645 -0.139403 3.73529 1.85911 0.536147 0.70942 0.954956 3.09958 1.30374 -1.70857 2.03117 2.56681 -0.485578 3.19893 0.333719 -0.698898 0.97061 -2.18277 -2.17619 1.69021 1.85162 -2.29798 -0.860311 -0.11286 -0.223236 2.33638 -3.04341 0.517482 -0.705727 0.655092 -2.37837 -0.167467 0.0637934 0.351291 0.351151 -1.10102 -1.04247 2.7578 1.44794 2.04227 -1.21361 -0.227514 3.34525 0.414699 1.70642 -2.40619 2.24336 -0.266969 2.58111 -2.73294 2.76947 -1.73132 -1.01715 -2.2576 -2.76488 0.727045 1.46316 0.956775 -1.70578 -0.53244 -1.49955 2.61447 -3.34399 -1.48574 0.30988 -1.44491 4.06713 3.3609 0.836556 -0.141353 0.848852 -1.88999 1.62786 0.54951 4.06561 -1.12541 1.19886 0.869886 -1.55037 2.03127 1.13581 -1.84496 -1.63968 1.56926 -3.0961 -1.87444 0.150222 0.455148 -2.24937 -1.63307 4.06069 5.40125 -0.867859 -2.1076 0.884642 1.28094 -4.26951 -0.324174 -0.360022 -2.0365 -3.10204 3.30521 -0.800442 -1.23092 -0.216899 -2.65394 -0.976723 0.134461 -1.967 0.188338 -2.74985 -1.86462 1.34276 -0.184218 -2.03816 0.0801377 -2.36465 -0.227265 2.14953 0.408347 -0.906016 -1.82604 1.12487 -0.479513 -1.99159 1.39448 -1.55712 1.10827 1.80707 -0.109564 -0.260515 1.75749 0.85453 -2.49937 -2.33628 -0.186704 -0.00257698 -0.291019 -1.18714 -2.29378 0.0278035 -1.41141 -0.673989 1.25353 0.193959 0.515979 1.1112 -0.460676 -0.31111 -0.346481 2.89312 -1.21949 -3.83152 1.04126 -0.574167 0.722928 -0.27628 -1.11967 -2.9385 0.412637 -0.0187101 0.661108 0.223134 0.57086 -0.21977 -1.02989 -3.26523 3.41279 2.59808 -1.16666 0.38876 1.28925 -0.63441 -0.185122 0.205302 0.230525 1.76737 1.6419 -2.57344 -0.748549 0.673373 2.52703 0.0770932 2.79981 -1.27031 -1.90695 4.20075 2.11376 -1.36101 -0.288208 0.129901 -4.94591 2.48879 2.17531 -1.33978 -0.672955 2.62962 0.454115 2.84258 -1.78196 2.759 -0.989102 -0.951812 1.27789 0.190043 1.0386 0.0890168 -2.30585 -0.517327 2.497 -3.23227 1.69499 -1.79068 -0.517156 -1.69389 -2.3105 2.34092 2.07145 -0.186886 -2.28248 0.413084 1.84933 -1.99065 -1.01068 0.518628 2.07733 -0.747865 -1.27085 -0.469566 -2.95368 -2.1192 -2.30482 0.736716 0.108997 0.225952 
0.473973 0.220734 0.223686 -2.56123 -3.64477 -0.500802 1.39284 -1.34836 -2.9049 0.00653204 -0.721122 0.965087 -2.39058 0.837025 1.89194 -1.87941 0.662783 -0.55877 -1.93053 -1.04836 2.58196 3.32008 -3.73594 -1.8267 3.00081 -1.79388 -0.131223 -0.192908 3.91674 1.85592 0.458963 -0.106007 2.80473 0.101089 1.26309 3.93532 0.288641 1.1387 -3.50737 -1.15677 -1.14233 -1.04935 0.150845 -1.65523 3.06583 -1.01667 -0.57464 -0.646851 0.244798 -0.504956 1.52168 1.2434 0.379715 0.48049 -0.685688 -3.21402 2.29724 1.88324 0.273448 -0.517136 2.45266 0.369076 1.00476 -1.32571 0.819415 -3.8755 -2.05516 -3.32597 0.427738 -0.121687 -2.64879 -0.226499 -0.42323 1.67301 0.0851929 0.216644 -0.00444705 0.531646 -1.00547 -0.469748 0.318707 -0.117489 0.273694 0.518997 1.28847 2.39926 -1.11248 1.92031 1.78898 1.46179 1.82899 -1.7721 1.89056 1.04541 1.47732 -1.04943 -2.986 1.26445 2.33385 -1.10179 -0.58758 0.629688 1.02738 -1.38781 -0.942806 -2.42596 -1.83556 1.0372 -0.759689 -1.85341 3.32801 -0.852731 -1.56605 -0.0931376 0.250482 -0.713562 -1.25906 0.392142 0.566905 0.316378 1.75709 1.11528 1.37975 -0.0713185 1.97671 -1.41814 -0.265424 0.518121 -0.631517 0.218971 -0.897522 -2.30317 0.782992 -3.28843 1.87882 1.04703 0.0755602 -1.19999 1.37869 -0.628342 -0.544666 -0.615776 -0.424775 0.352746 0.780672 1.0308 -3.03968 -2.78743 -4.25043 1.98333 -0.698762 1.17602 -3.99298 0.346009 0.195347 2.85526 -1.82689 0.697295 1.45206 1.42092 -1.75905 -0.190207 2.74352 -1.12503 0.564414 -0.236967 1.99364 0.038308 3.72024 0.0682136 -0.693879 -1.45556 0.109943 1.61543 0.628518 1.82383 1.4032 -0.136693 0.481055 1.58695 -0.627165 1.13558 0.497206 2.41189 0.129449 0.190907 -0.0693441 -3.41596 -2.75605 0.769638 -0.222128 1.07116 -0.303815 -1.3675 -0.170466 1.16243 1.5605 -3.21965 2.89392 -1.49982 -1.48213 -1.16278 -0.194477 -0.989618 0.229998 -1.42913 -0.804437 -0.188772 0.238702 -1.48521 -0.181792 -0.796802 -0.60042 0.494163 -2.00055 1.51777 -2.29115 -2.46992 0.805375 0.729834 0.92382 1.62792 -4.05848 0.525614 0.419987 -2.10181 1.65441 -0.328296 1.26319 -0.337132 3.81201 -1.44391 0.834028 -1.14191 1.94844 1.50259 -2.23803 -1.85714 -0.313229 -0.0622583 -1.39325 -2.58812 1.58563 0.0129689 0.681371 0.287689 0.858068 1.82545 2.79464 -2.06765 4.17973 -0.109672 -1.71519 0.967491 2.96894 1.37065 -1.37515 -0.498888 1.55511 1.39964 -2.51511 1.853 -0.663808 -2.05001 -1.62149 -0.546709 -0.0199604 -0.031803 -0.0541362 0.0923761 -1.59157 -3.54593 0.621441 3.19794 -0.16169 0.414875 -0.706414 2.50377 0.282263 0.698923 1.80164 -0.0237649 3.92332 -1.77896 1.30603 -0.552061 3.10027 -4.90386 -2.73724 -0.150801 0.310602 0.534976 2.65168 -1.95295 -1.22373 -1.96534 0.485884 -2.25576 0.518596 -1.21821 
1.68823 -0.107623 -0.759872 3.26956 1.00407 -1.35287 -0.446571 2.3637 0.756564 -0.352086 3.78001 2.12305 -0.4473 1.37673 -0.115577 0.574114 1.98146 -1.44724 -1.63753 0.320423 -0.4148 0.173719 -1.3598 1.04606 0.700764 2.70181 -1.46488 2.83799 5.6372 -0.387255 -2.66891 -2.20667 2.89308 -2.52767 -0.950261 0.748517 -0.835231 1.36398 -1.14332 1.19462 1.5169 -1.31161 -1.57669 0.449767 0.138799 -1.73939 0.326041 1.01992 1.58679 4.05865 -0.579657 2.55076 1.79025 -0.963397 -2.19484 -2.52948 0.843961 -0.190313 1.56468 1.75964 4.92746 -2.97425 1.39055 -1.46885 -2.93448 -2.68306 0.946726 -1.84607 -2.02845 -0.69674 0.577531 3.04166 0.342765 1.66123 -0.381089 2.96477 -4.1643 4.19167 -0.287927 2.26783 0.000713566 1.61827 0.0719707 0.10387 1.7669 2.96402 -1.32678 0.16399 0.542944 -0.58214 -1.23675 0.473148 1.37134 -0.869631 -2.69946 -1.00628 -1.67333 1.93616 -0.743792 -1.59111 0.206675 2.80584 -1.72499 0.568767 -0.0176241 -1.51435 -0.678056 1.97563 -2.15137 -1.28547 1.69017 -1.18323 -2.02286 -0.413854 -1.23516 2.7911 0.197317 -2.12622 4.28414 -2.38786 0.524536 3.02265 2.88146 1.74741 -2.30868 -1.71776 -0.33658 1.46522 -0.260445 -0.704868 1.27491 -1.60108 -2.76679 1.12072 1.15837 0.849249 -0.130156 2.29147 1.74228 1.4411 0.980349 1.21675 -0.58094 -0.377555 0.82262 -0.174012 -0.793778 1.15029 -1.81824 -4.09055 -0.369557 -0.495162 -0.401443 -2.29895 0.668564 1.63897 1.15507 -4.25168 -0.677589 -0.388309 2.35416 -4.54437 -1.64212 0.272837 -1.99788 1.53175 0.177067 -0.148687 -4.69795 -1.81225 -0.388231 -0.341455 -1.30623 -0.812872 0.228194 2.38299 -0.213716 -0.901866 1.79229 2.61494 -0.9635 -0.171222 0.486285 2.64525 1.52672 -0.890042 -1.67958 1.00498 -0.17066 2.56367 0.108296 1.74222 0.0352868 1.03155 1.76041 0.765537 0.46721 2.21292 2.02314 -2.81224 -1.89617 -1.78371 -1.79625 0.573956 -0.559598 -2.14612 0.117807 -1.10651 1.00538 -0.263877 0.0206671 0.0560675 -0.325739 -1.58581 -0.853862 0.243821 0.409524 0.259808 0.590699 -1.11709 -0.57656 0.721903 -1.91353 0.841564 1.62537 1.91616 -1.21246 1.26725 1.02462 0.848016 -0.406351 1.77816 2.01133 2.65049 -2.04095 -0.298195 -0.618974 -1.01129 -2.09964 3.528 1.10172 -1.62241 -4.06415 1.22781 0.263084 1.21414 0.594455 -1.19261 1.46321 2.06403 0.056009 1.94409 1.02794 0.621142 -1.47175 -0.93698 1.90609 1.21508 -1.40372 2.69677 1.73612 0.186972 1.50155 3.39048 -0.939936 -1.11718 -0.223328 -0.0195826 -2.89316 -0.368735 -0.167301 -1.28348 -2.44836 -0.885706 -3.94229 0.532349 -1.75843 1.37258 0.973168 0.285845 1.27804 1.31554 0.555537 3.3933 0.501465 0.324567 -2.1372 3.45331 2.0267 0.178888 0.222468 0.383193 -0.349218 -2.27481 -1.14794 0.748336 -0.866387 -1.13129 0.139872 0.279043 
-0.575694 2.78328 -0.627511 2.73734 1.0237 -3.0043 -0.516585 -0.776092 -0.260804 -2.12296 1.81731 1.72267 0.286145 0.0920355 -0.174524 -1.19756 1.95758 -0.542574 0.661248 -3.66168 1.41246 0.645756 -2.11198 1.30594 0.451412 3.57511 0.365594 0.957524 -3.08708 -0.789484 -0.431831 -1.0846 0.836887 -1.88399 -1.4516 1.39543 0.340126 3.12097 2.0677 0.0601789 -0.363306 -1.66913 -2.36444 1.0052 -0.49464 1.90372 0.845957 -2.38461 0.0341053 0.440761 -1.72435 -0.616586 1.6026 2.32317 0.536591 0.906116 -1.32091 0.0913461 0.786084 0.201026 -2.58161 -2.68661 -1.73033 -0.379706 1.34479 -3.60833 -2.10512 -1.28977 -0.36357 -0.683446 1.76489 -1.51558 1.39864 0.853974 3.28702 -0.547659 0.12565 1.94311 2.18486 -0.0369834 -0.298552 0.548003 -0.297127 0.223764 0.0951474 -0.0797348 -0.654446 -0.187579 -1.5822 0.200356 -2.62596 -0.722071 1.55485 -0.0783487 -1.17994 1.80342 0.345145 0.150581 -0.618867 -3.82628 -1.08898 0.376592 0.389378 0.426001 3.90937 -0.0341504 -2.14724 0.392244 2.67052 0.838647 0.36307 2.79107 -1.90034 1.19528 -0.149487 -1.55434 -2.36566 -0.414566 2.10381 0.71257 -2.25347 0.834749 -0.788186 1.25429 -1.27552 2.28104 2.03398 -1.23082 -1.3931 -0.798083 -2.1193 -2.9875 1.07902 -1.02331 -0.735308 0.723471 0.588622 -0.662331 -2.84309 1.41302 -0.304406 -0.408505 -1.29605 1.75038 2.18469 -0.408735 2.09714 2.14552 0.715871 -2.23584 2.38559 -0.814455 -2.46205 0.647398 -0.216789 0.934834 1.35577 -3.03192 -1.45447 -1.40871 -0.975847 -1.93627 1.25225 -1.59444 -2.73236 -0.540838 -1.33478 0.522102 0.944122 2.97191 -2.44441 -1.58937 -1.11564 -0.353632 1.65437 -0.970508 -0.323646 -1.05279 0.446575 0.780299 0.170622 -0.174642 -1.70188 0.568504 0.239874 -0.117931 1.76544 -1.67503 1.20727 2.83036 -1.92354 0.867242 -0.656435 -0.705744 -3.17302 -0.721615 -0.258652 1.40954 0.580904 0.111081 -0.055312 -0.989352 -0.0245579 -0.483086 -0.7511 -0.250053 3.01386 1.80795 0.691762 1.3564 -0.0551271 2.37697 1.47868 -1.80821 0.410269 -0.19967 -0.33999 2.62802 1.08681 1.9952 1.15915 0.390452 -0.666264 1.50568 -0.104143 0.228104 -1.25647 -3.29502 -2.03533 -0.369613 -2.15458 1.62222 -1.64204 -0.516751 -2.80258 0.093932 0.698043 -0.776075 -0.146945 0.930339 -3.30755 0.751999 1.37335 1.87926 0.116367 2.99554 3.35503 1.00995 -0.0581274 0.901019 1.47915 -3.57335 -3.25932 0.115456 -0.668045 -0.216171 0.0683209 -2.14315 1.24051 0.97752 -1.10639 -3.37085 2.69085 -0.44485 -2.44728 -2.33272 1.25149 1.85532 -0.856616 0.0930947 0.841421 -0.213492 0.184321 1.61514 -0.934802 0.565314 -1.90783 -1.43382 2.05094 -4.12722 1.3217 -1.5977 -0.224266 -2.40664 -1.2892 2.66881 -0.0738958 -2.37676 -0.116236 -1.67494 0.237501 2.0565 2.08794 -2.46084 -1.0899 -1.94175 1.61641 0.982537 0.516129 1.75598 
2.80649 1.14422 1.69377 0.991249 -1.93548 -0.481445 1.25614 0.239991 0.20002 -1.56365 -1.94266 -5.14675 0.140523 0.98597 -1.94247 -3.40525 0.192565 2.52152 1.44404 -1.35821 2.64816 0.028731 -2.18959 -0.818563 1.20471 -0.135905 0.185818 -1.95015 0.893119 2.27543 -0.0703398 1.95584 -1.78302 -2.27267 -1.20315 0.116932 -1.04415 -0.389258 0.0288528 -1.05383 -0.3715 1.32514 2.1969 2.93315 0.209575 0.39332 0.721729 -0.131528 3.25347 0.460766 0.346892 -1.43477 -1.66446 1.53385 -3.51181 -1.14103 1.01281 1.44759 0.593775 0.88515 1.62969 1.69474 2.06034 0.712876 0.587588 0.234244 1.13009 0.351296 1.15157 -0.197189 -1.16942 -0.109818 -1.28063 -1.72561 -0.00159036 2.11417 -0.465327 -4.6462 -0.329859 -0.151964 -0.529699 -2.66372 -0.192932 0.980953 -1.18946 -3.07921 2.12886 2.37878 3.17078 -2.05957 -1.92561 -0.160215 -0.375643 0.0223376 -0.881562 0.352827 0.369095 -0.0720138 0.593726 0.676219 0.759914 -1.1321 0.400674 -0.427263 -3.31857 -1.78458 1.65297 -1.19232 2.80319 -0.560425 -1.78438 1.1943 -0.336479 -1.00647 0.905959 -2.95395 -1.28643 -0.767535 0.377683 -0.116726 2.33146 3.27566 1.88815 -0.865961 -0.297469 -1.05201 2.11306 0.784341 0.773907 0.978804 2.23206 1.29905 -2.36393 0.228878 1.14315 -1.9553 0.716954 -0.85664 -0.388008 -2.17024 3.38782 0.44199 -2.21309 -2.24237 1.82234 -1.44509 2.12319 0.128324 0.481874 -0.381039 -2.47932 0.351884 2.68563 -1.69248 -1.32271 2.51337 -0.835731 -2.57157 -0.58317 1.40698 0.474241 -0.30606 0.864189 -0.710792 0.147078 -1.20257 -1.92839 -1.34985 -1.26863 1.08788 0.00391976 0.0615512 0.605443 4.30185 -1.37418 -0.364219 1.23902 -0.0394131 -3.16368 -1.65058 -0.957624 -0.281909 -2.48166 0.239253 1.75425 -0.0427666 -0.229711 -1.02139 0.0693284 0.741679 2.49614 4.55422 2.84935 -0.649849 1.6881 1.60179 -0.103014 -0.51478 -1.00035 0.0589663 -2.45275 -0.798674 3.47019 -1.21996 -1.65197 1.7912 3.07307 -0.762437 -1.5583 0.743076 4.24741 2.07687 -1.07403 0.868784 -2.41949 -0.264023 -0.382039 0.777487 -0.163531 1.03546 -2.1499 -0.00798216 1.03386 1.02511 1.0092 -3.49422 1.92542 -2.19833 0.836602 1.39487 -0.214353 -0.494565 -0.227023 -1.67731 -1.25256 -0.855534 1.36636 4.02198 -3.65693 -1.17732 -1.89092 0.36367 -3.18415 -0.151023 1.06875 -1.14953 -0.0317503 -2.53925 2.52189 0.771713 4.99814 -0.176913 -1.67119 0.643059 -2.56278 1.88716 0.762243 1.84807 1.77912 -0.224559 3.4037 -0.612634 -1.96352 2.10555 1.2548 -0.57411 -0.131176 -0.96145 1.12357 -0.945253 0.85909 4.00679 2.40069 -2.23193 -1.41787 -2.24943 -0.438771 -1.20453 0.773808 0.778815 -2.1558 1.46918 -0.973952 -1.08455 0.576836 0.152823 -0.55639 -2.66819 1.83789 1.40011 0.188476 0.269138 0.395864 0.672543 -0.413034 -2.09591 1.36838 -1.0613 0.118674 -2.02713 
-2.42786 -3.42275 -1.15308 -0.00417268 1.01744 -2.28825 2.99731 -0.991137 2.19791 1.32141 0.508918 -1.20933 0.888777 0.405383 0.205556 -0.112805 -1.72964 -0.969151 -0.0177493 -3.06909 -0.0678865 -3.18375 -0.907442 -0.573101 -1.48659 -0.495493 -2.42449 -0.991391 -1.26268 2.00645 0.901946 0.886475 -0.148723 -0.733351 1.63323 -2.5337 -0.0894877 -1.29729 -0.877462 -2.63777 -1.21119 -1.85324 0.545975 -0.989019 1.26474 -1.35454 0.262615 0.121976 0.392899 -1.26488 -0.6619 -2.40216 2.09189 -0.450841 -0.206768 -0.417217 0.515267 3.4113 2.41436 0.929537 0.637781 -0.559998 0.0749993 -2.40661 -1.24123 -2.54456 0.278312 0.89142 -1.46995 -0.561427 2.42312 -3.17398 3.56097 1.11113 -2.39824 -0.292017 1.37725 2.51658 -0.268601 0.508876 0.0150837 -5.03904 -1.87243 -1.04145 -1.1037 -0.810504 -0.546214 2.81894 1.44601 3.81587 -1.23049 3.06614 2.25441 -2.03225 0.828313 0.487749 -0.00324576 1.12668 -1.93552 1.96946 1.66292 -1.57443 0.643987 1.48239 0.18186 -0.656102 1.58603 -2.64809 -2.57002 -0.0866615 0.701109 -2.83419 -1.09994 2.7548 -2.96313 -1.71409 0.188067 -0.150568 1.06308 -0.258099 -0.183594 -0.204441 1.87048 -2.33561 1.52426 -1.45674 0.274584 -0.959145 -0.810639 0.874574 0.492504 -0.192574 1.7145 1.86052 -0.429583 -1.19339 2.23377 0.352338 -2.15633 2.44812 -0.343872 -0.227769 2.32226 -1.4646 0.772073 -4.03118 -2.34709 0.782257 4.1367 -0.792378 -1.36833 0.368899 -2.04347 1.31624 1.45392 0.0149049 -1.06768 -1.07074 -0.524685 0.802299 -1.96704 -0.835167 2.01326 -0.967628 0.529157 -1.03347 0.718734 0.876814 1.13744 1.45621 -3.05098 -1.41185 1.33296 1.22611 -0.23388 -2.03218 1.42197 -0.967716 0.534085 -2.78725 -0.0559063 -0.2089 3.77252 -0.210318 0.794045 -1.62311 0.0612446 -0.460818 0.535638 -0.331 1.18317 2.48796 0.16525 0.00238886 0.346497 2.84517 0.078637 -2.06579 -0.56688 0.085666 -2.6823 -0.610151 0.793448 -2.54792 -2.53991 -2.53805 -0.330079 -5.02951 0.460512 -0.407714 1.47393 1.36676 -1.91425 -2.00658 -0.838919 0.673252 