500 101.001
28.1999 28.1999 28.1999 
14 14 14 
1 1 1 1 1 1 1 1 1 1 1 1 1 1 1 1 1 1 1 1 1 1 1 1 1 1 1 1 1 1 1 1 1 1 1 1 1 1 1 1 1 1 1 1 1 1 1 1 1 1 1 1 1 1 1 1 1 1 1 1 1 1 1 1 1 1 1 1 1 1 1 1 1 1 1 1 1 1 1 1 1 1 1 1 1 1 1 1 1 1 1 1 1 1 1 1 1 1 1 1 
1 1 1 1 1 1 1 1 1 1 1 1 1 1 1 1 1 1 1 1 1 1 1 1 1 1 1 1 1 1 1 1 1 1 1 1 1 1 1 1 1 1 1 1 1 1 1 1 1 1 1 1 1 1 1 1 1 1 1 1 1 1 1 1 1 1 1 1 1 1 1 1 1 1 1 1 1 1 1 1 1 1 1 1 1 1 1 1 1 1 1 1 1 1 1 1 1 1 1 1 
1 1 1 1 1 1 1 1 1 1 1 1 1 1 1 1 1 1 1 1 1 1 1 1 1 1 1 1 1 1 1 1 1 1 1 1 1 1 1 1 1 1 1 1 1 1 1 1 1 1 1 1 1 1 1 1 1 1 1 1 1 1 1 1 1 1 1 1 1 1 1 1 1 1 1 1 1 1 1 1 1 1 1 1 1 1 1 1 1 1 1 1 1 1 1 1 1 1 1 1 
1 1 1 1 1 1 1 1 1 1 1 1 1 1 1 1 1 1 1 1 1 1 1 1 1 1 1 1 1 1 1 1 1 1 1 1 1 1 1 1 1 1 1 1 1 1 1 1 1 1 1 1 1 1 1 1 1 1 1 1 1 1 1 1 1 1 1 1 1 1 1 1 1 1 1 1 1 1 1 1 1 1 1 1 1 1 1 1 1 1 1 1 1 1 1 1 1 1 1 1 
1 1 1 1 1 1 1 1 1 1 1 1 1 1 1 1 1 1 1 1 1 1 1 1 1 1 1 1 1 1 1 1 1 1 1 1 1 1 1 1 1 1 1 1 1 1 1 1 1 1 1 1 1 1 1 1 1 1 1 1 1 1 1 1 1 1 1 1 1 1 1 1 1 1 1 1 1 1 1 1 1 1 1 1 1 1 1 1 1 1 1 1 1 1 1 1 1 1 1 1 

0 1.16608 1.48652 1.57852 0 1.58759 3.80106 4.17125 0 3.99682 0.654085 4.33416 0 4.03911 3.55049 1.75459 0 6.84199 1.14837 1.82039 0 7.24116 4.02401 4.07826 0 9.76996 1.44957 4.14024 0 9.41193 4.21183 0.826375 0 12.7988 1.74156 1.86585 0 12.1488 4.49394 4.20397 0 15.011 1.62691 4.90862 0 16.0968 4.07337 1.54246 0 18.2682 0.80505 1.50584 0 17.7381 4.14771 4.61113 0 20.8693 1.72132 4.34787 0 20.9859 3.90079 1.55067 0 24.3336 0.971153 1.14115 0 24.1606 3.65494 3.81327 0 27.1854 1.16893 3.99387 0 27.2568 4.3088 1.54887 0 1.8074 7.37152 1.30659 0 1.63366 10.1422 4.22568 0 4.06656 6.93011 4.12815 0 3.87101 10.0844 1.53428 0 6.73837 6.63399 1.15978 0 7.04956 9.31148 4.21911 0 10.2077 7.37562 3.49664 0 9.3093 10.1674 1.50917 0 13.0494 6.29108 1.2756 0 12.5801 9.98739 3.06615 0 15.0141 7.19087 4.75789 0 15.6433 9.62035 0.645467 0 18.479 6.51981 2.1019 0 18.2057 10.51 4.09767 0 21.1799 7.63036 4.35688 0 21.0761 9.86952 1.81029 0 23.245 6.66302 1.31634 0 23.9441 9.71431 4.18018 0 26.2598 7.2765 3.44959 0 27.0829 10.6296 2.10846 0 1.60669 12.7592 1.97204 0 1.3912 15.6356 4.43623 0 4.02361 13.1195 4.5768 0 4.48068 16.0319 1.17634 0 6.9131 13.0016 1.60984 0 6.52809 15.6818 4.01929 0 9.8871 12.3504 4.26933 0 9.16541 15.5976 1.38855 0 12.1544 13.6491 1.21219 0 12.6975 15.3439 4.26946 0 15.1387 12.6943 3.70906 0 15.3656 16.0096 1.51992 0 18.2097 12.148 0.950944 0 18.3538 14.6459 3.4054 0 21.0431 12.5028 3.83838 0 21.1336 15.1457 1.10893 0 24.1282 13.2173 1.73409 0 24.1308 15.2029 4.52378 0 26.8577 12.9997 4.31437 0 27.7018 15.3722 1.45111 0 1.49826 18.4855 1.64984 0 1.40469 20.7079 4.56781 0 4.15134 18.3888 4.2627 0 4.08367 21.4278 1.23286 0 6.91215 18.5923 1.28674 0 6.97253 20.9641 4.36816 0 9.97947 17.9115 3.8784 0 9.71595 21.08 1.28575 0 12.4174 17.6183 1.00741 0 12.4854 21.2932 3.53563 0 15.0875 18.8192 4.19362 0 15.2757 20.7651 1.18754 0 18.6522 18.5213 1.31127 0 18.4975 21.2578 4.43287 0 20.9937 17.8091 4.36918 0 21.3436 20.6778 1.8125 0 23.9817 17.6703 1.85825 0 24.0669 20.483 4.07412 0 26.8938 18.1019 3.95769 0 26.5049 20.8489 1.24211 0 1.08208 23.1919 2.01836 0 1.56727 26.2214 4.07722 0 4.0991 23.7067 3.9267 0 6.85331 26.8883 26.4054 0 6.79048 23.2927 1.1224 0 4.20038 26.3537 1.10789 0 9.11513 24.556 4.82608 0 6.45175 26.4121 3.97658 0 12.4882 23.8439 1.11202 0 12.293 26.9822 4.11503 0 15.215 24.3604 3.123 0 15.5099 27.2723 1.03554 0 18.1401 22.9267 1.12136 0 18.3472 27.0025 4.23391 0 21.0794 23.8445 4.21732 0 21.0407 26.5836 1.25155 0 23.9552 23.4436 1.05784 0 23.7748 26.5928 3.76763 0 26.1605 23.5657 4.1514 0 26.5206 26.3663 1.85639 
0 1.68445 1.27248 6.72391 0 1.72788 4.32136 9.60462 0 4.20225 1.04499 9.68696 0 4.40301 4.52168 6.85332 0 6.81855 1.29617 6.46654 0 6.71916 3.72584 9.72377 0 9.2678 1.27397 9.74055 0 9.67113 3.72678 7.22012 0 12.3888 1.61743 7.5847 0 11.9906 4.09166 9.98512 0 15.1751 1.89419 9.706 0 15.2891 4.4379 7.48198 0 17.8865 1.24859 7.24537 0 18.6193 4.56982 10.1113 0 22.123 1.25113 9.78554 0 21.0164 4.01386 7.19413 0 24.1644 0.825628 6.46402 0 24.0949 4.2846 9.30502 0 26.2725 1.06719 9.83481 0 26.7694 3.509 6.46529 0 1.6237 6.84873 6.55519 0 0.776114 9.77361 9.39985 0 3.72417 7.13786 9.53751 0 4.08123 10.1722 7.08782 0 7.45271 6.76919 6.61167 0 6.94957 9.66869 9.78703 0 9.0919 6.96408 9.81608 0 10.4936 9.56961 7.10058 0 12.6617 6.5646 7.21853 0 12.8818 9.95687 9.89534 0 15.3981 7.40074 9.76466 0 15.55 10.4095 6.6933 0 18.1537 7.27752 6.88207 0 18.112 9.8447 9.37326 0 21.0426 7.01221 9.29176 0 20.696 10.2119 6.91371 0 23.8454 6.76668 6.19301 0 23.6422 9.64201 9.11061 0 26.8759 6.64727 9.15692 0 26.9529 9.48476 6.34562 0 1.24702 12.7029 6.83955 0 2.00512 15.5409 9.90437 0 3.8955 12.7186 9.76205 0 4.66333 15.6082 7.3222 0 6.76285 12.4384 6.96025 0 7.61214 15.5296 9.63719 0 9.99894 12.5207 9.68319 0 10.0344 15.1369 6.86218 0 12.6972 12.6975 6.84425 0 12.481 15.1594 9.44633 0 15.23 12.4197 10.0767 0 15.3171 15.0988 7.23703 0 18.1798 13.0322 6.96499 0 18.3496 15.252 9.74638 0 21.2399 12.5009 9.64307 0 20.9686 15.2696 6.60542 0 24.0101 12.4072 6.93726 0 23.7045 15.2313 9.63216 0 26.5629 12.6915 9.85167 0 26.6088 15.6962 7.33261 0 1.43175 17.793 7.48246 0 1.38704 20.451 9.85135 0 4.9866 18.5566 9.34552 0 4.12948 21.4942 6.86818 0 7.70746 18.2651 6.42702 0 6.68492 21.4277 10.448 0 10.4073 18.2161 10.1036 0 9.47693 21.3763 7.54778 0 12.4772 19.0149 6.81725 0 12.7841 21.1933 9.56071 0 15.2232 18.3706 9.54442 0 15.502 21.4917 7.04502 0 18.4073 17.9243 7.05275 0 18.6741 20.5139 9.07453 0 21.1234 17.629 9.3008 0 21.3244 20.5769 6.53762 0 24.2097 18.0845 7.07597 0 23.7085 20.9872 9.01498 0 26.3111 18.0471 10.1508 0 26.4147 21.1465 6.88132 0 0.759826 23.5741 6.65666 0 0.89422 26.3424 9.93943 0 3.66334 23.9751 10.1636 0 3.44528 26.045 7.03187 0 6.63205 23.9206 7.72731 0 6.92882 26.5489 9.85062 0 9.21428 23.8945 10.1648 0 9.88266 27.4021 7.18992 0 12.1987 24.2462 7.00407 0 11.9919 27.1175 10.5105 0 15.6859 24.1171 10.1052 0 15.0175 26.9273 7.32716 0 18.3495 24.1336 7.73874 0 17.847 27.0852 10.3488 0 21.2025 23.2779 9.9145 0 20.9044 26.7793 6.85052 0 23.4361 23.6935 7.29013 0 23.7974 26.3708 9.97638 0 26.2328 23.3139 9.95692 0 27.2952 26.7366 6.90277 
0 1.69483 1.62573 12.3684 0 1.00051 4.52178 14.7461 0 3.72761 2.06963 15.2366 0 4.15605 4.65553 12.2327 0 6.19408 1.18174 12.8718 0 6.63283 4.94895 15.2809 0 9.52329 1.01824 15.3009 0 9.24808 3.77917 12.7291 0 12.2018 1.57903 12.8998 0 11.9959 4.35631 15.6664 0 15.5253 1.14647 15.2833 0 15.3125 4.55008 12.6945 0 17.6444 1.91795 12.6251 0 18.2351 4.01139 15.502 0 20.9372 1.3694 15.0116 0 21.4716 4.11701 12.8809 0 24.0495 1.25418 12.8972 0 24.4313 4.92017 14.6185 0 26.4891 1.72086 15.4848 0 26.8308 4.2727 11.9283 0 1.4917 7.15719 11.9968 0 1.1567 10.7324 15.2463 0 3.97227 7.31103 15.0896 0 4.5227 10.1791 12.4868 0 7.09166 7.29601 12.6304 0 7.03941 10.8524 14.7766 0 9.34056 7.22391 15.4904 0 10.1177 9.6725 12.4503 0 12.9619 7.13012 12.546 0 12.6414 9.78773 15.4701 0 15.8528 6.77518 15.662 0 15.405 9.57739 13.3489 0 18.3852 6.47011 12.9371 0 18.3548 9.65853 15.6084 0 21.4232 7.31222 15.0548 0 20.448 9.63672 12.4167 0 23.7977 7.85955 12.021 0 23.7407 10.1306 14.9535 0 27.7469 7.47691 14.8809 0 26.9482 10.1146 12.7081 0 1.45091 12.501 12.2751 0 0.760691 14.4184 15.267 0 4.36523 13.0198 15.1192 0 4.72875 15.7899 12.2724 0 6.83521 13.0004 11.9106 0 7.10806 15.3783 15.0463 0 9.83377 12.8563 14.9375 0 9.85856 15.4261 12.4342 0 12.4373 12.5566 12.2405 0 12.3663 15.4285 15.0177 0 16.0021 12.441 15.1 0 15.4767 15.5035 11.9796 0 18.0666 12.3932 11.9941 0 18.1063 15.5007 14.4088 0 20.4774 12.5302 14.8196 0 20.9871 15.4334 12.1082 0 23.5735 12.0667 11.984 0 23.4203 15.2481 15.2243 0 25.8779 12.6997 15.6394 0 26.9083 14.8562 12.4918 0 1.46874 17.3403 12.8309 0 0.767831 20.6268 15.2364 0 3.70731 17.3222 15.301 0 4.00922 20.5034 12.7253 0 7.21546 17.9115 12.7619 0 7.00773 20.7424 15.3977 0 10.1965 18.4388 14.9148 0 9.77301 21.1277 12.5726 0 13.033 18.4953 12.4016 0 12.8027 20.9398 15.7869 0 15.5548 18.0009 14.9577 0 15.4954 21.2088 12.6381 0 17.634 18.545 12.1477 0 18.6514 20.8553 15.3405 0 20.4981 17.9285 15.6248 0 20.6648 20.2143 12.6263 0 23.5557 18.1266 12.1426 0 23.3291 20.3493 15.2518 0 26.0903 17.5125 15.0713 0 26.4813 20.7668 12.5737 0 0.635244 23.3549 12.5902 0 1.22739 27.4179 14.7227 0 2.77427 23.5997 15.7949 0 3.72091 26.9272 12.3127 0 6.01271 23.81 13.7808 0 6.34242 26.9205 15.8226 0 10.2302 24.046 15.6806 0 9.13338 26.274 12.8271 0 12.4163 24.2632 12.7621 0 12.5759 26.8505 15.8023 0 15.6917 23.9507 14.9152 0 15.0132 27.1661 12.6022 0 18.5522 23.3567 12.4462 0 18.2176 27.1869 14.7526 0 21.1832 23.8673 15.1409 0 21.3945 26.502 12.4834 0 23.6714 23.3188 12.6318 0 24.0582 26.2533 15.4432 0 27.412 23.9831 15.9538 0 26.3962 26.4792 12.8127 
0 0.878433 1.78951 17.9139 0 1.06037 4.7866 20.8345 0 3.4969 1.66798 20.8845 0 4.0123 4.43876 18.1524 0 6.91187 2.25096 17.551 0 6.6508 3.96108 20.8194 0 9.30346 1.2577 20.9597 0 9.52933 4.96275 18.0539 0 11.5497 1.51616 18.392 0 12.0385 4.17091 21.0246 0 15.1214 1.71469 20.9354 0 15.0914 3.91306 17.8505 0 18.3434 1.37456 17.9341 0 18.5458 3.89344 20.6623 0 21.0654 1.70409 21.5486 0 21.2177 4.25592 17.8106 0 23.0156 1.11816 17.6354 0 24.5404 4.10402 20.1729 0 26.9479 1.34118 20.9449 0 26.9025 4.66894 17.5424 0 1.4376 7.80651 18.6946 0 1.78071 9.59866 21.6439 0 4.38623 6.57973 21.34 0 4.66774 10.0115 17.5647 0 6.74358 7.205 18.0739 0 6.97023 10.0101 20.5662 0 9.92769 6.89877 21.7569 0 9.66959 10.0322 18.0345 0 12.7538 6.85902 18.9486 0 12.4025 9.69056 21.4071 0 15.5983 6.09419 21.1977 0 15.6869 9.622 17.8935 0 18.2689 6.60015 18.366 0 18.7664 9.45938 21.2973 0 21.9708 6.24791 21.3408 0 20.8954 9.61163 17.9162 0 23.8043 6.93357 17.8579 0 23.8931 9.93259 21.1229 0 26.4489 7.14102 21.0108 0 26.2415 10.1489 17.9106 0 1.3106 12.1059 18.7 0 0.922757 15.0262 21.3949 0 4.55939 12.4679 20.502 0 3.36772 14.8881 18.6594 0 7.80264 13.1828 17.9636 0 6.90122 15.0153 20.9895 0 9.75512 12.6868 21.5668 0 9.95835 15.96 17.8082 0 11.8397 12.5825 17.9392 0 12.8053 15.255 20.4787 0 15.3929 12.6905 20.8073 0 15.2575 15.4452 17.4902 0 17.8407 12.806 18.3814 0 18.3871 15.1904 21.1213 0 20.9218 12.3876 21.6912 0 21.027 15.2267 18.5805 0 24.0793 13.157 18.6534 0 24.6445 15.5119 21.5153 0 26.5163 12.6426 21.3511 0 27.0666 15.107 18.2607 0 1.06655 18.0289 17.6793 0 0.715974 21.552 21.9125 0 3.2145 18.2943 21.7223 0 4.02819 20.2853 17.9358 0 6.59124 17.0421 18.1744 0 6.92498 21.2268 20.7932 0 9.96237 18.0845 20.7505 0 10.26 20.8539 18.2726 0 12.8275 18.26 18.7643 0 12.9249 20.9199 21.1008 0 15.5477 17.3946 21.0632 0 15.8377 20.4971 18.8888 0 17.6897 17.7376 18.1869 0 19.2478 20.9287 21.6641 0 21.4563 17.9698 20.8081 0 20.6367 20.709 18.2791 0 24.0308 17.6128 18.4475 0 24.2391 21.0701 21.4504 0 27.3053 18.1584 20.8858 0 26.512 20.5055 17.6102 0 1.05306 23.9267 19.1919 0 1.60037 26.9082 20.7358 0 4.21464 23.5526 20.6792 0 3.60031 26.4784 17.8972 0 7.48315 23.8075 18.3392 0 6.50707 26.9484 20.7074 0 9.97766 23.6376 20.6575 0 9.3206 26.7087 18.0128 0 13.163 24.2252 18.3602 0 12.3571 27.1887 20.6098 0 15.3688 23.4735 21.1432 0 15.3106 27.1421 18.4625 0 18.3069 23.2751 18.7002 0 18.165 27.585 20.7402 0 22.0986 24.0538 21.6334 0 21.0296 26.5608 17.9536 0 24.1542 23.6394 17.9088 0 23.9732 27.3342 20.5267 0 26.3647 23.8997 21.5259 0 26.4501 27.3334 17.9416 
0 1.4554 1.40048 23.7177 0 1.84934 4.07491 26.6476 0 4.23619 0.885562 26.9726 0 4.06478 4.12115 23.7968 0 6.66896 1.2368 23.6289 0 6.60242 3.67047 26.492 0 10.0895 0.513883 26.9094 0 9.28135 3.70355 23.9774 0 12.402 1.55872 23.6745 0 11.8228 4.17285 26.5158 0 15.1226 1.37473 26.4228 0 15.2951 3.81453 23.9659 0 18.5452 1.28586 24.2393 0 18.1716 3.69987 26.8619 0 21.0553 0.943651 26.7758 0 21.3458 4.44928 24.6075 0 24.6061 2.47822 23.945 0 24.4434 4.07118 27.0945 0 27.0878 1.80888 26.5485 0 27.3671 4.6778 24.2511 0 1.53834 7.32232 24.4465 0 1.74061 10.4881 27.0754 0 4.03907 6.90599 26.9921 0 4.47628 9.9269 23.8409 0 7.26392 6.65883 24.2613 0 6.6876 9.84892 26.96 0 9.89066 7.17733 26.6383 0 9.47629 10.2231 24.0552 0 12.7011 6.66376 23.9682 0 11.694 10.4287 26.7931 0 15.382 6.05075 26.471 0 14.9699 9.57103 23.9934 0 17.8598 6.73606 24.0501 0 18.6103 9.90512 26.0027 0 20.3674 7.11938 27.148 0 21.2157 8.80348 24.0051 0 24.0605 6.52017 24.5585 0 23.5735 9.32582 27.0471 0 26.9868 6.71021 27.072 0 26.643 9.27569 24.3565 0 0.975385 12.1474 23.9614 0 1.86946 15.365 26.9205 0 4.56567 12.9979 26.5579 0 3.65044 15.4261 23.8986 0 6.65169 12.8558 23.8258 0 7.02426 16.1276 26.6962 0 9.57685 13.3313 26.2149 0 9.52533 16.4757 23.8542 0 12.3363 13.326 24.1649 0 13.2122 15.5132 26.6946 0 15.4418 12.4969 26.8648 0 15.5807 15.4733 23.9874 0 18.0187 12.5086 23.6269 0 18.1808 14.8314 26.4213 0 21.7101 12.195 25.7403 0 21.6411 15.6811 23.8082 0 24.659 12.3328 24.0809 0 23.9534 14.7749 26.7288 0 26.9446 12.8129 27.4195 0 27.167 15.2955 24.8779 0 0.974163 18.286 24.3595 0 1.3233 20.9714 27.1609 0 4.06042 18.4123 26.4592 0 4.30108 21.2233 23.4291 0 6.86327 18.9001 23.5918 0 7.25051 21.3279 26.264 0 9.51818 18.9209 26.8722 0 10.2186 21.4747 24.106 0 12.6281 18.2757 23.6215 0 12.7385 20.5879 27.1511 0 15.4975 18.0845 27.0744 0 15.6923 20.5354 23.8431 0 18.4151 17.6776 23.9937 0 17.6409 20.7539 26.6003 0 21.1778 18.4318 27.0235 0 21.6335 20.242 23.9143 0 24.4121 17.7417 23.934 0 24.0051 20.3769 27.0479 0 27.1663 18.1065 27.2567 0 26.5621 20.5883 24.6802 0 1.00194 24.377 23.8732 0 0.842074 26.9194 27.1963 0 3.58107 23.7452 26.3897 0 3.88054 26.7424 24.1586 0 6.9431 24.5863 23.5628 0 9.6234 26.5456 1.59971 0 9.64609 24.2648 26.1116 0 9.72188 27.1154 23.4415 0 13.0475 23.3121 24.3596 0 13.0745 27.013 26.3934 0 15.4221 23.5685 26.8231 0 15.777 26.1707 23.1392 0 18.6143 23.5905 23.9662 0 18.4232 26.6014 26.8021 0 20.9052 22.7017 26.8196 0 21.2024 27.1716 23.8348 0 24.2105 23.1414 24.6986 0 23.886 26.1619 27.1386 0 27.0296 23.5734 26.8323 0 26.8576 27.1559 23.9499 

0.583887 -1.29157 -1.70624 2.40251 1.41151 -1.12082 0.673889 -1.18056 -0.0437893 -1.20598 0.878715 -1.89574 3.33992 1.5126 0.0130618 -0.673567 2.19859 -0.159138 -0.603247 -1.52593 0.295718 -1.12108 -0.993317 -2.57648 1.40022 0.460291 -0.421278 1.28616 -1.64772 -0.612221 -0.125105 3.00089 -0.183291 1.03684 -0.622125 -1.95522 -0.859529 0.432959 -1.07026 -0.955423 0.10082 1.81813 1.63804 -0.12883 0.164243 2.30305 0.887305 1.58778 -1.51838 1.34841 0.211486 -0.0822432 1.88185 1.88705 -0.547676 0.0772741 0.843723 0.496736 1.214 -1.71661 -0.665404 0.552479 -0.709821 0.974204 0.399976 1.72626 -0.330037 0.228699 0.0328301 0.615204 0.690554 0.293282 -1.11076 -0.348877 0.339902 -0.242683 -3.61742 2.19567 -1.99943 0.514617 1.67701 -0.520671 0.52062 1.0619 -1.96543 0.561105 0.452602 3.04331 -0.48592 -1.166 -0.833447 0.104033 -1.25707 -1.91064 -1.76328 1.37209 0.828214 0.173167 0.993434 0.148051 -0.658146 1.72604 -1.4639 1.01234 1.19151 -1.41601 0.184703 0.567189 -1.20112 0.558952 -1.22874 -0.841434 1.4472 -1.17137 -0.980888 -1.16164 -0.880289 -0.579494 -1.88384 0.685543 0.407287 1.85508 0.0218433 -1.36922 0.0353278 -0.260367 -1.31233 0.987655 0.210839 -0.754636 -0.0428651 1.0458 0.424322 -2.07091 -2.00787 0.189272 0.0385305 -1.54817 1.54026 -0.653419 0.0564669 -0.00844342 -0.563691 1.25198 -0.988258 0.518579 -3.35675 1.22508 -2.96815 1.58981 -0.807719 -1.73752 0.272221 -0.417348 -0.0494441 0.140909 0.575145 1.97173 0.778527 0.426784 -1.42673 2.25282 -0.976652 -0.159273 -1.30827 -3.73009 0.0929095 1.93207 -0.679905 1.62051 -2.71763 1.41467 0.0878011 -1.5558 -1.59585 -0.336735 -0.19498 0.765506 -0.227915 2.56972 1.14234 2.79686 2.26229 -2.04597 -0.105835 -1.31401 0.474655 -0.00328949 -0.600188 -1.42984 -0.403867 -0.329012 -0.291346 -2.1877 0.667684 -0.814447 1.0418 -1.01319 -1.04692 0.155423 2.66034 -1.09293 -0.562685 -0.998509 -0.215995 1.30939 0.00676603 -0.144807 0.177689 -1.15874 0.103716 -0.138006 -1.92876 -1.9803 1.38883 -0.126961 0.31772 -1.04905 -0.69437 -0.996617 -0.200965 1.40354 0.74536 -1.39696 2.56426 0.650843 -1.57677 -0.146048 2.43068 0.910936 -1.50483 -3.39096 -0.995552 -2.08688 -0.946151 1.54328 3.22908 -0.433375 0.387808 0.671828 -1.19274 -1.6845 1.25544 -0.674428 0.593744 -3.10539 2.45171 0.148876 0.799566 1.67793 -1.201 1.74215 -0.276038 0.927708 0.511659 -2.12571 -1.26139 -2.20099 -0.870646 -2.24633 -2.56263 0.989745 2.29639 -1.99909 -1.45688 0.888648 0.0380419 0.58218 -0.309932 -1.66652 -2.01168 0.9817 -0.194525 -0.293221 2.06778 1.53509 0.321244 -3.90241 -1.3599 1.26559 0.918557 0.786836 -1.43989 -2.27076 0.797229 1.55192 -0.0417494 -2.09583 0.284929 1.21348 0.66995 -0.705531 -0.540973 -0.805269 2.07014 -3.18693 -2.14326 -1.9179 0.495091 0.183595 
1.87895 1.25357 1.58014 1.58087 -2.18771 0.948159 -1.0982 1.48546 -3.02801 -0.52355 -1.85648 -0.000266473 -0.697371 1.8578 0.192297 -1.64828 2.07855 0.911679 -1.16074 -0.784323 -3.136 -0.00574007 -0.210461 1.75382 -1.49165 -1.15239 0.143558 0.0918567 -0.1411 1.83644 1.09972 0.311269 0.0987372 -3.01077 -0.0578852 -1.12868 1.6317 -0.0780557 1.38131 1.59033 -2.20998 -0.659617 1.67804 0.633947 0.876671 -1.10997 0.786893 0.924358 -0.682964 1.92745 0.109167 0.475233 -3.26462 1.65193 -0.107164 0.521068 -2.84527 -0.530213 1.39909 -0.887442 -1.24777 -3.32097 0.8865 1.71398 -0.626175 -0.132451 -1.75235 1.01033 1.0652 -0.105665 -1.2146 -1.7557 -0.13164 -0.790383 1.58107 -1.53754 0.918182 -0.220504 0.0161046 0.834774 -2.48132 -2.63163 -0.251217 2.20745 0.743434 0.0406869 -0.764366 -0.70963 -1.57479 0.819099 -0.445375 0.355286 2.05274 0.779598 1.42127 0.899537 -0.196136 0.460326 -2.79678 -2.07017 2.29079 -2.03398 1.16028 2.70025 1.02495 -0.886477 -0.0988664 -0.559909 -1.19115 -0.013373 -0.460524 0.642298 0.11943 0.180206 -1.34467 1.16054 -0.332724 2.16972 -3.05946 0.598243 0.135932 -0.689049 -1.84429 0.662026 -1.15116 -0.602425 -2.82978 -2.9019 -0.0913263 -0.0900405 -2.44502 -0.638779 1.56572 -2.73367 0.793601 1.31926 -0.126058 1.29334 1.68648 1.31225 0.981696 -1.57124 1.05994 -1.39875 -0.742163 2.28886 0.617486 0.254999 -0.113812 -1.90058 1.97871 1.21377 0.54198 -1.64412 0.0333538 0.966635 0.514807 0.373994 -0.964285 0.77427 1.25323 1.35677 -3.95021 1.58071 -2.83052 1.19993 0.976187 -0.938057 -0.618204 -1.53049 -2.78694 -0.95968 1.67301 0.249304 0.283236 -1.22438 2.77797 -1.13744 -0.492577 -0.732126 0.288283 2.6252 -1.27781 1.58557 -0.833052 -1.01165 -1.13911 3.26562 0.66293 -0.495488 -0.363892 -0.318023 1.28898 0.305717 -0.795718 0.102089 1.43986 2.38545 -1.47307 0.575847 0.876102 1.53636 0.417807 -0.49766 -1.08967 0.826594 -1.4172 -0.747464 -0.841304 -0.184322 -0.809738 0.778776 0.343704 -1.55418 -1.45772 0.0125898 0.856781 2.17118 0.965215 -0.08804 -0.990043 -2.3167 1.19487 -2.30425 1.44056 -0.765791 -2.93001 -1.0685 -0.570073 1.09707 -1.38894 -1.11453 1.15104 -0.596613 2.66268 0.550779 1.41641 1.82785 -0.923265 1.19434 2.65684 -0.419707 1.45896 -2.29055 -2.04009 -1.23429 0.0330124 -1.68462 0.0805051 -0.654224 -0.274856 -0.135905 0.750457 1.33763 -0.579197 -0.130829 -0.339814 -0.974139 -0.659731 0.312707 -3.69042 0.191385 -1.21637 2.29443 -0.984758 1.00928 3.24088 -0.412451 -0.240738 0.389548 -0.950668 1.8351 0.811014 1.02485 1.38157 -0.427247 0.179787 -0.0507202 -3.61589 -0.393501 -1.04868 1.91535 2.39134 -0.919563 -0.223723 0.155881 -0.58938 -0.502984 -0.41028 2.96305 0.548085 -0.155515 -0.116205 -1.39929 0.496957 -1.36685 -1.07455 -0.42047 0.288521 -2.37714 
-0.382445 -0.565572 -1.65991 -1.74371 -2.55281 -0.270701 0.114435 1.26286 4.42863 -1.95623 0.618435 0.474143 1.58226 0.823491 -1.67947 0.338113 -0.649445 -1.39423 0.338414 -0.756322 0.419662 -1.69546 -1.0543 -0.194476 1.8344 -1.70751 0.634992 -1.92321 -1.31506 -1.01168 0.954016 -1.77815 -1.39767 -0.263052 -2.31268 -0.327899 -0.844986 1.96521 -2.33838 1.58901 0.392426 0.120102 0.0187749 0.311611 0.210618 1.56181 -0.965494 0.60259 1.71194 -0.688339 0.924406 1.40334 0.821449 -0.92751 -0.732296 -1.21133 -0.0144926 1.66548 1.63209 0.627762 1.05838 -3.37381 0.85504 -0.5323 0.395924 -1.70306 -0.253613 -0.813152 0.326687 -1.01823 -1.92863 -0.858196 -1.48411 -1.657 0.182585 -0.378532 -0.902809 -0.00654445 -0.933011 -0.887676 0.702749 1.87815 -0.131383 0.0273026 -1.15506 -0.0129664 0.655034 -0.965482 1.48027 1.02461 -0.38125 -1.59662 0.830462 -4.05267 -1.19074 -0.677339 1.93933 2.95011 0.367564 -1.5665 -0.0407533 1.67596 0.11754 -0.295599 -1.66179 -0.189933 -1.05403 1.68654 1.62933 -0.386176 1.11133 1.15104 -0.824141 -1.01668 -0.91035 -0.190984 -0.941579 0.447297 1.84307 -0.340723 -1.47979 -1.77477 0.827598 0.268909 -1.11579 0.402834 -0.927417 0.351702 -0.996401 -0.945718 -0.0835031 1.17956 -2.92225 -0.703407 0.538484 0.287463 -0.493582 1.5697 1.51594 -1.02491 -0.365146 1.39474 1.20712 -2.29743 1.80618 1.9232 -3.2256 -1.34461 -0.623914 -2.16458 0.292523 0.877645 2.65144 -0.327901 1.46886 1.97556 -1.44671 2.34453 1.03154 1.1391 -0.0268179 -3.02015 -0.506742 -1.57522 0.296851 -0.0730911 0.21703 -1.72571 0.699009 -0.519861 2.11998 0.380347 -0.657477 1.31957 1.30341 -2.63196 0.314781 0.430211 0.593812 1.65301 1.36874 -1.56012 -1.08691 -0.160948 -2.23353 -0.661247 1.46488 1.33297 -0.219078 0.974661 -0.864801 1.1121 -2.82598 -0.701642 -2.3913 -0.166875 -0.305921 3.35509 3.03691 -1.58927 0.355518 -2.49134 -0.198846 -0.489391 -2.98341 0.73107 0.728347 -1.49643 -0.0830637 1.2271 1.92266 1.93788 1.43159 2.38239 -0.728494 1.1294 0.00551096 0.132679 -0.688971 -1.34741 0.34551 0.658757 1.77749 -1.27061 0.506328 1.05092 0.177495 -0.121365 -1.04422 0.220836 0.710543 0.125255 1.15645 1.07285 3.04147 -1.09112 1.03253 1.42613 1.30034 1.21973 1.91761 -0.0207542 -2.32541 -0.2301 2.60407 -2.06741 0.447539 -0.136869 1.33204 -2.1233 1.83895 0.376693 -0.612531 -1.81037 0.0103943 -0.976762 2.85259 -3.06592 0.843477 1.6192 1.06596 -0.766361 -1.44024 1.44247 0.17274 -2.4628 0.764484 -0.227294 1.37177 2.16937 0.532686 -0.613869 -1.21835 -0.753161 0.698054 -1.75416 -2.37692 1.65347 -0.193193 2.3366 1.33518 1.11686 0.982115 -0.647661 -0.402722 0.00789585 -0.0103943 -1.23221 0.733079 0.522413 1.52823 0.720411 -0.686165 -0.970853 0.553245 -2.13708 2.15403 -0.0343118 -1.36372 0.152038 
1.7157 -0.950384 1.0381 -0.111759 1.52871 -0.722457 1.17137 0.35359 1.25973 2.51374 0.309183 -2.40939 -0.105595 0.261487 1.39069 -2.55863 -0.445143 -1.04486 -1.97453 2.54041 -0.642272 0.249077 -0.343478 2.73382 -1.1468 -0.708472 0.0244044 2.01895 -0.472755 -0.840484 2.89402 0.862703 -1.52896 0.133435 -2.14058 2.75649 -0.957634 0.361189 -0.232186 -1.05248 1.46531 -0.980252 -0.555295 1.63454 -0.721702 3.00074 -0.221777 -0.90172 -0.733699 1.60962 -1.20461 2.9444 -0.055778 -2.15412 1.31053 1.36093 -0.625236 1.24629 2.78421 0.285159 0.921985 -1.5239 -1.35996 0.0129426 -0.509692 2.27744 1.74027 0.679344 0.884478 -1.96945 -1.08748 1.71094 0.617274 2.03842 -0.932476 -1.71873 1.53842 0.329027 -0.283947 -0.486797 1.18926 4.48944 0.7245 -3.6973 -0.572725 -2.64672 0.0214896 2.1191 -0.587155 -0.169348 -1.30207 0.900473 -0.588022 -0.95636 1.71827 -1.14812 0.0925081 -0.885406 0.980808 0.295219 1.99656 -0.328225 0.285269 -0.0788886 -0.731479 0.929219 -3.0251 -1.08718 -0.276431 -0.544334 -0.438638 -1.01644 0.0630306 -2.06932 -3.68426 3.69434 -2.35862 0.987374 0.554851 -2.67992 1.39463 -2.43861 -0.00191131 0.604934 -2.10818 2.7895 0.424913 0.244325 -0.41488 -0.649206 0.589988 -0.978811 0.834537 0.8428 -0.00642537 -2.50303 0.0268303 1.52338 0.703186 0.910368 -0.180367 1.85936 2.08368 -2.79949 -1.97654 0.16019 -1.3511 3.3088 1.42475 0.68471 1.26792 2.08619 1.03204 2.07094 -1.86076 0.685891 1.48335 -1.35831 1.24753 0.235424 1.63622 2.52921 1.75935 -1.74623 -0.153619 -2.66207 -0.505661 -0.683588 -0.954864 -0.665255 0.489268 -0.108751 0.130007 -2.66257 -1.92507 0.529383 0.773198 0.978738 -1.28242 -0.824883 1.46914 -0.592046 2.27449 -1.44977 1.14043 0.134706 -1.35572 -1.92513 0.186062 2.53011 1.4153 -0.0997694 -1.08329 1.91913 1.10813 0.153074 -1.74302 1.58117 1.9322 -1.40024 -0.438962 1.33499 -0.480776 -0.566248 0.918998 -0.0869933 0.546513 0.453616 -1.517 1.555 0.489506 0.390575 -0.964561 0.79503 1.0824 2.5805 2.10035 -0.198548 0.613075 0.36089 -1.63971 1.86892 0.497033 -0.104214 1.14184 1.94347 1.10415 -0.53968 -0.971205 2.4469 -0.468751 -0.522398 -0.450713 3.13997 -1.62699 -0.653781 1.80672 -0.918163 -0.543983 0.742645 -0.313362 0.473665 0.795209 -0.728657 -0.553646 1.7742 -0.867396 -1.50721 1.02994 -0.775091 -0.346767 -0.998403 0.262916 -0.43969 -3.17281 0.402249 1.45977 1.78896 -0.647956 0.421816 -0.642069 -1.52034 3.98792 1.6971 1.36806 0.325981 -0.0311689 0.721321 0.0781421 0.0847972 -0.035517 0.0298054 -0.28263 -0.345752 -0.431326 0.35215 -0.0636241 0.813195 -0.98218 1.0462 0.352262 0.497795 -2.30887 -0.193985 -0.364084 1.77169 -1.53525 0.587084 1.44971 0.781196 -1.04279 2.9667 2.64516 -1.35903 -2.23039 2.1081 0.683344 0.188933 0.365818 -1.77268 
-1.14261 0.451377 -0.570167 -1.97827 0.00808927 -1.23606 1.25694 0.59129 0.139823 1.28351 -0.68312 1.7919 3.31258 1.01321 2.1549 -0.303382 -2.03371 -0.630918 0.037503 -0.356897 0.41711 0.307109 0.343064 -0.656993 -1.3763 -1.79922 1.07944 1.73131 0.719339 -1.32197 1.61876 -0.63908 -1.26727 0.653547 -0.380667 0.364654 -0.774038 0.205126 -0.722856 1.42662 0.00720886 -1.19427 0.368335 3.01429 2.65142 -1.03591 0.450238 -0.326102 -1.90383 0.786717 -0.505388 1.05201 -0.327063 1.19921 0.118212 0.058481 0.499997 1.37973 0.139648 -2.17549 -0.883974 -1.25326 -0.599415 0.147055 2.9969 0.269392 0.234331 -0.367978 -0.413949 0.670632 0.0586464 -1.60003 -2.09734 3.78012 -2.95524 0.0182049 -1.16987 -1.22987 1.18944 -0.200542 -1.52951 0.105141 1.30336 0.819652 1.71699 -1.4295 1.05438 -0.0128446 0.984522 1.20705 -1.03163 0.0758939 0.188087 1.07289 0.109285 0.840967 0.572861 -0.308051 1.88753 0.686753 -0.728721 -2.31318 2.52884 -0.453387 -1.21075 -2.29665 3.07035 -0.25701 0.880346 1.90213 0.851963 -1.086 0.929137 -1.15984 -0.580494 -0.0167487 1.71433 1.30866 1.07525 0.19925 -0.336819 0.166702 1.07007 1.1628 -0.199469 1.05189 0.785563 0.0251787 -0.128024 2.28051 0.0894419 2.49539 0.0410151 -1.11806 1.44049 -1.70186 0.586937 0.770708 0.150997 -1.163 0.583172 -0.795943 -0.733578 0.0443568 1.07257 1.23524 1.63833 -1.90558 -3.09352 -0.0239535 1.57938 -2.51152 0.0498555 -1.64013 1.52255 0.176043 -0.841324 1.60492 -0.924557 0.0116148 -1.66116 2.57042 2.29559 -2.05294 0.099518 -0.245442 1.0924 -1.91026 2.62395 -0.895255 -0.811921 -1.14157 -0.384347 1.82447 0.783664 -0.164893 -0.144033 -1.53213 0.608663 0.859111 2.30648 0.682665 -2.12292 1.62298 -0.69264 0.491662 0.273981 0.173703 3.03497 -0.679209 -0.686387 -1.93299 -1.82365 -1.38878 -1.18187 0.418909 3.8879 0.463167 -0.116789 0.920688 0.453991 2.57649 -1.21787 0.281987 -0.420106 0.541205 1.09368 -0.654576 1.63547 1.2108 2.25173 -0.652848 0.359189 -0.424712 -0.728119 -2.03066 -3.44473 1.32796 0.808429 -0.837396 0.0897965 -0.906124 -1.12761 0.601828 0.367908 -0.608606 -0.243441 -1.92249 -1.78037 0.818934 0.890664 0.769192 -1.59775 -1.49348 -0.452334 -1.0512 -1.10333 -1.62852 -0.234398 -0.808716 1.12059 -1.20482 -2.1841 -2.00162 -0.109016 2.73808 -0.978339 -0.179143 -0.0369647 0.012165 -0.417455 0.796322 -0.318491 -0.283164 -3.07733 0.95608 -0.323338 0.487415 2.56701 2.00764 -0.635331 -0.111453 -1.26198 -1.00835 -0.375232 -1.66903 -1.41688 -1.4089 -0.75175 1.35061 0.343479 0.867937 0.511662 -1.40694 -2.12261 2.60686 -2.58789 0.264438 -0.414616 0.358217 1.85547 0.521331 -1.00551 -2.00962 0.358237 -1.19147 2.11876 0.878136 0.578034 -0.976545 0.0279956 -1.90856 -1.93798 1.07121 1.31433 -0.199658 1.43724 -1.26263 0.615218 2.24164 
