500 101.001
29.6081 29.6081 29.6081 
14 14 14 
1 1 1 1 1 1 1 1 1 1 1 1 1 1 1 1 1 1 1 1 1 1 1 1 1 1 1 1 1 1 1 1 1 1 1 1 1 1 1 1 1 1 1 1 1 1 1 1 1 1 1 1 1 1 1 1 1 1 1 1 1 1 1 1 1 1 1 1 1 1 1 1 1 1 1 1 1 1 1 1 1 1 1 1 1 1 1 1 1 1 1 1 1 1 1 1 1 1 1 1 
1 1 1 1 1 1 1 1 1 1 1 1 1 1 1 1 1 1 1 1 1 1 1 1 1 1 1 1 1 1 1 1 1 1 1 1 1 1 1 1 1 1 1 1 1 1 1 1 1 1 1 1 1 1 1 1 1 1 1 1 1 1 1 1 1 1 1 1 1 1 1 1 1 1 1 1 1 1 1 1 1 1 1 1 1 1 1 1 1 1 1 1 1 1 1 1 1 1 1 1 
1 1 1 1 1 1 1 1 1 1 1 1 1 1 1 1 1 1 1 1 1 1 1 1 1 1 1 1 1 1 1 1 1 1 1 1 1 1 1 1 1 1 1 1 1 1 1 1 1 1 1 1 1 1 1 1 1 1 1 1 1 1 1 1 1 1 1 1 1 1 1 1 1 1 1 1 1 1 1 1 1 1 1 1 1 1 1 1 1 1 1 1 1 1 1 1 1 1 1 1 
1 1 1 1 1 1 1 1 1 1 1 1 1 1 1 1 1 1 1 1 1 1 1 1 1 1 1 1 1 1 1 1 1 1 1 1 1 1 1 1 1 1 1 1 1 1 1 1 1 1 1 1 1 1 1 1 1 1 1 1 1 1 1 1 1 1 1 1 1 1 1 1 1 1 1 1 1 1 1 1 1 1 1 1 1 1 1 1 1 1 1 1 1 1 1 1 1 1 1 1 
1 1 1 1 1 1 1 1 1 1 1 1 1 1 1 1 1 1 1 1 1 1 1 1 1 1 1 1 1 1 1 1 1 1 1 1 1 1 1 1 1 1 1 1 1 1 1 1 1 1 1 1 1 1 1 1 1 1 1 1 1 1 1 1 1 1 1 1 1 1 1 1 1 1 1 1 1 1 1 1 1 1 1 1 1 1 1 1 1 1 1 1 1 1 1 1 1 1 1 1 

0 9.18434 26.6762 5.93825 0 28.5423 8.7819 0.19711 0 6.72067 4.43302 4.12484 0 7.78048 6.20507 25.1816 0 8.46126 4.59237 1.05445 0 1.34614 0.867279 7.52417 0 8.41339 19.8301 7.70672 0 10.7753 5.07761 4.27613 0 17.5528 2.67001 5.57196 0 15.439 27.7747 10.7511 0 17.8012 0.344825 8.80759 0 16.0255 28.7711 4.13279 0 17.0508 1.32444 0.463108 0 19.3347 5.25042 11.9591 0 28.4003 28.0296 13.8845 0 19.6785 3.33109 1.03736 0 28.9528 29.269 2.90506 0 22.6098 10.8942 7.47534 0 29.281 25.5294 6.80386 0 27.3141 2.13152 0.928349 0 1.38314 10.0694 27.1929 0 24.8594 13.6201 6.81228 0 7.41407 2.27365 25.1954 0 5.79491 4.78699 28.4214 0 1.66042 1.57157 1.30579 0 6.90021 28.1066 3.94296 0 9.45061 1.59895 28.3692 0 14.0369 2.16743 6.4687 0 13.3714 7.01857 2.76866 0 9.10721 28.2874 12.9268 0 16.262 8.89414 3.99258 0 23.9278 3.60914 3.24297 0 14.8988 7.05346 27.1815 0 18.8041 5.97949 3.75033 0 23.0429 12.5366 25.8404 0 26.1722 14.9803 25.938 0 0.12986 5.19749 1.0284 0 3.74793 4.59483 2.30689 0 5.24899 7.46923 4.90416 0 6.11554 12.2882 3.08019 0 1.36511 20.0559 28.1721 0 5.38879 21.9743 29.2799 0 5.75778 12.1672 27.4509 0 27.6669 12.5548 3.70673 0 15.3045 5.91388 5.63671 0 7.28012 13.5019 6.44927 0 9.07544 11.1345 0.733163 0 12.5024 10.4701 2.74919 0 7.62209 10.2801 6.18514 0 12.1816 19.8504 9.34942 0 16.7939 17.5912 1.93932 0 9.86571 12.3088 4.26008 0 23.1112 13.1681 3.57044 0 13.8404 14.7597 10.3635 0 19.8208 10.4544 2.31283 0 24.0759 19.9235 7.06675 0 25.1802 11.0421 10.6466 0 25.112 19.6468 0.990877 0 21.861 12.5041 10.3584 0 26.6696 11.31 26.5016 0 2.02486 13.7832 27.6348 0 0.259157 21.1028 2.25225 0 0.747032 17.4388 5.18612 0 12.6012 19.8899 25.927 0 3.94402 12.6964 23.9433 0 9.45212 27.3999 1.0541 0 10.9797 23.1072 8.71591 0 4.51953 18.6761 2.07688 0 12.0744 11.115 27.5561 0 17.7448 19.5133 6.27837 0 12.3083 20.4772 4.89562 0 12.8112 17.2282 28.3833 0 20.6473 17.473 4.29862 0 15.399 12.4274 4.59068 0 25.8031 23.2456 6.5065 0 14.3215 21.2333 28.7743 0 21.5595 21.1738 2.40949 0 17.3152 26.7073 7.96938 0 28.321 16.9884 2.42798 0 27.9386 27.4207 25.4319 0 0.169332 24.1387 27.1396 0 0.559246 0.101302 27.9439 0 2.02574 24.6225 3.31687 0 28.0841 24.9554 3.21522 0 4.97636 18.0961 26.8573 0 25.5121 26.0539 8.56343 0 12.5299 28.6332 7.37535 0 9.2609 23.1256 29.295 0 14.7806 18.4784 20.8656 0 10.9975 24.3927 3.83009 0 10.6008 15.7468 6.25558 0 12.1211 25.0506 0.476897 0 17.1183 16.5737 27.975 0 18.9409 23.4472 2.12715 0 23.8959 24.5038 29.1731 0 19.2684 0.580276 2.91561 0 24.5262 26.4789 3.79008 0 21.8696 24.0524 5.22588 0 3.81786 21.0535 24.4519 0 2.31985 27.3212 25.9602 
0 4.83982 21.7864 8.39914 0 10.4125 2.11167 6.90922 0 6.80021 0.875868 1.12238 0 5.76022 9.21929 0.590959 0 5.13284 28.8472 7.48821 0 6.53183 3.33617 11.2497 0 13.227 27.5326 14.7513 0 14.495 1.23959 14.8033 0 16.718 26.9255 14.0973 0 9.82798 3.24483 12.4747 0 17.2872 4.39858 8.54696 0 7.74051 6.68214 10.9227 0 20.0748 8.77132 6.68899 0 12.169 7.03132 10.9979 0 19.4854 6.78658 16.184 0 18.4972 7.60522 29.3115 0 27.1362 4.92835 3.5487 0 2.00775 4.34032 6.73166 0 2.3418 27.6585 4.88465 0 27.9338 4.77581 6.80713 0 1.10594 10.2414 5.45267 0 27.4923 8.69309 6.73958 0 4.17456 9.59906 11.604 0 8.01523 8.99069 27.5381 0 1.96559 7.8891 8.07829 0 10.9736 9.5955 8.80038 0 9.21533 1.74822 3.69213 0 8.82754 6.50796 7.05022 0 7.6793 10.5091 10.1853 0 17.2609 8.11111 12.6217 0 10.538 10.4237 12.2723 0 16.1171 7.81086 8.51497 0 16.4311 12.1389 12.4897 0 16.9669 11.5641 9.14679 0 22.6526 8.90317 3.87538 0 24.7233 9.89993 0.356146 0 2.65154 7.2832 29.0817 0 22.5095 7.87709 9.54703 0 0.617485 9.2169 12.5408 0 26.1434 8.65294 3.30039 0 3.04649 11.0016 1.92307 0 4.3445 18.9136 14.3161 0 4.3356 11.203 6.56812 0 7.70374 21.7546 2.7315 0 5.36154 7.66982 8.67187 0 7.90619 16.8591 12.2866 0 12.0408 19.8037 16.2891 0 7.37713 15.7688 3.65489 0 10.3477 13.0917 9.29774 0 13.5909 21.3551 12.5223 0 7.81497 19.0906 15.4065 0 14.3469 17.4585 7.92822 0 19.0606 12.4762 6.28826 0 19.0854 19.5995 12.9804 0 20.4621 16.0511 11.8877 0 14.8117 18.2709 13.5987 0 12.5471 15.9058 3.24503 0 19.6402 19.276 9.34836 0 28.9261 11.1745 8.689 0 23.9862 17.0264 3.18791 0 1.9411 19.0127 8.13283 0 29.4114 14.2355 7.31306 0 5.19282 18.7544 6.11141 0 12.7908 8.26533 6.08344 0 9.3641 18.4633 3.94659 0 9.66344 22.466 19.2689 0 11.5311 17.2864 12.4878 0 14.1788 28.3016 1.00777 0 14.5571 25.6867 5.93152 0 26.1938 25.5076 12.0987 0 18.306 20.4966 20.0511 0 11.2216 19.9376 1.2518 0 16.3487 19.9893 10.5019 0 19.1699 25.4197 16.7836 0 23.5376 19.3671 10.6754 0 15.744 25.3324 28.404 0 18.7117 24.3624 5.76259 0 20.5509 21.0404 6.33747 0 27.9361 20.2943 6.45204 0 27.8102 17.3956 28.0494 0 1.22172 22.2906 6.15263 0 4.09349 1.44928 9.70775 0 12.1805 28.5198 4.0224 0 27.1048 22.5715 0.141923 0 29.0306 26.9721 0.0626754 0 9.72442 27.0777 9.43234 0 4.3285 21.6564 4.5176 0 7.73582 0.714618 9.49378 0 12.5169 23.7599 15.451 0 10.0437 26.7765 16.1095 0 23.7388 0.209212 4.54173 0 12.5442 3.67231 9.88897 0 19.8818 28.6515 5.91255 0 21.1639 26.4779 8.31914 0 11.7932 0.390393 11.3222 0 26.4341 2.26538 10.4924 0 18.6158 22.3757 9.46669 0 4.08072 27.9663 1.7863 0 26.7052 17.1873 7.46951 0 4.88416 25.0853 5.89848 
0 26.2351 1.35498 16.4116 0 2.50248 25.652 8.51874 0 7.02559 3.1381 14.8114 0 7.62952 23.8541 8.19344 0 10.212 6.706 13.8454 0 0.624251 1.86375 11.5844 0 10.3287 27.0046 22.0017 0 3.11626 5.14807 16.6279 0 15.4122 4.51231 12.2337 0 11.2947 10.8475 20.806 0 13.9563 7.38736 14.1951 0 13.9269 14.0667 13.8806 0 23.3878 0.424141 8.53573 0 13.6715 10.7491 14.9457 0 18.0167 2.13754 13.1437 0 24.2627 6.43208 5.73372 0 1.016 6.92727 3.7863 0 23.0288 23.3158 20.8257 0 23.6575 3.3437 25.1845 0 3.72683 27.5832 14.9896 0 4.55836 1.04818 4.43033 0 27.6311 3.38952 13.8308 0 3.22437 5.24498 10.411 0 7.37311 9.49439 13.7854 0 1.04236 5.89328 13.6788 0 25.8692 0.718337 23.3921 0 18.9942 11.1596 14.942 0 6.13959 4.09176 7.77762 0 10.1662 7.39919 21.379 0 5.00864 15.4767 17.3489 0 12.1075 8.14105 18.2974 0 22.7052 11.2548 14.0681 0 28.0576 8.10108 15.8009 0 25.0376 12.4777 20.3436 0 23.2575 7.334 16.7556 0 22.174 7.42035 13.5458 0 24.5495 3.32754 6.89608 0 23.0753 13.9477 17.162 0 25.1444 29.1229 19.2339 0 29.0528 4.84625 10.4923 0 0.0514773 2.41429 16.2253 0 28.2562 14.2311 11.5691 0 6.01068 0.0687458 13.2067 0 3.63831 14.1173 8.49972 0 3.88275 15.6897 4.86094 0 6.60543 13.6284 10.6236 0 27.7529 8.34334 10.2674 0 10.2871 20.4659 13.1071 0 10.0726 14.5094 14.1132 0 7.92727 16.4454 8.65086 0 12.8125 12.4566 6.76402 0 19.0726 23.1085 23.5148 0 23.4099 19.3317 15.0431 0 13.8791 10.3894 10.3435 0 26.0788 16.1552 22.3896 0 23.1584 15.5293 13.7922 0 17.8512 16.3073 9.18221 0 18.9138 20.0103 16.7557 0 26.8101 21.8952 11.2432 0 22.9761 15.7116 9.20953 0 1.31984 13.6885 4.21126 0 27.3038 17.7665 12.3387 0 0.0760733 15.8129 14.3611 0 1.40566 16.5206 10.8308 0 9.05304 22.6992 15.4392 0 8.78719 24.548 11.9104 0 6.24208 11.6844 15.8342 0 17.4186 22.9623 12.6163 0 17.8944 14.9183 15.4869 0 19.2954 25.2619 20.6479 0 17.4803 13.4241 21.2435 0 14.9414 22.2707 7.16867 0 15.9779 23.992 20.8368 0 25.8057 23.4478 14.7092 0 17.2838 16.6906 19.0479 0 20.2329 3.51431 15.3109 0 22.953 22.126 13.0725 0 28.6089 19.371 15.5575 0 2.19549 13.2886 12.5146 0 22.0585 26.9058 14.3494 0 22.1162 23.2542 9.29573 0 2.39336 24.4893 17.0678 0 2.505 28.2173 11.3635 0 5.94266 26.912 10.5358 0 6.83579 25.7657 14.5681 0 6.59406 21.3109 12.0523 0 15.0321 24.7287 2.60889 0 13.2143 24.9261 11.7074 0 12.5973 25.3603 18.7847 0 20.7115 0.324741 11.0404 0 25.6164 27.3188 16.2464 0 18.9556 27.0624 11.4312 0 24.69 29.0847 12.7637 0 16.3888 4.60851 15.4806 0 15.7237 28.2135 17.7799 0 22.7571 3.71081 10.548 0 0.330564 23.2346 9.79236 0 22.8831 24.527 16.8461 0 28.9317 27.1274 10.2761 0 22.5498 0.554393 15.729 
0 25.9526 25.668 19.1653 0 26.6357 0.99239 27.1155 0 6.44197 2.4287 18.8616 0 22.8411 2.26437 21.6679 0 29.2337 27.2094 21.3276 0 5.04748 6.08436 13.835 0 5.55346 28.599 24.4247 0 3.46988 2.63836 13.4509 0 14.3364 8.30805 21.1357 0 10.6871 1.13093 15.4322 0 11.218 6.87757 24.9993 0 9.83508 3.00165 21.4184 0 22.6869 10.4278 18.5208 0 12.693 0.436819 21.9897 0 18.5067 2.20785 22.3505 0 15.8693 11.121 18.9377 0 19.7743 9.64423 10.6504 0 20.2247 2.06701 25.3678 0 23.4584 1.90429 0.181094 0 16.3055 2.16554 18.552 0 26.7712 4.62401 17.3826 0 3.96774 1.45771 21.7169 0 28.72 7.2737 23.1946 0 3.85456 5.14659 20.254 0 25.2272 6.29724 11.2335 0 7.52243 29.3639 21.2672 0 12.1082 14.7992 25.8934 0 11.1726 11.9832 17.1055 0 10.2828 16.8622 16.815 0 21.216 13.0523 22.3848 0 20.9351 5.6699 23.3701 0 2.52729 9.59372 15.5416 0 16.5512 7.2996 18.5381 0 13.3878 12.6467 23.1643 0 17.4589 5.4822 21.4533 0 18.4111 7.92563 24.868 0 21.1105 7.64113 20.1033 0 23.8457 3.45125 14.5939 0 28.4999 7.0691 26.8156 0 26.3183 3.84246 21.3345 0 4.6506 15.4907 13.3516 0 7.442 11.983 19.5181 0 12.0474 5.03539 16.2331 0 25.499 9.11157 13.5388 0 29.1983 9.2301 19.0133 0 11.7813 14.6368 20.4536 0 14.2104 16.5406 16.5636 0 7.05582 19.4486 19.1507 0 8.67873 4.92371 17.5285 0 10.8629 18.664 20.0227 0 19.4635 10.5426 19.728 0 8.09349 8.48137 17.4404 0 21.004 17.0331 16.9174 0 19.8951 13.969 18.8362 0 24.2533 17.2489 18.52 0 0.447106 12.1219 16.286 0 24.0689 17.1024 28.2747 0 23.0904 16.0573 24.5459 0 28.9501 12.8198 24.1217 0 26.7447 14.2769 14.9821 0 27.1396 19.1198 20.1451 0 25.8129 21.8956 22.5377 0 4.86329 8.4781 19.5781 0 28.2137 23.6965 16.9298 0 15.4279 21.0314 15.3927 0 3.52841 23.5024 11.5752 0 5.03238 22.9588 19.7533 0 13.395 21.4355 19.0235 0 14.3806 27.1171 21.2908 0 18.9494 0.148445 17.2443 0 14.5641 16.9946 24.0726 0 13.0271 24.1627 26.2852 0 21.3017 16.4825 21.1091 0 19.2984 11.2276 25.9382 0 21.8197 20.2956 18.939 0 17.3813 28.8286 20.5199 0 29.1418 23.9716 13.3122 0 24.9232 22.5968 3.15121 0 3.69649 12.2869 18.844 0 0.332805 2.94604 4.00418 0 25.2408 20.8118 17.7748 0 2.62772 0.0659849 17.6052 0 4.76044 17.9274 10.0348 0 19.5093 23.5206 27.925 0 7.34378 25.7855 18.451 0 5.55093 22.0783 16.2163 0 10.4734 0.0172887 18.8027 0 12.9489 2.46709 18.3155 0 15.6709 24.7592 16.935 0 17.1813 28.7531 27.062 0 15.2638 21.0517 23.522 0 14.0943 27.8179 24.6603 0 21.8343 27.3804 19.1244 0 17.1163 21.6745 26.1552 0 22.2822 20.3579 24.1785 0 23.124 3.12001 18.1019 0 21.722 25.1464 24.1345 0 13.2415 1.13313 27.3909 0 29.5497 1.1442 24.3128 0 29.0775 27.1305 17.3022 
0 1.52574 20.1786 11.9964 0 3.21834 2.30166 25.0566 0 28.5568 0.885407 19.5652 0 4.69468 8.37865 26.1996 0 3.06268 24.798 29.3573 0 2.31038 4.06354 27.8394 0 3.79088 0.246942 28.2058 0 11.9648 4.98658 28.5843 0 7.1562 28.4163 27.9389 0 10.5822 0.057976 24.8514 0 20.2058 29.5693 28.4843 0 17.7426 27.1552 0.867212 0 21.0902 4.80103 6.24887 0 24.4521 7.01715 26.0049 0 25.327 6.304 29.2969 0 14.9657 5.61557 24.3225 0 15.7327 5.18018 0.418558 0 24.117 28.4038 28.7189 0 3.8075 24.644 23.2002 0 23.0198 29.4397 25.5654 0 2.80128 7.29781 23.0916 0 28.7349 12.4451 29.111 0 0.0210751 5.14866 19.8832 0 26.3555 11.1882 16.8448 0 5.31036 4.47158 23.3712 0 12.2837 2.17668 1.79122 0 15.6329 10.6182 26.4315 0 14.0269 4.53582 21.3062 0 9.65431 13.5271 23.685 0 8.32249 7.93514 2.63887 0 11.2633 8.30314 29.573 0 6.06791 9.98849 22.8402 0 20.0693 4.49147 18.9037 0 17.0006 10.209 22.5343 0 21.1814 5.04264 27.733 0 22.0686 6.51291 1.19964 0 24.2167 6.6256 22.1605 0 22.0755 12.8013 29.2443 0 0.743912 4.47784 24.3304 0 2.41865 15.8982 1.65538 0 5.95512 15.1947 25.4206 0 29.4236 12.9515 20.1322 0 8.99423 13.3187 27.6062 0 1.44839 10.337 22.0804 0 9.54518 9.93788 24.0058 0 10.6013 17.6362 23.3629 0 5.99735 14.5759 0.181124 0 22.0049 9.24043 23.5027 0 16.7311 13.5572 25.1293 0 9.32015 17.6212 26.7816 0 15.5216 10.0761 0.750931 0 18.5676 17.9711 22.6913 0 13.8717 13.3484 0.174321 0 16.5154 15.8824 5.20594 0 18.943 14.3859 2.86659 0 23.8676 18.5568 21.7717 0 25.483 9.9474 23.324 0 25.6027 14.2735 0.0453217 0 26.9144 4.30759 24.8006 0 26.2898 7.71652 19.5353 0 29.43 20.325 24.4283 0 0.764276 24.2225 20.1419 0 1.96673 16.6186 24.5418 0 2.2875 20.2302 21.0272 0 2.1836 17.2221 17.3666 0 7.99874 15.9563 19.3739 0 12.7352 23.8363 22.2892 0 6.58943 19.2675 23.1571 0 9.89442 15.7178 0.664395 0 7.007 25.6544 22.1711 0 21.5617 8.74302 27.3846 0 20.2345 18.68 26.4365 0 17.7604 12.7253 28.9746 0 25.4145 19.2202 25.3972 0 20.5341 17.4021 0.526583 0 22.3741 20.667 28.2618 0 20.1284 14.7704 26.1289 0 27.5021 1.09223 6.05056 0 27.8055 16.0771 18.1128 0 21.0353 26.3192 2.42418 0 6.9106 28.7971 17.1861 0 6.63242 24.5222 27.0399 0 6.85537 25.1858 1.99119 0 2.3343 20.6593 17.004 0 4.41548 16.7743 21.2125 0 7.97627 21.3186 26.4409 0 3.94985 27.7604 20.5758 0 9.85395 21.5287 23.302 0 9.89762 24.8737 25.0461 0 11.0594 27.157 27.4515 0 7.6078 18.7003 0.138307 0 16.1508 25.1083 24.8124 0 25.5851 22.7721 25.9955 0 15.8257 21.1341 3.02325 0 18.2818 20.5541 29.413 0 15.2951 1.68414 24.0068 0 17.8857 4.53259 26.9849 0 18.4855 28.2539 23.9474 0 25.7535 26.0474 22.7207 0 29.2686 24.123 23.1903 

0.618036 0.404739 0.495674 0.87028 -2.20055 -0.173363 -0.077133 0.613808 1.28558 -0.0911376 -0.885145 1.05083 1.06129 -1.70831 -2.68184 -2.63035 -1.50066 -0.413936 0.366416 0.00952636 -0.905 1.38243 -2.20862 1.85837 -1.65531 1.26304 1.90992 -0.716115 1.18633 -2.27605 -0.612858 1.39671 -2.74012 0.954083 2.50729 -0.877729 2.38863 -3.50428 -2.5402 -1.60711 -0.679504 -1.59018 0.290492 0.678196 -0.293499 1.54263 2.62245 1.4599 2.14418 -0.0417079 -3.03581 1.34481 -0.452689 -0.739797 -1.37263 -0.58286 -0.710524 -0.63492 -2.24236 2.55031 0.442013 2.88757 1.23591 0.385587 0.57757 0.831375 0.235027 -0.864999 -1.24184 -0.161759 -0.521549 -0.98033 -0.860177 0.0468492 -0.732233 -1.6541 4.12813 0.810666 2.64101 2.42973 1.60177 -0.301685 -1.49409 2.24768 -0.44934 1.93618 0.0823679 0.143354 -0.200653 -2.58885 -2.04956 -0.920824 0.148579 -0.238231 -0.434342 1.06605 -0.742416 -2.90566 -0.891283 1.59689 -0.441727 0.748844 0.752332 -0.141351 -0.69336 -0.0381006 0.884232 0.364074 0.18711 1.02902 -1.132 0.330252 0.571441 0.531472 0.475764 1.29753 0.152879 0.820233 -1.59765 -0.809524 -1.99253 -0.0817148 0.243727 -1.00715 1.82253 1.31835 -0.333389 0.159421 -1.05622 -0.113706 0.226549 -0.27003 1.43554 0.628353 0.577525 -2.36829 0.850731 1.66459 -1.6259 -0.995492 -0.261523 0.321808 1.18102 -0.0606224 -1.49859 2.34611 1.3548 2.0979 -0.38145 -0.347005 -1.21427 0.338142 -0.128222 -0.613558 -0.646734 -0.184355 -0.327574 -1.27078 1.29679 -2.23423 0.577801 0.51195 -2.02401 0.504986 -0.503018 1.13662 -0.277546 -1.40911 -2.05043 -2.07308 1.68769 1.70058 0.718856 0.492675 -0.295514 -0.9173 -0.659562 -0.410687 1.02871 -0.330499 0.472596 -2.50775 1.51401 0.807995 2.50582 2.93492 0.0921769 -2.39241 1.25858 -1.34952 -0.619347 -2.46307 0.732253 1.72585 -0.804632 1.90174 -0.19254 0.673179 0.290135 -0.682234 -1.72355 1.87882 0.702105 -0.584278 3.19358 0.371826 0.154373 -0.253959 -1.23044 -0.501072 0.28591 -1.72994 0.105883 -0.159279 0.338227 0.395228 -0.503741 -2.4425 2.22941 -1.2451 1.58754 0.430949 2.95737 -1.00363 0.00475606 1.14653 -0.47294 -0.592737 0.287308 -0.805103 -1.63736 -0.560751 0.0619259 0.265777 0.117637 1.61439 -0.0102048 0.0112026 1.64808 1.21179 -0.879848 -1.10609 0.126698 -1.48621 -0.623229 1.4096 1.33387 2.23344 2.06968 -2.10375 -2.00173 0.123789 -0.859848 2.01877 -1.36839 1.83481 -1.7826 1.25671 0.468791 2.56502 0.0475387 -0.0943696 0.509675 1.26275 0.305022 2.9716 0.750187 -1.27326 -1.28494 0.542206 -1.48699 -1.27507 1.89385 0.473178 -0.265766 0.0516087 2.52701 -0.668089 2.23775 -0.377819 -1.08425 1.18464 1.36352 0.311183 2.0782 1.61382 0.476181 1.01123 0.402624 -1.75803 1.02598 -1.79066 -1.7302 1.40741 0.37669 -0.433773 -1.85116 0.686668 0.107264 0.476607 
-0.0692226 -1.48351 0.204186 1.23114 -0.507473 -1.90005 0.871085 0.036154 -0.991003 -0.626484 0.257007 -0.307544 -0.0379394 3.02289 -2.81967 0.978647 -0.373227 0.747161 0.904361 -2.97468 -0.648819 0.0649578 0.695508 0.440259 -0.173276 -0.262777 -1.27917 0.334622 -0.577135 1.3027 -0.182833 -0.635536 1.18014 -0.0440716 -0.00642679 0.786191 0.123861 0.173595 -0.104768 0.0713683 -0.943003 -1.25375 0.0612557 0.168206 0.251209 0.418105 3.61897 -0.16469 0.020303 0.647641 2.90422 0.3194 0.990319 2.0811 0.548444 0.211933 0.527152 0.628023 -0.257494 -0.0155625 -0.644401 0.863208 -0.150363 0.738271 0.119157 1.34254 1.80007 0.677746 -1.04301 1.07875 -0.44745 -2.07886 1.07616 -1.37227 -0.256702 -3.47734 0.117919 0.70997 1.43894 -2.40521 0.0143386 1.77273 -0.314145 0.508199 -1.63316 1.301 1.05265 1.9259 -2.00335 0.31212 -0.75737 -2.16396 1.04128 -0.509832 -2.27602 0.26558 -0.229628 0.571239 -1.34636 -1.98875 -0.267682 -0.494518 -0.639998 -1.44712 -0.556312 1.01405 0.23003 -3.69452 0.809147 0.0244284 0.449372 -0.997819 -1.56299 0.643089 1.06243 -1.24292 0.501602 -0.977854 0.43745 -0.737005 -2.73041 1.25787 0.0729266 0.0655479 0.779897 -0.0224841 -0.909359 0.630009 -0.412185 0.40095 1.72126 0.623441 -0.845913 -1.8951 -1.03428 -0.138912 -0.16535 1.5507 2.36879 0.663463 -0.224889 0.792265 -2.87583 -1.19163 0.239678 3.21326 -0.510472 -2.70666 -0.937108 -1.89848 1.25916 0.240244 0.493984 -2.09771 -2.20758 -0.96472 2.42523 3.26381 0.292778 -0.628574 1.20588 0.738209 0.0644718 0.802312 -0.122071 0.197146 0.845848 -0.684848 -0.804777 -0.601047 1.72915 -0.958264 1.63707 1.59211 0.865485 -0.606317 0.397309 3.31061 -0.240874 -0.367802 -1.05955 1.36189 0.0372681 0.619843 0.167244 -0.758739 0.101311 -1.03915 -0.479771 1.01521 -0.540202 -0.244676 1.89387 0.129357 1.2483 -1.26122 0.62694 1.0469 2.11168 0.44118 0.487664 1.7697 -1.6446 -0.0573819 -0.207893 -0.412754 1.48115 1.89364 1.07452 0.116018 2.43134 0.15865 -1.54707 -1.35437 -0.270083 -0.907431 -2.23687 -2.78217 -1.3162 0.885148 0.405567 0.458335 -1.17027 0.491794 -1.07189 -2.84359 -1.12256 -1.28282 -0.212439 1.04729 1.28394 0.663387 0.433008 -0.120756 0.839201 -0.899314 -0.11206 -1.28947 -1.12439 0.924361 -0.412464 -0.906247 0.809683 -1.01294 -0.885834 -2.92975 -0.162373 -1.63306 -0.610309 -2.35541 -1.99217 0.322494 -0.160397 0.0608217 1.75171 0.693101 1.11167 1.97417 -2.88713 -2.03143 0.0244704 -1.46984 -1.53866 1.94159 -1.23025 -1.52876 1.11463 0.390245 0.0784954 0.750312 0.7485 -1.1025 1.1737 -1.48438 -0.481818 -3.96769 1.53444 1.25749 0.349689 -0.0550054 0.813292 -1.10496 1.93492 -1.69779 -0.429069 -3.37981 -0.720777 0.820982 0.191425 0.358683 -0.706784 1.59411 -0.348403 -0.366108 2.7453 -0.367379 0.179107 -0.365884 0.306274 1.08943 
-0.172476 -0.427527 -1.17762 0.142921 0.790106 -2.05448 0.570872 -2.21593 -3.28566 -0.83697 0.727988 -1.02697 1.5909 0.251013 -1.921 -1.92962 2.04779 0.681669 -2.6096 0.116945 -2.82102 1.26953 -1.0932 3.62984 -2.71824 1.17508 1.57578 -0.054573 -1.0995 -0.475571 1.851 0.738167 -1.25201 1.47637 1.52291 0.0609943 -1.28264 -0.388719 1.07689 1.42404 -0.370411 0.626708 0.269854 -0.410364 0.617947 0.867538 0.61158 0.974972 -1.09898 0.888786 0.355049 0.0609645 1.46744 -0.777786 -1.44969 1.58395 2.35775 -0.775935 -0.682985 -0.664783 2.7597 -0.200035 -0.172351 -1.33631 2.30367 -2.82657 0.156002 1.00852 -1.55114 0.159338 -0.390557 1.55603 -2.71767 -1.13781 -0.848862 -2.47432 -1.99869 -1.80204 -0.421967 0.462974 -0.93657 1.05171 1.18911 -0.0548746 1.28205 0.352787 0.0776283 -2.48666 0.206005 1.09788 -0.69042 -0.972738 -1.46119 2.40599 -0.414146 -3.04635 2.62962 2.26685 0.956349 0.411346 0.55297 0.1639 -1.87298 1.15382 1.56825 -0.31972 0.0494878 1.14567 1.30891 -1.04772 -0.533647 2.04124 -1.32988 0.0561882 -2.11192 1.52024 -1.90529 -0.227497 -0.325186 0.100672 -0.338588 -0.322639 0.0241206 1.68484 -0.157934 -0.862828 0.964752 -0.30077 1.34545 0.725759 -1.3379 2.08049 2.12561 0.085657 -0.395455 1.52613 0.966176 1.46806 0.277464 -2.63731 -1.03991 -2.84149 -0.138011 -0.577369 1.42645 0.866258 3.77934 1.35482 -0.532674 2.22079 -0.467714 -1.27335 1.43482 2.52609 1.27228 -2.48058 -1.13158 1.38563 -0.381574 -0.821743 -1.15226 -0.37655 -0.224004 1.46032 -1.2006 -0.459159 -0.145731 0.760777 1.76098 -0.149992 -0.887579 -0.809673 -0.1695 -0.711697 -0.877362 0.79794 -0.118351 1.74188 -2.14027 -0.326099 -0.631074 0.351191 0.7217 1.42712 0.566143 -0.563885 -1.68691 -1.89523 1.16442 0.548443 0.741794 -1.32994 2.50289 0.805719 -3.47698 -0.724423 -2.22112 1.34725 1.74049 -0.927932 -1.64735 -1.38739 1.69257 0.655365 1.16482 -0.807949 0.408937 1.55504 1.91936 1.37179 0.793702 0.118217 2.77627 -0.956797 -1.25895 1.62277 0.489835 -0.226968 -0.0578376 -0.218359 0.97699 0.0700043 0.641476 -1.13499 2.3837 1.23193 -0.522066 -2.09404 -2.68122 1.48391 -1.92015 -1.72854 0.63618 3.93068 1.93998 -1.32541 0.994023 -1.82716 -0.0250442 -0.128175 -0.847117 -1.79587 -1.17589 1.08404 -0.574517 1.18021 -0.269609 1.94755 1.4178 -0.685207 -2.26311 1.74963 1.52451 1.59017 -1.79225 -1.68956 -1.08685 -1.64012 0.0875964 2.13823 -0.68074 -1.98985 -1.03487 0.800914 -1.56562 0.52908 1.82165 -1.93811 -2.94635 -0.334188 -0.30281 0.651206 0.212872 -0.228879 -0.343456 -0.185437 -0.208553 1.76677 0.200572 1.0208 -0.275527 -0.345395 0.184477 -0.377775 -0.819101 -1.38966 -1.42278 -1.5005 -0.768536 -0.795089 0.358832 1.741 2.01294 0.38199 -2.0761 -3.69133 0.386918 0.049927 0.59053 -0.147654 
-0.879069 -3.69584 -0.0854939 0.0688284 -0.36372 0.898459 -1.29357 -1.14988 0.167319 -0.860019 0.0606049 -0.87963 -1.84414 -3.28737 1.70366 1.3291 -2.10661 2.24845 -1.71249 -0.980704 0.526007 2.68822 0.857881 -0.913204 -0.0382673 2.63225 -1.66476 0.422561 -0.413933 0.592519 2.37771 2.72213 0.185204 -0.122087 -0.378869 0.620658 -0.945173 0.517868 -1.60389 1.44882 -1.76695 -1.08995 -0.14328 0.484644 -1.33946 -1.55471 0.148655 0.469411 0.0883766 0.312561 -2.48805 -0.650881 0.864263 0.256656 1.8966 1.01324 1.08311 0.814668 -0.817576 0.609954 -1.54081 1.83771 0.404418 1.23912 -0.693099 -0.954419 -0.650705 0.953996 0.0922801 -0.267926 3.51784 0.0170992 1.68557 -1.9542 0.782487 0.792712 0.863111 1.261 0.541854 0.181897 -1.3304 0.699146 -1.32093 -2.22341 -2.86381 -0.625831 -0.82287 0.57893 0.87551 -0.0081495 1.48436 -0.84326 -0.060816 -1.66021 -2.85996 -1.02649 -1.678 -2.32441 -0.743622 -0.23431 0.516573 0.639775 0.2685 -2.0872 1.36407 0.00202563 0.598148 0.706497 0.907743 -2.6996 -0.295078 -1.10196 0.0583901 -1.51122 -1.76374 -3.53534 0.906541 1.83467 1.94405 -2.51591 -1.30387 -1.13003 -1.88944 -0.388272 -1.47929 -2.00886 1.43457 0.401249 1.15268 -0.107894 0.40787 0.00569096 -0.911456 1.61497 0.968875 -0.894187 -0.111954 0.431072 0.475819 0.17635 -0.433795 1.64977 0.165795 -0.286148 2.34288 1.19563 -0.967914 2.14853 1.06663 0.209209 1.96056 0.705902 0.978255 1.28863 -1.53047 -0.66307 -0.961412 -0.155138 1.24588 0.660157 -2.5806 -2.23597 -0.332251 0.978802 -0.150371 -1.45968 -0.108687 -2.55741 0.0357394 -0.495984 0.73088 0.406118 1.372 0.448014 0.56519 -2.53309 4.19065 0.1632 0.193694 1.56581 -0.449133 -1.13005 -0.859199 1.31509 -1.07662 0.00559625 -0.570021 -2.1533 3.29953 0.361644 -0.174163 1.79437 -1.55716 0.809927 -0.970268 1.19584 -1.58975 -0.0463728 -0.030378 0.522357 0.733378 -0.506133 -1.08535 -4.09701 -2.19067 0.732391 0.791617 3.77409 -2.1739 1.33201 -1.00007 -0.982723 0.27856 -0.962503 1.84713 0.602308 -0.936251 0.393319 -0.606207 -1.25002 1.38861 0.692171 -0.029009 0.154885 -2.55402 1.99064 2.37266 -1.32961 -0.71237 2.30815 -0.331755 -0.629967 3.80091 1.2813 -0.40353 -2.14594 -0.554407 -1.05348 0.098312 0.678025 -0.646801 -0.453892 1.93308 0.00425963 0.654637 -0.24413 2.86028 -2.11305 -1.53548 -0.918276 1.29545 2.38332 -0.00766002 1.09151 -3.15602 -1.51436 3.79538 1.54935 1.15629 1.81433 1.63729 -1.29866 0.662968 -0.366921 0.0836171 -1.78043 -1.23121 -0.745388 0.761341 1.87175 -0.276662 0.186404 -0.226809 0.327921 -1.60425 -1.00182 -0.607536 0.904124 -1.80171 -2.59963 0.175712 2.23115 0.425421 -1.57218 2.3679 -1.13576 -1.42511 1.4602 -0.311759 0.498801 -0.679556 -0.97357 -0.217762 1.79237 -0.492342 1.73988 -3.05243 -1.69073 -0.113931 1.91224 
-0.753747 0.893028 -0.864197 0.269357 1.30965 2.10094 -1.80284 -0.471806 0.872012 2.60695 0.649957 0.0674124 1.95137 -0.406104 -0.126484 -0.536396 1.61559 -1.16605 1.39749 0.463875 0.507243 -1.82543 2.63345 -0.790584 -0.0252605 -2.02857 -0.324799 -2.63295 -1.09655 -1.27584 1.40991 -0.186764 -1.69998 1.26764 0.218492 -0.737424 -1.06782 -1.22313 -2.19382 0.21013 0.496034 0.851922 1.05381 -1.22797 -1.25448 0.512196 -0.690728 0.315875 1.38493 0.656769 -0.0765524 -1.31127 0.609222 0.399038 1.25146 1.27189 2.29883 -2.04803 0.266125 0.922951 -1.27631 2.19056 -0.346715 0.336368 0.0652758 -1.46301 2.44406 0.0315371 -0.47079 -1.95768 2.07355 -0.588127 -2.44164 -0.461696 0.953876 -0.88475 0.466316 1.29978 -0.988804 0.726073 0.75843 -0.402414 1.73644 1.08059 -1.50022 3.62011 1.03302 0.437622 -0.9745 -0.115862 -0.92938 -1.1306 -0.147806 0.19056 2.18227 -1.92218 0.919922 -0.905422 -0.358094 -0.56367 -2.56217 -1.1646 -0.277516 1.2461 -0.9095 0.413238 0.688642 -0.294427 -1.1971 0.671046 -2.4764 1.21043 0.763451 0.27581 0.831795 -0.844783 -1.24295 -1.27297 -0.533877 0.540563 -1.12436 0.596515 0.386428 1.34403 2.41792 0.0916779 -0.962151 -0.141834 -0.434353 -0.649652 2.6277 -0.689224 0.652344 0.802222 0.282013 -0.530228 -0.479007 -1.02921 0.464096 0.72317 -0.36721 0.708507 2.2047 -2.14062 -0.537684 -1.39769 -0.00872386 -0.79536 2.07645 0.031177 0.744829 0.871788 1.00179 2.23532 0.797551 -0.389356 0.716152 -2.56201 -1.72059 0.185621 -2.12298 1.16025 -1.18993 1.83732 0.371133 -0.563482 -1.10099 0.58826 1.04111 -0.170398 -0.28797 0.687796 1.4837 -0.339638 -0.915132 0.170484 -0.0294525 0.875381 -0.276107 -0.161103 0.191079 -1.05597 0.69288 1.33545 0.309595 -2.48198 0.764945 0.25775 -0.931825 -1.0273 -0.207596 3.65347 -2.03623 -0.467132 2.88241 -0.710059 0.587197 1.49068 -0.773669 0.530157 -1.49859 -0.877175 -1.65135 0.732907 0.389558 -0.390721 -3.0188 1.16217 2.19535 -1.10893 0.187584 1.55296 -1.18181 1.61588 2.36933 -0.0355662 -0.0165181 1.60043 0.183196 0.262838 2.58319 0.0509056 -0.909124 0.37481 0.121386 -0.307783 -2.27382 2.8069 0.18701 3.04279 0.131044 -0.388339 -2.15447 -1.10134 1.1978 -0.698924 -0.350587 -3.37413 -1.31548 -1.07579 1.69951 -0.142646 0.827267 3.27021 0.214419 -1.32233 1.57162 2.09998 -0.533643 3.49558 -0.660288 0.796467 1.04183 -1.77519 -0.0588526 -2.089 0.298517 -0.0633096 -0.314455 -3.02922 0.515711 0.27655 -0.272182 -1.39141 -0.62459 1.62695 1.71 -0.656622 -0.17041 -1.23614 0.671428 1.30259 0.0309728 -1.46684 -0.249232 -1.57546 -0.438982 1.30008 -2.01199 1.32262 0.826201 1.77792 0.0458235 1.46381 1.8819 -2.12703 -1.0746 1.12857 -1.66259 1.01948 -2.16468 0.5336 -1.27135 0.992452 -0.946536 1.1431 0.467101 1.67585 0.189972 -0.740754 
