500 1.00001
28.0813 28.0813 28.0813 
14 14 14 
1 1 1 1 1 1 1 1 1 1 1 1 1 1 1 1 1 1 1 1 1 1 1 1 1 1 1 1 1 1 1 1 1 1 1 1 1 1 1 1 1 1 1 1 1 1 1 1 1 1 1 1 1 1 1 1 1 1 1 1 1 1 1 1 1 1 1 1 1 1 1 1 1 1 1 1 1 1 1 1 1 1 1 1 1 1 1 1 1 1 1 1 1 1 1 1 1 1 1 1 
1 1 1 1 1 1 1 1 1 1 1 1 1 1 1 1 1 1 1 1 1 1 1 1 1 1 1 1 1 1 1 1 1 1 1 1 1 1 1 1 1 1 1 1 1 1 1 1 1 1 1 1 1 1 1 1 1 1 1 1 1 1 1 1 1 1 1 1 1 1 1 1 1 1 1 1 1 1 1 1 1 1 1 1 1 1 1 1 1 1 1 1 1 1 1 1 1 1 1 1 
1 1 1 1 1 1 1 1 1 1 1 1 1 1 1 1 1 1 1 1 1 1 1 1 1 1 1 1 1 1 1 1 1 1 1 1 1 1 1 1 1 1 1 1 1 1 1 1 1 1 1 1 1 1 1 1 1 1 1 1 1 1 1 1 1 1 1 1 1 1 1 1 1 1 1 1 1 1 1 1 1 1 1 1 1 1 1 1 1 1 1 1 1 1 1 1 1 1 1 1 
1 1 1 1 1 1 1 1 1 1 1 1 1 1 1 1 1 1 1 1 1 1 1 1 1 1 1 1 1 1 1 1 1 1 1 1 1 1 1 1 1 1 1 1 1 1 1 1 1 1 1 1 1 1 1 1 1 1 1 1 1 1 1 1 1 1 1 1 1 1 1 1 1 1 1 1 1 1 1 1 1 1 1 1 1 1 1 1 1 1 1 1 1 1 1 1 1 1 1 1 
1 1 1 1 1 1 1 1 1 1 1 1 1 1 1 1 1 1 1 1 1 1 1 1 1 1 1 1 1 1 1 1 1 1 1 1 1 1 1 1 1 1 1 1 1 1 1 1 1 1 1 1 1 1 1 1 1 1 1 1 1 1 1 1 1 1 1 1 1 1 1 1 1 1 1 1 1 1 1 1 1 1 1 1 1 1 1 1 1 1 1 1 1 1 1 1 1 1 1 1 

0 1.49729 0.858963 1.31917 0 1.96212 3.61721 3.54011 0 4.57977 1.00821 4.10719 0 3.88725 3.79667 0.64427 0 7.08865 1.48858 1.81594 0 6.72485 4.513 4.5009 0 9.61822 1.80318 4.16532 0 9.91221 5.04699 1.76002 0 13.2036 1.51588 1.29369 0 12.9544 4.53303 3.46519 0 15.4999 1.95915 4.54994 0 15.7516 4.73165 1.45243 0 18.8996 1.66462 1.7645 0 18.1802 4.77083 4.12179 0 20.7157 1.33573 5.04552 0 20.8526 4.28843 1.55987 0 24.9118 1.8492 1.14645 0 23.6506 4.35309 4.13611 0 27.2701 0.767035 4.27717 0 26.1572 4.92958 1.5572 0 1.45762 6.79786 1.38842 0 1.34067 9.40273 3.98056 0 3.73845 6.83199 4.04313 0 3.19451 10.3677 0.902458 0 6.32868 7.0402 1.37547 0 6.97278 11.1543 4.65281 0 8.56755 8.275 3.95928 0 9.57676 9.87155 0.908623 0 12.2313 7.58016 1.14154 0 11.9654 9.94254 4.30884 0 14.6711 7.56251 4.05652 0 15.5356 9.85575 1.01772 0 18.4869 7.64185 1.42832 0 17.7908 9.75472 4.32075 0 20.9985 7.08671 4.32769 0 21.0952 10.0465 1.35287 0 23.6624 7.37471 1.68946 0 23.9388 9.83676 4.37662 0 26.2678 7.08628 4.50669 0 26.7222 9.76627 1.56952 0 1.27125 13.1285 0.855049 0 1.04567 15.9119 3.94232 0 3.65821 13.284 3.66652 0 4.58625 15.0947 0.523925 0 6.59874 12.2212 0.891183 0 6.77499 14.8542 3.17845 0 9.73582 12.8755 4.58852 0 9.67895 15.0313 0.604968 0 12.4226 12.2167 1.6223 0 12.8143 15.1836 3.97784 0 15.6628 12.5316 4.40699 0 15.1556 14.7543 1.06038 0 18.3141 12.4528 1.63411 0 18.5798 15.2516 4.234 0 20.8842 12.7377 4.8621 0 21.2965 15.4596 2.03191 0 23.7926 12.7697 1.93607 0 23.8953 15.4568 4.73712 0 26.7133 12.4376 4.32166 0 26.2155 15.5023 1.18434 0 1.16918 18.4884 1.23697 0 1.30602 21.1924 4.03382 0 4.69284 17.9654 3.40185 0 4.00435 20.5699 1.04108 0 7.02344 18.2178 0.778365 0 7.76459 20.5246 3.81766 0 9.54981 17.3901 3.63016 0 9.81854 20.8059 0.681897 0 13.0844 17.8464 1.18094 0 12.8341 20.706 4.39648 0 15.4618 18.067 4.56216 0 15.1985 21.0792 1.42863 0 17.3848 17.5185 1.79535 0 18.0231 20.3908 3.98353 0 20.4931 18.1892 4.43625 0 20.7748 20.6521 1.26273 0 23.7403 18.4788 1.87099 0 24.0238 21.7705 4.3435 0 26.9454 18.5122 4.19474 0 26.8147 21.4446 1.48043 0 1.22659 24.337 0.908579 0 1.92466 26.0949 4.04443 0 4.68839 23.0517 3.81658 0 4.35668 26.1758 1.36452 0 7.51665 23.7627 1.49236 0 7.6106 26.5637 4.25394 0 9.80062 23.4363 4.2268 0 10.3299 26.7353 1.76029 0 12.5815 23.6144 1.82748 0 12.9666 27.0033 4.20652 0 15.1867 23.492 4.36808 0 15.9938 26.9134 2.30379 0 18.3688 23.4876 1.65651 0 19.3573 26.5432 3.34759 0 20.8313 23.219 3.75713 0 21.9047 27.9352 0.877139 0 22.865 23.5477 0.816538 0 23.5287 25.6448 4.05687 0 27.0799 23.8753 4.149 0 25.8902 26.2827 1.434 
0 1.66806 0.632212 7.44522 0 1.18136 3.29339 10.028 0 4.15753 0.583987 10.015 0 3.72856 3.30383 6.66651 0 6.64845 1.24952 7.00214 0 6.50098 3.92581 9.92079 0 9.431 1.22121 10.1334 0 9.26178 3.68218 7.16094 0 12.3806 1.18719 6.87006 0 12.8682 3.646 9.56915 0 15.6677 0.636139 9.64177 0 15.7001 4.16881 6.99668 0 18.0397 1.41224 7.17153 0 18.7068 4.2071 9.7814 0 20.9224 1.26305 9.52695 0 21.0941 4.12714 7.13719 0 23.725 1.06945 6.43522 0 24.2394 3.79263 9.55962 0 26.6416 0.713171 9.72065 0 26.8011 3.50322 6.5613 0 1.14621 6.18528 6.50536 0 0.851 10.0294 10.4692 0 3.23779 7.09909 9.52051 0 4.46604 10.2134 7.00607 0 6.42424 7.0686 7.72245 0 6.45558 10.1246 10.016 0 9.65597 7.02362 9.75313 0 9.49619 10.0627 7.25351 0 12.2799 6.35843 7.30133 0 12.3334 9.03475 9.62733 0 15.5716 6.73279 9.7389 0 14.3661 9.91277 7.0386 0 18.2347 7.20051 6.59384 0 18.3594 9.48561 9.86933 0 21.4596 7.08467 10.0783 0 21.0616 9.84332 7.14726 0 23.6737 6.65942 7.00591 0 24.12 9.91679 9.94672 0 26.4192 6.96998 9.33803 0 26.0869 9.67484 7.06461 0 1.12693 12.0294 6.97189 0 1.40857 15.8649 9.89041 0 3.59008 12.6304 9.59181 0 3.71908 14.9983 6.55726 0 6.8609 13.1078 7.80606 0 6.65786 15.7201 10.9556 0 9.57321 12.4234 10.3419 0 9.50078 15.4205 8.28366 0 12.152 12.4693 7.54735 0 12.4048 14.9673 10.3941 0 14.9109 12.0595 9.7046 0 15.0874 15.1828 6.80209 0 17.8536 11.8939 7.52468 0 18.0468 14.8625 9.34443 0 21.3415 12.0513 9.71262 0 20.7866 15.2286 7.26239 0 24.0344 12.3128 6.95909 0 24.0937 15.442 9.3197 0 27.0344 12.8506 9.96013 0 27.0004 15.1495 6.65755 0 1.6477 17.7508 6.78193 0 0.778091 21.505 10.9206 0 3.74164 18.5583 10.5029 0 3.76805 21.3198 6.90599 0 6.87074 17.8057 6.22059 0 6.58822 21.1537 9.6748 0 9.29916 18.4974 10.0403 0 9.39962 20.49 7.34255 0 12.0226 18.0952 7.18828 0 13.097 20.8447 9.77266 0 14.9643 17.6102 9.77761 0 15.8376 20.7973 6.96324 0 17.9952 18.0271 7.60232 0 18.6223 20.8647 10.0497 0 21.1282 18.6135 9.36155 0 21.157 21.3929 6.90225 0 24.5919 19.0145 7.26795 0 24.3315 21.1631 10.6571 0 26.7068 18.6377 10.6845 0 27.7912 20.5855 7.38533 0 1.57291 23.7276 7.21696 0 1.04805 26.5888 10.6796 0 3.69704 23.8304 10.0429 0 3.99082 26.1426 6.99988 0 7.23027 23.4835 6.71047 0 7.2936 26.0954 9.01284 0 9.93082 23.7511 9.62962 0 10.3796 26.1321 6.58625 0 12.6209 23.3783 7.01169 0 13.133 26.3684 9.34734 0 15.5105 23.7099 9.54721 0 16.4978 26.5152 6.4332 0 18.3786 23.2783 7.00372 0 18.6536 26.2761 9.57195 0 21.2854 23.2334 9.80581 0 21.1411 25.3216 6.74009 0 24.5878 23.095 7.48021 0 23.4476 26.5205 9.97289 0 26.2784 24.3336 10.7182 0 26.5319 26.1548 6.8429 
0 1.33241 0.902777 13.1986 0 0.810491 4.6235 15.1824 0 4.12393 2.4056 15.155 0 3.55606 4.56533 12.1978 0 7.01867 1.5641 12.611 0 7.64103 4.69026 15.5066 0 10.2298 1.73971 15.3885 0 9.64656 4.07066 12.5518 0 12.5178 0.855695 11.9556 0 13.1438 3.86083 14.9117 0 16.0515 1.65926 15.2224 0 15.7398 3.39087 11.7728 0 18.1786 1.15356 12.286 0 18.5819 4.17605 14.2974 0 21.0098 1.43909 15.2081 0 21.4345 3.7414 12.2958 0 23.8975 1.04305 12.5782 0 23.4559 4.58022 15.1621 0 26.1339 1.81614 15.5206 0 26.8037 4.08276 12.5502 0 0.745775 7.17842 12.5156 0 0.931439 9.64151 15.9165 0 4.17483 7.28352 15.5503 0 3.95002 9.47697 12.408 0 6.79445 6.83973 12.3069 0 6.9508 9.78608 15.5297 0 10.1484 6.90177 15.0313 0 9.10685 9.24735 12.4351 0 12.6647 6.07897 12.3323 0 12.2849 9.4947 14.7969 0 15.6969 6.44865 14.9997 0 14.9781 9.74276 12.2277 0 19.0257 7.44274 12.535 0 18.0332 10.1127 15.4109 0 20.5098 7.36227 15.8953 0 21.2215 9.95939 12.9337 0 24.1368 7.63417 12.3105 0 23.6385 10.3416 15.6869 0 26.0626 7.11707 15.1231 0 26.4239 10.1585 13.3654 0 1.24042 12.7934 13.3679 0 1.34934 15.7336 16.0837 0 4.15544 12.5674 15.4649 0 3.63162 15.2038 13.14 0 6.47613 12.2979 12.8298 0 6.64685 15.6493 15.1026 0 9.79677 12.5686 14.7972 0 9.86464 15.5505 12.7906 0 12.6688 12.245 12.616 0 12.7013 15.3528 15.2435 0 15.1902 12.5552 15.0634 0 15.335 15.2375 12.5113 0 18.3519 12.1767 12.2371 0 18.1124 15.1529 14.9629 0 20.9393 13.0043 15.4802 0 21.2893 14.9179 11.8498 0 24.3712 12.8793 12.6628 0 24.1572 15.1751 15.6272 0 26.6514 12.3111 16.1231 0 26.7703 15.8612 13.0687 0 1.96386 18.7282 13.8517 0 1.69851 21.3982 16.1794 0 4.94129 18.5076 15.843 0 4.16487 21.4285 12.6944 0 7.01049 19.065 12.3607 0 7.82406 21.7107 15.6838 0 9.64562 18.5027 14.9252 0 9.6756 21.4809 12.4195 0 12.2108 18.5883 12.3107 0 12.7937 20.9587 15.3848 0 15.2109 17.8224 15.4688 0 15.6574 20.7231 12.5743 0 18.3416 17.8353 12.742 0 18.6264 20.8675 15.2978 0 21.3826 18.1965 15.4343 0 21.3156 20.5659 12.688 0 23.6162 17.1267 12.5049 0 23.8282 21.4426 15.7507 0 26.8282 18.4815 15.9346 0 26.8981 21.4265 13.9895 0 0.815799 24.3564 13.4563 0 1.69114 26.185 15.9649 0 4.57989 23.9455 15.224 0 4.39795 26.7584 13.148 0 7.28025 24.2073 12.3432 0 7.47216 26.2402 15.7798 0 10.5164 23.9589 15.4037 0 9.89509 26.594 12.7919 0 13.0679 23.2737 12.3849 0 12.7083 26.8361 15.0671 0 15.1427 24.323 15.6469 0 15.5039 25.973 12.1885 0 18.2686 23.4107 12.2301 0 18.0169 26.7311 15.2644 0 20.8415 24.319 16.0557 0 21.0794 26.6299 12.7178 0 23.7533 24.2143 13.431 0 23.21 26.5983 16.0992 0 26.3689 24.3854 16.132 0 26.053 26.753 13.7943 
0 0.964054 1.91164 17.9353 0 1.69631 4.52878 20.7373 0 3.90896 1.69439 20.8445 0 4.52826 4.0498 18.1194 0 6.71958 1.30285 18.3994 0 7.14028 3.8682 20.9532 0 9.78672 1.22336 21.6091 0 9.9657 3.46209 18.7144 0 12.7733 1.80577 17.9673 0 12.5939 4.21758 21.6617 0 15.1898 2.09104 20.6718 0 16.0585 4.4622 17.6568 0 18.695 1.2795 17.8959 0 18.21 4.2671 21.2917 0 20.9824 1.66359 21.3727 0 20.5689 4.31749 17.2946 0 22.9131 1.3887 18.4347 0 23.5238 4.43757 20.6669 0 26.58 2.13248 20.7521 0 26.3718 4.93277 17.9624 0 1.46475 7.01992 18.115 0 1.39544 9.98098 21.49 0 4.86102 6.86414 21.2296 0 4.35161 9.31406 18.6009 0 7.07951 6.68355 18.6906 0 7.47703 9.73413 20.5921 0 10.1601 7.0872 20.6099 0 10.0729 9.58855 17.6374 0 12.6533 7.0821 17.5657 0 12.3871 9.75078 20.3777 0 15.3254 6.90033 20.7286 0 14.6955 10.0133 17.8835 0 17.8375 7.28642 17.9766 0 17.393 10.1405 20.5531 0 20.701 6.91237 20.2365 0 20.2562 9.91887 18.4169 0 23.4638 7.40877 17.8349 0 23.7625 10.1364 21.1804 0 27.0966 6.65933 20.9354 0 26.5308 9.98557 18.7652 0 1.97808 12.4584 18.6039 0 1.88202 15.719 21.1888 0 4.82115 12.0762 21.2487 0 4.56615 15.688 18.5131 0 6.51238 12.5932 18.0555 0 7.03073 15.4216 21.5608 0 9.82754 12.7897 20.5195 0 9.05654 14.961 18.013 0 12.0752 12.6528 17.854 0 12.4281 15.1252 20.9272 0 15.2927 12.75 20.7835 0 15.47 15.1985 17.8532 0 18.4438 12.894 17.9091 0 17.9203 15.8636 20.5696 0 20.4459 12.9035 20.8726 0 21.3759 15.5462 17.9793 0 23.8181 13.0684 18.8156 0 23.9115 15.816 20.8651 0 26.888 12.8911 20.9562 0 26.9449 15.8749 18.5983 0 1.39976 18.3908 18.1824 0 1.37712 21.1561 20.7725 0 5.48627 18.7283 20.4982 0 5.18109 21.0978 18.2257 0 7.833 18.3526 18.1221 0 8.28906 20.8258 21.7511 0 9.56893 17.673 21.4957 0 10.2935 20.9024 18.0944 0 11.649 17.7036 18.3756 0 12.0375 21.0031 21.1374 0 14.8174 18.1108 19.9936 0 16.2777 21.0185 17.7985 0 18.0771 17.9981 17.3203 0 18.4358 20.1923 21.0017 0 21.1138 18.0238 20.62 0 21.0918 20.9464 17.826 0 24.3814 18.4167 18.2138 0 24.3339 20.6853 20.6906 0 27.1042 18.2679 20.9432 0 26.6713 21.1963 18.3542 0 1.22241 23.9679 18.5997 0 0.557484 26.9091 20.6294 0 4.80146 23.6415 20.1807 0 4.31644 26.5536 18.3305 0 8.20323 23.4053 19.0222 0 6.80847 26.6753 21.0089 0 9.87097 24.5086 21.847 0 9.92845 27.2134 18.132 0 11.9485 24.3586 18.7495 0 13.3727 26.8703 21.6588 0 14.9813 23.6304 20.7794 0 15.0094 27.337 18.0841 0 18.9684 23.6507 18.9529 0 17.4335 26.5128 20.7385 0 21.1539 22.5406 21.4353 0 21.0332 26.5387 19.3708 0 23.5634 23.7662 18.8391 0 23.7661 27.2996 21.375 0 26.152 24.4114 20.8732 0 26.3044 27.1876 17.817 
0 0.96557 2.13009 23.7473 0 0.546232 4.26923 26.6855 0 3.99432 0.865988 26.7472 0 3.79392 4.43137 24.12 0 6.03231 1.40131 24.0206 0 6.77752 4.52162 26.8758 0 9.98221 2.26517 27.6615 0 9.13811 3.97671 23.9623 0 13.3487 1.42497 24.3767 0 12.5948 4.6558 27.4225 0 16.3669 1.57538 27.3568 0 15.9469 4.70436 23.75 0 17.5498 1.25955 23.6506 0 18.6584 4.43118 26.183 0 20.825 1.45107 26.1803 0 20.7383 4.38522 23.5211 0 23.9171 1.43305 24.3801 0 23.4077 4.76163 26.0742 0 27.1684 0.758815 26.4922 0 26.1963 4.30455 23.8059 0 0.985392 6.67286 24.1445 0 0.832554 9.40286 26.6767 0 3.91534 6.83854 26.7613 0 4.00221 9.46897 23.6407 0 7.51097 7.03908 23.4677 0 6.55514 9.35913 26.7717 0 9.46251 7.02156 26.7647 0 10.2744 9.44494 23.6537 0 13.2656 7.26611 23.3459 0 12.4052 9.64535 26.2998 0 15.3385 6.91572 26.9038 0 15.1424 10.2916 23.6755 0 18.1595 7.54089 23.3866 0 18.2709 10.0688 26.5463 0 21.1383 7.67662 26.6346 0 20.5412 10.1065 23.2929 0 23.5246 7.19713 23.2404 0 23.4185 10.4542 25.495 0 25.633 7.45335 26.7824 0 26.6597 9.81639 23.8204 0 1.00072 12.5702 24.1835 0 0.535966 15.5935 26.2494 0 4.01748 12.3408 26.1792 0 3.80292 15.5236 24.349 0 7.99258 12.3625 23.5642 0 7.36292 15.5582 26.1363 0 10.126 12.4992 26.1574 0 10.1374 15.3389 23.5095 0 12.3698 12.4824 23.347 0 12.8149 15.316 26.0097 0 15.271 12.2422 26.6798 0 15.092 15.0136 23.1821 0 17.8956 12.5455 23.6494 0 17.582 15.1494 26.1829 0 21.234 13.4806 27.2235 0 21.0027 15.9776 23.7395 0 23.6079 13.3665 23.4442 0 23.6445 16.4049 26.8472 0 26.1376 13.1189 26.2647 0 26.3044 15.9789 23.4137 0 1.49503 18.487 23.5511 0 1.78528 21.3098 26.3778 0 4.43566 18.2325 26.5171 0 4.29845 21.2288 23.1509 0 6.87434 18.3921 24.0509 0 7.06614 20.8986 26.4315 0 10.111 17.9028 26.3472 0 10.4013 21.117 24.4869 0 12.8219 17.8899 23.1147 0 13.0846 20.4376 26.4816 0 15.7329 18.2123 26.4981 0 15.3569 20.3275 23.7418 0 18.0556 17.7834 23.4628 0 18.1212 20.8565 27.1532 0 20.0695 17.5398 26.6614 0 20.4387 20.3359 24.0199 0 23.7155 18.5595 23.7313 0 23.3842 20.2944 26.9598 0 26.8378 18.6962 26.4157 0 27.4312 21.2102 23.5808 0 1.4142 23.8261 23.4991 0 1.40184 26.3119 26.4353 0 4.27258 24.3981 26.1523 0 3.41949 27.077 23.4729 0 7.23143 23.9252 24.3381 0 7.13794 26.6816 27.4111 0 10.1051 23.9198 26.5465 0 10.616 27.6621 24.9732 0 12.7914 24.0786 24.196 0 13.3124 26.4854 26.9314 0 15.7547 23.42 26.024 0 15.8627 26.3639 24.2159 0 18.0985 22.7248 23.5192 0 19.0685 26.5103 27.415 0 20.3613 23.5282 26.1377 0 19.9429 26.3874 23.6207 0 23.9213 22.9823 23.8607 0 24.0577 26.2121 26.1652 0 26.5889 23.4941 26.0838 0 26.9154 26.4744 23.4004 

-0.561963 1.11018 2.21957 -0.470052 2.06199 -0.242382 -2.75165 -2.13168 -0.625084 0.0748933 2.23435 -1.21426 0.117269 -1.0507 1.81457 -3.24497 3.84977 1.78305 -0.153543 0.343609 3.0378 -0.217481 0.84124 -2.15564 0.708082 -0.0066354 -2.51641 1.57713 -0.555961 1.97835 1.89848 0.801969 0.863478 0.503341 1.7905 0.368528 0.452736 -1.36564 0.811077 -1.55468 -2.02385 1.43857 -2.98311 -0.706966 0.594404 -0.950758 1.0007 -1.62088 -0.581467 -1.31318 -1.88045 0.887003 -0.791624 -0.468038 -1.6115 1.80099 0.634775 1.4089 1.31955 -2.32678 0.937347 -1.59874 1.75851 1.35184 -0.0936652 2.42488 -0.749456 -1.03877 -0.77475 -1.79204 1.42548 -1.23697 0.880525 2.39681 -1.52176 -0.345823 0.304538 -0.239781 1.583 -1.84309 1.21788 2.35665 0.76525 0.826715 -0.912895 -1.11299 1.18632 0.323164 -1.90338 0.394358 -2.4535 -0.361256 0.411086 0.179383 -0.705721 -1.68299 -0.315694 -2.73487 1.35072 -1.63882 2.46507 2.11164 -1.18452 1.23825 0.553517 1.3832 1.12089 -0.17473 1.2427 1.15766 -1.3369 1.76937 1.84009 -1.43778 0.192625 -1.10435 0.872575 1.02529 -0.286385 -0.778811 -0.366813 -1.5069 2.08747 0.506177 0.760754 -0.946146 0.4982 1.33043 -0.339371 -0.560934 -0.627757 2.53955 0.443029 0.905162 1.73975 0.739255 0.703822 0.999279 1.08688 2.08273 0.124547 -0.152233 -2.38636 -0.158397 0.853506 -1.09406 -1.10061 -1.79215 -1.26062 -0.443644 1.52909 -0.885306 2.81658 -0.68602 -1.34185 -0.761088 -1.46161 0.772757 -1.6613 -1.73934 1.38977 1.82093 0.740754 0.870812 0.920687 0.00387674 0.336243 -1.30369 -1.76197 -1.88251 0.536441 -0.374069 -0.179184 -4.00997 0.577939 0.0014838 0.608862 0.571825 1.70384 -0.999307 0.898901 -0.15031 -3.24226 1.25179 -0.835478 0.423495 -0.160385 0.715863 -1.85667 0.12412 -1.07286 -2.26727 1.35061 -1.6393 -1.33226 0.39197 -0.280266 2.42346 0.898034 0.810778 2.85262 0.823104 -0.649511 -0.114576 0.281584 -1.55588 -0.240238 0.500377 0.655833 0.691233 -0.214384 -1.68046 1.06999 0.621116 -1.48172 -0.696403 -1.8367 -0.0253888 2.09931 0.359882 0.836768 2.03545 1.40183 -2.73598 -1.34867 1.25098 -3.34003 2.19654 -2.76872 1.26074 1.9402 0.423227 -0.639756 1.09634 1.7328 1.01327 -0.450572 1.63668 -0.694055 -0.693987 1.37255 0.341772 -0.973297 -0.400349 2.10407 -1.71294 -1.27903 -0.109713 0.965632 0.358274 -0.302177 0.667287 0.671315 -1.32627 -0.427042 3.14948 1.49353 0.588623 -1.88824 2.79824 -0.104358 -0.369381 -1.29792 2.73072 0.497938 -0.866093 0.571967 -2.12568 -0.546092 -2.97338 -0.444812 -0.159601 1.15661 -0.186654 0.116173 0.837618 -0.242879 -1.41525 1.11867 -0.627218 -0.2796 -0.367459 2.70062 1.9248 -2.38821 1.43866 1.13396 -1.40565 -2.981 -1.63952 -0.0158831 0.374621 -2.45645 2.27127 1.12368 2.11386 0.297431 0.304222 2.21192 0.464707 
0.178654 -3.27656 -0.822866 1.23236 -1.91073 -1.95464 0.077387 -1.95678 3.83356 -1.75891 0.119828 0.957144 -0.146966 0.404848 -0.441123 -0.569349 0.647887 -1.3746 0.720821 0.615952 -0.524602 0.374611 0.785119 -1.11484 0.483516 -3.83801 -0.375467 -0.931417 -2.49698 -2.4298 -0.961126 0.0827257 0.926839 -0.494289 1.94774 -0.667852 -0.423111 2.79674 -1.47922 0.435 0.223976 -1.12614 -1.50164 -1.51949 0.551443 2.1651 -0.23258 -0.637946 1.06198 1.3885 -0.133667 0.858174 0.848109 -1.41435 -2.81224 0.173547 1.5832 -0.479142 -1.60155 -1.81589 -1.78102 1.05436 0.367355 0.641933 -0.599785 -0.432657 2.26385 0.617959 -0.990179 -1.36227 1.11028 -1.14331 -0.34942 -3.63227 -0.19376 -0.311527 -1.13919 0.164462 -0.0818831 -1.3397 1.86198 0.819559 0.0167068 1.41247 -0.083429 -0.349723 2.78176 2.55365 1.41479 -1.53116 -0.853408 0.885246 0.993393 -0.432771 -0.405573 -0.747207 1.37592 0.888962 -0.315339 -0.559486 1.67691 -0.619199 -1.64121 -2.39926 1.95789 1.09205 0.465966 -1.30639 -2.10194 -0.153214 -0.72684 -0.470789 -0.916068 0.585752 -0.446875 -3.69024 -2.30151 0.519888 0.432328 0.15723 -1.70936 2.71106 0.373816 2.42495 1.02274 -0.69407 1.65536 1.20253 0.825847 0.825497 -2.96192 0.804678 0.1499 -1.36705 -1.12386 -0.0288948 0.200335 -1.96818 2.52209 2.53135 1.37869 -0.752039 -1.56283 0.55709 0.429262 -1.06274 1.00941 1.63434 -1.17807 -1.7049 -1.83772 -0.225518 -2.99365 -1.73568 0.868431 0.987008 -0.310716 -0.7856 1.82149 -1.26591 0.740633 2.73951 0.336775 1.00702 1.78153 -1.9516 1.22383 -0.341833 0.766594 0.0446887 -0.174386 -1.31529 1.1206 -0.0728943 2.99052 1.15619 0.950164 -0.504932 1.9449 1.03071 -2.71199 1.64104 -1.13548 2.21866 -0.352865 1.35251 -0.502918 2.05853 3.0934 -0.514865 -0.0267107 1.75367 -2.36673 1.09287 -1.19149 -0.172326 1.89116 -1.62114 -0.319238 0.211983 2.19847 0.0262927 2.18045 0.3937 1.72362 -2.56333 2.00775 -0.16639 -1.74264 0.129209 0.25759 0.333579 1.03629 0.220099 0.419444 0.284675 -0.231367 1.99246 -2.334 -1.79676 1.69597 0.381 0.796161 0.704218 -0.314651 -2.69746 -0.829822 -0.776297 1.17171 1.31225 -0.203806 1.39189 0.343618 -0.217075 1.08721 -0.47942 -0.459972 0.99434 -2.38571 -1.65819 -1.21871 0.113635 4.49231 2.80131 -0.0934459 0.979977 0.903025 0.351505 0.164831 1.35143 -0.553758 0.296085 0.487968 1.60118 -0.988378 2.12402 2.77039 -0.437078 -0.201322 0.884908 -1.10952 -0.300534 2.03151 -1.11143 -1.45049 1.17361 -1.46753 1.40104 -2.13658 -2.36781 -1.42204 0.101173 1.73926 0.674211 0.0987587 0.237184 1.0598 -1.3345 -0.472616 0.0756877 2.12496 0.727065 0.582789 2.42212 0.637054 -0.0458869 1.56733 2.92157 1.87815 -1.47841 1.85576 -1.46755 -0.703174 -0.198992 1.99006 0.419576 -0.904432 -0.338634 1.36793 0.331133 
0.624198 2.49083 -0.625778 -0.243081 -1.18213 -0.452753 1.89037 1.20615 0.0645809 -0.78864 3.74987 0.12246 -1.25215 -0.562972 -1.02367 1.05515 -0.681382 -1.75154 -1.05269 -0.802882 -1.74471 0.142843 0.966273 0.552642 1.95099 -2.69551 -1.57525 -1.15331 -0.73012 -0.121539 -0.260736 0.44132 2.44731 -1.15358 0.0896511 -2.14465 -0.0249879 3.41187 -1.72126 -0.177184 2.37251 -2.0795 -1.09664 -1.81076 0.398725 -0.679129 2.1107 0.134198 -1.28511 2.06099 -0.622024 -0.765746 -1.68197 -0.117058 2.47786 -1.3832 -0.540187 1.59853 0.594181 2.59533 1.64101 -0.36813 -1.85941 -1.99805 0.164987 0.471577 2.22662 -2.52327 -0.688827 -0.73423 -1.43188 2.31423 1.85413 -1.44251 0.532307 2.18087 -0.805008 1.21866 0.948344 0.81215 -0.451386 0.402807 -1.62403 3.24392 -1.18961 0.425949 -1.28426 0.234029 -1.09548 -1.58334 -0.112218 -1.7855 -0.932175 -1.92983 0.6992 -1.74542 -2.28165 -0.618482 -3.88058 -1.21177 -2.03938 -0.0209299 2.29099 0.47199 1.54329 0.219508 1.2892 0.202065 -1.83605 -1.51851 -0.218485 1.58215 1.22681 -0.171799 -1.87026 2.77695 -0.198371 1.13733 -1.57447 0.108837 -1.30498 -0.290397 -3.8802 0.663844 -0.503842 -1.44825 0.57363 -0.651954 -1.56156 0.686764 1.74488 0.0588555 0.829893 0.243534 0.132008 1.73672 0.82028 -2.72863 -0.927752 -0.420632 0.394025 0.773932 0.032657 1.76835 0.470671 -0.983886 1.31583 -1.63377 1.66377 1.79714 2.38429 0.6425 -2.53366 0.402532 -0.425551 0.118075 1.21821 -1.5922 0.275439 -1.5244 -1.82525 -1.01858 -0.361305 1.63951 -0.800389 0.0539606 0.287578 3.87349 -1.05326 -1.35578 1.07421 1.05616 -0.319764 0.928967 -1.21263 1.83457 -1.04438 -0.0410774 -0.165527 -0.396132 -0.800881 0.433241 0.425699 -1.1816 0.0470218 0.708699 -0.274107 -1.38242 0.619697 2.54432 -0.669609 -1.2179 0.896513 -1.67409 0.063653 -1.34809 -1.41721 -0.310535 0.502436 0.895554 -0.0155455 0.525277 -0.853151 -1.11595 1.77421 -2.18043 0.0332915 -0.295334 3.11928 1.10795 1.73291 -1.23797 -2.04198 -1.86345 0.105369 -0.416947 -0.985875 -0.251717 -0.997891 1.63847 0.777513 -0.0513371 0.50275 1.32792 0.0653629 -1.39768 4.00687 -0.434593 0.869508 1.23056 0.558923 0.362037 -1.82267 -2.09763 -0.883564 0.283868 2.90772 -1.75785 -2.75865 -0.346733 -0.653567 -1.9945 1.06901 0.128196 0.274117 1.92774 -0.855548 1.96108 1.1894 -0.180842 0.424146 -0.635573 -2.5585 0.677555 0.551583 0.708981 1.95409 -1.89475 -2.16917 -2.65657 1.15512 -0.589371 -1.0997 -1.60782 1.3991 -1.78731 -0.546955 -1.9782 0.459162 -3.20096 -2.57361 -1.75845 -1.56296 -0.423798 -2.24252 -0.0648646 -2.06492 -0.71866 2.23673 0.453716 0.7248 -0.118887 1.08492 0.434607 1.34169 -3.86375 0.015161 -1.92854 -0.668156 0.0321959 2.98241 1.50289 0.17708 0.256928 -2.31214 0.90778 0.0300589 1.98772 -1.77436 -0.64383 
1.31548 0.0827649 2.46522 -2.19341 -1.3055 0.196033 -0.901618 1.65838 -1.20807 0.526713 0.616292 1.14147 -0.437155 1.00029 -0.447277 0.0496797 0.90626 -1.17564 -2.37203 -0.915263 0.710874 0.544396 -1.43649 -1.47657 -1.40422 -2.19197 -0.0294958 3.79165 1.1049 1.79465 -0.681703 1.20585 -0.326829 -0.269346 -0.875001 -1.9076 0.403684 -1.81076 -0.399972 -0.718719 -0.477301 2.70827 -0.199346 1.18077 -1.45864 2.57057 1.60066 1.11911 -0.549423 2.04143 1.31553 0.927966 -2.74455 -1.4784 -1.29963 -0.938528 0.514555 -1.20813 2.29671 0.0428774 -0.136616 -0.15696 -0.315983 -1.40334 1.36758 -0.298228 1.50499 0.0819357 2.0383 -0.0474239 0.18391 -0.261432 -2.59696 -0.0351805 -2.31255 -1.50789 -0.949694 1.03677 1.96251 1.18034 2.55373 0.460435 -1.10735 -0.0579521 -0.8238 -2.25661 -0.979775 -0.581476 -1.49552 0.752895 -1.10275 -0.54495 -1.4029 0.242896 3.60764 -2.09434 1.80371 0.374465 -0.160961 0.487947 2.45664 0.346351 -1.96601 2.12275 1.73614 -1.88913 1.42616 -2.88376 -0.724532 1.63304 -0.334726 1.74854 0.419224 2.9639 -2.53032 -0.298072 -0.682412 0.291996 0.0678855 0.600209 -0.622426 -0.439666 -1.51071 -1.03023 0.129702 0.838148 1.00994 -2.80338 -0.419814 1.37871 1.37578 1.31181 0.71381 1.14719 -0.748506 1.05875 -0.190227 -1.76691 0.553979 -0.797601 0.4171 -2.90424 1.85865 1.20988 -2.72568 -0.166523 0.278595 0.0556612 1.45689 2.16614 -1.58492 0.233821 0.162486 -0.0548322 0.855353 -1.06393 -0.272947 0.349972 -0.803044 1.82621 -0.240933 -1.01932 1.42593 1.80937 -1.31928 -0.545538 0.693028 -0.321745 -0.0979066 0.519534 -0.266464 -0.35374 -1.63062 -1.47534 0.780504 1.33484 2.91049 0.52182 1.44572 -1.61014 1.59393 1.4332 0.90496 0.938903 0.867602 0.940327 -0.157809 -1.58195 -1.85832 2.44327 -1.39063 1.68198 0.89993 -1.17699 2.26926 -1.73129 3.68387 -0.278222 -2.37724 -0.904251 -0.308071 -0.172573 -1.53926 -2.7486 5.08396 0.193289 0.500939 0.309718 -0.669475 1.76132 0.446195 2.06938 0.488376 -0.273532 -2.82889 -0.185255 0.382021 -0.338439 0.117827 -0.532796 0.487752 1.58822 -1.08124 -0.943554 0.910529 1.87278 -1.10802 1.83399 0.326235 -0.316238 -1.36973 0.593472 -0.738742 0.114098 0.431769 2.27002 -1.3581 -1.58788 -1.0813 -0.437464 -1.04232 1.41779 1.83935 -0.426989 -1.23026 -0.313645 -0.253878 -0.612795 -0.271903 1.03179 -0.55887 1.17651 0.175212 -2.43886 -0.937546 0.98247 2.56344 -1.62594 -0.0448473 -1.41638 -0.856839 -0.576056 1.10642 1.56776 0.251974 -0.152429 0.941682 2.16039 -0.683272 -0.895571 -0.0319823 -1.1896 -0.891584 -0.311479 0.846834 -1.38972 -0.43025 -0.318556 -1.60111 0.973037 0.783066 -0.861117 -1.20147 0.292881 -1.16489 -1.67235 -0.454057 1.02266 -2.43318 -2.25979 0.384617 2.69208 -2.58345 -0.303933 -1.36806 -0.0253019 1.16659 1.08992 -1.98075 -0.818596 
-0.503607 -0.246755 1.30768 -0.461649 -2.21865 0.301848 -1.13123 -2.15147 -0.75075 0.163577 -0.891685 0.792962 1.98615 0.771155 1.92673 -2.89328 1.65742 0.981501 -1.75234 1.33228 1.10463 -2.24318 0.813193 0.614087 0.0824379 0.895792 -2.87546 1.06207 -0.0250721 -0.397933 -0.0685399 -0.823705 -0.698742 -1.18935 1.53558 -0.457026 -0.0510025 -1.83714 -0.442971 -0.959972 -1.62147 -1.42297 -0.0175823 1.62819 -0.227439 0.000473044 2.14488 3.12852 1.69749 -3.37754 2.56044 -1.34616 0.856628 2.37306 -0.942302 -1.85357 0.846392 1.24281 -0.899652 -2.68614 3.15196 1.42713 -3.32342 2.35898 1.16558 1.58204 2.25892 1.56519 1.26771 -2.29146 -1.10094 -1.85856 0.439096 -2.90059 -1.72205 -1.53201 -1.34326 -1.40393 -0.321196 2.75936 2.6276 1.91579 -1.2279 -2.34735 -0.0875013 0.57265 -0.966848 1.26433 -2.22218 -2.53689 0.0520588 2.18805 -1.2616 1.00751 0.158938 1.7056 3.28891 1.24251 -0.713424 0.52019 1.18971 2.85017 -0.945748 0.698054 -0.752374 -1.21797 0.749276 0.216545 -0.241922 -0.236658 -2.35319 1.6403 0.391405 0.833506 2.15107 1.74825 -1.16777 -1.57519 -1.84171 2.30458 0.886944 -0.582072 0.805158 -2.17709 0.124749 -1.40153 -0.124965 -0.0347154 1.30459 0.850293 3.3576 2.06313 -0.103289 -0.504438 0.54908 1.0677 -0.0390962 1.91858 -1.95971 -0.655212 -0.966396 -0.536561 0.66215 -0.858355 -4.03662 -1.00824 -0.12983 -2.29101 -1.20843 3.00482 -0.589916 0.568976 1.20436 -0.0758547 0.0422101 -1.57689 1.81997 1.55209 0.275941 2.56704 -1.10128 -0.0686525 0.360202 -3.01844 1.51152 -1.8477 -1.1648 -0.148712 -1.7602 1.87322 -2.0792 -3.56684 -2.23426 -1.82457 1.00675 0.174491 0.196081 2.07124 -1.23134 -0.00644381 0.490166 -1.47098 -0.577609 0.521941 0.21758 -0.448687 -0.777597 1.06366 1.34569 1.13634 1.56461 1.24502 0.322818 -1.77377 -2.56093 0.311098 0.809545 -0.021039 -1.49987 1.0912 1.83937 0.0910701 0.786992 0.681103 -3.24193 0.230213 -2.62137 -1.24631 0.966923 -0.522421 0.666962 -3.07022 0.470903 0.113769 -1.64742 1.66683 -0.710567 0.298293 -0.812619 1.63494 0.120252 1.25774 2.09175 -1.1369 -1.24374 1.02817 -1.70215 -2.15366 -1.37967 1.37108 -4.84695 1.4675 0.45989 -0.687501 -0.669646 0.429252 -2.82737 -2.18575 1.1483 1.43811 2.19974 0.584875 -3.52809 2.97248 -0.793332 2.5915 2.24578 -0.59749 1.88771 0.2486 0.195117 0.286163 1.27012 -0.308792 -1.73716 -1.10249 -0.147932 1.74889 -0.208672 0.337004 2.29341 -2.31255 3.56142 0.396302 0.850063 -1.0055 1.19686 -0.673221 -0.381507 -1.73066 1.66857 -0.49462 1.7616 1.33978 -0.937444 -1.15465 -1.71462 1.00774 -2.00033 -2.06269 -1.10127 0.511251 0.781634 -1.50655 -0.363296 1.42902 0.822471 1.47945 -0.390158 -0.423658 -0.666024 1.19481 1.00863 2.34146 -2.0696 -0.987567 -0.75584 0.455011 -0.892055 -0.17749 
