500 1.00001
27.9728 27.9728 27.9728 
14 14 14 
1 1 1 1 1 1 1 1 1 1 1 1 1 1 1 1 1 1 1 1 1 1 1 1 1 1 1 1 1 1 1 1 1 1 1 1 1 1 1 1 1 1 1 1 1 1 1 1 1 1 1 1 1 1 1 1 1 1 1 1 1 1 1 1 1 1 1 1 1 1 1 1 1 1 1 1 1 1 1 1 1 1 1 1 1 1 1 1 1 1 1 1 1 1 1 1 1 1 1 1 
1 1 1 1 1 1 1 1 1 1 1 1 1 1 1 1 1 1 1 1 1 1 1 1 1 1 1 1 1 1 1 1 1 1 1 1 1 1 1 1 1 1 1 1 1 1 1 1 1 1 1 1 1 1 1 1 1 1 1 1 1 1 1 1 1 1 1 1 1 1 1 1 1 1 1 1 1 1 1 1 1 1 1 1 1 1 1 1 1 1 1 1 1 1 1 1 1 1 1 1 
1 1 1 1 1 1 1 1 1 1 1 1 1 1 1 1 1 1 1 1 1 1 1 1 1 1 1 1 1 1 1 1 1 1 1 1 1 1 1 1 1 1 1 1 1 1 1 1 1 1 1 1 1 1 1 1 1 1 1 1 1 1 1 1 1 1 1 1 1 1 1 1 1 1 1 1 1 1 1 1 1 1 1 1 1 1 1 1 1 1 1 1 1 1 1 1 1 1 1 1 
1 1 1 1 1 1 1 1 1 1 1 1 1 1 1 1 1 1 1 1 1 1 1 1 1 1 1 1 1 1 1 1 1 1 1 1 1 1 1 1 1 1 1 1 1 1 1 1 1 1 1 1 1 1 1 1 1 1 1 1 1 1 1 1 1 1 1 1 1 1 1 1 1 1 1 1 1 1 1 1 1 1 1 1 1 1 1 1 1 1 1 1 1 1 1 1 1 1 1 1 
1 1 1 1 1 1 1 1 1 1 1 1 1 1 1 1 1 1 1 1 1 1 1 1 1 1 1 1 1 1 1 1 1 1 1 1 1 1 1 1 1 1 1 1 1 1 1 1 1 1 1 1 1 1 1 1 1 1 1 1 1 1 1 1 1 1 1 1 1 1 1 1 1 1 1 1 1 1 1 1 1 1 1 1 1 1 1 1 1 1 1 1 1 1 1 1 1 1 1 1 

0 1.45459 0.97956 1.28087 0 2.03457 3.81133 3.54935 0 4.64763 1.07172 4.2433 0 4.05075 3.94429 0.829613 0 7.15966 1.52594 1.90448 0 6.75386 4.45516 4.50655 0 9.64776 1.82537 4.29436 0 9.96802 4.83237 1.77024 0 13.1396 1.55458 1.46002 0 12.8384 4.53843 3.57054 0 15.4539 1.8652 4.49685 0 15.7658 4.72385 1.48792 0 18.789 1.70948 1.61824 0 18.2479 4.71483 4.19406 0 20.7582 1.4747 4.96412 0 20.9225 4.26938 1.55571 0 24.5847 1.89789 1.1468 0 23.5834 4.42572 4.16329 0 27.1558 0.988545 4.26447 0 26.1136 4.81254 1.64109 0 1.55833 6.84553 1.4385 0 1.43239 9.59838 4.01798 0 3.83213 6.87158 4.18196 0 3.34256 10.3521 0.953927 0 6.44663 7.05195 1.47689 0 6.98418 10.8081 4.36834 0 8.81815 8.01025 4.08151 0 9.46863 9.83491 1.083 0 12.2609 7.55726 1.12155 0 12.0891 9.92936 4.25414 0 14.8194 7.49089 4.08382 0 15.5067 9.83247 1.13289 0 18.4641 7.64069 1.61496 0 17.7552 9.80798 4.34198 0 20.9629 7.13393 4.23358 0 20.9934 10.0176 1.40889 0 23.5037 7.27395 1.74279 0 23.9012 9.81443 4.32862 0 26.2954 7.09947 4.46332 0 26.6758 9.7525 1.60407 0 1.24205 13.0778 1.06129 0 1.05158 15.8133 4.0449 0 3.83303 13.2775 4.0045 0 4.60076 15.1396 0.686124 0 6.64254 12.3018 0.8901 0 6.87437 14.8045 3.37262 0 9.69152 12.6717 4.51632 0 9.68162 15.0176 0.777811 0 12.4546 12.2328 1.60293 0 12.859 15.1983 4.03248 0 15.6298 12.5857 4.36497 0 15.2099 14.8219 1.16535 0 18.3328 12.5163 1.6319 0 18.5271 15.2282 4.25492 0 20.8674 12.7151 4.77441 0 21.1689 15.3257 2.02926 0 23.8549 12.7794 1.79601 0 23.7955 15.4563 4.71644 0 26.5936 12.5154 4.30682 0 26.1184 15.4638 1.30998 0 1.30279 18.452 1.33673 0 1.32381 21.1826 4.01258 0 4.74847 17.9612 3.52967 0 4.10593 20.7432 1.15911 0 7.03374 18.2431 0.835694 0 7.65765 20.5749 3.87859 0 9.58546 17.3745 3.58747 0 9.83305 20.7898 0.827136 0 13.0271 17.9132 1.22125 0 12.7495 20.7213 4.4122 0 15.4594 18.1363 4.51713 0 15.3336 20.983 1.56211 0 17.526 17.6874 1.59535 0 18.0464 20.4907 4.13213 0 20.5101 18.2312 4.33393 0 20.8242 20.6144 1.25916 0 23.5502 18.3825 1.80914 0 24.0951 21.5575 4.43295 0 26.7148 18.3984 4.06285 0 26.698 21.3443 1.59556 0 1.30118 24.292 0.981575 0 1.72102 26.1475 4.23061 0 4.66961 23.1378 3.89115 0 4.31264 26.2155 1.42497 0 7.34815 23.7057 1.4229 0 7.57101 26.4924 4.23916 0 9.84147 23.4377 4.16604 0 10.2136 26.7237 1.7698 0 12.7124 23.6379 1.79521 0 13.0208 26.8012 4.13659 0 15.1954 23.4632 4.40528 0 15.8843 26.7825 2.04161 0 18.421 23.5397 1.71226 0 19.0688 26.5734 3.62192 0 20.9133 23.2063 3.88024 0 21.683 27.5451 0.977428 0 23.0191 23.5826 1.06112 0 23.6463 25.7375 4.23688 0 26.9998 23.8462 4.13593 0 25.8844 26.2174 1.48654 
0 1.71311 0.777655 7.51362 0 1.2003 3.56102 9.96099 0 4.15818 0.661473 10.0318 0 3.79803 3.46758 6.75039 0 6.77255 1.43829 7.11148 0 6.56158 4.04733 9.89396 0 9.54195 1.35725 10.0249 0 9.48578 3.8294 7.11567 0 12.3201 1.07482 7.08783 0 12.8968 3.74943 9.59148 0 15.612 0.825339 9.6976 0 15.5756 4.26045 6.86777 0 18.0269 1.46943 7.24401 0 18.6784 4.23945 9.78229 0 21.0022 1.39382 9.49513 0 21.0643 4.22719 7.1305 0 23.6587 1.08556 6.50724 0 24.1427 3.89376 9.70974 0 26.7469 0.808398 9.61706 0 26.7911 3.60353 6.65158 0 1.20719 6.37408 6.61096 0 0.959164 9.94547 10.3793 0 3.46935 7.01008 9.61433 0 4.56724 10.1718 6.93863 0 6.44359 7.16602 7.71326 0 6.52501 10.142 9.98229 0 9.62617 7.13062 9.76489 0 9.58298 9.98479 7.28865 0 12.2103 6.52694 7.33391 0 12.3182 9.03535 9.66529 0 15.6278 6.76036 9.67489 0 14.5215 9.92777 7.04634 0 18.276 7.19777 6.76527 0 18.2257 9.59635 9.89891 0 21.3198 7.18541 10.0186 0 21.1043 9.91978 7.2457 0 23.6272 6.73979 7.05201 0 24.1401 9.96684 9.96073 0 26.3336 7.03295 9.42084 0 26.0643 9.65934 7.05535 0 1.19988 12.0427 7.01135 0 1.49968 15.735 9.91275 0 3.67872 12.5964 9.61911 0 3.91549 15.0805 6.89419 0 6.88484 12.9647 7.49532 0 6.76497 15.5153 10.7008 0 9.41195 12.517 10.1967 0 9.46794 15.4292 8.21664 0 12.1359 12.5938 7.53205 0 12.3313 14.9877 10.4005 0 14.99 12.1227 9.69874 0 15.1619 15.1974 6.86 0 17.9645 12.0372 7.56159 0 18.088 15.0068 9.458 0 21.2748 12.1284 9.73809 0 20.7803 15.2058 7.22495 0 23.9587 12.3713 6.97396 0 24.047 15.3437 9.41846 0 26.8673 12.8238 10.0151 0 26.8335 15.1451 6.75115 0 1.63956 17.7776 6.93941 0 0.958749 21.4243 10.7575 0 3.61976 18.5972 10.4553 0 3.79568 21.2937 6.92436 0 7.00252 17.893 6.37328 0 6.68079 21.007 9.78199 0 9.39423 18.4824 9.98718 0 9.5969 20.5851 7.39617 0 12.0501 18.0933 7.11823 0 13.0223 20.8996 9.81437 0 14.9969 17.6499 9.78869 0 15.7453 20.8096 6.99094 0 17.9916 18.0301 7.56767 0 18.5917 20.7536 10.0317 0 21.0672 18.5307 9.43457 0 21.1723 21.2858 6.9358 0 24.4382 18.8644 7.26191 0 24.2141 21.0694 10.5883 0 26.6658 18.594 10.551 0 27.6343 20.6414 7.38459 0 1.62037 23.7282 7.09009 0 1.06035 26.491 10.6759 0 3.78871 23.845 10.0747 0 4.07847 26.0824 6.98447 0 7.17568 23.377 6.78843 0 7.29999 26.0842 9.0964 0 9.90617 23.8027 9.66328 0 10.3659 26.1847 6.6099 0 12.6058 23.3532 7.09207 0 13.1447 26.3543 9.41423 0 15.5749 23.7044 9.47266 0 16.2903 26.4785 6.64455 0 18.312 23.3217 7.10111 0 18.6033 26.1745 9.73894 0 21.2409 23.1895 9.77224 0 21.0924 25.4019 6.75891 0 24.4079 23.2159 7.44391 0 23.5261 26.4445 10.0354 0 26.2721 24.1146 10.6266 0 26.5348 26.1292 6.84556 
0 1.33978 0.975483 13.1717 0 0.830348 4.51924 15.2034 0 4.142 2.37168 15.0674 0 3.6818 4.48231 12.2485 0 7.00678 1.62319 12.518 0 7.6293 4.60912 15.5933 0 10.1905 1.71709 15.3842 0 9.66143 4.11729 12.6169 0 12.4558 0.993211 12.0274 0 13.0482 3.95794 14.9725 0 15.9111 1.68975 15.1876 0 15.7594 3.6193 11.9065 0 18.1685 1.26609 12.4815 0 18.4887 4.20794 14.6066 0 20.931 1.52405 15.2512 0 21.2883 3.7272 12.3842 0 23.8518 1.01411 12.7297 0 23.5355 4.51818 15.2627 0 26.2109 1.80147 15.5102 0 26.7468 4.04192 12.5357 0 0.85755 7.07655 12.5453 0 1.0714 9.68987 15.8309 0 4.15258 7.29306 15.5427 0 4.0526 9.51058 12.433 0 6.93838 6.90983 12.5615 0 6.95821 9.7366 15.4887 0 9.99664 7.08084 15.0453 0 9.24854 9.46085 12.3808 0 12.5974 6.10617 12.3173 0 12.3709 9.60113 14.9243 0 15.7284 6.47955 14.9362 0 15.0138 9.70287 12.3448 0 18.9531 7.38083 12.5287 0 18.0411 10.0783 15.3562 0 20.4253 7.32125 15.6992 0 21.1411 9.87532 12.9507 0 24.0445 7.5404 12.3154 0 23.5928 10.3167 15.6707 0 26.1455 7.14639 15.094 0 26.3091 10.1186 13.2963 0 1.34965 12.8199 13.3226 0 1.43261 15.7237 16.0216 0 4.15291 12.6041 15.4846 0 3.76183 15.2392 13.0058 0 6.55003 12.3145 12.8603 0 6.62714 15.6265 15.1511 0 9.92169 12.5924 14.9775 0 9.80124 15.5468 12.7458 0 12.7088 12.2899 12.6139 0 12.6944 15.3204 15.2207 0 15.1775 12.57 15.2148 0 15.3199 15.2133 12.4981 0 18.2088 12.212 12.2838 0 18.1424 15.2842 15.0502 0 20.9081 12.9345 15.4241 0 21.1628 14.9923 11.8986 0 24.2766 12.886 12.6941 0 24.0609 15.2317 15.6196 0 26.5799 12.3329 16.021 0 26.6868 15.8839 12.9739 0 1.99608 18.6888 13.7648 0 1.7323 21.3093 16.035 0 4.95939 18.5461 15.8204 0 4.28209 21.4091 12.8063 0 6.96925 18.7987 12.3559 0 7.76104 21.5426 15.6419 0 9.64955 18.4424 14.9968 0 9.68422 21.4298 12.4006 0 12.2234 18.4912 12.4207 0 12.8807 20.8434 15.389 0 15.1834 17.8592 15.245 0 15.67 20.7648 12.6244 0 18.3549 17.9754 12.7841 0 18.4819 20.835 15.3535 0 21.3097 18.2391 15.4614 0 21.2676 20.478 12.68 0 23.5004 17.2897 12.5427 0 23.8004 21.405 15.699 0 26.7969 18.2691 15.882 0 26.8746 21.3279 13.8425 0 0.919152 24.2904 13.4117 0 1.74352 26.2163 15.8634 0 4.59587 23.8609 15.3077 0 4.37615 26.6932 13.0254 0 7.30861 24.0609 12.3695 0 7.42855 26.2559 15.9044 0 10.4092 23.9893 15.4012 0 9.95717 26.5391 12.6855 0 13.0133 23.3978 12.499 0 12.7644 26.6412 15.1761 0 15.212 24.1525 15.6539 0 15.5936 26.028 12.1748 0 18.245 23.3459 12.2161 0 17.9704 26.6469 15.2653 0 20.8984 24.1751 15.8437 0 21.0631 26.5648 12.754 0 23.7972 24.1876 13.2384 0 23.2265 26.5737 15.987 0 26.3652 24.0903 15.9716 0 26.0975 26.7335 13.5957 
0 1.19398 2.00518 18.062 0 1.72729 4.56059 20.6658 0 3.91216 1.66623 20.8962 0 4.52977 4.07371 18.082 0 6.80073 1.39429 18.5274 0 7.18429 3.97044 21.0649 0 9.90508 1.35495 21.5327 0 9.96216 3.56151 18.659 0 12.8647 1.76394 17.9506 0 12.6245 4.33636 21.6143 0 15.2592 1.99402 20.7368 0 15.8755 4.56062 17.8142 0 18.5705 1.46896 17.885 0 18.1893 4.33992 21.171 0 21.0156 1.68671 21.2955 0 20.6229 4.38159 17.3982 0 23.0834 1.37757 18.3152 0 23.3826 4.3866 20.7098 0 26.5304 2.2009 20.7135 0 26.3563 4.86021 17.919 0 1.44615 7.08516 18.1295 0 1.47386 9.92758 21.4857 0 4.7618 6.8968 21.0967 0 4.31308 9.41487 18.5612 0 7.13735 6.60521 18.6379 0 7.38841 9.7424 20.5809 0 10.0956 7.05156 20.5796 0 10.0305 9.6074 17.7673 0 12.5753 7.17633 17.6484 0 12.5146 9.75079 20.3853 0 15.3468 7.03619 20.8206 0 14.89 9.96416 17.886 0 17.7873 7.28193 17.9672 0 17.4884 10.0522 20.5669 0 20.7273 6.89479 20.4603 0 20.4365 9.79188 18.3903 0 23.3976 7.38722 17.9178 0 23.6571 10.2233 21.0581 0 26.9837 6.74753 20.9136 0 26.5306 10.0354 18.679 0 1.95129 12.5264 18.5535 0 1.8903 15.7757 21.0908 0 4.76059 12.2193 21.1824 0 4.58483 15.6285 18.4294 0 6.62151 12.5028 18.0632 0 7.09045 15.4035 21.5284 0 9.8978 12.6364 20.5167 0 9.15668 15.0359 18.0201 0 12.19 12.727 17.9243 0 12.4399 15.1014 20.902 0 15.3403 12.6885 20.7793 0 15.4954 15.2132 17.8556 0 18.4031 12.8462 17.9239 0 17.8936 15.6785 20.7169 0 20.4946 12.8882 20.8395 0 21.2743 15.5487 17.9328 0 23.7742 13.0796 18.7667 0 23.8399 15.7929 20.8927 0 26.7944 12.8555 20.9568 0 26.9266 15.7917 18.5857 0 1.46166 18.3243 18.1967 0 1.40025 21.1146 20.7108 0 5.2638 18.5745 20.5084 0 5.039 21.0885 18.2043 0 7.8484 18.2575 18.1738 0 8.15954 20.8175 21.676 0 9.55474 17.7392 21.2597 0 10.3036 20.9306 18.1826 0 11.7064 17.6594 18.2806 0 12.0867 21.0429 21.0601 0 14.8729 18.0795 20.0792 0 16.1004 20.9703 17.863 0 17.9862 18.0272 17.4521 0 18.4678 20.3369 20.9524 0 21.0409 18.0063 20.6371 0 21.0719 20.9553 17.8548 0 24.2682 18.3799 18.2433 0 24.137 20.6528 20.7177 0 26.9838 18.2598 20.9152 0 26.6315 21.2623 18.3416 0 1.33427 23.889 18.4682 0 0.78457 26.8275 20.7647 0 4.79454 23.72 20.3363 0 4.19414 26.6867 18.3642 0 7.99192 23.4117 18.8501 0 6.9661 26.521 20.8724 0 10.0179 24.1598 21.6694 0 9.9901 27.0897 18.2255 0 12.1402 24.2892 18.5956 0 13.1887 26.751 21.4797 0 15.1195 23.6564 20.9166 0 15.215 27.1795 18.0464 0 18.8796 23.7315 18.6171 0 17.5266 26.4508 20.709 0 21.102 22.681 21.2809 0 20.9938 26.6155 19.1762 0 23.4933 23.6597 18.7346 0 23.5784 27.1995 21.4335 0 26.1358 24.3411 20.702 0 26.3419 27.143 17.8813 
0 1.06195 2.12549 23.6555 0 0.693551 4.38795 26.5602 0 3.97249 1.12234 26.6425 0 3.88258 4.42135 24.0806 0 6.17257 1.45382 23.8945 0 6.91389 4.52898 26.7528 0 10.0503 2.13213 27.5256 0 9.36239 4.08412 23.891 0 13.2741 1.45601 24.1688 0 12.7062 4.52251 27.2872 0 16.1332 1.71138 27.2442 0 15.9724 4.66182 23.7435 0 17.5865 1.36845 23.6937 0 18.5333 4.51738 26.1727 0 20.7416 1.63951 26.4428 0 20.7247 4.30063 23.5599 0 23.7814 1.53349 24.3332 0 23.4823 4.69207 26.085 0 27.1002 0.875286 26.3663 0 26.1617 4.40781 23.7359 0 1.04262 6.67172 24.0818 0 0.991389 9.29989 26.5152 0 3.94996 6.86065 26.6407 0 4.14203 9.68297 23.6608 0 7.45688 7.07142 23.5277 0 6.71749 9.53179 26.6837 0 9.48828 7.02833 26.6473 0 10.1251 9.47704 23.6136 0 13.1535 7.30606 23.4277 0 12.389 9.72526 26.3079 0 15.3707 6.99237 26.8752 0 15.1766 10.227 23.6633 0 18.128 7.52849 23.432 0 18.2244 10.0629 26.5618 0 21.0768 7.5523 26.5751 0 20.617 10.1138 23.3705 0 23.4779 7.20393 23.2421 0 23.3661 10.4006 25.5867 0 25.7264 7.4265 26.7339 0 26.6004 9.81779 23.7554 0 1.08564 12.503 24.0667 0 0.758681 15.3093 26.3624 0 3.99549 12.4271 26.2094 0 3.9186 15.4437 24.1808 0 7.92907 12.4013 23.5877 0 7.31001 15.5622 26.0539 0 10.1718 12.5205 26.113 0 10.1848 15.3722 23.4911 0 12.4319 12.4328 23.3173 0 12.841 15.3525 25.9937 0 15.2845 12.3223 26.6028 0 15.019 14.9842 23.2843 0 17.9296 12.5215 23.6397 0 17.5467 15.2088 26.185 0 21.2045 13.4119 27.0545 0 21.0126 15.9196 23.6912 0 23.5362 13.2679 23.4922 0 23.716 16.3983 26.8645 0 26.2008 13.0382 26.2053 0 26.32 15.8818 23.3696 0 1.47365 18.5141 23.6353 0 1.77601 21.3333 26.3076 0 4.43032 18.1712 26.4512 0 4.32304 21.2134 23.1327 0 6.84426 18.3571 24.0174 0 7.18092 20.9311 26.3283 0 10.0666 17.8949 26.3713 0 10.3724 21.0868 24.3148 0 12.7891 17.859 23.1604 0 13.0588 20.5694 26.5099 0 15.627 18.2864 26.3447 0 15.3177 20.4097 23.7238 0 18.0717 17.8218 23.4261 0 18.0919 20.7735 27.07 0 20.127 17.4881 26.6401 0 20.4146 20.4024 24.0793 0 23.7214 18.4427 23.7533 0 23.4369 20.4367 26.8198 0 26.8722 18.5438 26.4204 0 27.3389 21.1771 23.5412 0 1.50216 23.8059 23.6049 0 1.37071 26.3136 26.3378 0 4.16344 24.2382 26.1051 0 3.64359 26.9472 23.5242 0 7.22981 23.9007 24.2142 0 7.14755 26.6461 27.2284 0 10.0955 23.9606 26.473 0 10.3916 27.3932 24.6166 0 12.76 24.0983 24.1667 0 13.0849 26.5024 26.8172 0 15.7633 23.4767 26.0768 0 15.7709 26.3252 24.1099 0 18.132 22.7854 23.5855 0 18.8719 26.5105 27.1495 0 20.4643 23.4941 26.1769 0 20.0079 26.2838 23.5897 0 23.8009 23.1608 23.7057 0 24.0761 26.2871 26.0873 0 26.5586 23.5413 26.0642 0 26.842 26.3631 23.4445 

-0.262691 1.63307 1.88246 -0.186515 1.77472 -0.827693 -2.24005 -1.89805 -0.619177 0.00565429 1.76614 -0.836938 -0.109827 -1.18164 2.47763 -2.49972 3.57889 1.72452 -0.557798 0.236252 3.19951 0.863628 0.671313 -2.0567 0.650143 0.106058 -2.05286 0.715851 -0.290406 1.38469 1.92284 0.74352 1.4863 0.286799 2.08369 0.533364 1.03081 -0.483116 0.215727 -0.607702 -1.6059 1.71207 -1.05112 -0.780687 0.967783 -2.17729 0.138363 -1.26338 -0.672922 0.441645 -2.03108 0.444243 -0.216878 -0.194446 -1.62138 1.69665 0.687892 0.546506 -0.273054 -2.18656 1.21019 -1.26636 1.60609 1.56663 -0.352064 2.1619 -1.01045 -0.590601 -0.698445 -1.68756 1.54438 -1.18837 1.0676 2.71838 -1.26189 0.928572 -0.395721 -1.21254 1.74674 -1.69124 1.04669 1.69817 0.247152 1.14967 -1.25218 -1.32959 0.422041 0.516025 -1.61154 0.204423 -2.16843 -0.436038 0.20861 0.168589 -0.357559 -1.94642 -0.406708 -1.9107 2.09811 -1.38662 1.61804 1.63184 -0.975771 0.658446 0.169057 1.01388 0.84065 -0.454972 1.29112 0.677836 -1.34313 2.13103 1.51812 -1.25566 -0.109301 -1.12516 0.967724 1.07045 -0.263387 -0.975416 -0.169434 -1.00966 2.23295 0.312276 1.08461 -0.00765931 0.0393453 1.3723 0.50485 -0.263632 -0.634219 2.52553 0.592474 1.31146 1.63048 1.26405 0.785089 0.733245 -0.417167 0.658196 -0.00818163 -0.44372 -2.45269 -0.344389 0.722341 -1.1831 -0.871022 -1.30763 -1.29532 -0.242259 1.25496 -0.392259 2.76012 -0.367426 -0.733209 -0.484886 -1.39476 0.748379 -1.48378 -1.18973 1.51917 1.18727 0.574912 1.09532 0.863411 -0.167989 0.0205892 -1.01894 -1.21593 -1.13467 -0.011614 -0.414397 -0.521685 -3.83184 0.36534 0.357937 0.652497 0.125981 1.06091 -0.531007 1.02357 -0.315275 -2.81106 1.43249 -1.02967 0.657831 0.261844 0.625923 -1.92121 0.0751563 -0.861152 -2.10944 0.718775 -1.54097 -1.47812 0.827096 0.0737737 1.83991 0.754493 0.909272 2.59439 0.498717 -0.374185 0.480033 0.243378 -1.32414 -0.578028 0.427695 0.574883 0.721715 0.626768 -0.909562 0.492572 0.436513 -1.39186 -0.406789 -1.92803 0.210014 2.54231 0.488838 0.0639939 2.47892 1.07475 -2.54434 -1.84571 1.02885 -2.8657 1.92819 -3.08488 0.815765 0.649611 0.568217 -1.23941 0.64223 1.82607 0.551697 -1.17461 1.30837 -0.209059 -0.635398 0.989689 0.374522 -0.954873 -0.286605 2.32734 -1.03117 -1.6856 -0.220299 1.04006 0.60968 8.92249e-05 0.63816 0.427754 -1.34611 -0.158718 3.11842 1.06223 0.195444 -2.12279 2.65762 -0.465198 -0.347303 -1.21317 2.54872 0.690832 -0.711687 0.400227 -2.39241 -0.520259 -2.22927 -0.335723 -0.125461 1.14471 0.151568 -0.259198 -0.0310406 0.495455 -1.35507 1.18939 -1.32264 0.10505 0.190396 3.09349 1.62785 -1.9129 0.234088 0.241256 -1.8696 -2.61567 -1.62708 0.066645 1.04909 -2.04586 2.36257 0.731989 1.39257 -0.0618619 0.0266376 2.17535 0.326721 
0.614751 -3.51085 -0.150527 1.04528 -1.38205 -1.96972 -0.530564 -1.77989 3.0627 -1.26927 0.179256 1.25742 -0.0589616 1.16507 -0.5619 -0.557922 1.1278 -1.17411 0.28911 0.856359 -0.110491 0.440639 0.577759 -1.20442 0.370235 -3.68513 -0.265059 -0.518352 -2.13599 -2.20237 -0.909196 0.32417 1.22213 -0.646221 1.45277 -1.59218 -0.816032 2.12485 -1.47989 0.355652 0.0895525 -1.34516 -1.30779 -1.02513 0.454248 1.54248 -0.177089 -0.0730173 -0.709961 1.56258 -0.958814 0.727431 1.02345 -0.936061 -1.70845 0.250925 1.40692 0.0396789 -1.04272 -1.7083 -1.73132 1.04929 0.583015 0.387787 -0.627627 -0.523608 1.95688 0.464334 -0.903988 -0.748803 0.963028 -0.940474 -0.209048 -3.09957 -0.506863 -0.551641 -0.78149 0.532145 0.752584 -0.0133133 2.25905 0.686683 0.0857485 0.878238 -0.169641 -0.201974 2.39796 1.4275 0.5769 -1.47062 -0.725679 0.824028 0.892117 -0.877685 0.223683 -0.369365 1.33106 0.611502 -1.1177 -0.402484 0.8862 -0.197084 -1.54928 -2.0694 1.70477 1.11369 1.11605 -0.39667 -1.65475 0.121227 -1.09008 -0.393341 -1.34708 0.995336 -0.555977 -3.26235 -2.09905 -0.59206 0.328135 -0.0669878 -1.46117 2.76284 0.493319 2.05812 0.516815 -0.419978 1.78926 0.96375 0.566989 1.3756 -2.78573 1.22106 0.712539 -1.82201 -1.66053 0.115686 -0.335822 -2.2389 1.48907 2.53719 0.807817 -0.837032 -1.31946 0.529852 0.814669 -1.61494 0.848454 0.696636 -1.2659 -0.844809 -2.22374 -0.816348 -1.92308 -1.63095 0.72158 0.493441 0.048084 0.1566 1.64216 -1.04199 0.929886 2.27002 0.666692 0.403644 1.25294 -2.2206 0.796976 -0.207591 0.955537 -0.515236 -0.37164 -1.50903 1.08858 0.498367 3.30759 0.649785 1.12232 -0.450536 1.76206 0.43164 -2.85258 1.75813 -1.08752 2.02006 -0.612775 1.23269 -1.07943 2.29938 2.24564 -0.278549 -0.2493 1.71354 -2.03871 1.28207 -1.00083 0.013822 0.839701 -0.277088 -0.373791 0.646315 1.62208 0.538528 1.93498 1.33425 1.3923 -2.38915 1.69304 -0.253752 -1.49456 0.585689 0.433628 0.372861 1.07813 0.11428 0.309762 0.126469 -0.54967 1.64697 -2.35592 -1.41001 1.22341 0.120796 0.480515 0.614039 0.0396679 -3.09488 0.413661 -0.493368 1.19178 1.17393 -0.29286 1.07834 -0.207824 0.0716256 1.01166 0.103856 -0.667791 0.656064 -2.20671 -1.52903 -0.907191 0.432292 3.76949 2.28824 0.200255 1.0813 0.842116 0.296099 0.356431 0.969844 -0.325695 -0.319261 0.456192 1.8922 -0.137374 1.91856 1.9467 -1.00687 -0.281047 0.824746 -0.715278 -0.270066 1.36334 -1.35293 -1.37707 1.14332 -1.48762 1.88421 -1.89005 -1.80068 -1.41958 0.104982 1.66486 0.501543 0.67065 0.838283 1.40553 -1.3093 -0.213723 0.0634605 1.72603 0.904033 0.410227 1.88564 -0.0706379 -0.570762 1.11129 2.48956 1.47213 -0.712665 1.96201 -1.01934 -0.872158 0.323809 1.59566 0.18822 -1.09831 -0.529363 1.24191 0.270335 
0.33814 2.55469 -0.655274 -0.0860054 -1.3371 -0.391585 1.69567 1.19369 0.00090687 -0.852702 2.9826 -0.000957607 -1.02078 -0.810594 -1.74982 1.34026 -0.617394 -1.49446 -0.627 -0.958689 -1.22376 0.158565 0.757631 0.546557 1.79703 -2.68587 -1.39476 -1.20657 -0.349338 -0.165275 -0.33965 0.712266 2.45344 -0.55394 0.0622836 -2.20358 -0.265443 3.35552 -1.57475 -0.0248883 1.81024 -1.03788 -1.30233 -1.15553 0.690001 -0.680023 1.63792 0.595744 -1.42885 1.36306 0.376661 -0.661128 -1.79336 -0.168986 2.7954 -1.64058 -0.460723 1.31309 0.0448933 2.09309 1.79445 -0.63246 -1.65074 -1.73447 -0.114001 0.847078 2.0977 -2.25729 -0.463082 -0.219326 -1.32122 1.92238 2.27991 -1.01756 0.708268 1.98298 -0.868012 1.05565 0.633836 1.07746 -0.389852 0.100522 -1.82464 2.44443 -1.11092 -0.114901 -1.12136 -0.319152 -0.896381 -1.10893 0.00807096 -2.11399 -0.461649 -1.78513 1.42947 -2.33157 -2.01657 -0.339473 -3.28941 -1.36533 -1.55226 -0.0628244 1.58469 -0.711914 1.59243 -0.0384002 1.27642 0.133718 -1.37871 -0.537429 -0.850587 1.55816 1.24616 -0.256002 -1.79198 2.47542 -0.322729 0.0681068 -1.21593 -0.307678 0.0100769 0.667909 -3.67492 0.866306 0.115469 -0.597895 0.628826 -0.268834 -1.78418 0.378533 0.516915 0.425108 0.571771 -0.176278 0.28887 1.54236 0.536149 -2.43353 -0.490098 -0.169787 -0.0206639 0.712452 -0.340148 1.5011 0.57099 -0.653912 1.06382 -1.42004 1.79167 1.49015 2.01457 0.617702 -2.44619 0.393809 -0.441488 0.0490999 1.14423 -1.23962 0.452817 -1.32306 -0.875506 -0.655392 -0.515962 1.50354 -0.736129 0.594642 0.789275 3.89301 -0.862695 -1.70242 1.53149 1.01301 -0.194876 0.698442 -1.03511 1.0741 -0.964302 -0.587073 0.543133 -0.300113 -0.612869 0.610588 0.575503 -1.20684 -0.338671 0.288709 -0.0467857 -0.896534 0.772305 3.10132 -0.230404 -0.514575 1.20838 -1.22193 -1.73785 -1.07535 -1.51122 -0.410222 0.562866 0.660454 -0.280578 -0.0154206 -0.708469 -1.4215 1.57349 -1.96332 0.00384068 0.00977059 2.79047 1.42439 2.21393 -1.11954 -1.81482 -1.82369 0.167842 -0.390399 -1.03928 -0.420067 -0.708642 1.89754 0.713681 0.631402 0.380282 1.35117 0.295267 -0.957594 3.53727 -0.453202 0.43114 0.758107 0.275093 0.13966 -1.74813 -2.24576 -1.09078 0.32651 2.55953 -1.60592 -2.53057 0.129737 -0.0576456 -1.13582 2.42115 -0.0886011 -0.54808 0.579605 -0.958051 1.99943 0.579273 0.125261 -0.352692 -0.3427 -2.24582 0.330137 0.551363 0.619183 1.93611 -1.42785 -2.26833 -1.96215 0.934675 -0.235999 -1.06617 -1.67537 1.46516 -1.61602 -0.612538 -2.43401 -0.140065 -3.06367 -1.91134 -1.88675 -1.5046 -0.342265 -2.17824 -0.451433 -1.79473 -0.459867 2.06868 0.291314 0.724615 -0.223405 1.86022 0.823283 0.57689 -3.24292 -0.0660428 -1.82172 -0.725225 -0.0432019 2.40729 1.25219 -0.0364189 0.235157 -2.10611 1.27306 -0.5483 2.01257 -1.24409 -0.9567 
1.0446 0.396897 2.511 -2.36863 -0.805895 -0.144058 -0.94486 1.67524 -0.88772 0.372444 0.346404 1.16707 -0.314106 1.0932 -0.338284 0.346123 0.722946 -1.29599 -2.21539 -0.686526 0.667246 0.428259 -1.44254 -1.38079 -1.41129 -2.31498 -0.241823 3.76697 1.15099 1.6756 -0.893481 1.21659 -0.26718 -0.517801 0.408002 -1.9992 0.0830381 -1.21947 -0.768836 -0.0377269 -0.513634 3.40633 0.21196 1.68409 -1.39993 2.59898 1.50393 0.221273 -0.0901454 1.57564 1.23707 0.492596 -2.70319 -1.39569 -1.14445 -0.992286 0.451686 -1.14631 2.15387 -0.13034 -0.369547 0.212584 -0.661588 -1.49879 1.03197 -0.24259 1.99798 0.180642 1.45755 -0.178963 0.0847987 -0.478714 -2.69266 0.246118 -1.35373 -1.51566 -0.993188 0.580398 1.75367 1.38692 2.61507 0.0651623 -0.468314 -0.0525096 -1.00678 -2.63533 -0.770323 -0.402659 -1.20327 0.976959 -1.05617 -0.0380455 -0.980544 0.289096 3.12824 -2.27702 1.68262 -0.402442 -0.423524 1.01274 2.54216 0.580368 -1.46665 2.09784 2.34973 -2.15295 1.65086 -2.8455 -1.24138 1.22592 -0.282434 1.42358 0.441685 2.60362 -1.73167 -0.533617 -0.606243 0.399605 0.832477 0.134684 -0.677803 -0.42396 -1.47516 -0.965461 0.328149 0.705885 1.12401 -2.19408 -0.477426 1.50051 1.11049 1.15105 0.595724 1.19339 -0.974343 1.12313 -0.128977 -1.7353 0.739149 0.0917456 -0.649061 -2.47548 0.997958 2.70936 -2.37098 -0.43699 0.909996 -0.39653 1.03728 1.99806 -1.48731 0.194085 0.925109 -0.0833453 1.15675 -1.29178 -0.0681562 -0.116935 -0.983488 1.6296 -0.584052 -1.06208 1.41665 1.55114 -1.34901 -0.426057 0.425448 -0.491168 -0.192147 0.694537 -0.471966 -0.304601 -1.49325 -1.10385 0.435938 1.30862 2.94551 0.798065 2.11392 -0.933992 1.44532 0.596845 0.414348 0.36714 1.17455 1.4073 -0.432103 -1.32366 -2.54157 1.78008 -0.507171 3.33377 0.787548 -0.726026 2.26307 -1.04772 3.22393 0.335291 -1.79378 -1.88977 0.338535 -0.231355 -1.70232 -2.22571 4.09665 0.0980308 0.727375 -0.011197 -0.772225 1.11357 0.331334 1.79298 0.850402 -0.649522 -2.59265 0.0741172 -0.381375 -0.799499 -0.438732 -0.288116 0.240229 1.61055 -1.11682 -0.995891 0.943313 1.49441 -0.766777 0.974132 0.630082 -0.00526657 -1.31733 0.70211 -0.955187 -0.608868 0.246012 1.49523 -1.76678 -1.89242 -1.05108 0.253498 -1.3625 1.29197 1.82254 -0.15819 -1.18871 -0.238036 0.0261318 -1.13639 -1.13248 0.709627 -0.40895 1.43835 0.36678 -1.98258 -0.559863 1.30435 1.73882 -1.93245 -0.00659767 -2.387 -1.5452 -0.44549 0.572811 1.83497 0.49004 -0.276783 0.672949 1.93528 -0.929516 -0.929227 0.36799 -0.804142 -0.595278 -0.119771 0.802424 -1.53705 -0.252912 -0.312715 -1.72431 0.85467 0.564512 -1.03086 -1.49026 0.496203 -0.731312 -1.16894 -0.42162 0.930131 -0.567095 -1.94754 1.30169 1.19678 -2.41964 -0.344168 -3.03042 -0.29254 -0.250007 1.37304 -2.86644 -1.2752 
-0.592176 -0.035694 1.06586 -0.360182 -1.15361 -0.594586 -1.35067 -1.37104 -0.981571 0.210972 -0.573327 1.17364 1.96095 0.711721 2.09772 -1.90914 2.18801 0.85293 -1.36838 1.07232 0.595851 -1.51569 0.989087 0.398705 -1.23726 -0.140893 -2.91643 1.09403 -0.018562 -0.185297 -0.291746 -0.51318 -0.34741 -1.04318 1.55627 -0.984974 -0.0992442 -1.68123 -0.315311 -0.769854 -1.35108 -0.947605 0.690152 1.39899 0.543069 -0.597646 1.33293 2.35005 1.11216 -2.38666 3.12812 -1.25536 0.589184 2.01334 -0.96532 -2.16721 0.667183 1.45975 -1.23762 -2.71624 3.05976 0.650758 -2.75223 2.62571 0.743233 1.28395 2.18937 1.45361 1.04788 -1.92636 -0.757538 -1.88227 0.687906 -2.83998 -1.3244 -0.826876 -1.13077 -1.16614 -1.33285 2.23971 2.26209 1.67718 -1.28261 -1.85797 0.437797 0.866647 -1.20945 0.332385 -1.97997 -2.33336 0.0802588 1.75969 -0.935653 0.873359 0.401765 1.65122 3.07026 0.948797 -0.56564 0.516723 1.06795 2.63399 -1.05161 0.775916 -0.606465 -0.996426 0.672278 0.651188 -0.447595 -0.478938 -2.22085 1.3088 0.513531 0.767559 1.80191 1.31171 -0.706311 -1.21322 -1.48389 2.36501 1.01307 -1.12464 -0.0652191 -1.57616 0.142954 -0.487385 -0.269835 0.410617 1.63436 0.896564 3.00957 1.7624 0.438276 -0.34993 0.547896 0.883589 -0.250287 2.31827 -1.70111 -0.908622 -0.974567 -1.12857 1.73295 -1.90278 -3.34114 -0.990814 -0.0933791 -1.8804 -1.06086 2.59086 -0.539271 0.0468691 1.33495 -0.673592 -0.638992 -1.35552 1.15894 1.36749 0.36017 2.00608 -1.2521 -0.334576 0.344517 -2.8574 1.0866 -2.07255 -0.874705 -0.101382 -1.76675 1.45217 -1.89768 -3.53308 -1.44044 -1.35559 0.562196 -0.00649152 0.582096 1.99567 -1.4998 -0.296172 0.155364 -0.990032 -0.907609 0.464924 0.306443 -0.0543346 -0.188263 0.969904 1.29114 0.890349 1.46444 1.14155 -0.124064 -1.90533 -2.07444 0.360606 0.771472 -0.0623656 -1.22111 0.808434 1.7314 -0.122833 0.927323 0.57944 -2.35385 0.699833 -2.5309 -1.21141 0.946905 -0.280381 0.22765 -2.84923 0.780216 -0.403295 -1.19964 0.920579 -0.288961 0.831455 -0.936469 1.64214 0.0260063 1.43407 2.39488 -1.07438 -0.948012 0.310316 -0.577926 -2.68052 -1.47154 0.817593 -4.24314 1.50751 0.472417 -0.0773065 -0.0222539 -0.176832 -2.48282 -0.511762 2.09195 0.784808 1.78104 -1.06647 -2.61004 2.35977 -0.243406 2.85031 1.96751 -1.04881 1.41616 0.337331 0.242753 0.0988882 0.89768 -0.00627299 -1.57345 -1.36282 -0.00546003 1.69521 -0.40648 -0.187711 1.80454 -1.11216 3.69527 -0.0511503 0.900318 -0.797662 1.0714 -1.36894 0.0690752 -2.12082 1.4512 0.108304 1.58793 1.05432 -0.989686 -1.02154 -0.854515 0.0661044 -1.32854 -1.75963 -0.311751 0.138058 0.817347 -1.76301 -0.119945 1.55866 0.767838 1.16934 -0.387564 0.0539848 -0.910658 1.52964 1.0453 2.317 -1.72282 -1.03835 -1.43099 -0.202169 -0.877012 0.198205 
