500 1.00001
27.9858 27.9858 27.9858 
14 14 14 
1 1 1 1 1 1 1 1 1 1 1 1 1 1 1 1 1 1 1 1 1 1 1 1 1 1 1 1 1 1 1 1 1 1 1 1 1 1 1 1 1 1 1 1 1 1 1 1 1 1 1 1 1 1 1 1 1 1 1 1 1 1 1 1 1 1 1 1 1 1 1 1 1 1 1 1 1 1 1 1 1 1 1 1 1 1 1 1 1 1 1 1 1 1 1 1 1 1 1 1 
1 1 1 1 1 1 1 1 1 1 1 1 1 1 1 1 1 1 1 1 1 1 1 1 1 1 1 1 1 1 1 1 1 1 1 1 1 1 1 1 1 1 1 1 1 1 1 1 1 1 1 1 1 1 1 1 1 1 1 1 1 1 1 1 1 1 1 1 1 1 1 1 1 1 1 1 1 1 1 1 1 1 1 1 1 1 1 1 1 1 1 1 1 1 1 1 1 1 1 1 
1 1 1 1 1 1 1 1 1 1 1 1 1 1 1 1 1 1 1 1 1 1 1 1 1 1 1 1 1 1 1 1 1 1 1 1 1 1 1 1 1 1 1 1 1 1 1 1 1 1 1 1 1 1 1 1 1 1 1 1 1 1 1 1 1 1 1 1 1 1 1 1 1 1 1 1 1 1 1 1 1 1 1 1 1 1 1 1 1 1 1 1 1 1 1 1 1 1 1 1 
1 1 1 1 1 1 1 1 1 1 1 1 1 1 1 1 1 1 1 1 1 1 1 1 1 1 1 1 1 1 1 1 1 1 1 1 1 1 1 1 1 1 1 1 1 1 1 1 1 1 1 1 1 1 1 1 1 1 1 1 1 1 1 1 1 1 1 1 1 1 1 1 1 1 1 1 1 1 1 1 1 1 1 1 1 1 1 1 1 1 1 1 1 1 1 1 1 1 1 1 
1 1 1 1 1 1 1 1 1 1 1 1 1 1 1 1 1 1 1 1 1 1 1 1 1 1 1 1 1 1 1 1 1 1 1 1 1 1 1 1 1 1 1 1 1 1 1 1 1 1 1 1 1 1 1 1 1 1 1 1 1 1 1 1 1 1 1 1 1 1 1 1 1 1 1 1 1 1 1 1 1 1 1 1 1 1 1 1 1 1 1 1 1 1 1 1 1 1 1 1 

0 1.46013 0.967951 1.28434 0 2.02959 3.78937 3.54476 0 4.63998 1.06334 4.2262 0 4.03226 3.92622 0.808015 0 7.1519 1.52073 1.89695 0 6.75081 4.46113 4.50654 0 9.64318 1.82415 4.28178 0 9.96465 4.85477 1.76865 0 13.1478 1.5507 1.43943 0 12.8509 4.54003 3.55498 0 15.4587 1.87687 4.50373 0 15.7644 4.72653 1.48417 0 18.8061 1.7058 1.63104 0 18.245 4.7207 4.18602 0 20.7575 1.45921 4.97636 0 20.9084 4.27195 1.55807 0 24.6222 1.89954 1.1444 0 23.5873 4.41989 4.16152 0 27.1703 0.961543 4.26635 0 26.1163 4.82199 1.63178 0 1.54808 6.84059 1.43304 0 1.42337 9.57423 4.01413 0 3.8211 6.86721 4.16726 0 3.32314 10.3585 0.948968 0 6.43143 7.05178 1.46551 0 6.98774 10.8468 4.39709 0 8.79302 8.03709 4.0654 0 9.47936 9.83841 1.06215 0 12.2558 7.55984 1.12111 0 12.075 9.93138 4.26045 0 14.8 7.49853 4.07915 0 15.5098 9.83564 1.11769 0 18.4665 7.64273 1.59853 0 17.7576 9.80159 4.3379 0 20.9669 7.12638 4.24077 0 21.0056 10.0205 1.40185 0 23.5221 7.28309 1.73636 0 23.9074 9.81596 4.33294 0 26.2916 7.09799 4.46999 0 26.6811 9.75268 1.60013 0 1.24911 13.0876 1.03885 0 1.05002 15.8267 4.03529 0 3.81143 13.2827 3.96719 0 4.6006 15.1324 0.665943 0 6.63829 12.2935 0.889724 0 6.86238 14.8084 3.35078 0 9.69465 12.6938 4.52461 0 9.67923 15.017 0.756566 0 12.4509 12.23 1.60512 0 12.8542 15.1959 4.0269 0 15.6338 12.5796 4.37089 0 15.2046 14.816 1.15378 0 18.3312 12.5097 1.63242 0 18.5326 15.2321 4.25109 0 20.8691 12.7188 4.78474 0 21.1842 15.3386 2.03175 0 23.8506 12.7802 1.80932 0 23.8049 15.4557 4.71989 0 26.608 12.5081 4.30773 0 26.127 15.4663 1.29743 0 1.28797 18.4553 1.32562 0 1.32096 21.1828 4.01498 0 4.744 17.9608 3.51247 0 4.09343 20.7232 1.14571 0 7.03178 18.2403 0.827164 0 7.67303 20.5702 3.87034 0 9.57954 17.3766 3.59161 0 9.82926 20.7909 0.812188 0 13.0343 17.906 1.21532 0 12.7592 20.7195 4.41111 0 15.4616 18.1303 4.52007 0 15.3174 20.9935 1.5465 0 17.5091 17.6704 1.61856 0 18.0433 20.4768 4.11725 0 20.5088 18.2253 4.34504 0 20.8183 20.6183 1.26038 0 23.5666 18.3921 1.81329 0 24.0878 21.5818 4.42237 0 26.7426 18.4114 4.07397 0 26.7136 21.3589 1.58306 0 1.29214 24.297 0.972339 0 1.7418 26.1425 4.21103 0 4.66871 23.1262 3.88306 0 4.31635 26.2101 1.41914 0 7.36673 23.7144 1.43259 0 7.5781 26.4987 4.23797 0 9.83578 23.4387 4.17145 0 10.2263 26.7252 1.76879 0 12.6981 23.6356 1.79856 0 13.014 26.8239 4.14192 0 15.1926 23.4679 4.40111 0 15.8968 26.7971 2.07008 0 18.4165 23.5322 1.70773 0 19.102 26.5705 3.59183 0 20.9079 23.2068 3.86653 0 21.706 27.5919 0.965297 0 22.999 23.5805 1.03175 0 23.6375 25.7226 4.21978 0 27.0123 23.8526 4.13576 0 25.8848 26.2248 1.48139 
0 1.70989 0.75939 7.50882 0 1.19659 3.52905 9.96685 0 4.15621 0.649585 10.0311 0 3.78813 3.44649 6.74128 0 6.75799 1.41943 7.09952 0 6.55469 4.03537 9.89617 0 9.52947 1.34255 10.0373 0 9.46023 3.81302 7.11848 0 12.3251 1.07849 7.06701 0 12.8955 3.73707 9.58906 0 15.6183 0.803671 9.69206 0 15.5909 4.24934 6.87996 0 18.0272 1.46218 7.23595 0 18.6816 4.23409 9.78049 0 20.993 1.37868 9.49788 0 21.067 4.21556 7.1328 0 23.6605 1.08393 6.49465 0 24.1544 3.88091 9.69436 0 26.738 0.797673 9.62762 0 26.7946 3.59216 6.63959 0 1.19791 6.35223 6.59762 0 0.945147 9.95554 10.3896 0 3.44257 7.01962 9.60443 0 4.55891 10.1785 6.94559 0 6.43999 7.15499 7.71496 0 6.51548 10.1418 9.98757 0 9.63242 7.12209 9.7663 0 9.57137 9.99286 7.28382 0 12.2169 6.50572 7.33183 0 12.3181 9.03225 9.65973 0 15.622 6.75659 9.68175 0 14.5013 9.92766 7.04534 0 18.2723 7.19722 6.74134 0 18.2417 9.58559 9.89606 0 21.336 7.17467 10.0269 0 21.0994 9.9128 7.23629 0 23.6335 6.73048 7.04489 0 24.1387 9.9612 9.96055 0 26.3428 7.02563 9.41058 0 26.0633 9.66029 7.0554 0 1.19082 12.0403 7.00652 0 1.49011 15.7491 9.91125 0 3.66833 12.6 9.61426 0 3.89404 15.0665 6.85598 0 6.88556 12.9765 7.52749 0 6.75427 15.5354 10.7272 0 9.42802 12.5093 10.2128 0 9.47052 15.4278 8.22719 0 12.1386 12.5782 7.53386 0 12.3368 14.9833 10.4019 0 14.9779 12.1119 9.70131 0 15.1521 15.1949 6.85189 0 17.9515 12.0207 7.55952 0 18.0812 14.9893 9.44446 0 21.284 12.1172 9.73471 0 20.7801 15.2071 7.23155 0 23.9679 12.3633 6.96954 0 24.0527 15.3558 9.4049 0 26.8909 12.8268 10.0105 0 26.8531 15.1453 6.73899 0 1.63969 17.7799 6.92647 0 0.937614 21.4333 10.7765 0 3.62594 18.5986 10.4603 0 3.79148 21.2971 6.9231 0 6.98756 17.884 6.35379 0 6.67022 21.0222 9.77367 0 9.38276 18.4851 9.99282 0 9.57552 20.5749 7.39306 0 12.0465 18.0926 7.12614 0 13.0318 20.893 9.81184 0 14.9934 17.6448 9.78701 0 15.7562 20.8084 6.98672 0 17.9906 18.0299 7.57193 0 18.5959 20.7658 10.035 0 21.0741 18.5413 9.42442 0 21.1699 21.3021 6.9314 0 24.4585 18.8844 7.26204 0 24.2275 21.0805 10.5991 0 26.6689 18.6011 10.5677 0 27.6525 20.6332 7.38228 0 1.61531 23.7278 7.10586 0 1.05854 26.5032 10.6773 0 3.77739 23.8439 10.0709 0 4.0677 26.0893 6.98382 0 7.18012 23.3905 6.78117 0 7.30031 26.0823 9.08201 0 9.9095 23.7974 9.66033 0 10.3692 26.1783 6.60705 0 12.6068 23.3553 7.08247 0 13.1445 26.3563 9.40577 0 15.5669 23.7057 9.47973 0 16.3157 26.4844 6.62306 0 18.322 23.316 7.0924 0 18.6092 26.186 9.72088 0 21.2458 23.1935 9.77426 0 21.096 25.3889 6.75646 0 24.43 23.2028 7.44917 0 23.5195 26.4517 10.03 0 26.2732 24.14 10.6358 0 26.5343 26.1313 6.84484 
0 1.33912 0.967188 13.1747 0 0.827279 4.5304 15.1997 0 4.13835 2.3786 15.0753 0 3.66467 4.49152 12.2408 0 7.00809 1.61517 12.525 0 7.63307 4.61641 15.5866 0 10.1965 1.71906 15.3855 0 9.65974 4.11071 12.6103 0 12.4632 0.975149 12.0172 0 13.059 3.94683 14.9655 0 15.9276 1.68755 15.1922 0 15.7592 3.59459 11.8892 0 18.1702 1.25531 12.4586 0 18.498 4.20378 14.5726 0 20.9394 1.51583 15.2467 0 21.3046 3.72739 12.3746 0 23.8558 1.01643 12.7138 0 23.5262 4.52467 15.2503 0 26.2046 1.80144 15.5114 0 26.7521 4.04494 12.5375 0 0.844406 7.08801 12.5421 0 1.05413 9.68323 15.8415 0 4.15573 7.29193 15.5453 0 4.04183 9.50578 12.4299 0 6.92396 6.90182 12.5348 0 6.95707 9.74039 15.493 0 10.0135 7.06012 15.0442 0 9.23246 9.43517 12.3854 0 12.6049 6.10052 12.3188 0 12.3611 9.58797 14.9116 0 15.7267 6.47309 14.9439 0 15.0077 9.71111 12.329 0 18.962 7.38838 12.5296 0 18.0405 10.0823 15.3619 0 20.4309 7.32522 15.7209 0 21.151 9.88469 12.9519 0 24.0572 7.55574 12.3123 0 23.5992 10.3223 15.6744 0 26.1342 7.14447 15.0976 0 26.3184 10.1239 13.3033 0 1.3407 12.8213 13.3279 0 1.42314 15.7265 16.0309 0 4.15338 12.6008 15.4814 0 3.74459 15.2323 13.0209 0 6.54106 12.3094 12.8582 0 6.62816 15.6296 15.1447 0 9.91106 12.59 14.9548 0 9.81104 15.5462 12.7527 0 12.7037 12.2853 12.6146 0 12.6949 15.3245 15.2242 0 15.1796 12.5678 15.1968 0 15.3216 15.2162 12.4999 0 18.226 12.2072 12.277 0 18.1391 15.2733 15.0421 0 20.9116 12.9439 15.4305 0 21.1776 14.9844 11.8893 0 24.2902 12.8873 12.6918 0 24.0741 15.2259 15.6239 0 26.589 12.3283 16.0338 0 26.6964 15.8868 12.9867 0 1.9937 18.6946 13.7759 0 1.72816 21.3189 16.0523 0 4.96032 18.543 15.825 0 4.27035 21.4136 12.7949 0 6.97264 18.8316 12.3486 0 7.76913 21.5649 15.6468 0 9.64793 18.4511 14.9859 0 9.68049 21.4358 12.4002 0 12.2211 18.5022 12.4081 0 12.8709 20.8575 15.391 0 15.1891 17.8538 15.2682 0 15.669 20.7603 12.6182 0 18.3534 17.9585 12.7801 0 18.5013 20.8388 15.3504 0 21.3186 18.2344 15.4604 0 21.2776 20.4824 12.6774 0 23.5103 17.2683 12.5382 0 23.8041 21.4093 15.7033 0 26.8017 18.2924 15.8897 0 26.8767 21.3392 13.8631 0 0.907922 24.3005 13.421 0 1.73965 26.2103 15.8716 0 4.59144 23.873 15.2955 0 4.37958 26.7006 13.0396 0 7.30639 24.0789 12.3667 0 7.43312 26.2524 15.8894 0 10.4208 23.9875 15.4011 0 9.95078 26.546 12.6972 0 13.0209 23.383 12.4849 0 12.7549 26.6617 15.1628 0 15.2044 24.1724 15.6532 0 15.5833 26.0205 12.1738 0 18.2457 23.352 12.2163 0 17.9746 26.6566 15.2628 0 20.8935 24.1946 15.8692 0 21.0651 26.5724 12.7488 0 23.7925 24.1918 13.2614 0 23.2262 26.5776 16.0015 0 26.3646 24.1238 15.9871 0 26.0932 26.7354 13.6188 
0 1.16651 1.99783 18.0507 0 1.72403 4.55554 20.6691 0 3.90984 1.66982 20.8886 0 4.52839 4.06913 18.0861 0 6.79161 1.38212 18.516 0 7.18091 3.95762 21.0512 0 9.89019 1.33773 21.5413 0 9.96068 3.54782 18.6678 0 12.8522 1.76805 17.9513 0 12.6216 4.323 21.6214 0 15.2494 2.00621 20.7283 0 15.8955 4.5507 17.7948 0 18.5849 1.44732 17.8853 0 18.1947 4.33067 21.188 0 21.0137 1.68715 21.3051 0 20.6176 4.37473 17.3822 0 23.0649 1.37764 18.3298 0 23.3985 4.3895 20.7045 0 26.5353 2.19252 20.7175 0 26.3583 4.86857 17.9214 0 1.44769 7.07876 18.126 0 1.46314 9.93296 21.4864 0 4.77559 6.89372 21.1116 0 4.31671 9.40343 18.5662 0 7.12853 6.61415 18.6474 0 7.39806 9.74087 20.5799 0 10.106 7.05824 20.5834 0 10.0357 9.60474 17.7532 0 12.5803 7.16757 17.6399 0 12.5013 9.75026 20.3825 0 15.3457 7.02119 20.8091 0 14.8703 9.97226 17.884 0 17.7911 7.28144 17.9691 0 17.4784 10.0636 20.5659 0 20.7249 6.89572 20.4351 0 20.414 9.80791 18.3919 0 23.4007 7.39053 17.9074 0 23.67 10.215 21.0735 0 27.0006 6.73558 20.9169 0 26.5315 10.0309 18.688 0 1.95403 12.5182 18.5598 0 1.88982 15.7712 21.1012 0 4.76865 12.2038 21.1906 0 4.58368 15.635 18.4395 0 6.60799 12.5128 18.0612 0 7.08306 15.4058 21.5353 0 9.8914 12.6567 20.5109 0 9.14287 15.026 18.0288 0 12.1751 12.719 17.9164 0 12.4363 15.1033 20.9063 0 15.3346 12.6956 20.7824 0 15.4924 15.2123 17.8527 0 18.4086 12.8502 17.9201 0 17.8959 15.6986 20.699 0 20.4885 12.8873 20.8414 0 21.2858 15.5475 17.9381 0 23.7792 13.08 18.7736 0 23.8491 15.7959 20.8891 0 26.8064 12.8601 20.9577 0 26.9297 15.8039 18.589 0 1.45298 18.3302 18.1947 0 1.39618 21.1203 20.7191 0 5.29047 18.5928 20.5049 0 5.05565 21.0928 18.2119 0 7.85242 18.2674 18.1707 0 8.17725 20.8197 21.6885 0 9.55476 17.7277 21.2876 0 10.3044 20.9261 18.1724 0 11.6965 17.6649 18.2915 0 12.0786 21.0402 21.0692 0 14.8659 18.0829 20.0668 0 16.1207 20.9754 17.8554 0 17.9926 18.021 17.435 0 18.4664 20.3198 20.9586 0 21.0502 18.0068 20.6345 0 21.0753 20.9547 17.8486 0 24.2829 18.3849 18.239 0 24.1632 20.6546 20.7136 0 26.9983 18.26 20.9169 0 26.6349 21.256 18.3459 0 1.31718 23.8994 18.4835 0 0.75545 26.8369 20.7497 0 4.79499 23.7082 20.315 0 4.20666 26.6724 18.3642 0 8.01878 23.4094 18.8732 0 6.94913 26.5386 20.8841 0 10.0026 24.1937 21.6857 0 9.98209 27.1038 18.2158 0 12.1183 24.2977 18.6141 0 13.211 26.7634 21.5007 0 15.1042 23.6534 20.9017 0 15.1919 27.1994 18.0496 0 18.8926 23.7216 18.656 0 17.5128 26.4577 20.7125 0 21.1071 22.6621 21.2982 0 20.9996 26.6068 19.2006 0 23.5088 23.6714 18.7542 0 23.5978 27.2121 21.4277 0 26.1291 24.3499 20.7168 0 26.3392 27.1447 17.872 
0 1.05015 2.12623 23.664 0 0.675661 4.37775 26.5716 0 3.97478 1.09201 26.6535 0 3.87113 4.42333 24.0863 0 6.15575 1.44828 23.911 0 6.90144 4.53217 26.7673 0 10.0431 2.14922 27.543 0 9.33813 4.07136 23.8989 0 13.2778 1.44862 24.1923 0 12.6937 4.53858 27.3058 0 16.1611 1.69637 27.2579 0 15.972 4.66765 23.745 0 17.5795 1.3547 23.6878 0 18.549 4.50581 26.1726 0 20.7532 1.62231 26.4151 0 20.725 4.30901 23.5549 0 23.7947 1.52329 24.3454 0 23.4719 4.70044 26.0821 0 27.1086 0.861484 26.3792 0 26.1692 4.39431 23.7411 0 1.03602 6.66992 24.0897 0 0.973363 9.31035 26.5352 0 3.9454 6.85844 26.6547 0 4.12534 9.65849 23.6573 0 7.4669 7.06659 23.5213 0 6.69839 9.51044 26.6941 0 9.47851 7.02428 26.6606 0 10.1437 9.47348 23.6181 0 13.169 7.30359 23.4157 0 12.388 9.71538 26.3064 0 15.3678 6.9836 26.8792 0 15.1724 10.2348 23.6652 0 18.1328 7.52995 23.4277 0 18.2303 10.0643 26.5608 0 21.0834 7.56845 26.5825 0 20.6075 10.1131 23.363 0 23.4833 7.20156 23.2402 0 23.3719 10.4078 25.5749 0 25.7132 7.43081 26.7421 0 26.6075 9.81847 23.7639 0 1.07379 12.5097 24.0828 0 0.730406 15.3402 26.3485 0 3.99688 12.4189 26.2074 0 3.90305 15.4536 24.2007 0 7.93915 12.3973 23.585 0 7.31385 15.5619 26.0644 0 10.1682 12.5167 26.1177 0 10.1792 15.3708 23.4906 0 12.4248 12.4379 23.3204 0 12.8394 15.3479 25.9947 0 15.2816 12.312 26.612 0 15.025 14.985 23.2729 0 17.9238 12.5234 23.6404 0 17.5481 15.2008 26.1842 0 21.2082 13.4236 27.0754 0 21.0122 15.927 23.6972 0 23.5432 13.2797 23.4842 0 23.7074 16.4037 26.8635 0 26.1939 13.0498 26.2127 0 26.3193 15.8922 23.3737 0 1.47673 18.5131 23.6261 0 1.77749 21.3298 26.3174 0 4.43107 18.1776 26.4598 0 4.31856 21.2151 23.135 0 6.84489 18.3603 24.0219 0 7.16824 20.9279 26.3398 0 10.0726 17.8949 26.3699 0 10.3757 21.0915 24.3348 0 12.7948 17.8644 23.1535 0 13.0594 20.5548 26.5078 0 15.6385 18.2796 26.3616 0 15.3206 20.3968 23.7282 0 18.07 17.8172 23.4291 0 18.0969 20.7823 27.0822 0 20.1194 17.488 26.6409 0 20.4145 20.3971 24.0714 0 23.7207 18.4554 23.751 0 23.4319 20.419 26.8388 0 26.8725 18.5594 26.4199 0 27.3555 21.1859 23.543 0 1.49118 23.8024 23.5984 0 1.37258 26.3181 26.3535 0 4.17412 24.2543 26.1073 0 3.6166 26.9645 23.5171 0 7.22841 23.9052 24.2304 0 7.14568 26.6509 27.2512 0 10.0966 23.9531 26.482 0 10.4213 27.4314 24.6581 0 12.7652 24.0974 24.1727 0 13.1091 26.5022 26.8274 0 15.7639 23.4702 26.0701 0 15.7803 26.329 24.1227 0 18.1289 22.775 23.576 0 18.8964 26.5143 27.1789 0 20.4519 23.4948 26.1704 0 19.9983 26.2973 23.595 0 23.8138 23.139 23.7234 0 24.0763 26.2792 26.0969 0 26.5646 23.5353 26.0618 0 26.853 26.371 23.4403 

-0.287982 1.59771 1.92746 -0.220895 1.80406 -0.741621 -2.3059 -1.93091 -0.633146 0.0363191 1.82564 -0.898751 -0.0853193 -1.17265 2.39729 -2.58433 3.62027 1.73629 -0.504663 0.242222 3.18816 0.710684 0.699739 -2.09889 0.661883 0.0856403 -2.10947 0.865778 -0.314514 1.46005 1.91865 0.754224 1.42846 0.298192 2.05096 0.536628 0.999296 -0.568263 0.252991 -0.708776 -1.65856 1.69769 -1.27603 -0.771751 0.921892 -2.06585 0.222601 -1.2987 -0.686718 0.242828 -2.03454 0.492947 -0.279903 -0.220166 -1.62723 1.71212 0.687777 0.664402 -0.0814773 -2.20016 1.18184 -1.30454 1.64306 1.55905 -0.34337 2.19446 -0.980782 -0.63453 -0.711464 -1.70549 1.5389 -1.18458 1.03698 2.68647 -1.30957 0.775084 -0.301816 -1.11255 1.78105 -1.77895 1.07589 1.78616 0.311189 1.10815 -1.23342 -1.32983 0.50813 0.495831 -1.64662 0.233973 -2.2079 -0.43042 0.228856 0.165834 -0.378515 -1.93701 -0.394023 -2.02861 2.01607 -1.42301 1.71792 1.71687 -1.02479 0.731318 0.231645 1.07092 0.875641 -0.428087 1.33478 0.731203 -1.39265 2.09386 1.56282 -1.27611 -0.0877837 -1.12045 0.968632 1.06155 -0.269052 -0.957911 -0.172673 -1.07753 2.27374 0.349374 1.06628 -0.0783238 0.0748641 1.36069 0.368888 -0.290922 -0.622578 2.53288 0.584078 1.26757 1.6454 1.19739 0.776684 0.767497 -0.243135 0.836211 0.0213718 -0.425172 -2.45994 -0.347773 0.73933 -1.17283 -0.900898 -1.3722 -1.29498 -0.262314 1.29202 -0.453583 2.77683 -0.391419 -0.790994 -0.516197 -1.40135 0.752621 -1.50703 -1.27355 1.53197 1.25291 0.589384 1.07858 0.87053 -0.140964 0.053868 -1.03831 -1.29386 -1.23883 0.0459905 -0.415238 -0.479116 -3.85386 0.400888 0.318803 0.645913 0.199949 1.1479 -0.57242 1.02347 -0.300286 -2.86068 1.41432 -1.02369 0.636304 0.215678 0.637524 -1.91912 0.0743917 -0.908253 -2.14582 0.79434 -1.55677 -1.46843 0.786436 0.0302013 1.90765 0.761935 0.914631 2.63505 0.531216 -0.405659 0.422147 0.247972 -1.355 -0.540383 0.439127 0.585414 0.715967 0.545112 -1.00518 0.525098 0.448941 -1.403 -0.440277 -1.93662 0.190887 2.54245 0.46899 0.146319 2.4329 1.126 -2.58524 -1.79675 1.04927 -2.91925 1.97782 -3.08703 0.892676 0.818854 0.550426 -1.18343 0.669931 1.82117 0.616034 -1.09654 1.3553 -0.257671 -0.646832 1.03378 0.362761 -0.962319 -0.296832 2.31499 -1.11969 -1.65294 -0.19934 1.04584 0.579706 -0.0404072 0.640318 0.467524 -1.34273 -0.175408 3.12783 1.10615 0.234787 -2.10805 2.685 -0.427475 -0.346487 -1.23101 2.57478 0.666613 -0.727131 0.419995 -2.37823 -0.5105 -2.30257 -0.349354 -0.124008 1.14969 0.113712 -0.218411 0.0626979 0.425358 -1.38393 1.18414 -1.24358 0.0624001 0.139493 3.06125 1.67035 -1.97935 0.39489 0.307799 -1.79334 -2.67606 -1.62606 0.0467205 0.984849 -2.10892 2.36375 0.777807 1.49431 -0.026337 0.0631343 2.18656 0.345456 
0.571266 -3.50867 -0.248509 1.07818 -1.43565 -1.97532 -0.450956 -1.81399 3.1743 -1.32744 0.181718 1.21859 -0.0636972 1.09072 -0.545949 -0.553775 1.08524 -1.20568 0.32889 0.838064 -0.158145 0.428621 0.614546 -1.18879 0.37963 -3.77338 -0.280809 -0.559476 -2.18709 -2.23241 -0.913653 0.307565 1.19847 -0.62243 1.50523 -1.49525 -0.77351 2.2014 -1.49232 0.3644 0.104255 -1.33706 -1.32925 -1.0921 0.4685 1.61453 -0.168651 -0.120399 -0.521404 1.53825 -0.871172 0.749143 1.00482 -0.990727 -1.86275 0.254851 1.42862 -0.0189768 -1.1075 -1.72322 -1.75033 1.04981 0.571489 0.398877 -0.610712 -0.517619 1.99897 0.482833 -0.921307 -0.820706 1.0106 -0.969756 -0.22673 -3.17902 -0.464008 -0.529469 -0.824084 0.502631 0.639234 -0.17769 2.21953 0.696079 0.0816574 0.927318 -0.166768 -0.230126 2.44305 1.58412 0.687488 -1.49491 -0.742587 0.8374 0.90874 -0.858322 0.175104 -0.407162 1.34952 0.646659 -1.07762 -0.412243 0.973705 -0.233163 -1.56377 -2.10328 1.7377 1.10735 1.0105 -0.529366 -1.7092 0.0869955 -1.065 -0.410388 -1.31046 0.9724 -0.5427 -3.31757 -2.12067 -0.478148 0.358132 -0.0480007 -1.49376 2.757 0.478364 2.1033 0.56646 -0.447487 1.7829 0.993017 0.590034 1.32072 -2.83778 1.17127 0.653156 -1.77879 -1.61758 0.108356 -0.282184 -2.23241 1.61141 2.55347 0.88695 -0.841921 -1.35127 0.538462 0.795856 -1.58724 0.862427 0.810435 -1.26032 -0.946831 -2.18648 -0.78624 -2.00462 -1.64694 0.740725 0.545683 -0.0012609 0.0542991 1.65961 -1.07954 0.901931 2.33364 0.638542 0.484913 1.34573 -2.19677 0.837254 -0.223902 0.944613 -0.475843 -0.358631 -1.49132 1.10849 0.439223 3.30684 0.690001 1.1131 -0.455824 1.78507 0.505682 -2.86529 1.77022 -1.10553 2.05123 -0.594917 1.26316 -1.02943 2.29506 2.35795 -0.279373 -0.261028 1.72542 -2.07543 1.26543 -1.02899 -0.00516938 0.976034 -0.430205 -0.364423 0.596981 1.69495 0.486603 1.98248 1.23303 1.43614 -2.42474 1.73157 -0.245998 -1.53325 0.561452 0.409963 0.364372 1.07445 0.126068 0.325171 0.144786 -0.516998 1.69602 -2.36173 -1.45952 1.27611 0.152408 0.527994 0.615438 -0.0170446 -3.07778 0.281448 -0.535299 1.19959 1.1953 -0.285137 1.12048 -0.142477 0.0373939 1.02023 0.04567 -0.645494 0.681917 -2.2293 -1.56163 -0.970609 0.412488 3.87587 2.3569 0.160106 1.0644 0.847798 0.296316 0.335049 1.01307 -0.338467 -0.256457 0.461254 1.88364 -0.22403 1.94483 2.0244 -0.968709 -0.263833 0.825906 -0.748663 -0.261097 1.4497 -1.33396 -1.39549 1.15348 -1.49228 1.82814 -1.91474 -1.87489 -1.44313 0.110362 1.68282 0.517505 0.612789 0.7853 1.39929 -1.33556 -0.247536 0.0595721 1.78204 0.887658 0.426415 1.95501 0.0145143 -0.517278 1.15036 2.54867 1.526 -0.792983 1.97404 -1.06432 -0.855679 0.271654 1.6564 0.221562 -1.08961 -0.502187 1.26501 0.27307 
0.374936 2.55679 -0.654885 -0.104037 -1.32378 -0.399318 1.72085 1.2011 0.0186667 -0.85622 3.07481 -0.00317498 -1.03817 -0.793868 -1.68767 1.33238 -0.627488 -1.52942 -0.669289 -0.947149 -1.27254 0.154329 0.783683 0.551376 1.84052 -2.68283 -1.41298 -1.20276 -0.385906 -0.159178 -0.341913 0.679026 2.47097 -0.62375 0.0705606 -2.19869 -0.225733 3.3703 -1.61616 -0.0498589 1.88572 -1.1638 -1.28598 -1.2418 0.662361 -0.683257 1.69937 0.545121 -1.45058 1.48274 0.249335 -0.668046 -1.77887 -0.170558 2.7854 -1.60177 -0.463711 1.33892 0.1081 2.16646 1.78487 -0.596942 -1.68994 -1.76706 -0.0854263 0.799476 2.11665 -2.29482 -0.488101 -0.274367 -1.3377 1.97248 2.25302 -1.06446 0.707086 2.01252 -0.871997 1.07402 0.651985 1.05248 -0.402629 0.127033 -1.80507 2.54222 -1.12156 -0.0483303 -1.13586 -0.263945 -0.924219 -1.16043 0.00398325 -2.096 -0.507297 -1.80737 1.38359 -2.2993 -2.07161 -0.386534 -3.39665 -1.35128 -1.60644 -0.0542922 1.66493 -0.582617 1.59786 -0.00215661 1.28672 0.158671 -1.43675 -0.635384 -0.798798 1.55985 1.24666 -0.238175 -1.82791 2.51835 -0.28987 0.185564 -1.24121 -0.273347 -0.132334 0.580328 -3.70972 0.846047 0.0469638 -0.699522 0.634984 -0.300076 -1.75594 0.39574 0.632131 0.39404 0.608978 -0.134611 0.270802 1.57238 0.566991 -2.47578 -0.532813 -0.190006 0.0166854 0.723696 -0.304541 1.54858 0.560455 -0.693392 1.09045 -1.45271 1.77715 1.53134 2.06563 0.61694 -2.46439 0.394102 -0.44228 0.0578873 1.16063 -1.27854 0.431108 -1.34282 -0.986541 -0.693814 -0.50267 1.53062 -0.746215 0.530157 0.732955 3.87889 -0.87506 -1.6823 1.48114 1.03343 -0.201811 0.724534 -1.05299 1.16734 -0.97236 -0.532916 0.465069 -0.314108 -0.627728 0.588357 0.550923 -1.20309 -0.298067 0.345537 -0.0602029 -0.945424 0.763802 3.04528 -0.282775 -0.615336 1.17887 -1.27487 -1.54189 -1.10091 -1.50165 -0.3972 0.543868 0.701117 -0.257503 0.0335268 -0.754495 -1.39419 1.60727 -1.97908 -0.00543341 -0.0326676 2.84401 1.39621 2.20569 -1.15097 -1.83527 -1.83446 0.161744 -0.39135 -1.03896 -0.40886 -0.747708 1.88965 0.728736 0.577021 0.390222 1.34384 0.282012 -1.00733 3.59396 -0.453602 0.498394 0.809667 0.305829 0.155015 -1.76452 -2.24217 -1.0791 0.354191 2.60926 -1.61728 -2.61703 0.050002 -0.130907 -1.26932 2.2496 -0.0696358 -0.439498 0.749332 -0.953896 2.03307 0.641512 0.0955336 -0.280234 -0.371933 -2.29142 0.385295 0.556607 0.624139 1.93396 -1.49733 -2.2749 -2.0602 0.955717 -0.28375 -1.07909 -1.66581 1.46239 -1.6406 -0.614708 -2.39531 -0.0573887 -3.09074 -1.98326 -1.88075 -1.51445 -0.347979 -2.19373 -0.412901 -1.83622 -0.490407 2.09649 0.307348 0.720922 -0.206277 1.78435 0.802501 0.666131 -3.32211 -0.0609987 -1.84355 -0.728216 -0.0208997 2.49149 1.28891 -0.025238 0.237207 -2.14998 1.38621 -0.444061 2.04652 -1.38646 -0.883366 
1.07265 0.365542 2.51407 -2.37109 -0.862266 -0.111584 -0.948564 1.67578 -0.938746 0.384592 0.361965 1.16449 -0.32465 1.08165 -0.351639 0.314217 0.738847 -1.28748 -2.23856 -0.72968 0.670065 0.454424 -1.45785 -1.38823 -1.43633 -2.30866 -0.215969 3.78197 1.13933 1.68403 -0.885087 1.22212 -0.277539 -0.513148 0.247378 -2.00544 0.11596 -1.2854 -0.730672 -0.0806931 -0.513729 3.35904 0.153442 1.65875 -1.41529 2.61868 1.52015 0.338924 -0.133587 1.64279 1.26108 0.557131 -2.72555 -1.40938 -1.16639 -0.995209 0.461903 -1.16007 2.17499 -0.110157 -0.349793 0.171038 -0.634635 -1.49148 1.07127 -0.256231 1.95662 0.180095 1.54936 -0.16454 0.0992675 -0.459165 -2.70005 0.230461 -1.46113 -1.51876 -1.00369 0.63368 1.79502 1.38732 2.6159 0.112562 -0.529064 -0.0633745 -1.0035 -2.60364 -0.788962 -0.428727 -1.25032 0.958761 -1.06541 -0.0945011 -1.03306 0.315999 3.20554 -2.26824 1.72729 -0.299495 -0.394985 0.970947 2.54085 0.552795 -1.53588 2.10209 2.28036 -2.14706 1.65828 -2.8538 -1.20431 1.28018 -0.301493 1.47144 0.436686 2.65815 -1.80593 -0.525154 -0.623551 0.384597 0.73658 0.185359 -0.675999 -0.428639 -1.47545 -0.974668 0.315714 0.717787 1.11299 -2.26084 -0.467622 1.48931 1.1364 1.17527 0.606921 1.20105 -0.975544 1.10204 -0.13979 -1.73851 0.702898 0.0279183 -0.566231 -2.54589 1.04861 2.6203 -2.40697 -0.416605 0.819414 -0.349645 1.08851 2.01099 -1.50513 0.216042 0.848888 -0.0855994 1.1289 -1.28663 -0.0844228 -0.0833798 -0.967458 1.65375 -0.547442 -1.06999 1.42006 1.56626 -1.35318 -0.446797 0.447273 -0.465945 -0.182769 0.673773 -0.451313 -0.305877 -1.50702 -1.14675 0.479516 1.31789 2.95177 0.761394 2.03906 -1.00648 1.47671 0.698016 0.478753 0.435377 1.14009 1.37695 -0.383097 -1.34391 -2.49004 1.86028 -0.555865 3.2098 0.822101 -0.779756 2.30747 -1.13587 3.28568 0.256086 -1.8644 -1.83959 0.288464 -0.2316 -1.70862 -2.31706 4.22296 0.130446 0.690713 0.0158139 -0.74744 1.2179 0.344413 1.83243 0.803307 -0.602741 -2.62818 0.0439413 -0.330949 -0.7501 -0.383656 -0.321757 0.270373 1.61199 -1.11077 -0.99524 0.939015 1.54753 -0.804003 1.06794 0.610473 -0.0417925 -1.34286 0.72317 -0.933979 -0.533846 0.271453 1.58657 -1.71797 -1.89347 -1.09164 0.193891 -1.33036 1.32741 1.82627 -0.185048 -1.18705 -0.280248 -0.0277847 -1.13817 -1.09022 0.749128 -0.437086 1.4414 0.361076 -2.02366 -0.594678 1.29192 1.85173 -1.89795 -0.0124368 -2.31347 -1.47977 -0.4693 0.641547 1.80788 0.470072 -0.265976 0.709231 1.96316 -0.901541 -0.926362 0.319899 -0.859158 -0.630307 -0.151716 0.827043 -1.53558 -0.267918 -0.321319 -1.70574 0.874234 0.599213 -0.993816 -1.48401 0.447829 -0.771359 -1.22641 -0.439226 0.944504 -0.78146 -1.98808 1.22295 1.38223 -2.45856 -0.339678 -2.86164 -0.236443 -0.104419 1.35712 -2.85218 -1.26217 
-0.579465 -0.0601854 1.08525 -0.375057 -1.28634 -0.477709 -1.32719 -1.46989 -0.969395 0.202484 -0.615911 1.12308 1.9806 0.727955 2.09336 -2.03912 2.12416 0.874272 -1.41994 1.10371 0.643787 -1.59655 0.968443 0.434978 -1.1577 -0.0721839 -2.90533 1.08914 -0.000668225 -0.201486 -0.270219 -0.55128 -0.397092 -1.06499 1.57031 -0.914519 -0.0896149 -1.71542 -0.330086 -0.808261 -1.37702 -0.997348 0.60582 1.46855 0.467529 -0.557255 1.41241 2.40826 1.17353 -2.50217 3.07958 -1.28791 0.642679 2.07108 -0.98957 -2.10768 0.688245 1.44692 -1.22225 -2.73329 3.08468 0.738824 -2.85108 2.60068 0.813345 1.3438 2.20838 1.47903 1.08031 -1.9632 -0.814485 -1.88777 0.63529 -2.8647 -1.39031 -0.924337 -1.17797 -1.20379 -1.20343 2.30464 2.32736 1.73734 -1.27097 -1.90466 0.380744 0.824664 -1.19201 0.428888 -2.01214 -2.38277 0.0792279 1.81384 -0.980353 0.902823 0.385575 1.65984 3.11019 0.992059 -0.578445 0.520297 1.08094 2.66759 -1.04385 0.773052 -0.620432 -1.03255 0.683012 0.597182 -0.424029 -0.455775 -2.24207 1.35703 0.506408 0.779303 1.82169 1.35775 -0.740309 -1.26311 -1.52383 2.3634 0.996011 -1.0696 0.0420822 -1.66076 0.196283 -0.636694 -0.254285 0.363401 1.60129 0.886692 3.06099 1.79636 0.384572 -0.354037 0.536615 0.90868 -0.233681 2.29342 -1.73408 -0.873693 -0.962997 -1.07561 1.67556 -1.82439 -3.42654 -1.00127 -0.0960288 -1.93945 -1.07792 2.65507 -0.548785 0.0980193 1.34242 -0.590567 -0.582635 -1.40753 1.2256 1.39421 0.350998 2.05778 -1.24459 -0.309413 0.34893 -2.88379 1.11691 -2.05042 -0.917926 -0.119791 -1.7723 1.50106 -1.92622 -3.5504 -1.53148 -1.45423 0.602871 0.00853754 0.545661 2.01747 -1.4802 -0.259304 0.205805 -1.06586 -0.869249 0.481267 0.276966 -0.0765494 -0.263195 0.994394 1.31456 0.919253 1.47407 1.15672 -0.0817928 -1.89931 -2.14512 0.352618 0.782099 -0.0541056 -1.256 0.848127 1.7492 -0.0826948 0.92743 0.619121 -2.45999 0.658562 -2.55219 -1.23643 0.962105 -0.296266 0.281052 -2.89883 0.749888 -0.35575 -1.26794 0.995342 -0.334726 0.769789 -0.927334 1.65844 0.0352957 1.43269 2.36749 -1.06428 -0.970924 0.412189 -0.689387 -2.66192 -1.46261 0.884174 -4.31448 1.52379 0.461291 -0.135984 -0.0756137 -0.122356 -2.53246 -0.695005 2.03489 0.836205 1.76881 -0.91207 -2.75231 2.447 -0.30109 2.84616 2.05891 -1.00872 1.49199 0.310908 0.233424 0.11496 0.923024 -0.02902 -1.58299 -1.35286 -0.0198974 1.70647 -0.389198 -0.159882 1.86007 -1.17607 3.75457 -0.00280554 0.911673 -0.827595 1.09484 -1.29954 0.0236661 -2.09043 1.47891 0.0323633 1.61703 1.08119 -0.975255 -1.04572 -0.964901 0.177731 -1.40876 -1.79854 -0.391318 0.166176 0.812219 -1.74504 -0.148273 1.53521 0.787491 1.21161 -0.379217 -0.000451419 -0.871358 1.49412 1.04277 2.32767 -1.76891 -1.03734 -1.36826 -0.12865 -0.918855 0.173965 
