500 101.001
27.6928 27.6928 27.6928 
14 14 14 
1 1 1 1 1 1 1 1 1 1 1 1 1 1 1 1 1 1 1 1 1 1 1 1 1 1 1 1 1 1 1 1 1 1 1 1 1 1 1 1 1 1 1 1 1 1 1 1 1 1 1 1 1 1 1 1 1 1 1 1 1 1 1 1 1 1 1 1 1 1 1 1 1 1 1 1 1 1 1 1 1 1 1 1 1 1 1 1 1 1 1 1 1 1 1 1 1 1 1 1 
1 1 1 1 1 1 1 1 1 1 1 1 1 1 1 1 1 1 1 1 1 1 1 1 1 1 1 1 1 1 1 1 1 1 1 1 1 1 1 1 1 1 1 1 1 1 1 1 1 1 1 1 1 1 1 1 1 1 1 1 1 1 1 1 1 1 1 1 1 1 1 1 1 1 1 1 1 1 1 1 1 1 1 1 1 1 1 1 1 1 1 1 1 1 1 1 1 1 1 1 
1 1 1 1 1 1 1 1 1 1 1 1 1 1 1 1 1 1 1 1 1 1 1 1 1 1 1 1 1 1 1 1 1 1 1 1 1 1 1 1 1 1 1 1 1 1 1 1 1 1 1 1 1 1 1 1 1 1 1 1 1 1 1 1 1 1 1 1 1 1 1 1 1 1 1 1 1 1 1 1 1 1 1 1 1 1 1 1 1 1 1 1 1 1 1 1 1 1 1 1 
1 1 1 1 1 1 1 1 1 1 1 1 1 1 1 1 1 1 1 1 1 1 1 1 1 1 1 1 1 1 1 1 1 1 1 1 1 1 1 1 1 1 1 1 1 1 1 1 1 1 1 1 1 1 1 1 1 1 1 1 1 1 1 1 1 1 1 1 1 1 1 1 1 1 1 1 1 1 1 1 1 1 1 1 1 1 1 1 1 1 1 1 1 1 1 1 1 1 1 1 
1 1 1 1 1 1 1 1 1 1 1 1 1 1 1 1 1 1 1 1 1 1 1 1 1 1 1 1 1 1 1 1 1 1 1 1 1 1 1 1 1 1 1 1 1 1 1 1 1 1 1 1 1 1 1 1 1 1 1 1 1 1 1 1 1 1 1 1 1 1 1 1 1 1 1 1 1 1 1 1 1 1 1 1 1 1 1 1 1 1 1 1 1 1 1 1 1 1 1 1 

0 1.2136 1.91172 1.15846 0 1.55601 4.52493 4.20143 0 4.09939 1.90872 4.40213 0 4.34967 4.1784 1.5543 0 7.23146 1.17808 1.73111 0 6.9954 4.19016 4.6194 0 9.81461 1.72212 4.4179 0 9.54654 4.35327 1.8397 0 12.3175 1.24059 1.58844 0 12.6131 4.60517 4.62383 0 15.1048 1.76714 5.01401 0 15.2503 4.09308 1.63007 0 17.7133 1.3462 1.33169 0 17.7526 4.57078 4.24068 0 20.656 1.46115 3.86083 0 21.3782 4.48583 1.79282 0 23.9301 1.36663 1.11354 0 23.9564 3.82842 4.04111 0 27.5368 1.40909 4.12893 0 26.4429 4.60218 1.17995 0 1.45724 7.19882 1.36651 0 1.93333 10.1896 4.38628 0 4.08752 7.06237 3.52692 0 4.19804 10.125 1.49472 0 7.069 7.00838 1.49147 0 6.56244 9.79846 4.25583 0 9.36008 6.96994 4.21991 0 9.9357 9.54259 1.71234 0 12.6947 6.54729 1.05344 0 12.7471 9.68306 4.20249 0 14.989 7.11334 4.0111 0 15.5274 9.53297 1.40317 0 18.4456 7.04526 1.53991 0 18.1084 10.468 4.11908 0 20.662 7.82001 4.33295 0 21.0784 9.8356 0.943331 0 23.8553 6.85747 1.79781 0 23.6794 10.0614 4.68403 0 26.6668 7.47297 3.93506 0 26.2974 10.1455 1.0518 0 1.49542 12.5204 1.46946 0 1.3075 15.2013 4.26787 0 4.01819 13.043 4.41684 0 4.51616 15.3233 1.33608 0 7.25682 12.2823 1.65077 0 7.60685 15.7342 4.29937 0 10.2494 12.2567 4.19912 0 10.0485 15.5491 1.46266 0 12.6741 13.0849 1.67865 0 12.1525 15.5334 4.41479 0 14.9612 13.3361 4.56193 0 15.6888 14.8554 1.23506 0 18.4578 12.6541 1.6019 0 18.4331 15.6335 4.33965 0 21.0366 13.0825 4.85045 0 20.9311 15.1 1.51435 0 23.536 12.4309 1.85006 0 23.5626 15.387 4.37465 0 26.2536 12.5373 3.89811 0 25.9221 15.3298 1.60061 0 1.61542 18.0233 1.39384 0 1.26507 21.0442 4.21667 0 4.18343 17.6869 4.06484 0 3.9804 20.8182 1.38177 0 6.87273 18.0537 1.52934 0 6.80421 20.6403 3.76589 0 9.97166 18.5872 3.79411 0 9.79804 21.2223 1.44967 0 12.7055 18.9361 1.45542 0 12.6528 21.319 4.18938 0 15.0269 18.2466 4.48272 0 15.8065 20.668 2.13183 0 18.3467 18.4168 1.77645 0 18.3844 21.1964 4.57789 0 20.971 18.7342 4.36603 0 21.0007 20.8632 1.62045 0 23.2495 18.0901 1.95011 0 23.8971 21.1654 4.37668 0 26.5372 18.2827 4.08085 0 26.4185 20.7823 1.36611 0 1.15079 23.7017 1.67623 0 1.49922 26.0525 4.38333 0 4.05723 23.5976 4.4609 0 4.12863 26.5271 1.72061 0 7.04346 23.8346 1.70445 0 6.79504 26.5264 4.56006 0 9.57205 23.3212 4.47326 0 10.3214 25.9537 1.34336 0 13.3375 23.1479 1.21755 0 12.6315 25.9913 4.4968 0 15.3843 23.695 4.73595 0 15.3776 26.1723 2.02938 0 18.1328 23.3256 1.68283 0 18.129 26.0145 4.4512 0 21.1527 23.5695 4.7324 0 21.2243 26.2414 1.42338 0 23.9102 23.3915 1.26029 0 23.452 26.8539 4.34735 0 26.2012 23.6426 4.44475 0 26.1227 26.134 1.96446 
0 1.86247 1.49479 7.08072 0 1.46869 4.86024 9.99247 0 4.8243 1.3999 9.7657 0 4.26448 4.39172 7.01611 0 7.09459 1.34626 6.95405 0 7.01311 4.41136 9.79596 0 9.73369 1.44658 9.93685 0 9.66401 4.28546 6.76804 0 12.3694 1.679 7.09165 0 12.344 4.45572 9.63312 0 15.5176 1.56266 10.3772 0 15.1549 4.4675 7.41567 0 17.7461 1.62454 7.42213 0 18.1691 4.57209 10.0866 0 21.0698 1.93014 9.87209 0 21.2785 4.32357 7.13814 0 23.8789 1.37667 6.88145 0 23.5781 4.92536 10.0489 0 26.4304 1.97507 9.26651 0 26.7853 4.89879 6.99671 0 1.53105 7.43857 6.5721 0 1.7565 10.0742 10.1258 0 4.33164 6.89808 9.96855 0 4.3728 10.1707 7.28039 0 7.18127 7.19835 7.2653 0 7.5512 9.94041 10.1182 0 9.57486 7.22355 10.3019 0 10.0802 9.90461 7.00977 0 12.8431 7.25129 7.48155 0 12.6649 9.94742 10.0723 0 15.399 7.15443 9.86426 0 15.4618 9.88296 7.30691 0 18.1015 6.78709 7.06571 0 17.8904 10.0596 10.2396 0 20.5754 7.45375 9.911 0 20.8397 10.6412 7.6834 0 23.6228 7.70131 7.51784 0 23.4505 9.99925 10.2608 0 26.4924 7.37044 9.46341 0 26.6213 9.88675 6.96176 0 1.48097 12.5969 7.35261 0 1.55903 15.6644 9.95666 0 4.66269 12.1858 10.0609 0 4.37229 15.4617 7.6106 0 6.92912 13.4027 6.9476 0 6.65181 15.412 10.3358 0 9.82709 12.4813 9.97244 0 9.90265 15.8496 7.12295 0 12.5311 12.4765 7.76643 0 12.5847 15.6935 9.67637 0 15.4725 12.9062 9.86996 0 15.4525 15.8739 7.08619 0 17.3869 12.6642 7.12062 0 18.3195 15.963 10.6327 0 20.582 12.8711 10.1832 0 20.2068 15.218 7.2955 0 23.4921 12.722 7.35488 0 23.2341 15.5546 9.80523 0 25.9464 12.7401 10.0263 0 26.4929 14.9232 7.3442 0 1.17389 18.2218 7.14265 0 1.47702 20.7767 9.8931 0 4.1132 18.4666 10.0663 0 4.17515 20.669 7.01867 0 6.67095 17.971 7.71401 0 7.12484 20.9965 9.97549 0 9.86839 18.3165 9.99709 0 9.36028 20.4419 6.8171 0 12.6221 18.4192 6.70487 0 13.0032 20.8616 10.1602 0 15.2127 18.2861 9.9916 0 15.7077 20.9885 7.7612 0 18.3751 18.5505 7.43859 0 18.8507 21.0873 10.4634 0 20.9227 18.3897 9.69052 0 21.3818 20.8085 7.16317 0 23.9659 17.9897 6.77695 0 23.6349 21.0948 9.94328 0 26.304 18.1613 9.88128 0 26.4311 21.2763 7.14928 0 1.51829 23.744 7.27701 0 1.25526 26.8204 9.76302 0 4.39391 23.4947 9.82344 0 4.29539 26.5063 6.8023 0 6.53847 23.4769 6.87371 0 6.62283 26.298 9.3937 0 9.80439 23.9427 9.16071 0 9.85603 26.8625 6.99763 0 12.8098 23.7061 7.28562 0 12.2169 26.5739 9.84548 0 15.6281 23.646 10.1651 0 15.2633 26.5809 7.49417 0 18.3418 23.6946 7.51161 0 18.5253 26.8163 10.1004 0 21.1835 23.654 9.87871 0 20.3009 26.8569 7.02568 0 24.0327 23.825 7.22002 0 23.5937 26.49 9.55067 0 26.2167 23.6021 9.95692 0 26.6186 26.5296 7.15404 
0 2.03364 1.51012 12.2765 0 1.90626 4.08786 15.528 0 4.28377 1.48257 15.5517 0 4.62471 4.0737 12.3966 0 7.10622 1.30581 12.7015 0 6.91946 4.15284 15.4333 0 9.64962 1.53128 15.7544 0 9.84931 4.07755 12.6854 0 12.9554 1.13607 13.0223 0 12.5564 3.95844 15.5754 0 15.6451 1.75994 15.2462 0 15.0667 4.44934 12.227 0 18.6214 1.8997 12.38 0 17.9395 4.6613 15.1218 0 21.1745 1.9765 15.0851 0 20.9102 4.66614 12.301 0 23.7622 1.74112 12.5164 0 23.4021 4.46966 14.9047 0 26.479 1.8532 15.258 0 26.3634 4.40491 12.4769 0 1.84795 7.47118 12.8059 0 1.964 9.68155 15.6435 0 4.46265 6.85572 15.2909 0 4.94605 9.61632 12.592 0 7.08788 6.68589 12.7384 0 6.84656 9.56066 15.7353 0 9.69506 6.93751 15.4845 0 9.78741 9.23416 13.0885 0 12.8428 7.2121 12.5731 0 12.4108 9.99716 15.2643 0 14.785 7.28471 15.8262 0 15.4295 10.0942 12.7079 0 17.3944 7.2659 12.8605 0 17.6887 9.63178 15.5344 0 20.4086 7.52264 15.2463 0 20.7029 10.0664 12.5335 0 23.3449 7.61671 12.8679 0 24.0558 9.82375 15.4287 0 26.2398 6.92101 15.264 0 26.7104 9.59428 12.8177 0 1.16369 12.9655 12.4803 0 1.66218 15.2868 15.123 0 4.67859 12.1604 15.4392 0 3.92837 15.2735 12.618 0 7.24698 12.4234 12.8083 0 7.11801 15.4463 14.9905 0 9.65946 12.2999 15.5554 0 9.98906 15.3634 12.5655 0 12.5288 12.5494 12.5868 0 12.1079 15.1426 15.5796 0 15.3126 12.9432 15.3644 0 14.9404 15.3172 12.5236 0 18.2651 12.7937 12.6052 0 18.3046 15.5337 14.8007 0 20.8385 12.5569 15.3793 0 21.2045 15.3505 13.0114 0 23.7513 12.4339 12.889 0 24.0059 15.2222 15.4312 0 27.187 12.4558 15.3628 0 26.3027 15.6386 12.2938 0 1.20654 18.2685 12.9004 0 1.48972 21.4196 15.0844 0 4.17082 17.8246 15.1388 0 4.44242 21.0023 12.694 0 7.03776 18.1126 12.7206 0 7.15391 20.8482 15.5368 0 9.78274 18.2579 15.2274 0 9.90964 20.9806 12.5078 0 12.65 18.4459 12.5126 0 12.4539 20.8603 15.1467 0 15.1878 17.9364 14.9945 0 15.2354 21.4928 12.9505 0 18.5054 18.867 13.2369 0 18.0247 21.1126 15.956 0 21.3303 17.9492 15.5626 0 21.1827 20.8939 13.5231 0 23.72 18.4753 12.4563 0 24.2986 21.1146 15.2367 0 26.6948 17.9506 15.8505 0 26.4384 21.2139 12.3742 0 1.56626 23.8973 12.259 0 1.28588 26.9771 14.7209 0 4.46523 23.168 15.3488 0 4.01203 26.6293 12.2829 0 7.24337 23.4944 12.5367 0 6.93345 25.8087 15.3985 0 10.1432 23.5384 15.6801 0 9.85687 26.45 12.9563 0 12.3402 23.5896 12.1132 0 12.0391 26.6862 15.7175 0 15.5277 24.2372 15.1145 0 15.7559 26.5036 12.559 0 18.4142 24.0414 12.5869 0 18.1582 26.9542 15.1505 0 21.2432 24.4631 15.7877 0 21.0972 27.0093 12.9742 0 23.4993 23.8446 12.8456 0 24.0684 26.9196 15.0466 0 26.9305 24.1113 14.8214 0 26.3605 26.8209 12.0615 
0 1.9479 1.27317 18.1829 0 1.52725 4.02142 20.8738 0 4.33708 1.87664 20.8386 0 4.73577 4.11397 17.9709 0 6.95511 1.02396 18.2181 0 7.09135 4.58218 20.7521 0 9.38121 1.27611 20.9096 0 9.81771 4.00794 18.6898 0 12.8613 1.9202 18.4202 0 12.4357 4.31788 21.0258 0 15.1972 1.83952 21.6098 0 15.8433 4.66421 18.1947 0 17.9351 1.60778 17.9073 0 18.0377 4.2095 22.0521 0 20.2153 1.79168 20.8753 0 20.8934 4.23301 17.743 0 23.6689 1.54032 17.914 0 23.7231 4.17643 20.8086 0 26.3985 1.18494 21.0304 0 26.313 4.35449 18.0541 0 1.78085 6.7295 18.1495 0 1.66533 10.04 20.9333 0 4.31849 7.02684 20.8663 0 4.38132 9.75228 18.2914 0 7.44927 7.40325 18.4698 0 7.25948 10.0934 21.3603 0 9.7967 7.80418 20.8461 0 9.91785 9.61738 17.7935 0 12.081 6.74692 18.1547 0 12.512 9.80893 21.0509 0 15.6961 6.93167 21.485 0 15.111 9.77388 18.2929 0 18.4536 7.11356 18.3189 0 18.4348 9.83459 20.7201 0 21.1642 6.99811 20.681 0 21.6052 9.97982 18.3603 0 23.607 6.81084 17.6444 0 23.7979 9.92736 21.0121 0 26.2186 6.98317 20.2792 0 26.9109 9.49123 17.9659 0 1.70221 12.5452 18.2933 0 1.75968 15.0493 20.6508 0 4.30797 12.7086 20.6071 0 4.1775 15.1695 17.6872 0 7.49636 12.2443 18.8184 0 6.8292 16.0951 21.3163 0 9.70999 12.4224 21.3141 0 9.62585 15.27 18.5574 0 12.3563 12.2966 18.0526 0 12.851 15.1091 20.7741 0 15.348 12.4291 20.8013 0 15.2563 15.0827 18.1581 0 18.4111 12.7731 18.0142 0 18.4141 15.127 20.7719 0 20.819 12.6814 20.7778 0 20.9266 15.4821 17.9486 0 24.1989 12.578 18.0676 0 23.5524 15.7503 20.5918 0 26.4284 12.481 20.7719 0 26.668 15.0614 18.3116 0 1.59769 17.3639 18.1097 0 1.53021 20.3647 20.7783 0 4.03955 18.2409 21.3001 0 4.21126 20.4891 18.2083 0 6.67918 17.9619 18.0457 0 7.17935 20.3746 21.0453 0 10.2498 17.6094 21.154 0 9.8405 20.2726 18.272 0 12.4818 17.7366 18.2008 0 13.1944 20.454 20.7465 0 15.5744 17.8735 20.9063 0 15.2756 20.3627 17.7232 0 17.8585 17.6202 17.7735 0 18.4908 20.9784 20.1391 0 20.9161 18.05 20.4189 0 21.3651 21.3308 17.269 0 23.8518 18.6012 18.0065 0 22.9457 21.1092 20.4381 0 26.5841 17.6437 20.4372 0 27.2062 20.8353 17.8953 0 1.55834 24.0487 17.9452 0 2.11834 26.2121 20.9589 0 4.11131 22.8931 21.0149 0 4.47035 26.2562 17.9049 0 6.84495 23.4232 18.5975 0 6.20382 26.1593 21.1986 0 9.97066 23.2103 20.3915 0 9.37058 26.152 18.6252 0 12.8349 24.011 17.9825 0 12.7399 26.7159 20.519 0 15.4891 23.7152 20.4807 0 15.6213 26.6553 18.4424 0 18.0939 24.0559 17.7941 0 18.4426 26.4717 21.1178 0 21.0785 23.9252 19.9207 0 20.8851 27.5409 17.8677 0 24.1248 23.8111 17.5348 0 23.9772 25.9071 20.8739 0 26.8225 23.08 20.4618 0 26.5814 26.9195 17.6611 
0 1.27394 1.41551 23.4158 0 1.46813 4.50243 26.58 0 3.8574 1.52338 26.3113 0 4.34435 4.57519 23.9781 0 7.0488 1.26581 23.608 0 6.96164 3.97701 26.5272 0 9.31493 1.12632 26.6867 0 9.77339 4.2032 23.7941 0 12.1254 1.47998 23.7541 0 12.0205 3.65482 26.7049 0 15.4682 0.561175 26.5974 0 15.3856 3.66989 24.6609 0 18.1928 1.21222 24.1887 0 18.7266 4.82929 26.6698 0 21.0533 1.41419 26.4098 0 21.181 4.32752 23.5446 0 23.4881 1.18969 23.3783 0 23.6979 4.02569 26.3948 0 26.1458 1.152 25.913 0 26.2487 4.29978 24.1332 0 1.15036 6.91774 22.7952 0 1.23574 10.131 26.4055 0 4.14116 7.28236 26.6482 0 4.10799 9.85136 23.5212 0 7.35593 6.78418 23.4921 0 6.93345 9.57521 26.2655 0 9.68908 6.59254 26.589 0 9.78888 9.67271 24.2118 0 12.8618 6.16309 24.0264 0 12.5291 9.84013 26.557 0 15.5645 6.83016 26.4793 0 15.1917 9.93012 23.432 0 18.9022 7.6784 24.1973 0 18.1045 9.78077 26.4739 0 21.4339 7.17722 26.4191 0 21.3045 9.86866 23.3691 0 24.2261 7.21304 23.528 0 23.862 10.3777 26.1167 0 26.2462 7.32886 26.4017 0 26.8887 9.71276 23.6743 0 1.36444 12.8624 23.3992 0 1.34969 15.4557 26.2599 0 4.0165 12.3584 26.3334 0 4.02748 15.6062 23.9418 0 6.76944 12.91 23.7399 0 7.2834 15.3451 26.8173 0 9.90031 12.2345 26.7039 0 9.59588 15.2857 23.9957 0 12.6586 12.5104 23.4678 0 12.7066 15.1139 26.5854 0 15.4953 12.5177 25.7991 0 15.6044 15.2258 23.3981 0 18.0904 11.9437 23.5254 0 18.4002 15.108 26.2973 0 20.9445 12.7136 26.0353 0 21.7793 15.7115 23.5352 0 23.7335 12.674 23.3556 0 23.5373 15.6625 26.5869 0 26.4007 13.1728 25.8329 0 25.9799 15.4818 23.4627 0 1.19127 18.1615 23.6569 0 1.51947 20.8475 26.5311 0 4.19739 17.8732 26.6636 0 4.01745 20.8936 23.8099 0 7.01492 18.2651 24.0494 0 6.36723 21.4245 26.508 0 9.91186 18.2804 26.7258 0 9.98279 20.3258 23.883 0 12.9332 18.2022 23.8961 0 13.628 20.9279 25.9725 0 15.4989 17.7634 26.5861 0 15.9599 20.4344 23.3837 0 18.2514 18.0065 23.669 0 17.5906 21.1916 26.645 0 20.7843 18.206 26.6104 0 20.3913 20.4902 23.4655 0 23.7682 18.5669 23.0902 0 23.6757 20.6743 26.3393 0 26.7433 18.1901 26.4684 0 26.7578 20.7983 23.4846 0 1.60087 23.5196 23.6061 0 1.17531 26.57 26.6718 0 3.71124 23.5798 26.2451 0 3.80664 26.2831 24.0207 0 6.71802 23.4377 23.3743 0 6.59391 25.8833 26.4545 0 9.88301 23.6951 26.4068 0 8.91762 26.0206 23.5207 0 13.1368 24.0092 23.0711 0 12.4173 26.3827 26.2459 0 15.5645 24.0996 26.541 0 15.8832 26.5029 23.6241 0 18.2468 23.2236 23.0048 0 18.587 25.9939 26.8583 0 20.872 23.3425 26.5177 0 20.9652 26.1505 23.6826 0 24.1058 23.332 23.5366 0 23.8165 26.0175 26.6333 0 26.6482 23.4586 26.2757 0 26.4487 26.1557 23.7627 

-1.59189 -0.422222 -2.13388 0.938874 0.0701842 1.58842 1.47187 0.160225 1.45854 -0.204474 -0.850077 1.78766 0.00340139 -0.0984922 -2.17047 0.178103 -0.423269 2.16885 1.30788 -0.85236 -1.56989 1.03408 0.101059 0.301752 1.5265 -2.38294 1.41622 1.43453 0.405507 0.298834 1.66141 -0.160349 0.60451 0.379283 -0.0933858 1.0713 0.284282 -1.95324 -1.57061 -0.153096 -1.33996 0.617884 -0.732753 -3.37887 -1.73047 1.17521 -3.13218 -1.13324 0.838038 0.931394 -0.439735 -2.16426 -0.364176 1.60374 1.27443 2.66549 -0.452516 0.132306 -1.44628 -0.279213 -2.81542 1.64603 1.1168 1.55144 0.317635 1.60221 -0.610384 -0.258372 -2.52673 0.908314 -1.45197 -0.57953 -2.05689 0.258828 -0.958169 1.28903 0.117223 -1.93782 -1.28248 1.38707 0.267977 1.22454 -0.920205 -0.365847 0.855827 -1.55375 -1.84566 -1.46636 -0.38653 0.534019 0.131495 -0.676461 -1.12484 1.60151 -2.45832 0.119045 -0.0273357 1.40622 -0.42311 -0.903112 -0.483161 -1.2169 0.252896 -0.17288 -0.425331 0.267002 2.57358 -0.752954 -0.87749 0.727577 0.131782 1.15491 0.26648 1.98889 0.221441 1.26839 -0.322622 -0.381065 0.456704 -0.829547 -0.347497 1.28054 -1.05528 0.680937 1.15575 -2.13535 3.29978 2.50884 -0.0723208 -1.26237 -0.760817 -0.0798491 1.05269 -0.414462 0.120006 0.143131 -2.4467 0.524753 0.0174517 -1.42378 1.41583 -0.732724 0.204851 0.0520502 0.0726926 0.747106 -0.673822 -1.35266 0.813915 1.23193 -0.29541 -0.851192 -0.0357749 -0.424152 0.679281 1.07611 -1.02805 1.13941 0.185683 -0.274231 -1.29529 -1.46716 -0.121196 0.463742 -1.80114 -2.11705 -0.497218 0.616012 -0.807671 -0.0831514 -0.33206 3.41674 0.0697811 0.876755 -1.32187 0.878051 0.86763 -0.246339 1.56634 -0.909373 1.99124 0.679299 0.938595 -1.53176 -1.20093 1.65936 -0.164098 -0.226213 -1.93426 -2.55354 0.920629 -2.55381 0.517643 0.296822 -0.0160226 2.57933 1.0608 -0.582763 0.301 0.637085 -0.31842 1.98077 -1.0858 -1.5482 -1.84381 1.99107 0.439689 -1.99345 0.42722 -0.752411 -0.106288 1.94187 0.729332 -2.92701 1.05498 1.14677 -2.19716 -1.48627 0.71312 -0.853025 0.313242 2.5666 -0.650302 -0.616512 -1.24889 -2.34912 -1.04559 1.27845 0.701597 0.790078 -1.68683 -0.402976 0.783739 0.353544 -1.82145 -0.594153 -0.792621 2.5525 -1.05374 -0.530876 -0.193591 0.0784917 -0.137813 -1.4629 0.187283 -0.0451322 0.102663 -0.005456 -0.685478 0.878073 1.12184 -1.15598 0.175953 0.554442 -0.0359671 0.28038 -0.15741 2.64739 -0.226585 0.732662 0.178372 -1.34131 1.17102 -0.068071 0.209075 -0.320352 -1.01956 0.709539 2.28293 1.52635 -0.472899 0.382496 2.124 2.18505 0.333731 2.54257 0.629032 -2.01791 0.561345 0.460193 -0.24867 -0.355922 1.97219 -0.150863 0.113588 -1.88676 1.74749 0.840409 0.113073 1.67834 0.188018 0.222304 -0.173185 0.804317 0.319527 0.209518 1.0614 1.43284 -1.51829 1.1501 
-1.42147 -1.69173 1.74961 1.78866 0.995281 -1.89398 -1.63586 1.4002 -0.482518 0.00230159 -0.658481 -0.838915 -0.361598 1.31049 -1.02899 -2.39894 0.172717 -0.558498 -0.703053 1.22736 -2.0615 -1.47927 1.3315 0.852915 1.52967 2.06828 -1.00164 -0.959484 -1.41264 0.873994 0.476532 -0.454409 1.78341 0.943752 -0.796059 -1.04828 0.864656 0.00376054 2.54048 -0.394456 0.044097 -0.180871 1.19251 1.69684 -0.369412 -1.65613 1.51952 -2.37414 0.688746 1.50609 0.469252 0.549928 -2.2231 2.39189 3.16507 0.600989 -0.574807 0.226771 -1.83748 0.234428 1.98246 -0.141762 2.10021 -0.239652 0.494266 -0.235829 2.26697 0.189413 0.345061 -0.0154612 -0.176166 -3.0619 -0.947259 0.460516 -0.852018 1.44098 0.993531 0.0726923 -2.15462 -1.6083 -1.74985 -0.319087 0.675086 -0.922515 -0.00092663 0.227653 -1.43355 1.94596 -0.249822 -0.792659 -1.44026 -0.117042 -0.187354 -0.978153 -0.405296 -1.85678 1.2588 -1.65494 0.563062 -1.52509 -1.83368 0.563289 -2.85827 -0.0688405 0.2185 0.260116 0.736513 0.208314 -1.08418 -1.65724 2.12406 0.216922 -0.403055 -0.794786 -2.31492 -0.687101 1.14837 0.814885 -0.455976 -1.37235 -0.466208 -1.11698 0.406948 -1.4445 3.11506 -0.527853 -1.37278 1.05186 2.22647 0.84284 -0.879353 -2.01336 1.52265 -0.750619 1.90194 1.94384 1.4647 1.92355 1.50429 -1.41973 0.518176 2.25594 1.06245 -0.690616 -1.34715 -1.00661 0.121197 2.06061 -0.482667 -1.50476 -3.09281 -1.49103 -0.859164 -1.70972 2.76403 -0.669738 0.946149 0.849158 0.6896 0.342096 1.10936 -0.26622 0.0442796 0.993508 -0.107106 -0.0619301 -0.745854 0.994383 -0.0536049 1.89146 1.43951 0.128737 2.03789 1.4693 -0.136675 -1.57024 -1.42242 0.950341 -0.0647223 -0.187064 -0.205081 0.430596 -1.62603 -0.881967 -0.263894 0.0112774 -0.91203 -0.156769 -0.161338 1.22949 0.514596 0.809097 -0.310534 -0.0931578 -1.60889 -1.769 -1.53812 1.63448 0.951538 0.564999 -3.62197 1.70361 0.641406 -0.710009 2.81045 0.0505367 -1.83928 -0.93694 1.48853 -0.470716 -1.04393 -0.473045 0.832843 -0.688796 -0.55995 -2.76075 -1.01421 -0.64972 2.67027 0.451033 -3.16909 0.669604 -0.560153 1.02371 -0.410685 0.0993144 -0.477725 0.0565287 0.171869 1.99587 -0.0531525 -1.48421 1.43158 -0.0962778 0.0922381 0.0463361 2.1865 2.1018 1.22705 -0.479691 2.77897 -0.372308 -1.7769 -0.11319 0.0630164 -1.48636 0.471176 -2.79856 1.30756 0.00896242 -0.255764 -0.760173 -0.519815 -0.840947 -3.12431 -0.50693 0.181756 -1.86143 0.39568 -0.239067 0.248721 0.624898 -0.282609 -0.150727 -1.67469 -0.70983 -0.911436 1.51275 0.531292 -0.352104 0.92962 -0.570417 0.37763 -1.65355 -0.139705 0.114386 -1.54076 -1.0906 -0.838029 -0.735427 -3.45768 -0.81376 0.245899 0.390895 1.0707 -1.16998 -0.0739356 -1.1374 -1.73332 0.668769 1.07139 0.483341 -0.492994 1.57135 1.77236 -0.294585 2.5803 -3.19511 -0.910446 -0.519305 
0.0373926 1.38724 0.170167 1.07442 -1.69532 -1.37263 -0.295067 -0.648727 0.171538 -1.01383 -0.68629 -1.04728 0.686408 0.588311 -0.0834484 -1.00877 0.81285 0.344703 0.122637 1.01521 -0.826715 1.44593 -3.45223 -1.48558 -0.3774 0.770863 1.49214 1.46561 -0.328349 -1.02093 0.961767 -2.66152 1.70053 0.339411 1.43977 -1.68329 0.962562 -1.73432 2.41405 -1.63714 1.21771 -1.75535 0.977025 2.40561 -1.2709 0.526315 -0.472794 0.195069 -3.4858 0.742526 0.59075 0.887534 -0.569975 -0.576612 0.801588 0.0117296 0.793279 1.01821 -1.41028 -0.754753 -0.273797 0.40725 0.878439 -1.13443 -2.45858 1.03596 -2.57206 1.23188 0.550319 0.49283 1.3545 -0.600547 1.0297 0.394604 2.16086 -0.0552925 2.27207 -0.0959991 -0.0436325 0.592627 0.594682 -0.641658 -1.40597 0.0381503 -2.87626 -0.158327 0.170923 -0.49973 -0.239804 -0.311419 0.139277 0.834977 0.233454 1.32468 -1.76618 -1.3181 2.04124 0.332304 -2.64112 -1.37655 -0.688219 0.800489 2.02867 -1.33591 -0.480123 1.78985 -0.349504 0.708939 0.398956 -0.296152 -1.9801 0.970207 0.481474 -1.37893 -0.685658 1.48601 0.226199 -0.993928 0.790866 -1.11545 -1.76164 -0.351486 -1.27431 0.915899 -0.848335 0.74869 1.02434 0.291669 1.11274 -1.40644 -0.375994 -0.90882 -1.48127 -4.03366 1.70197 1.23898 -2.9376 -0.539995 -0.433038 -2.1944 0.51164 2.66584 0.270785 -0.185504 -1.24417 -0.143685 1.52929 1.11254 0.105146 0.863692 0.427985 -0.499727 -1.29951 -1.10453 2.03534 -1.24728 1.19671 -1.71611 0.273661 0.793668 -1.56322 -1.35141 -0.644928 -0.046266 -0.465246 -0.182071 -0.194515 -2.19085 0.287824 -0.772036 1.02484 1.6862 1.486 2.65224 -1.4674 1.05777 2.09088 0.169971 2.0821 2.5268 -0.144821 0.467922 0.291234 -0.66635 -0.507817 -0.487642 -0.314528 2.40657 0.788074 -2.57278 -0.43641 -0.0153858 2.47509 0.72579 -1.27188 0.866598 0.232749 2.10576 1.62433 -2.93489 -0.300296 -1.34808 1.06864 1.87613 -0.368171 0.116349 -0.840481 -0.222763 1.3526 -2.0777 0.434907 2.05017 0.916256 -0.890606 0.354955 -0.733764 1.18963 -0.198184 0.44477 -1.04765 0.903468 1.98593 0.380571 -0.127341 0.604307 0.651386 0.669831 1.0682 -0.238413 0.0773571 0.689346 0.484546 -1.96082 0.391727 -2.78618 -1.46361 -0.193284 0.28373 -0.394697 2.27316 -1.903 2.70715 1.59269 0.365587 -0.442994 1.22678 -2.22621 -0.348546 -1.14838 0.358707 1.94183 -1.67369 1.80028 -1.82595 -1.92096 0.838529 0.62751 0.370713 -1.37825 0.730104 0.0353904 0.649858 0.283059 -1.03716 -0.902299 0.102522 0.447157 0.709596 0.130059 0.522207 -0.740602 0.108699 0.480896 0.41334 -1.63733 -0.402473 -0.935215 3.16437 1.18521 0.838855 -0.735349 0.11846 -1.67995 -1.36676 -0.901507 -0.989838 1.84097 -0.803967 -1.50849 -1.65221 1.38381 -1.59979 -0.267565 0.556338 0.241724 -0.0130902 -0.524063 0.261284 0.946233 -0.791382 
0.834027 1.7818 -2.70526 1.80045 -0.421668 -1.40793 -1.78179 1.74544 -0.461539 -0.61462 -1.33696 1.80992 1.0355 0.785488 1.14138 0.820691 0.364969 -0.092946 -2.28373 1.83213 -0.213104 -0.760769 -0.768134 -2.15719 -1.51752 -1.08772 -0.421029 0.942239 0.367239 -0.728854 -0.881256 -0.664108 -1.43544 0.149342 2.17414 -0.645812 0.888798 2.95251 2.22546 -2.18388 -2.66733 -0.42053 -0.236988 0.640806 0.249244 0.112268 -2.56999 0.500605 -0.762368 0.654669 1.72812 -0.37957 3.47657 -0.596514 0.668383 -0.489284 1.36467 2.17017 -1.48744 0.795952 2.28433 0.00171336 -2.13851 -0.357436 1.0934 1.6198 2.68134 0.29521 0.262905 0.0416507 -0.559728 0.201609 1.10329 0.138253 -0.901982 -1.78872 -0.346921 -2.3995 -0.0154806 -1.80639 0.00113225 0.822915 0.709311 -1.99396 0.945938 0.472292 0.528447 -1.1951 0.761011 0.907407 0.41337 -0.102552 0.180922 -1.84134 0.557674 0.977925 1.46439 -0.140061 0.64404 -0.710369 -0.988429 1.01231 1.94836 0.926102 -2.81303 -0.611371 -0.900915 0.980833 0.866291 3.13486 -0.706709 1.33481 1.17465 0.079293 -0.66123 0.773965 0.897708 0.146718 -0.227927 0.100456 0.64839 2.7873 1.06463 1.84077 0.136482 -0.457639 -0.185911 -1.47259 -0.761916 -2.44198 -2.16762 -0.0547013 0.813858 -0.762411 -0.841253 2.20885 -0.867427 -0.81168 -1.07819 -0.278564 4.27682 0.485366 1.04069 0.742786 0.672259 0.688501 -0.50606 0.95814 0.47542 1.41989 -0.81047 -0.192287 -1.48601 0.304424 -1.04135 3.35944 -0.149297 1.18374 0.208018 3.06019 -3.14462 0.184344 0.0372061 -1.04341 -1.61382 -0.139229 2.17497 -0.208517 -0.0471066 -0.233821 -2.11237 0.32474 -0.137722 -0.734961 -1.06016 -1.54006 -0.454819 -0.621712 -1.52718 0.151139 -0.116689 -2.065 -0.0987736 2.50296 2.10929 -0.213034 -0.405383 1.45116 1.11413 2.64418 0.23803 2.00697 -0.306882 -2.27412 0.436784 -1.9226 -0.248162 -0.915614 0.492092 0.183761 0.646696 0.503551 -0.566838 0.958653 -0.046647 0.7721 0.58758 2.49238 -1.28531 0.244481 0.940218 0.147487 -0.194167 -0.309177 -2.84369 0.884608 -0.931375 -1.06917 0.302368 -0.380961 0.741511 0.126722 -1.15241 0.422795 0.705767 0.542985 0.883288 0.522307 -0.255809 1.55216 1.21647 -2.20048 -2.65056 -0.862696 -0.562586 0.648367 1.07889 1.10982 -0.492537 -0.366706 2.09803 0.437464 -0.282071 -1.70629 1.70861 0.279032 -0.793789 -2.10882 -1.15108 -0.425869 2.05867 0.246549 -1.13095 1.10063 0.431466 1.85757 -0.544821 -0.905992 -0.906045 -0.472989 1.04847 -0.0979113 0.24566 0.241823 -2.25113 2.25321 -1.727 -1.04743 -1.16714 0.432809 -1.75744 -0.89247 -0.456565 -0.279379 0.72373 -0.762616 0.259902 0.548277 0.334755 0.137463 2.77007 0.62882 -1.48969 2.14683 -1.74911 0.438675 0.825726 2.00643 0.00435097 -0.246455 -1.24131 -1.97638 0.575541 0.43029 0.0729028 1.50765 1.33293 0.907314 -2.18815 2.17563 
-0.900949 -0.356508 -2.38736 -0.775365 -2.16683 -0.484262 1.43773 1.39547 0.770973 0.512694 -3.91542 0.636097 -1.21617 1.27842 0.294873 -1.07549 0.440288 1.27916 0.531278 0.905459 2.90003 0.833893 0.915058 0.534109 2.03904 0.241053 0.320119 -0.249521 -0.671503 0.0706237 -1.04898 -2.9278 1.36948 1.42458 1.1736 -1.78848 -1.0784 -0.592086 -1.1238 0.0559761 -1.16351 0.177581 -0.901653 -1.25053 -1.15663 0.35878 0.331678 -0.508752 -0.353494 0.614963 -2.58189 0.136139 1.77932 1.29633 -3.05387 1.9344 -0.0877823 2.06258 1.35347 1.9257 -0.591577 1.74888 0.0559407 0.890103 3.1987 0.682757 -1.27601 0.987696 0.189642 -0.523802 -0.95441 -1.06574 0.208982 -0.624976 1.78772 0.865545 0.321395 -0.0321152 1.59694 0.0647206 -2.18132 -0.906642 0.346777 4.33949 1.23467 1.228 1.02808 -1.33325 -1.1858 -1.79336 -0.561493 0.208402 1.95915 -0.971085 1.25357 0.319098 0.316142 -1.24808 1.55928 0.509256 2.05223 -0.316642 0.972028 0.550517 -0.485707 0.619692 0.854988 0.749017 1.82629 -0.591474 2.02948 0.154755 -0.863248 1.12562 -1.41583 -2.58852 -1.81572 -0.325549 0.0717776 0.668754 -1.24725 0.594478 0.183475 2.15858 0.1855 -0.560749 2.24651 -0.464161 1.75748 -0.228357 -1.4378 0.908658 -0.91318 0.206731 -1.82791 0.367318 0.157538 0.314005 0.81689 -1.69804 -1.11809 2.23691 1.15854 -0.836937 -0.040201 -0.0699882 -1.47939 1.40358 -2.47337 -0.721622 1.07859 -0.303531 -0.207912 0.0421579 1.11827 -0.2688 1.02362 0.419163 -1.09716 2.05328 -0.229064 -0.224638 -1.70403 1.56584 0.37947 -1.07838 0.191811 0.252504 -0.507905 0.57265 -0.563911 -0.814722 -2.07191 -0.52724 -1.72335 2.89582 -1.36112 -0.423269 0.282806 -2.45349 -2.49877 1.34766 0.879545 0.526468 0.0923469 -1.29012 -0.185145 -2.77233 1.27182 -1.04874 -0.926903 1.1265 -1.02181 -3.47232 1.57613 -1.01241 0.205614 1.03626 0.808884 0.973227 -1.91441 1.94558 -0.765632 -1.5042 -0.742121 0.494091 -0.0691564 -0.879945 -0.40053 1.88732 -1.73732 0.0981392 -0.585798 -0.944066 -0.527391 -1.34269 0.88824 0.429776 0.778313 -1.11952 -1.33849 -0.225447 -1.00026 -0.694628 -1.51493 0.620202 1.22983 0.497827 1.09615 -0.836125 -0.883464 -0.230065 0.485416 -0.387613 0.45672 0.140921 -0.101575 1.16089 -0.509683 -1.15433 0.247723 0.814993 -1.67082 -0.248302 0.60933 0.108404 0.410289 -1.04904 1.40636 2.3627 1.01009 0.622299 -1.38766 -2.77592 -1.84917 -1.28644 0.533661 -1.06395 0.129934 0.298443 -0.0358392 -0.929051 -1.75654 0.971454 0.072395 1.93172 0.26227 1.46442 -0.0374052 0.398234 -0.643161 0.345489 -0.132467 1.7742 -3.03541 0.455654 1.875 0.333679 -0.460791 2.3454 0.980625 -0.951817 0.0891202 -3.11454 -0.982485 0.409168 -0.649895 1.7088 -0.625016 2.64381 0.691323 -1.04088 0.600896 0.229802 -0.774862 -0.404593 2.8732 -0.404942 -1.08892 0.390303 
