500 1.00001
28.0499 28.0499 28.0499 
14 14 14 
1 1 1 1 1 1 1 1 1 1 1 1 1 1 1 1 1 1 1 1 1 1 1 1 1 1 1 1 1 1 1 1 1 1 1 1 1 1 1 1 1 1 1 1 1 1 1 1 1 1 1 1 1 1 1 1 1 1 1 1 1 1 1 1 1 1 1 1 1 1 1 1 1 1 1 1 1 1 1 1 1 1 1 1 1 1 1 1 1 1 1 1 1 1 1 1 1 1 1 1 
1 1 1 1 1 1 1 1 1 1 1 1 1 1 1 1 1 1 1 1 1 1 1 1 1 1 1 1 1 1 1 1 1 1 1 1 1 1 1 1 1 1 1 1 1 1 1 1 1 1 1 1 1 1 1 1 1 1 1 1 1 1 1 1 1 1 1 1 1 1 1 1 1 1 1 1 1 1 1 1 1 1 1 1 1 1 1 1 1 1 1 1 1 1 1 1 1 1 1 1 
1 1 1 1 1 1 1 1 1 1 1 1 1 1 1 1 1 1 1 1 1 1 1 1 1 1 1 1 1 1 1 1 1 1 1 1 1 1 1 1 1 1 1 1 1 1 1 1 1 1 1 1 1 1 1 1 1 1 1 1 1 1 1 1 1 1 1 1 1 1 1 1 1 1 1 1 1 1 1 1 1 1 1 1 1 1 1 1 1 1 1 1 1 1 1 1 1 1 1 1 
1 1 1 1 1 1 1 1 1 1 1 1 1 1 1 1 1 1 1 1 1 1 1 1 1 1 1 1 1 1 1 1 1 1 1 1 1 1 1 1 1 1 1 1 1 1 1 1 1 1 1 1 1 1 1 1 1 1 1 1 1 1 1 1 1 1 1 1 1 1 1 1 1 1 1 1 1 1 1 1 1 1 1 1 1 1 1 1 1 1 1 1 1 1 1 1 1 1 1 1 
1 1 1 1 1 1 1 1 1 1 1 1 1 1 1 1 1 1 1 1 1 1 1 1 1 1 1 1 1 1 1 1 1 1 1 1 1 1 1 1 1 1 1 1 1 1 1 1 1 1 1 1 1 1 1 1 1 1 1 1 1 1 1 1 1 1 1 1 1 1 1 1 1 1 1 1 1 1 1 1 1 1 1 1 1 1 1 1 1 1 1 1 1 1 1 1 1 1 1 1 

0 1.48619 0.900162 1.30643 0 1.99008 3.67614 3.53685 0 4.60004 1.02586 4.14464 0 3.9357 3.83796 0.699093 0 7.11041 1.49817 1.84705 0 6.73367 4.49413 4.50379 0 9.62519 1.81274 4.20805 0 9.93308 4.97805 1.76141 0 13.1863 1.52875 1.34 0 12.9196 4.53932 3.48987 0 15.4845 1.93299 4.53575 0 15.7559 4.73238 1.46407 0 18.8745 1.6812 1.71359 0 18.2093 4.75337 4.14435 0 20.7364 1.37833 5.02715 0 20.8602 4.28433 1.56312 0 24.8136 1.87646 1.14113 0 23.6223 4.38006 4.14695 0 27.2389 0.830247 4.27439 0 26.1407 4.88787 1.58345 0 1.48998 6.8133 1.40482 0 1.37098 9.45668 3.99308 0 3.76608 6.84395 4.08675 0 3.23361 10.3729 0.920678 0 6.36096 7.04645 1.40574 0 6.9858 11.0486 4.56165 0 8.65135 8.18599 3.99175 0 9.54163 9.85931 0.958457 0 12.2368 7.57316 1.1305 0 12.0022 9.93996 4.29269 0 14.7105 7.54006 4.0616 0 15.5268 9.85003 1.048 0 18.4804 7.64427 1.49377 0 17.7765 9.77044 4.32519 0 20.9876 7.09769 4.29368 0 21.0661 10.0369 1.36814 0 23.6165 7.33992 1.70325 0 23.9311 9.82815 4.35986 0 26.2745 7.0904 4.49738 0 26.7079 9.75884 1.58016 0 1.27106 13.1209 0.920933 0 1.04579 15.8869 3.97794 0 3.70735 13.2894 3.76824 0 4.59399 15.1043 0.569311 0 6.61305 12.2473 0.890459 0 6.80267 14.8363 3.23756 0 9.72018 12.8137 4.56697 0 9.67585 15.0231 0.653527 0 12.4328 12.2195 1.61628 0 12.8286 15.1864 3.99537 0 15.6534 12.548 4.39678 0 15.1748 14.7788 1.09262 0 18.3208 12.4727 1.63392 0 18.5623 15.2479 4.2367 0 20.8787 12.7339 4.83626 0 21.2594 15.414 2.03485 0 23.8163 12.7755 1.88842 0 23.8608 15.4557 4.73345 0 26.6789 12.4638 4.31575 0 26.182 15.4877 1.22517 0 1.2107 18.4755 1.26733 0 1.30985 21.1874 4.02729 0 4.71271 17.9626 3.43511 0 4.03295 20.6207 1.07643 0 7.02513 18.2255 0.791807 0 7.73914 20.5418 3.8336 0 9.55656 17.3864 3.61626 0 9.81832 20.7997 0.729229 0 13.0685 17.8672 1.19037 0 12.8091 20.7105 4.40255 0 15.4652 18.091 4.54371 0 15.2372 21.0499 1.46792 0 17.4248 17.5737 1.73841 0 18.029 20.4158 4.03151 0 20.4999 18.1991 4.40434 0 20.7893 20.6395 1.26397 0 23.6721 18.4478 1.84788 0 24.0463 21.7077 4.36986 0 26.879 18.4789 4.14779 0 26.7853 21.4206 1.51603 0 1.24756 24.3222 0.928378 0 1.85883 26.1119 4.10225 0 4.67682 23.0746 3.8404 0 4.34043 26.1857 1.38462 0 7.46546 23.7498 1.47578 0 7.60394 26.5385 4.24355 0 9.81093 23.4396 4.20603 0 10.2944 26.7315 1.76312 0 12.6218 23.6225 1.81722 0 12.981 26.9426 4.17983 0 15.1854 23.4867 4.37932 0 15.9606 26.8733 2.22312 0 18.3879 23.4991 1.6771 0 19.2725 26.5525 3.43171 0 20.8636 23.2135 3.79494 0 21.8345 27.8227 0.906214 0 22.9066 23.562 0.886014 0 23.5717 25.6637 4.1168 0 27.0631 23.8734 4.14231 0 25.8887 26.2634 1.45235 
0 1.685 0.672548 7.47077 0 1.18458 3.37102 10.0046 0 4.15425 0.601356 10.0228 0 3.74524 3.34793 6.69253 0 6.68507 1.31139 7.03581 0 6.51947 3.96627 9.91114 0 9.46449 1.26368 10.1015 0 9.32773 3.7273 7.14306 0 12.3602 1.13335 6.94266 0 12.8805 3.67611 9.57643 0 15.6509 0.693115 9.66038 0 15.6654 4.19498 6.95355 0 18.0335 1.42835 7.19371 0 18.6981 4.21335 9.77768 0 20.9461 1.30132 9.51616 0 21.0836 4.15652 7.13875 0 23.6935 1.0744 6.44812 0 24.2115 3.82068 9.60835 0 26.6783 0.742369 9.68684 0 26.8028 3.53355 6.58506 0 1.15949 6.24213 6.53497 0 0.879976 10.0057 10.4422 0 3.30574 7.07173 9.5503 0 4.50244 10.2061 6.98429 0 6.42914 7.09838 7.71925 0 6.4734 10.1323 10.0092 0 9.65247 7.06246 9.76228 0 9.51927 10.038 7.26226 0 12.2565 6.40459 7.31457 0 12.3261 9.02956 9.63502 0 15.5894 6.7403 9.71921 0 14.4073 9.9216 7.04078 0 18.2498 7.19794 6.63546 0 18.3219 9.52315 9.87931 0 21.4178 7.11645 10.0632 0 21.0745 9.86918 7.17963 0 23.6623 6.68362 7.01575 0 24.1277 9.93145 9.95348 0 26.3936 6.98845 9.36064 0 26.0733 9.66922 7.05987 0 1.14757 12.0318 6.98309 0 1.4378 15.8249 9.89921 0 3.6165 12.6197 9.59652 0 3.77831 15.0141 6.65751 0 6.87416 13.056 7.7057 0 6.69311 15.6526 10.8731 0 9.52129 12.4575 10.2985 0 9.48854 15.4221 8.26912 0 12.1498 12.503 7.54286 0 12.3771 14.9693 10.4 0 14.9282 12.0706 9.70801 0 15.1078 15.1859 6.81636 0 17.8868 11.9362 7.54023 0 18.0551 14.9043 9.37854 0 21.325 12.07 9.72078 0 20.7835 15.219 7.25644 0 24.0131 12.3274 6.95811 0 24.0812 15.4144 9.34521 0 26.994 12.8419 9.98028 0 26.951 15.1474 6.68316 0 1.64331 17.7696 6.83838 0 0.83138 21.4792 10.8729 0 3.69086 18.5822 10.4886 0 3.77416 21.3128 6.91337 0 6.91022 17.8341 6.26269 0 6.61588 21.1078 9.71444 0 9.3268 18.4945 10.0236 0 9.46089 20.5203 7.36458 0 12.0302 18.0925 7.167 0 13.0763 20.8602 9.78999 0 14.9744 17.6207 9.78012 0 15.8107 20.8017 6.96944 0 17.9916 18.0285 7.59249 0 18.6145 20.8306 10.0471 0 21.1099 18.5911 9.37932 0 21.1596 21.3684 6.91066 0 24.5512 18.9748 7.26507 0 24.2969 21.1364 10.6418 0 26.6907 18.6282 10.6477 0 27.7443 20.5984 7.38008 0 1.58755 23.7267 7.18296 0 1.05113 26.5615 10.681 0 3.72253 23.8357 10.0521 0 4.01538 26.1251 6.99083 0 7.21007 23.4553 6.73795 0 7.29811 26.0849 9.02751 0 9.92459 23.7673 9.64215 0 10.3789 26.1476 6.59302 0 12.6146 23.3695 7.03488 0 13.1385 26.365 9.36555 0 15.528 23.71 9.52194 0 16.4383 26.5076 6.50192 0 18.3638 23.2892 7.03719 0 18.6387 26.2457 9.62373 0 21.2715 23.2184 9.79208 0 21.1228 25.3375 6.74569 0 24.5367 23.1319 7.47113 0 23.4758 26.4948 9.99496 0 26.2778 24.2688 10.6876 0 26.5321 26.1456 6.84298 
0 1.33532 0.925563 13.1903 0 0.814957 4.5915 15.1862 0 4.12639 2.40169 15.1248 0 3.58831 4.5404 12.2089 0 7.01537 1.57884 12.5753 0 7.6425 4.66171 15.539 0 10.2211 1.73172 15.3895 0 9.6511 4.08222 12.5731 0 12.5003 0.892641 11.9734 0 13.1147 3.89018 14.9297 0 16.0104 1.67087 15.2128 0 15.7493 3.46219 11.8091 0 18.1766 1.19154 12.3427 0 18.5512 4.18491 14.3924 0 20.9849 1.46718 15.2218 0 21.3895 3.73537 12.3227 0 23.8814 1.03338 12.6257 0 23.479 4.56063 15.1895 0 26.1622 1.80886 15.5181 0 26.7836 4.06749 12.5466 0 0.77857 7.14814 12.5246 0 0.9708 9.65392 15.8922 0 4.1695 7.28582 15.5515 0 3.98285 9.48498 12.4152 0 6.84197 6.86009 12.388 0 6.95253 9.76734 15.5169 0 10.102 6.95526 15.0367 0 9.14985 9.30897 12.4162 0 12.6436 6.0827 12.3275 0 12.3108 9.52455 14.8392 0 15.7098 6.45208 14.9813 0 14.9846 9.73986 12.2572 0 19.0048 7.42485 12.5333 0 18.0368 10.1016 15.3935 0 20.4763 7.34826 15.8355 0 21.199 9.93419 12.9446 0 24.1136 7.61389 12.3058 0 23.6273 10.3396 15.6856 0 26.0826 7.12896 15.1149 0 26.3815 10.1481 13.3422 0 1.28019 12.8101 13.3543 0 1.37393 15.7343 16.0687 0 4.15548 12.5807 15.4689 0 3.66548 15.208 13.1005 0 6.49747 12.2966 12.8416 0 6.63897 15.6436 15.1155 0 9.84107 12.5768 14.8473 0 9.8512 15.5472 12.7814 0 12.6798 12.2595 12.6157 0 12.6985 15.3434 15.2383 0 15.188 12.5585 15.1077 0 15.3305 15.2305 12.5077 0 18.3113 12.1857 12.248 0 18.1219 15.2001 14.9933 0 20.9298 12.9865 15.463 0 21.252 14.942 11.856 0 24.3489 12.8829 12.6748 0 24.1321 15.194 15.6303 0 26.6317 12.3138 16.0945 0 26.7435 15.8771 13.043 0 1.97614 18.7195 13.828 0 1.70768 21.3703 16.1383 0 4.95263 18.5215 15.8405 0 4.20333 21.4271 12.7296 0 6.99635 18.9893 12.3448 0 7.80668 21.6679 15.6718 0 9.64468 18.4884 14.9415 0 9.67152 21.4646 12.4092 0 12.2131 18.5594 12.3433 0 12.8197 20.926 15.3912 0 15.2086 17.8299 15.3967 0 15.6622 20.7358 12.5883 0 18.3458 17.8753 12.7558 0 18.5886 20.858 15.3217 0 21.3612 18.2096 15.447 0 21.3098 20.5286 12.679 0 23.5759 17.1713 12.5159 0 23.8209 21.4307 15.732 0 26.821 18.4171 15.9224 0 26.8906 21.3946 13.9515 0 0.847561 24.34 13.4496 0 1.71062 26.19 15.9285 0 4.57825 23.9263 15.2443 0 4.39338 26.7384 13.1119 0 7.29027 24.1663 12.3516 0 7.45875 26.2402 15.8144 0 10.483 23.9703 15.4017 0 9.91481 26.5788 12.7593 0 13.054 23.3093 12.4162 0 12.7192 26.7742 15.0978 0 15.1642 24.2727 15.6488 0 15.5304 25.987 12.1793 0 18.2572 23.3887 12.2233 0 18.0009 26.7058 15.2601 0 20.8614 24.2824 15.9947 0 21.0753 26.6104 12.7265 0 23.7669 24.208 13.3755 0 23.2181 26.5927 16.0691 0 26.3646 24.301 16.0799 0 26.0682 26.745 13.7365 
0 1.03011 1.94554 17.9797 0 1.70545 4.53515 20.7059 0 3.90699 1.68706 20.8559 0 4.52593 4.05314 18.1079 0 6.74437 1.32687 18.4437 0 7.15705 3.89639 20.9844 0 9.81956 1.25818 21.5858 0 9.96126 3.48714 18.7022 0 12.7961 1.79189 17.96 0 12.6039 4.25345 21.6499 0 15.2067 2.06403 20.689 0 16.0012 4.49329 17.7009 0 18.6583 1.33667 17.8908 0 18.211 4.28728 21.2624 0 20.9956 1.67706 21.3511 0 20.5878 4.33741 17.3183 0 22.9662 1.3831 18.4015 0 23.4809 4.41648 20.6788 0 26.5636 2.15131 20.7397 0 26.3673 4.91126 17.9444 0 1.4577 7.04136 18.1153 0 1.41507 9.96331 21.4888 0 4.83596 6.87574 21.1902 0 4.33859 9.34477 18.5898 0 7.09217 6.66061 18.6815 0 7.44931 9.73546 20.5841 0 10.1469 7.08238 20.6009 0 10.0619 9.59321 17.6774 0 12.6214 7.11439 17.592 0 12.428 9.74894 20.3763 0 15.3348 6.9419 20.7542 0 14.7593 10.0047 17.8811 0 17.8188 7.28339 17.9754 0 17.4238 10.1167 20.5581 0 20.7092 6.90496 20.3033 0 20.3059 9.88479 18.4068 0 23.4353 7.40427 17.8574 0 23.7333 10.1665 21.1486 0 27.0716 6.68155 20.9302 0 26.5317 10.0025 18.7379 0 1.96948 12.478 18.5899 0 1.8853 15.7402 21.1576 0 4.80519 12.1209 21.2301 0 4.57373 15.6693 18.489 0 6.54277 12.566 18.0544 0 7.04717 15.4163 21.5573 0 9.85155 12.7502 20.5046 0 9.0811 14.9799 18.0366 0 12.1059 12.6759 17.8745 0 12.427 15.117 20.9229 0 15.3068 12.7321 20.7873 0 15.4772 15.2046 17.8484 0 18.4336 12.8761 17.9091 0 17.9108 15.806 20.6121 0 20.4596 12.8931 20.8585 0 21.3451 15.5451 17.9653 0 23.805 13.0748 18.8037 0 23.8919 15.8095 20.8722 0 26.8629 12.8815 20.9584 0 26.941 15.855 18.5981 0 1.41534 18.3679 18.1861 0 1.38131 21.1454 20.7569 0 5.42232 18.6838 20.497 0 5.13956 21.1024 18.23 0 7.84846 18.3214 18.1433 0 8.25543 20.8257 21.7354 0 9.56181 17.6842 21.4275 0 10.2999 20.9074 18.1201 0 11.6607 17.6923 18.3464 0 12.0471 21.019 21.1146 0 14.8326 18.1013 20.014 0 16.2245 21.0034 17.818 0 18.0416 18.001 17.3562 0 18.4494 20.2347 20.9885 0 21.0939 18.0158 20.6237 0 21.0874 20.9497 17.8281 0 24.3512 18.4068 18.2206 0 24.2828 20.6717 20.6966 0 27.0697 18.2645 20.932 0 26.6563 21.2172 18.3557 0 1.24773 23.9473 18.5603 0 0.618552 26.8849 20.6711 0 4.79788 23.658 20.219 0 4.27722 26.5946 18.3485 0 8.14586 23.4042 18.9772 0 6.85871 26.6299 20.9605 0 9.91816 24.3926 21.7864 0 9.94441 27.176 18.1617 0 12.0051 24.3381 18.7051 0 13.3201 26.8323 21.606 0 15.0233 23.6378 20.8219 0 15.0713 27.2939 18.0706 0 18.9473 23.6733 18.8541 0 17.4552 26.4939 20.7303 0 21.1362 22.5763 21.3898 0 21.0243 26.5607 19.3169 0 23.5584 23.7334 18.8227 0 23.7064 27.2708 21.3942 0 26.1308 24.3935 20.8128 0 26.3197 27.1653 17.8313 
0 0.992868 2.12935 23.7157 0 0.587732 4.31133 26.6432 0 3.98755 0.939869 26.714 0 3.81764 4.4302 24.1099 0 6.07291 1.41824 23.9871 0 6.82378 4.53079 26.8402 0 10.0035 2.2294 27.6246 0 9.20782 4.00776 23.9407 0 13.3147 1.42554 24.3143 0 12.6282 4.61833 27.3878 0 16.2989 1.61698 27.3239 0 15.9595 4.6941 23.7496 0 17.5551 1.28946 23.6616 0 18.6243 4.4526 26.1776 0 20.8041 1.51742 26.2617 0 20.7306 4.35701 23.5311 0 23.8726 1.46524 24.3788 0 23.4261 4.74249 26.0749 0 27.1483 0.793205 26.4515 0 26.1931 4.33054 23.7797 0 1.0017 6.66829 24.127 0 0.880302 9.37015 26.6319 0 3.92436 6.84573 26.7257 0 4.04254 9.53229 23.6445 0 7.50094 7.0463 23.4868 0 6.602 9.40777 26.7461 0 9.45826 7.01761 26.73 0 10.2335 9.45539 23.6414 0 13.2372 7.28174 23.3649 0 12.3949 9.66813 26.3005 0 15.3497 6.93886 26.8962 0 15.1528 10.2737 23.6729 0 18.1526 7.53784 23.4026 0 18.2581 10.068 26.5527 0 21.1192 7.64303 26.6179 0 20.5619 10.1095 23.3195 0 23.5109 7.19596 23.2374 0 23.4028 10.4404 25.5199 0 25.6558 7.44767 26.7739 0 26.6423 9.81849 23.8034 0 1.02153 12.5484 24.1548 0 0.595354 15.5063 26.279 0 4.00874 12.3695 26.1911 0 3.8327 15.5013 24.2997 0 7.97957 12.3761 23.5704 0 7.34252 15.56 26.1148 0 10.1425 12.5031 26.1436 0 10.1504 15.354 23.4986 0 12.3885 12.4664 23.338 0 12.8247 15.3258 26.0032 0 15.273 12.2641 26.6584 0 15.0659 14.9992 23.2133 0 17.9021 12.5369 23.6459 0 17.5671 15.165 26.1826 0 21.2261 13.4663 27.1761 0 21.0065 15.9615 23.7265 0 23.5843 13.3379 23.4537 0 23.6654 16.4111 26.8524 0 26.1573 13.0998 26.2487 0 26.3113 15.9485 23.3988 0 1.48989 18.4986 23.5776 0 1.78365 21.3147 26.3605 0 4.43435 18.2132 26.4994 0 4.30236 21.2242 23.1457 0 6.85975 18.3798 24.0418 0 7.10116 20.9092 26.4 0 10.0995 17.8993 26.3568 0 10.3934 21.111 24.4366 0 12.8162 17.8846 23.1249 0 13.0719 20.4782 26.4927 0 15.6997 18.2377 26.4502 0 15.342 20.3439 23.7425 0 18.0607 17.7945 23.4493 0 18.1162 20.8303 27.1336 0 20.0844 17.5131 26.6513 0 20.427 20.3621 24.0339 0 23.7168 18.5232 23.7386 0 23.403 20.3344 26.9232 0 26.8565 18.6462 26.4171 0 27.415 21.2106 23.563 0 1.4363 23.8077 23.5399 0 1.39027 26.3204 26.4147 0 4.24 24.3458 26.1332 0 3.48327 27.0431 23.4859 0 7.22752 23.9214 24.3053 0 7.13877 26.6721 27.3603 0 10.1021 23.9252 26.5255 0 10.5587 27.5989 24.8686 0 12.7858 24.0865 24.1931 0 13.2407 26.4937 26.8912 0 15.761 23.4366 26.0385 0 15.8326 26.3512 24.185 0 18.11 22.737 23.535 0 19.0144 26.5177 27.3336 0 20.3903 23.5118 26.1457 0 19.9579 26.3599 23.6151 0 23.884 23.0333 23.8144 0 24.0673 26.2355 26.1436 0 26.5841 23.5072 26.0685 0 26.8986 26.4318 23.4151 

-0.454251 1.31552 2.13037 -0.386642 1.9727 -0.373926 -2.61597 -2.06963 -0.641984 0.0965509 2.1069 -1.14144 0.0510953 -1.09964 2.00093 -3.02572 3.7881 1.77353 -0.259191 0.303864 3.09969 0.0413538 0.812734 -2.18557 0.701352 0.0166461 -2.38629 1.43067 -0.471155 1.81019 1.89431 0.786543 1.07126 0.409942 1.87772 0.465011 0.669701 -1.08534 0.583399 -1.27463 -1.90775 1.56112 -2.46372 -0.724914 0.681467 -1.35832 0.734907 -1.50312 -0.672647 -0.83601 -1.97794 0.752101 -0.615664 -0.382844 -1.62713 1.77631 0.662298 1.20907 0.909864 -2.26776 1.02448 -1.50072 1.75497 1.45003 -0.215121 2.35129 -0.830291 -0.890616 -0.762833 -1.7682 1.47447 -1.1991 0.914643 2.502 -1.48492 0.000871034 0.115806 -0.540955 1.73976 -1.95355 1.18532 2.19012 0.622048 0.903772 -1.05708 -1.22499 0.957419 0.381228 -1.81769 0.354112 -2.38031 -0.383929 0.344637 0.169424 -0.56424 -1.80441 -0.331451 -2.53696 1.57837 -1.58006 2.20997 2.03898 -1.16098 1.09381 0.470514 1.3022 1.04068 -0.269282 1.34487 1.00912 -1.43093 1.88224 1.76195 -1.38629 0.0776233 -1.11106 0.919904 1.03035 -0.287954 -0.846794 -0.275627 -1.35879 2.23429 0.488443 0.895045 -0.576661 0.336291 1.32349 -0.178872 -0.45623 -0.604972 2.54884 0.504132 1.02704 1.71377 0.87525 0.729763 0.929056 0.663701 1.7076 0.112269 -0.27187 -2.43081 -0.262026 0.819517 -1.11972 -1.03939 -1.66192 -1.27913 -0.381591 1.45869 -0.745481 2.81766 -0.563315 -1.13411 -0.674031 -1.43925 0.765064 -1.61492 -1.62027 1.48787 1.60925 0.679716 0.963308 0.903174 -0.0372683 0.234442 -1.19029 -1.63166 -1.70026 0.363819 -0.398246 -0.273898 -3.95838 0.536808 0.108777 0.61744 0.484567 1.54264 -0.844849 0.967022 -0.207147 -3.11661 1.30796 -0.926236 0.50201 -0.0322164 0.692566 -1.88566 0.0974764 -1.06007 -2.25692 1.16981 -1.62059 -1.38693 0.537762 -0.184805 2.25563 0.835496 0.870495 2.79331 0.718477 -0.565496 0.0813537 0.271015 -1.49575 -0.342764 0.48351 0.632213 0.696413 0.0613857 -1.47605 0.828347 0.552718 -1.45516 -0.607026 -1.89948 0.0533242 2.34578 0.390076 0.601059 2.17178 1.33685 -2.71924 -1.51102 1.17898 -3.19335 2.1571 -2.93585 1.17116 1.60478 0.468456 -0.838227 0.91474 1.76687 0.90658 -0.671854 1.56152 -0.536311 -0.684379 1.25953 0.331796 -0.979615 -0.36677 2.18617 -1.54152 -1.42457 -0.124358 1.01268 0.430567 -0.2243 0.653887 0.620863 -1.33159 -0.319904 3.15263 1.35845 0.461519 -1.98488 2.78471 -0.214118 -0.356869 -1.29095 2.68514 0.549421 -0.813516 0.521004 -2.23866 -0.500655 -2.72204 -0.416108 -0.13653 1.15976 -0.0866617 0.00075275 0.574954 0.00991402 -1.44301 1.1465 -0.828026 -0.168611 -0.178837 2.8338 1.85438 -2.28248 1.14773 0.806067 -1.49054 -2.90817 -1.63185 -0.0128558 0.596499 -2.36556 2.31621 1.01612 1.94716 0.181618 0.229907 2.21405 0.432963 
0.305649 -3.40127 -0.662267 1.20139 -1.73572 -1.97473 -0.0824325 -1.93066 3.652 -1.61721 0.155447 1.03258 -0.109037 0.653634 -0.475528 -0.555303 0.817237 -1.33184 0.573355 0.705811 -0.400719 0.383515 0.746817 -1.13116 0.453912 -3.95582 -0.357854 -0.796781 -2.41021 -2.36889 -0.941778 0.17649 1.0361 -0.52442 1.79414 -0.953069 -0.537105 2.60197 -1.50496 0.410585 0.182337 -1.22645 -1.44189 -1.39545 0.53239 1.98312 -0.183234 -0.43711 0.549251 1.42471 -0.373759 0.830582 0.902883 -1.27126 -2.53629 0.220625 1.52546 -0.324114 -1.43774 -1.78729 -1.79016 1.05547 0.457549 0.5327 -0.585329 -0.466642 2.18716 0.573393 -0.982229 -1.18233 1.12939 -1.08989 -0.307345 -3.50459 -0.276655 -0.390027 -1.044 0.29739 0.119718 -0.984111 1.98533 0.769075 0.0497436 1.2268 -0.121965 -0.326244 2.67166 2.28618 1.20099 -1.55417 -0.822557 0.880098 0.975068 -0.637906 -0.160688 -0.621521 1.38877 0.819213 -0.666222 -0.490367 1.43325 -0.463814 -1.62309 -2.2918 1.88685 1.09055 0.597225 -1.09482 -1.97418 -0.0763535 -0.865522 -0.457906 -1.05795 0.741794 -0.474305 -3.5743 -2.24082 0.166034 0.438562 0.0804666 -1.64388 2.72647 0.405937 2.32237 0.859072 -0.603695 1.71414 1.13788 0.733751 1.00412 -2.98575 0.914248 0.317559 -1.51598 -1.32868 0.0302544 0.0316173 -2.09652 2.2304 2.56685 1.23936 -0.808476 -1.50176 0.56243 0.600048 -1.30706 0.952002 1.37378 -1.2093 -1.46002 -1.96396 -0.478818 -2.59504 -1.70986 0.832509 0.831774 -0.222635 -0.496392 1.76013 -1.22115 0.791317 2.62426 0.455345 0.848915 1.69032 -2.04491 1.07642 -0.30601 0.841833 -0.171462 -0.248514 -1.3747 1.14286 0.116121 3.14885 0.972335 1.02351 -0.491136 1.89582 0.864762 -2.82253 1.72717 -1.15856 2.17219 -0.457576 1.35199 -0.699695 2.17128 2.87407 -0.392464 -0.169847 1.75557 -2.26815 1.15974 -1.14521 -0.11308 1.63242 -1.24617 -0.321373 0.336199 2.0383 0.18917 2.15342 0.680085 1.63767 -2.54272 1.91798 -0.197578 -1.68952 0.318409 0.30116 0.334677 1.05208 0.189186 0.394055 0.237236 -0.332689 1.90675 -2.35602 -1.69065 1.54844 0.307439 0.7237 0.662612 -0.242171 -2.87099 -0.44385 -0.713163 1.1918 1.28065 -0.236168 1.31595 0.190415 -0.139725 1.06598 -0.290795 -0.524361 0.87157 -2.33494 -1.65151 -1.18065 0.248628 4.32622 2.66987 -0.0200684 1.00686 0.882668 0.319833 0.227367 1.23451 -0.458906 0.10136 0.483301 1.72649 -0.72495 2.07202 2.50051 -0.652464 -0.208793 0.856086 -0.968622 -0.265597 1.8576 -1.20163 -1.45021 1.17621 -1.48469 1.54085 -2.0503 -2.22005 -1.46166 0.109789 1.7309 0.610082 0.277507 0.442439 1.20921 -1.37805 -0.400681 0.0622825 2.02796 0.789525 0.525328 2.27689 0.43651 -0.205494 1.40925 2.81338 1.77385 -1.24091 1.9345 -1.32623 -0.75636 -0.0295384 1.90453 0.360411 -0.987049 -0.384867 1.34827 0.306614 
0.5473 2.53048 -0.639679 -0.197491 -1.234 -0.430162 1.8389 1.21773 0.0636004 -0.822428 3.52968 0.0588931 -1.16652 -0.661427 -1.28189 1.19075 -0.66822 -1.67774 -0.915273 -0.861849 -1.56806 0.144582 0.907732 0.560351 1.95447 -2.68575 -1.5163 -1.17136 -0.603119 -0.133893 -0.303707 0.514237 2.48043 -0.980577 0.0892065 -2.16335 -0.0770903 3.41326 -1.72262 -0.143542 2.23244 -1.78776 -1.17198 -1.63954 0.488617 -0.690614 1.98587 0.277991 -1.3904 1.92694 -0.353589 -0.722837 -1.71285 -0.151374 2.62438 -1.43986 -0.500114 1.49942 0.432534 2.47935 1.69847 -0.432296 -1.8272 -1.92379 0.0759901 0.569809 2.19681 -2.45961 -0.622649 -0.57576 -1.40765 2.2108 2.01879 -1.31792 0.620742 2.13504 -0.844387 1.17098 0.819821 0.903966 -0.445726 0.295538 -1.68249 3.02208 -1.17067 0.275248 -1.22678 0.0565147 -1.04485 -1.43598 -0.0544324 -1.92038 -0.780994 -1.89565 0.991348 -1.98974 -2.24848 -0.56061 -3.78423 -1.25952 -1.89668 -0.0274049 2.07077 0.115063 1.58179 0.153274 1.30333 0.212288 -1.70785 -1.21908 -0.435668 1.5712 1.23792 -0.181006 -1.90441 2.70587 -0.202752 0.820784 -1.44117 -0.0377647 -0.915975 0.021702 -3.83991 0.724886 -0.316745 -1.2095 0.61423 -0.510434 -1.61997 0.572492 1.34202 0.189517 0.769767 0.107343 0.178803 1.69641 0.729742 -2.65534 -0.78729 -0.327891 0.260053 0.760937 -0.0891774 1.72321 0.502257 -0.888337 1.23546 -1.5876 1.69824 1.71646 2.28977 0.628465 -2.52203 0.398785 -0.434132 0.0980017 1.21375 -1.48562 0.326146 -1.45795 -1.5576 -0.905381 -0.413727 1.62055 -0.791026 0.20348 0.435605 3.84895 -0.982513 -1.49149 1.21616 1.07125 -0.268308 0.851987 -1.15589 1.62207 -1.02361 -0.229726 0.0467776 -0.377364 -0.72868 0.484955 0.459001 -1.1878 -0.0754447 0.601018 -0.181769 -1.21986 0.688187 2.72273 -0.539846 -1.05128 1.00719 -1.55827 -0.458272 -1.25621 -1.4477 -0.332652 0.495678 0.854029 -0.106413 0.32749 -0.875413 -1.2195 1.73767 -2.0944 -0.00373213 -0.217611 3.05146 1.21667 1.96819 -1.23787 -1.97243 -1.861 0.123918 -0.40572 -1.00975 -0.310836 -0.926461 1.75306 0.768219 0.191288 0.45472 1.32595 0.158758 -1.27904 3.86967 -0.435681 0.786237 1.09022 0.474056 0.282579 -1.80907 -2.16492 -0.965359 0.372073 2.8195 -1.69334 -2.81179 -0.254094 -0.500947 -1.82859 1.41287 0.0573664 0.0743461 1.58247 -0.903057 2.04992 0.993683 -0.0811443 0.157766 -0.542485 -2.48642 0.60457 0.562733 0.67678 1.93623 -1.78807 -2.22811 -2.4906 1.07966 -0.499207 -1.10314 -1.62269 1.42811 -1.7489 -0.587243 -2.13635 0.311245 -3.18415 -2.36964 -1.81353 -1.55277 -0.393949 -2.23829 -0.188472 -2.00705 -0.640392 2.2032 0.401781 0.719749 -0.140195 1.33688 0.599854 1.12172 -3.69435 -0.0171503 -1.91171 -0.70056 0.03412 2.84292 1.44085 0.0828455 0.248131 -2.29951 1.36668 -0.0491489 2.06048 -1.77509 -0.650291 
1.22621 0.185452 2.49681 -2.2951 -1.15685 0.0781671 -0.924132 1.66672 -1.14127 0.471213 0.506111 1.14811 -0.391575 1.02374 -0.416677 0.136351 0.840777 -1.21812 -2.33477 -0.881705 0.695665 0.546935 -1.47675 -1.44762 -1.46206 -2.23911 -0.0830462 3.80566 1.1068 1.74711 -0.776467 1.2216 -0.313845 -0.392705 -0.527418 -1.96504 0.30213 -1.6291 -0.517313 -0.443092 -0.492748 2.9777 -0.0922551 1.38631 -1.46489 2.6267 1.57402 0.893637 -0.396635 1.9299 1.3244 0.821983 -2.76481 -1.46198 -1.26313 -0.97378 0.501332 -1.20501 2.26667 -0.00635134 -0.22134 -0.0489403 -0.443515 -1.43755 1.2701 -0.295732 1.67321 0.136706 1.93372 -0.0857569 0.161503 -0.335763 -2.64867 0.0806645 -2.03269 -1.51667 -0.990253 0.902626 1.92884 1.29065 2.58109 0.352547 -0.89601 -0.0815929 -0.921554 -2.38802 -0.906499 -0.539834 -1.43759 0.837245 -1.09537 -0.392438 -1.27875 0.325987 3.51831 -2.17333 1.84013 0.17847 -0.243601 0.679178 2.49827 0.412447 -1.84615 2.11135 1.91699 -2.01991 1.55964 -2.87869 -0.917772 1.52512 -0.351829 1.67478 0.4255 2.88499 -2.25526 -0.408974 -0.680731 0.314602 0.276756 0.460145 -0.645282 -0.441913 -1.49358 -1.01695 0.211722 0.791163 1.04793 -2.61626 -0.430854 1.42133 1.2876 1.27416 0.670102 1.18409 -0.869424 1.04763 -0.181341 -1.75962 0.573599 -0.488203 0.0458039 -2.82765 1.54241 1.80896 -2.60499 -0.27475 0.422672 -0.0810599 1.34583 2.10192 -1.56694 0.256017 0.406963 -0.0743114 0.958016 -1.17642 -0.20003 0.168476 -0.863683 1.77099 -0.346553 -1.05136 1.42689 1.70208 -1.34261 -0.52389 0.595725 -0.360292 -0.127867 0.566615 -0.332555 -0.331229 -1.58396 -1.36536 0.686801 1.34003 2.94145 0.594657 1.64029 -1.40577 1.58269 1.20137 0.784549 0.779396 0.96237 1.1122 -0.198989 -1.48514 -2.1187 2.25904 -1.04093 2.28781 0.889828 -1.05369 2.35555 -1.54788 3.55901 -0.123093 -2.20772 -1.31854 -0.0744073 -0.201722 -1.63515 -2.65504 4.82444 0.199247 0.547516 0.186439 -0.67466 1.6224 0.411295 2.00435 0.583768 -0.381638 -2.77502 -0.107129 0.0818062 -0.473216 -0.0513576 -0.47325 0.416563 1.60177 -1.08773 -0.96956 0.920283 1.77799 -1.00578 1.57157 0.442942 -0.226661 -1.39068 0.684879 -0.810172 -0.110891 0.391057 2.05267 -1.46669 -1.74634 -1.14286 -0.208983 -1.14798 1.42055 1.83951 -0.341942 -1.20539 -0.363611 -0.205114 -0.871978 -0.6359 0.936952 -0.54356 1.3154 0.254045 -2.27402 -0.827732 1.13013 2.34983 -1.71688 -0.0277071 -1.77179 -1.06023 -0.557737 0.961798 1.65332 0.323904 -0.203655 0.874495 2.09697 -0.755779 -0.908688 0.0801292 -1.09701 -0.806442 -0.272682 0.873602 -1.46064 -0.362233 -0.333158 -1.63277 0.947356 0.73682 -0.877977 -1.34254 0.293285 -1.0084 -1.52369 -0.478303 0.99874 -1.94486 -2.19116 0.655409 2.27776 -2.56848 -0.309068 -1.83481 -0.0216068 0.773066 1.21871 -2.46558 -1.05888 
-0.523535 -0.185261 1.22122 -0.439432 -1.92817 0.0712408 -1.20121 -1.9436 -0.842635 0.171715 -0.808079 0.890834 2.01257 0.772993 2.00172 -2.65018 1.79608 0.960907 -1.65465 1.25567 0.936851 -2.02308 0.861277 0.571704 -0.446961 0.491865 -2.87304 1.0709 0.015252 -0.321043 -0.143955 -0.735641 -0.612781 -1.15102 1.57349 -0.590788 -0.0586236 -1.81799 -0.405661 -0.939304 -1.53493 -1.27161 0.181072 1.65024 0.0094098 -0.235049 1.87813 2.83823 1.5284 -3.08192 2.75259 -1.36386 0.824682 2.29934 -1.00806 -1.89666 0.794443 1.3246 -1.05481 -2.73741 3.15047 1.20646 -3.21374 2.44686 1.0771 1.53989 2.26064 1.55493 1.21865 -2.17219 -1.03442 -1.88426 0.456536 -2.91322 -1.65041 -1.35874 -1.32514 -1.34803 -0.577819 2.62508 2.56837 1.90722 -1.23376 -2.18292 0.0750071 0.635857 -1.05898 0.965959 -2.15909 -2.52586 0.0639635 2.07122 -1.17787 0.996443 0.25863 1.69488 3.25023 1.1742 -0.662055 0.524947 1.14959 2.804 -0.985623 0.732421 -0.701964 -1.17022 0.732185 0.341954 -0.302186 -0.31639 -2.32642 1.56245 0.442325 0.820132 2.00822 1.61237 -0.988982 -1.48322 -1.73375 2.33408 0.917692 -0.755264 0.566109 -2.04531 0.221233 -1.20981 -0.166926 0.097856 1.41212 0.856623 3.27719 1.97244 0.0823443 -0.428008 0.514795 1.02705 -0.113105 2.07874 -1.89028 -0.719633 -0.946369 -0.741303 1.10839 -1.24104 -3.84056 -1.01855 -0.115003 -2.19493 -1.16496 2.9084 -0.58019 0.395015 1.29094 -0.226161 -0.200966 -1.55546 1.60621 1.51183 0.303564 2.37606 -1.16778 -0.156645 0.360317 -2.98894 1.34826 -1.91936 -1.10077 -0.163331 -1.77391 1.74823 -2.03922 -3.57842 -1.99885 -1.76626 0.865517 0.117974 0.330898 2.07374 -1.33328 -0.0826118 0.406064 -1.37102 -0.676439 0.526586 0.210827 -0.2895 -0.613988 1.06836 1.36529 1.06535 1.53249 1.21986 0.171564 -1.83689 -2.44703 0.318961 0.811403 -0.0253679 -1.42252 1.02368 1.81463 0.0609842 0.862694 0.708375 -2.9893 0.387153 -2.617 -1.27907 0.985824 -0.42164 0.543407 -3.04101 0.559755 -0.0515395 -1.55105 1.44001 -0.577759 0.457776 -0.862646 1.66883 0.0887594 1.341 2.19242 -1.07624 -1.12966 0.872738 -1.33861 -2.39408 -1.41252 1.21141 -4.67285 1.52216 0.451484 -0.491443 -0.435439 0.216872 -2.74544 -1.70739 1.48592 1.19897 1.99875 0.0661406 -3.31626 2.83714 -0.638259 2.70563 2.26796 -0.747851 1.78923 0.237616 0.197022 0.223309 1.13327 -0.194183 -1.67278 -1.22409 -0.105434 1.74691 -0.276063 0.116386 2.14173 -1.82133 3.75108 0.251682 0.897447 -0.955583 1.18218 -0.896117 -0.24053 -1.87032 1.61158 -0.33008 1.72821 1.24146 -0.937355 -1.13328 -1.49882 0.751076 -1.80803 -1.98204 -0.855835 0.370371 0.787146 -1.60283 -0.290758 1.44799 0.832867 1.40488 -0.368234 -0.279232 -0.715325 1.30007 1.02114 2.35116 -1.98985 -1.00765 -0.981234 0.249547 -0.971396 -0.0275976 
