1372 1.00001
38.379 38.379 38.379 
19.1345 19.1345 19.1345 
1 1 1 1 1 1 1 1 1 1 1 1 1 1 1 1 1 1 1 1 1 1 1 1 1 1 1 1 1 1 1 1 1 1 1 1 1 1 1 1 1 1 1 1 1 1 1 1 1 1 1 1 1 1 1 1 1 1 1 1 1 1 1 1 1 1 1 1 1 1 1 1 1 1 1 1 1 1 1 1 1 1 1 1 1 1 1 1 1 1 1 1 1 1 1 1 1 1 1 1 
1 1 1 1 1 1 1 1 1 1 1 1 1 1 1 1 1 1 1 1 1 1 1 1 1 1 1 1 1 1 1 1 1 1 1 1 1 1 1 1 1 1 1 1 1 1 1 1 1 1 1 1 1 1 1 1 1 1 1 1 1 1 1 1 1 1 1 1 1 1 1 1 1 1 1 1 1 1 1 1 1 1 1 1 1 1 1 1 1 1 1 1 1 1 1 1 1 1 1 1 
1 1 1 1 1 1 1 1 1 1 1 1 1 1 1 1 1 1 1 1 1 1 1 1 1 1 1 1 1 1 1 1 1 1 1 1 1 1 1 1 1 1 1 1 1 1 1 1 1 1 1 1 1 1 1 1 1 1 1 1 1 1 1 1 1 1 1 1 1 1 1 1 1 1 1 1 1 1 1 1 1 1 1 1 1 1 1 1 1 1 1 1 1 1 1 1 1 1 1 1 
1 1 1 1 1 1 1 1 1 1 1 1 1 1 1 1 1 1 1 1 1 1 1 1 1 1 1 1 1 1 1 1 1 1 1 1 1 1 1 1 1 1 1 1 1 1 1 1 1 1 1 1 1 1 1 1 1 1 1 1 1 1 1 1 1 1 1 1 1 1 1 1 1 1 1 1 1 1 1 1 1 1 1 1 1 1 1 1 1 1 1 1 1 1 1 1 1 1 1 1 
1 1 1 1 1 1 1 1 1 1 1 1 1 1 1 1 1 1 1 1 1 1 1 1 1 1 1 1 1 1 1 1 1 1 1 1 1 1 1 1 1 1 1 1 1 1 1 1 1 1 1 1 1 1 1 1 1 1 1 1 1 1 1 1 1 1 1 1 1 1 1 1 1 1 1 1 1 1 1 1 1 1 1 1 1 1 1 1 1 1 1 1 1 1 1 1 1 1 1 1 
1 1 1 1 1 1 1 1 1 1 1 1 1 1 1 1 1 1 1 1 1 1 1 1 1 1 1 1 1 1 1 1 1 1 1 1 1 1 1 1 1 1 1 1 1 1 1 1 1 1 1 1 1 1 1 1 1 1 1 1 1 1 1 1 1 1 1 1 1 1 1 1 1 1 1 1 1 1 1 1 1 1 1 1 1 1 1 1 1 1 1 1 1 1 1 1 1 1 1 1 
1 1 1 1 1 1 1 1 1 1 1 1 1 1 1 1 1 1 1 1 1 1 1 1 1 1 1 1 1 1 1 1 1 1 1 1 1 1 1 1 1 1 1 1 1 1 1 1 1 1 1 1 1 1 1 1 1 1 1 1 1 1 1 1 1 1 1 1 1 1 1 1 1 1 1 1 1 1 1 1 1 1 1 1 1 1 1 1 1 1 1 1 1 1 1 1 1 1 1 1 
1 1 1 1 1 1 1 1 1 1 1 1 1 1 1 1 1 1 1 1 1 1 1 1 1 1 1 1 1 1 1 1 1 1 1 1 1 1 1 1 1 1 1 1 1 1 1 1 1 1 1 1 1 1 1 1 1 1 1 1 1 1 1 1 1 1 1 1 1 1 1 1 1 1 1 1 1 1 1 1 1 1 1 1 1 1 1 1 1 1 1 1 1 1 1 1 1 1 1 1 
1 1 1 1 1 1 1 1 1 1 1 1 1 1 1 1 1 1 1 1 1 1 1 1 1 1 1 1 1 1 1 1 1 1 1 1 1 1 1 1 1 1 1 1 1 1 1 1 1 1 1 1 1 1 1 1 1 1 1 1 1 1 1 1 1 1 1 1 1 1 1 1 1 1 1 1 1 1 1 1 1 1 1 1 1 1 1 1 1 1 1 1 1 1 1 1 1 1 1 1 
1 1 1 1 1 1 1 1 1 1 1 1 1 1 1 1 1 1 1 1 1 1 1 1 1 1 1 1 1 1 1 1 1 1 1 1 1 1 1 1 1 1 1 1 1 1 1 1 1 1 1 1 1 1 1 1 1 1 1 1 1 1 1 1 1 1 1 1 1 1 1 1 1 1 1 1 1 1 1 1 1 1 1 1 1 1 1 1 1 1 1 1 1 1 1 1 1 1 1 1 
1 1 1 1 1 1 1 1 1 1 1 1 1 1 1 1 1 1 1 1 1 1 1 1 1 1 1 1 1 1 1 1 1 1 1 1 1 1 1 1 1 1 1 1 1 1 1 1 1 1 1 1 1 1 1 1 1 1 1 1 1 1 1 1 1 1 1 1 1 1 1 1 1 1 1 1 1 1 1 1 1 1 1 1 1 1 1 1 1 1 1 1 1 1 1 1 1 1 1 1 
1 1 1 1 1 1 1 1 1 1 1 1 1 1 1 1 1 1 1 1 1 1 1 1 1 1 1 1 1 1 1 1 1 1 1 1 1 1 1 1 1 1 1 1 1 1 1 1 1 1 1 1 1 1 1 1 1 1 1 1 1 1 1 1 1 1 1 1 1 1 1 1 1 1 1 1 1 1 1 1 1 1 1 1 1 1 1 1 1 1 1 1 1 1 1 1 1 1 1 1 
1 1 1 1 1 1 1 1 1 1 1 1 1 1 1 1 1 1 1 1 1 1 1 1 1 1 1 1 1 1 1 1 1 1 1 1 1 1 1 1 1 1 1 1 1 1 1 1 1 1 1 1 1 1 1 1 1 1 1 1 1 1 1 1 1 1 1 1 1 1 1 1 1 1 1 1 1 1 1 1 1 1 1 1 1 1 1 1 1 1 1 1 1 1 1 1 1 1 1 1 
1 1 1 1 1 1 1 1 1 1 1 1 1 1 1 1 1 1 1 1 1 1 1 1 1 1 1 1 1 1 1 1 1 1 1 1 1 1 1 1 1 1 1 1 1 1 1 1 1 1 1 1 1 1 1 1 1 1 1 1 1 1 1 1 1 1 1 1 1 1 1 1 
0 0.798614 1.54124 1.42454 0 1.47222 3.84325 4.14374 0 4.31787 1.29156 4.01855 0 4.09214 4.08786 1.14309 0 6.89182 1.07617 1.48679 0 6.71203 3.78024 3.82801 0 9.56898 0.939139 3.92834 0 9.90406 3.73488 1.37054 0 12.0433 0.852659 1.48573 0 12.3037 3.93995 4.11163 0 15.0655 1.10132 4.41763 0 14.9785 3.58242 1.33989 0 17.6546 0.749755 1.04298 0 17.8167 3.30946 3.8842 0 20.4008 0.796112 3.66654 0 20.3541 3.42869 1.17306 0 22.9466 1.21289 1.17999 0 23.2984 3.96798 3.79225 0 25.7548 1.58183 3.59091 0 25.9348 4.04718 1.08609 0 28.9813 1.34332 1.33528 0 27.9656 4.47454 4.18179 0 31.3097 1.60495 3.99469 0 31.568 3.99667 1.05421 0 34.4435 1.34178 1.02641 0 33.7275 4.18139 4.13096 0 37.3219 1.22148 4.50292 0 36.8501 4.45232 2.03649 0 1.11366 6.42471 1.16646 0 1.66368 9.48932 4.39416 0 3.88618 6.41879 4.11103 0 4.35197 9.36027 1.75575 0 6.95917 6.32925 1.56894 0 6.96994 9.26316 4.14048 0 9.61431 6.20308 4.28855 0 9.70934 9.3077 1.30163 0 12.5556 6.44412 1.61656 0 12.1471 9.55138 3.68215 0 15.7272 6.7433 4.10368 0 15.1969 9.83059 1.55675 0 18.0473 6.38056 1.45793 0 18.0923 9.81105 3.99606 0 20.3486 6.39878 4.23433 0 19.9556 9.38843 1.00692 0 22.997 6.91053 0.968436 0 22.4457 9.69641 3.78149 0 25.212 7.30411 3.59234 0 25.3048 9.49376 0.878254 0 28.4051 7.12855 0.969218 0 28.2591 9.53902 3.87524 0 31.3108 7.18843 4.2343 0 31.502 8.9701 1.0533 0 34.47 6.77321 0.92042 0 34.4201 9.07843 3.91036 0 37.6726 7.04549 4.12468 0 37.2217 9.4503 1.52844 0 1.61289 12.4195 1.29389 0 1.76968 15.3397 4.15529 0 4.14125 12.2762 3.74753 0 4.42525 15.0974 1.17987 0 7.07209 11.7714 1.36762 0 7.00954 14.9263 3.87022 0 9.56364 12.0141 4.04303 0 9.52439 14.9249 1.49125 0 11.9752 12.2421 1.39524 0 12.5839 15.0491 4.43786 0 14.7227 12.2994 3.93721 0 15.0956 15.3758 1.63638 0 17.4777 12.6801 1.32095 0 17.5319 15.2399 3.84745 0 20.1712 12.8486 3.76974 0 20.1424 15.6856 1.43948 0 22.9138 12.2471 0.957611 0 23.0792 15.2811 3.66318 0 25.4804 12.0535 3.41997 0 25.9243 14.4892 1.01432 0 29.1322 11.8851 1.20272 0 28.5908 14.4612 4.37837 0 31.3945 12.0412 4.41012 0 31.6641 14.7334 1.60026 0 34.1992 11.9445 1.89801 0 33.9666 15.086 4.55566 0 37.1947 12.3612 4.33317 0 37.1641 14.6621 1.053 0 2.04313 17.8327 1.65321 0 1.63692 20.2056 4.47542 0 4.47153 17.6405 4.18632 0 4.34306 20.7931 1.59148 0 7.27938 17.9215 1.37818 0 7.0854 20.6335 4.08881 0 9.87413 17.8879 4.18836 0 9.76751 20.6521 0.964541 0 12.0741 17.9138 1.33146 0 11.8019 21.0216 4.28302 0 14.4963 18.3022 4.01763 0 14.3481 20.9499 1.11607 0 17.3579 18.3235 1.30983 0 17.4204 21.0527 3.83895 0 20.3223 17.6977 4.34816 0 20.4487 20.7554 1.6332 
0 23.2377 17.6861 1.18417 0 23.4571 20.243 4.17894 0 25.8107 17.3719 4.20657 0 25.7095 20.4407 0.956081 0 28.4867 17.1195 1.69193 0 28.3359 20.4504 3.31967 0 31.175 17.4975 4.13286 0 31.4565 20.2815 1.72397 0 34.1425 17.5465 1.66012 0 34.3584 20.6236 4.15147 0 36.8581 18.0519 4.41778 0 37.1115 20.5354 1.36838 0 1.72145 23.2687 1.88702 0 1.56947 26.3283 3.76059 0 4.33372 23.4378 4.40749 0 4.74701 26.0473 1.4088 0 7.50416 23.8196 1.29774 0 6.83128 25.8497 4.39133 0 9.53421 23.5416 3.93869 0 9.49285 26.4034 1.28605 0 12.0215 23.4716 1.07581 0 12.2815 26.1311 3.72487 0 14.8079 23.4379 4.3261 0 14.775 26.1053 0.96402 0 17.43 23.5007 1.41293 0 17.6269 25.5942 4.52397 0 20.5296 23.405 4.15296 0 20.8492 25.7665 1.41247 0 23.3745 23.0848 1.48513 0 23.6829 25.7303 3.9768 0 26.2143 23.5055 4.00671 0 26.3435 26.6274 1.20561 0 28.2924 23.2121 1.16478 0 28.8846 26.6105 4.24045 0 30.846 23.0794 3.91289 0 31.2663 25.8651 1.43606 0 33.7088 23.3415 1.45624 0 34.3548 26.0382 3.79821 0 37.1036 23.1204 3.85803 0 37.0943 25.962 1.54733 0 1.6001 28.3016 0.936132 0 0.908949 31.6634 4.14333 0 4.12025 28.9301 4.08499 0 3.84931 31.8866 1.56545 0 6.85837 28.9849 1.12054 0 6.32761 31.8659 4.09579 0 8.86678 29.2148 3.90419 0 9.61686 31.3238 1.32089 0 12.1402 28.9378 1.3694 0 12.1137 31.5476 4.11431 0 15.1343 28.5275 3.77968 0 14.7875 31.273 1.53432 0 18.059 28.379 1.45347 0 17.9725 31.2578 3.78591 0 20.7328 28.7123 4.32033 0 20.6172 31.1689 1.38148 0 23.3034 28.3568 1.67189 0 23.0751 31.2733 4.19864 0 25.8219 28.5758 4.4246 0 25.8254 31.198 1.38052 0 29.2953 28.7068 1.6654 0 29.0653 31.043 4.48248 0 31.9558 28.7155 4.10451 0 31.514 31.24 1.76844 0 34.4654 28.8308 1.6703 0 34.9514 31.4192 4.16086 0 37.2131 28.6148 4.14387 0 37.3668 31.0179 1.08892 0 1.05099 33.8273 1.36636 0 1.62671 37.5149 4.11358 0 3.97076 34.3745 4.48668 0 4.29429 36.437 1.4113 0 6.79474 34.2317 1.26502 0 6.96715 37.0394 4.01993 0 9.39541 34.1451 4.04277 0 9.53192 36.7259 1.16691 0 12.1378 34.2268 1.19103 0 12.3692 36.4054 4.1075 0 15.3148 33.9788 4.01071 0 15.0361 36.6112 1.44703 0 17.5195 34.1252 1.1862 0 17.812 36.5193 3.85779 0 20.439 33.9639 4.2852 0 20.4175 36.495 1.28653 0 23.3108 33.7901 1.31405 0 23.1295 36.6945 3.65106 0 26.1212 34.2361 4.42377 0 25.9377 36.9204 0.885615 0 28.7971 34.1594 1.57487 0 28.5641 36.9539 3.69712 0 31.4564 34 4.30041 0 31.8305 36.8238 1.40175 0 34.4052 33.9543 1.79024 0 34.0167 37.3374 4.40267 0 36.5703 34.6858 4.53921 0 36.655 36.8214 1.4628 0 1.60968 1.26416 7.09206 0 1.1022 4.20673 9.89559 0 4.20935 1.94323 9.37259 0 4.24155 4.06496 6.51979 
0 7.03869 1.45802 6.76616 0 7.51095 3.84621 9.75092 0 9.57584 0.868714 9.28246 0 10.0588 3.82046 7.01592 0 12.2559 1.07289 6.87374 0 12.4044 3.73759 9.87415 0 15.0255 0.962703 9.39965 0 15.3144 4.34958 6.54356 0 18.0904 0.878555 6.65676 0 18.0321 3.66652 9.25517 0 20.6738 1.1254 9.64639 0 20.6787 3.67163 6.57994 0 23.1382 0.835978 6.24192 0 23.0403 4.18021 9.91659 0 25.8108 1.59064 9.4741 0 25.4059 3.94928 6.7716 0 28.2046 1.58449 6.71748 0 28.0792 4.24486 9.92327 0 31.0495 1.33132 9.50504 0 31.062 4.39599 6.92699 0 33.6303 1.35057 6.65954 0 33.8421 4.01772 9.93596 0 36.4967 1.7238 9.7227 0 37.2315 3.96197 6.88075 0 1.43 6.93612 7.0421 0 2.22236 9.66827 9.36208 0 4.65391 6.35423 9.67437 0 4.62782 9.32776 6.88251 0 6.83195 6.25341 6.71169 0 7.15601 9.44432 9.55816 0 9.90093 6.80115 9.6856 0 9.72663 9.44525 6.63665 0 12.1882 6.72869 6.9674 0 12.3074 9.52031 9.49599 0 15.1063 6.32486 9.73909 0 14.8809 8.95714 6.65321 0 18.1052 6.46652 7.11365 0 17.7971 9.18713 9.65796 0 20.3142 6.96757 9.92468 0 20.1386 9.40181 7.07466 0 22.7128 7.08396 6.6889 0 22.8031 10.0433 9.50485 0 25.6893 7.56979 9.10523 0 25.281 9.76081 6.14046 0 28.33 6.94949 6.84721 0 28.8193 9.26417 9.58311 0 31.2374 6.81192 9.62077 0 31.4876 9.60827 6.86329 0 34.4887 6.66864 6.7416 0 34.4788 9.59163 9.5043 0 37.1975 6.77359 9.58758 0 37.3475 9.59982 6.79816 0 1.68341 12.503 6.79728 0 1.55957 14.7364 9.59166 0 4.48441 12.2672 9.65099 0 4.57727 14.6869 6.59184 0 7.39525 12.374 6.98009 0 6.95166 14.686 9.54578 0 9.77609 12.2945 9.4591 0 9.65979 15.1872 6.85543 0 12.5635 12.0811 6.75842 0 12.4914 14.9769 8.95838 0 15.0038 12.1713 9.32468 0 15.3315 15.4504 6.73307 0 17.2593 12.2558 6.51988 0 17.7989 15.2155 9.20908 0 19.6514 12.3023 9.56955 0 20.1345 14.8179 6.88234 0 22.7984 12.1999 6.51335 0 22.81 14.6084 9.59862 0 25.9632 12.1641 9.59916 0 25.5672 14.9835 6.98849 0 28.4999 11.671 6.84851 0 28.297 14.9934 9.35644 0 31.248 12.3664 9.24279 0 30.9055 15.0346 6.84487 0 34.5582 12.1825 6.33613 0 34.0486 14.3416 9.09679 0 37.4852 12.0711 9.13529 0 36.9964 15.1078 6.96904 0 1.96125 17.4833 6.93246 0 1.09737 20.4209 9.59254 0 4.34783 17.5022 9.51169 0 4.14164 20.3969 6.86735 0 6.79586 17.9014 6.985 0 6.36484 20.5623 9.80672 0 9.58877 17.3178 9.54198 0 9.39869 20.1726 6.84304 0 12.1514 17.8433 6.7461 0 12.188 20.5983 9.61998 0 14.8078 17.8633 9.22281 0 14.5475 20.7355 6.46176 0 17.2725 18.2452 6.3531 0 17.4113 20.9483 9.52653 0 20.6356 17.6708 9.35674 0 20.3941 20.9226 6.52695 0 23.3652 17.84 6.95955 0 23.1172 20.4554 9.48523 0 25.9658 17.8375 9.3596 0 25.7388 20.3567 6.55877 
0 28.4356 17.4256 6.65956 0 28.4961 20.6896 9.10152 0 31.2622 18.0017 9.19539 0 31.0597 20.3287 6.36649 0 34.2977 17.6753 7.06536 0 34.0909 20.4926 9.13844 0 37.0775 17.8156 9.31916 0 37.1344 20.5585 6.76528 0 1.24064 23.4135 6.43005 0 1.23707 26.3211 9.29036 0 3.76994 23.1863 9.36699 0 3.7158 25.8917 6.75286 0 7.2286 23.0048 6.80783 0 6.50018 25.9164 9.58646 0 9.15237 23.1007 9.96014 0 9.54805 26.3636 7.10235 0 11.9095 23.3848 6.95224 0 12.1431 26.5716 9.48145 0 14.7072 23.8827 9.66623 0 14.9829 26.6002 6.83103 0 17.6598 23.0215 6.78541 0 17.5308 25.9145 9.35448 0 20.2912 23.4695 9.53464 0 20.3625 25.9963 6.78626 0 23.2504 23.2926 6.91451 0 23.1316 25.7847 9.55541 0 25.9563 23.193 9.51896 0 26.1636 26.1029 7.19433 0 28.4141 23.4098 6.91975 0 28.9032 26.0389 9.67378 0 31.7355 23.2151 9.07062 0 31.2915 26.037 6.75226 0 33.7878 23.421 6.03576 0 34.4439 25.7592 8.92676 0 36.9038 23.1792 9.41121 0 36.9268 25.8215 6.40768 0 1.63458 28.7609 6.84125 0 1.27613 31.5974 9.48229 0 4.05387 28.9398 9.57737 0 3.87022 31.5325 6.68024 0 6.61337 28.6838 6.63205 0 6.6056 31.8718 9.59564 0 8.95126 29.1099 9.43846 0 9.32166 31.5447 6.29607 0 12.1266 28.5467 6.43325 0 12.1602 31.3617 9.16436 0 14.9688 28.9253 9.16262 0 14.8691 31.6141 6.8482 0 18.0171 28.6859 6.89839 0 17.924 31.2608 9.72887 0 21.0066 28.7084 9.5345 0 20.6685 31.208 6.95194 0 23.3835 28.5821 6.93989 0 23.634 31.6017 9.75746 0 25.751 28.7183 10.1006 0 25.7067 31.4567 6.8865 0 28.8019 28.9865 7.40621 0 28.2155 31.3999 9.99337 0 31.5639 28.7633 10.0427 0 31.6118 31.3074 7.46408 0 34.5822 29.0965 6.5664 0 34.2551 31.6395 9.83357 0 36.7739 28.7984 9.10181 0 36.7396 31.884 7.21649 0 1.29848 34.4131 7.12253 0 1.46894 37.4451 9.79402 0 3.6582 34.814 9.83454 0 4.36351 37.2407 6.8767 0 6.9469 34.2187 7.04638 0 6.617 37.0838 9.61897 0 9.60966 34.489 9.16153 0 9.63715 36.9154 6.52492 0 12.3433 34.0175 6.85323 0 12.5704 36.9072 9.24635 0 15.1913 33.9017 9.3581 0 15.0077 36.8112 6.57701 0 18.0435 34.0335 6.8767 0 17.8705 36.5659 9.39512 0 20.8775 34.044 9.44543 0 20.7224 36.9158 6.55904 0 23.2539 34.3313 6.82959 0 23.4236 36.8289 9.64344 0 26.2125 34.1759 9.10356 0 25.7276 36.8405 6.9115 0 28.8381 33.8323 6.81923 0 28.7997 36.9208 9.69658 0 31.202 34.3785 9.56453 0 31.1268 36.752 6.29311 0 33.8984 34.2868 7.16539 0 33.9072 37.5525 9.46507 0 37.0821 34.3289 9.83279 0 37.1942 36.9662 7.67068 0 0.702294 1.75754 12.4851 0 1.11078 4.42013 15.2771 0 3.51932 1.52803 15.5168 0 4.15444 4.07936 12.5514 0 6.97403 1.32837 12.2112 0 6.91059 3.92614 15.1294 0 10.3123 0.811171 15.2971 0 9.87971 3.74773 12.6866 
0 12.8266 1.02087 12.3922 0 12.8053 3.98055 14.5853 0 15.5289 1.09913 14.9403 0 15.731 3.86911 12.1462 0 17.7533 0.837362 11.9666 0 17.9008 3.82636 15.0964 0 20.3756 1.27885 15.2582 0 20.2759 4.07397 12.5386 0 23.0033 0.944757 12.236 0 23.126 3.78245 14.9496 0 25.9299 1.24905 14.9812 0 25.6859 4.31789 12.3226 0 28.5727 1.58577 12.4999 0 28.6698 4.40068 15.2442 0 31.1286 1.61395 15.2771 0 31.0876 4.09382 12.1091 0 33.7679 1.77293 12.6815 0 34.231 4.34463 15.313 0 36.7089 1.49722 15.0951 0 36.5499 4.6357 12.6472 0 1.24781 7.12315 12.3518 0 0.954586 9.56635 15.1526 0 3.70619 7.14886 15.052 0 4.18585 9.73035 12.3453 0 6.7502 6.63236 12.6488 0 6.37644 10.2848 15.0045 0 10.1075 6.72988 15.4818 0 9.16104 9.49871 12.4364 0 12.301 6.65813 12.4323 0 12.5558 9.32755 15.3593 0 15.1851 6.93163 15.3021 0 15.1653 9.44337 12.2009 0 17.6877 6.88612 12.9521 0 17.9909 9.61694 15.4087 0 20.593 6.65241 15.2172 0 20.0193 9.67108 12.1421 0 22.9573 6.87871 12.2574 0 22.8109 9.8569 15.2609 0 25.6344 6.61142 15.1779 0 25.7082 9.24602 12.2074 0 28.7384 6.96614 12.5166 0 28.6533 9.55741 15.0555 0 31.4788 6.74406 15.3251 0 31.4926 9.90709 12.2547 0 34.0943 7.24254 12.4605 0 34.1474 9.66368 15.1105 0 36.4002 7.18009 15.5642 0 37.0482 9.34066 12.0229 0 1.37985 12.273 12.0288 0 1.03459 14.8289 14.5011 0 3.43003 12.2465 15.0522 0 4.13557 14.8507 12.1705 0 7.0021 12.3948 12.0991 0 7.03733 15.0774 14.804 0 9.23735 12.077 15.3761 0 10.1621 15.0176 12.1476 0 12.2587 12.1381 12.3133 0 12.8739 14.9223 14.8433 0 15.1767 12.2198 14.7843 0 15.1604 15.1604 11.8871 0 17.5636 12.4313 12.5698 0 17.7415 15.5944 14.939 0 20.4391 12.4829 15.1002 0 20.1579 15.6296 12.2263 0 23.3205 12.0806 12.3998 0 23.203 14.9575 14.6741 0 25.8272 12.7995 15.1199 0 26.117 15.1419 12.0967 0 28.3681 11.975 12.2983 0 28.6763 15.5275 14.459 0 31.0807 12.4282 14.9625 0 31.6261 14.7626 11.8761 0 34.1756 12.3272 12.1785 0 34.0113 15.1461 14.9262 0 36.6619 12.1092 14.5505 0 36.9542 14.9244 11.8411 0 1.07183 17.5479 11.8382 0 1.06096 20.401 14.6639 0 4.16464 17.213 14.8593 0 3.80962 20.305 11.9274 0 6.80606 17.465 12.175 0 6.33903 20.1525 14.5999 0 9.8768 17.3393 15.0421 0 9.41427 20.2809 12.4338 0 12.3735 18.0564 12.2538 0 12.242 20.8461 15.4606 0 15.1094 18.2439 15.2121 0 14.7285 21.2189 12.0508 0 17.3995 18.3666 11.8796 0 17.7816 20.5533 14.8748 0 20.2403 18.0696 15.0028 0 20.1248 21.1383 12.2488 0 23.1588 18.073 12.5712 0 22.9451 20.8374 14.7234 0 26.0397 17.7717 14.722 0 25.9969 20.5224 11.8449 0 28.9141 18.136 11.7758 0 28.6034 20.488 14.8866 0 31.3685 18.066 14.5996 0 31.3098 20.546 11.7559 
0 34.1878 17.5051 11.6983 0 34.0649 20.4598 14.5031 0 37.0649 17.6982 14.9222 0 36.5645 20.3437 11.8645 0 1.2695 22.9217 12.1777 0 0.703097 25.7637 14.3255 0 3.89547 22.9404 14.837 0 3.97837 25.9578 12.2591 0 7.01291 23.4011 12.7165 0 7.09575 26.6509 14.6815 0 9.69079 23.4574 14.7111 0 9.4236 26.3729 11.7846 0 12.1614 23.6644 12.4317 0 11.9873 26.5939 14.5967 0 15.068 23.5419 14.9306 0 14.9808 26.5182 12.001 0 17.4579 23.4921 12.189 0 17.8854 26.2062 14.824 0 20.5923 23.4967 15.1304 0 20.5411 26.2183 12.2763 0 22.9134 23.4611 12.036 0 23.4004 26.0424 14.8892 0 26.4777 23.3727 14.4366 0 25.8197 25.6567 11.9407 0 28.8814 22.9058 11.7579 0 28.7094 26.2803 15.1051 0 31.3133 23.2035 14.6716 0 31.2729 25.81 12.5711 0 34.0868 23.4331 11.8024 0 34.0302 25.8129 14.7848 0 36.6406 23.1793 14.6912 0 36.7051 25.9993 11.8152 0 1.47654 28.5456 11.8874 0 0.771093 31.7754 15.0185 0 3.79534 28.902 14.6115 0 3.49178 31.3572 12.0557 0 6.61055 29.1257 12.2726 0 6.77208 31.5567 14.8072 0 9.78887 29.4662 15.0321 0 9.36346 31.8721 11.955 0 12.441 29.3065 12.144 0 12.7095 31.7469 15.1039 0 15.0301 29.035 14.6785 0 15.1012 31.5774 12.0063 0 18.0329 28.6482 12.2088 0 17.9274 31.3632 14.6964 0 20.6529 28.959 14.9435 0 20.7696 31.4155 12.3074 0 23.2816 28.7276 12.5216 0 22.9769 31.5476 15.1771 0 25.8646 28.8623 15.2774 0 25.8725 31.374 12.5355 0 28.3986 28.6868 12.604 0 28.5884 31.342 15.0586 0 31.3105 28.5545 15.2464 0 31.3288 31.4586 12.1594 0 34.1652 28.8776 12.2867 0 33.9018 31.7668 14.9716 0 36.9341 28.824 15.0002 0 36.8559 31.5634 12.1411 0 1.42752 34.3566 12.5781 0 1.1782 37.2258 14.8891 0 3.99712 34.4015 15.2436 0 3.97244 37.5367 12.8274 0 6.26235 34.2612 12.5953 0 7.14727 36.6041 14.7723 0 9.84205 34.469 14.5651 0 9.13003 36.7183 11.9373 0 12.2613 33.8972 11.596 0 12.802 36.6302 14.6771 0 15.5078 33.8032 14.9959 0 15.2392 36.3074 11.8953 0 18.065 33.9256 12.0703 0 17.9228 36.8553 14.6592 0 20.3243 34.0631 14.9993 0 20.6677 36.6144 12.0875 0 23.4109 34.018 12.2536 0 23.3657 36.7385 14.9528 0 25.8699 33.7968 15.0879 0 26.0343 36.4871 12.329 0 28.8841 34.2148 12.538 0 28.8876 37.1151 14.9345 0 31.6037 34.4286 15.1658 0 31.7185 37.3081 12.394 0 34.0942 34.4959 11.8011 0 33.6471 37.6883 15.5038 0 36.6072 34.4088 15.1903 0 36.6485 37.4406 12.247 0 0.966891 1.44275 17.8037 0 1.39943 4.54625 20.6764 0 3.94757 1.39123 19.6607 0 3.79464 4.67311 17.6494 0 7.1055 0.88558 17.2791 0 6.99169 4.02618 20.0471 0 9.98211 1.36794 20.4714 0 9.8081 3.67495 17.6029 0 13.0101 1.43887 17.8558 0 12.2311 4.01042 20.4289 0 15.2391 1.25792 21.0177 0 15.0988 4.41931 18.3113 
0 17.3629 1.4965 18.153 0 17.4966 3.97804 20.9587 0 20.5964 1.45755 20.7915 0 20.3431 3.73057 17.9867 0 23.2177 1.41588 17.9526 0 23.0972 3.88647 21.0891 0 25.6095 1.34954 20.8244 0 25.7985 4.13641 18.0597 0 28.391 1.5163 17.9298 0 28.315 4.80715 21.2116 0 31.225 1.54374 20.5312 0 31.1005 4.46164 18.2255 0 34.0978 2.00761 17.7589 0 33.7008 4.15725 20.9123 0 36.6911 1.77843 20.7803 0 36.7826 4.44984 18.1515 0 1.18556 6.92969 17.9932 0 1.09075 10.1822 20.4901 0 3.89871 7.502 20.7955 0 3.7008 9.9424 17.7253 0 6.72416 7.41808 17.45 0 7.09859 9.74291 20.8954 0 9.34846 6.69603 20.2534 0 9.77999 9.52706 18.1002 0 12.4825 7.24848 18.2158 0 12.6949 9.51131 21.0687 0 15.3893 6.87546 20.8614 0 15.4393 10.1425 17.5339 0 18.0184 6.89332 18.1601 0 17.937 9.89069 20.2547 0 20.759 6.65643 20.5457 0 20.6228 9.20196 17.7189 0 23.2422 6.64173 17.8834 0 23.2848 9.90521 20.6636 0 25.3762 7.01088 20.8231 0 25.8678 9.87686 17.4834 0 28.5414 6.81171 18.0606 0 28.8117 9.59054 20.8294 0 31.3827 6.92456 20.6441 0 31.0097 9.50648 17.6958 0 34.0416 7.27814 18.1084 0 33.9825 9.89233 20.5545 0 37.2931 7.08412 20.8946 0 36.8413 9.8615 18.1285 0 1.0823 12.59 17.4682 0 0.978571 14.8292 20.6847 0 3.88312 12.4644 20.2726 0 3.83417 15.0406 17.4179 0 7.0682 12.6542 18.1343 0 6.85329 15.1829 20.5459 0 9.71837 11.8511 20.6852 0 9.80215 14.8709 17.8674 0 12.9572 12.5517 17.7495 0 12.1628 14.7786 20.8356 0 15.0751 12.773 20.5879 0 14.9434 15.3621 17.9168 0 17.7344 12.9774 18.1883 0 17.606 15.3195 20.7425 0 20.3677 12.4068 19.9782 0 20.8204 15.2765 17.2542 0 23.2586 12.2731 17.623 0 23.5418 15.0703 20.6111 0 26.321 12.4597 20.4124 0 26.1381 15.0087 17.8059 0 28.6007 12.4541 17.6725 0 28.6523 15.3135 20.2169 0 31.2781 12.2767 20.6562 0 31.0693 15.1558 17.2239 0 34.0453 12.4863 17.2833 0 34.2126 14.9852 19.8717 0 36.7825 12.3793 20.7221 0 36.5875 15.1903 17.4053 0 1.28735 17.8441 17.375 0 1.24412 19.9759 20.5736 0 3.78795 17.6371 20.3023 0 3.952 20.1251 17.3014 0 6.52952 17.7779 17.4072 0 6.28841 20.1789 20.1386 0 8.96129 17.9846 20.3378 0 9.55466 20.2616 17.6419 0 12.1424 17.5303 18.2543 0 12.2352 20.4331 20.8212 0 14.6743 17.8094 20.5322 0 15.2056 20.666 17.8067 0 17.6848 17.6198 17.6378 0 18.0223 20.6643 20.4365 0 20.5836 18.0283 20.4008 0 20.4789 20.4555 17.4227 0 23.2035 17.4033 17.6119 0 23.2967 20.511 20.1602 0 25.7024 18.0574 20.5368 0 25.6236 20.6826 17.3786 0 28.3634 18.3111 17.693 0 28.6689 20.7104 20.4368 0 31.3721 17.7337 20.3236 0 31.3062 20.7922 17.5666 0 33.7965 17.9552 17.5774 0 34.0499 20.6631 20.4953 0 36.3328 17.8344 20.0615 0 36.7161 20.539 17.3079 
0 1.01365 22.8913 17.4702 0 1.28176 25.5763 19.9485 0 4.153 22.9037 19.8232 0 4.17905 26.0625 16.9188 0 6.91401 23.2184 17.1463 0 6.75011 25.7523 20.3127 0 9.41386 22.9192 20.2202 0 10.065 26.4212 17.7478 0 12.4392 23.0624 17.8862 0 12.2088 26.0739 20.4688 0 15.1828 22.9956 20.917 0 15.2798 26.4202 17.5042 0 18.0267 23.3789 17.7982 0 17.2324 26.0746 20.3063 0 20.2751 23.35 20.4845 0 20.1872 26.1142 17.9265 0 23.2697 23.1954 17.8116 0 23.139 26.125 20.2018 0 25.9044 23.2436 20.7089 0 25.8929 26.0764 17.5144 0 28.9912 23.3721 17.3649 0 28.542 25.8975 20.1774 0 31.4319 23.254 20.1833 0 31.5436 25.6344 17.4821 0 34.3103 23.3807 17.7064 0 34.0858 25.6491 20.8686 0 36.8378 22.5853 20.6512 0 36.6995 26.0581 17.4771 0 1.12343 28.4844 17.2493 0 0.987859 30.6416 20.625 0 3.83044 28.1871 20.5609 0 4.00763 30.652 17.8783 0 7.26056 28.9639 17.496 0 7.04258 31.5653 20.1244 0 9.41578 28.4977 20.7111 0 10.1911 32.0203 18.0061 0 12.5784 28.8479 17.7306 0 12.3904 31.186 20.7457 0 14.9366 28.7963 20.4647 0 15.1914 31.7122 17.8669 0 17.7845 28.9182 17.9509 0 17.757 31.3519 20.7022 0 20.254 28.7085 20.3415 0 20.3612 31.8069 17.9522 0 23.292 29.071 17.8039 0 23.2863 31.8994 20.6245 0 26.109 28.8003 20.303 0 25.7973 31.4577 17.9498 0 28.92 28.9564 17.8621 0 28.6222 31.6687 20.3014 0 31.4916 28.3604 20.3253 0 31.1075 31.8166 17.8154 0 34.0433 28.3479 17.3638 0 34.2299 30.7608 20.7113 0 36.7914 28.2986 19.9396 0 36.6776 31.4116 17.5625 0 1.26661 33.7763 17.9212 0 0.953417 37.2765 19.9541 0 4.21286 33.3091 20.6823 0 3.97126 36.4601 18.0271 0 6.77115 33.9887 17.6503 0 6.76555 35.954 20.5939 0 9.96229 34.0676 20.777 0 10.0474 36.6479 17.8718 0 12.8952 34.5435 17.6886 0 12.5668 37.055 20.4898 0 15.153 34.0163 20.4504 0 15.6163 37.0006 17.5323 0 17.8027 34.2577 17.8411 0 17.6306 36.8915 20.4412 0 20.0455 34.3571 20.5756 0 20.4666 36.7507 17.6504 0 23.2381 34.1297 17.5546 0 22.8581 36.9862 20.4597 0 26.0419 34.1713 20.63 0 25.8112 37.069 17.9266 0 28.3657 34.4343 17.9694 0 28.788 37.665 20.6046 0 31.161 34.4328 20.7525 0 31.1219 36.9765 17.8521 0 33.9707 34.4118 17.9227 0 34.7396 37.2945 20.1975 0 36.8688 33.6212 20.0739 0 36.8948 36.932 17.456 0 1.40694 1.55364 23.5854 0 1.65293 3.99576 26.4816 0 4.263 1.18798 25.7161 0 4.19781 4.2929 23.2315 0 6.52794 1.20397 22.4691 0 6.87096 4.24993 25.715 0 9.21302 1.50326 25.4863 0 9.36457 3.90415 22.9734 0 12.2981 1.65615 23.1182 0 11.9891 4.34081 25.9971 0 14.8882 1.11964 26.0336 0 14.8506 4.10068 23.4518 0 17.6243 0.859417 23.6438 0 17.638 3.91889 26.315 0 20.3776 1.03066 26.4144 0 20.2655 3.76126 24.0562 
0 23.0897 0.899605 23.5042 0 23.4064 3.90218 26.5529 0 25.7058 1.12303 26.3687 0 25.5625 4.00424 23.6655 0 28.6413 1.85273 23.7761 0 28.7394 4.247 26.399 0 31.4653 1.52909 26.2251 0 31.3418 4.24754 23.8855 0 34.3845 2.01257 23.8824 0 34.1257 4.43822 26.4347 0 36.949 2.17367 26.425 0 36.7571 4.55578 23.534 0 1.39638 7.32831 23.3267 0 1.56166 9.68217 25.8134 0 4.06066 6.74223 25.9181 0 4.56492 9.49661 23.6244 0 7.21554 7.18059 23.6474 0 6.98882 9.75718 26.3228 0 9.74706 7.2693 26.2487 0 9.66464 9.6647 23.4383 0 11.7545 6.40948 22.9136 0 12.5684 9.76335 26.3961 0 14.51 7.00256 25.5681 0 15.5887 9.69537 23.2914 0 18.0708 6.75716 23.5097 0 17.7516 9.90029 26.207 0 20.24 6.26667 26.6383 0 20.21 10.2666 23.0788 0 22.7773 6.59946 23.7986 0 22.8574 9.10748 26.2267 0 25.9846 6.67347 25.916 0 25.8087 9.79501 23.2649 0 29.0058 7.17634 23.6308 0 28.9555 9.55854 26.0496 0 31.4603 6.9101 26.5791 0 31.4594 10.5348 23.4088 0 34.0707 7.1943 23.0841 0 34.1034 9.43804 26.1292 0 36.9166 6.75267 25.9052 0 36.9004 9.82089 23.5102 0 1.35653 12.2119 23.3455 0 1.18821 15.6564 26.2987 0 4.24138 12.1856 26.0778 0 3.73649 14.7944 23.2648 0 6.80958 12.6553 23.1258 0 6.7474 14.7487 26.4619 0 9.68623 11.9301 26.3535 0 9.6585 14.5964 23.5654 0 12.6584 12.1792 23.3873 0 12.1258 14.8627 25.9905 0 15.1944 12.3879 26.4767 0 14.8346 15.0949 23.3244 0 17.4588 12.5705 23.5757 0 17.9262 15.042 26.1225 0 20.6392 12.5145 25.9174 0 20.6178 15.3268 23.0073 0 23.1789 12.4684 23.3022 0 23.5835 14.7427 25.9548 0 25.614 11.881 25.9425 0 25.7164 15.3051 23.202 0 28.4412 12.5232 23.3142 0 28.8323 14.9835 26.1391 0 31.8237 12.6148 26.2952 0 31.6891 15.1498 23.2763 0 34.3373 12.6657 23.3821 0 33.8882 15.5159 26.0908 0 36.8179 12.6465 26.3052 0 36.8459 15.0354 23.4871 0 0.924937 17.4747 23.0753 0 1.86469 20.4486 26.3644 0 3.98681 17.4755 25.8608 0 3.85565 20.3328 23.3238 0 6.72501 17.2565 23.4454 0 6.77382 20.2954 25.8061 0 9.35816 17.3658 26.2602 0 9.35124 20.294 23.0279 0 12.128 17.6805 23.3218 0 12.1191 20.3169 25.8217 0 14.8302 17.4287 25.9646 0 14.9916 20.3616 23.6617 0 17.9563 17.9385 23.5321 0 18.2371 20.7829 25.9994 0 20.5939 17.8708 25.8104 0 20.7001 20.6473 23.1224 0 23.0566 18.0292 23.2432 0 23.5223 20.5369 25.9572 0 26.0094 17.772 26.1156 0 25.9278 20.7217 23.2487 0 28.582 17.6074 22.8535 0 28.4822 20.455 25.8877 0 31.3388 18.2693 26.1769 0 31.1232 20.0687 23.17 0 34.1402 18.2583 23.0329 0 33.8273 20.5385 25.8597 0 36.9564 17.9972 26.3397 0 36.9557 20.7347 23.5209 0 1.55754 23.2852 23.0353 0 0.880373 25.7134 25.907 0 4.36382 23.3888 26.0647 0 4.11775 26.0097 23.6058 
0 6.25047 22.9008 23.1431 0 6.82416 25.8482 26.0769 0 8.9815 23.1815 25.6786 0 9.17432 25.5329 23.0819 0 12.0999 23.2463 23.3895 0 12.1328 26.2293 25.7064 0 15.4627 23.1936 25.9749 0 15.0682 26.0925 23.2764 0 17.9022 23.4091 23.596 0 18.2154 25.8367 26.2899 0 20.91 23.3815 25.7682 0 20.8571 26.0137 23.4134 0 23.3459 23.5814 23.1942 0 23.6174 26.1337 25.9082 0 26.5271 23.8029 25.3725 0 25.7289 26.2488 22.8041 0 28.9646 23.1017 22.9633 0 28.7974 26.3604 25.7184 0 31.2146 23.4014 25.845 0 31.254 26.1106 23.0851 0 33.9004 23.3124 23.441 0 33.9951 25.9005 25.7999 0 36.5697 23.3071 26.1209 0 37.3096 25.4799 22.8347 0 0.923037 28.2524 23.1987 0 1.31197 31.2901 26.6504 0 3.19162 28.3336 26.1213 0 3.8444 31.3369 23.4761 0 6.89327 28.5538 23.1358 0 7.04111 30.9712 26.0479 0 9.58491 28.611 25.9711 0 9.38201 31.5629 23.0649 0 12.0797 28.4888 23.1323 0 12.3495 31.6506 25.9767 0 15.0627 28.489 26.2595 0 15.2365 31.8177 23.6145 0 17.5346 28.7751 23.3385 0 17.8328 31.6723 25.6684 0 20.6787 28.7482 25.9758 0 20.7272 31.3461 23.0283 0 22.8706 28.745 22.7792 0 23.436 31.5199 25.7252 0 25.7678 28.9448 25.3592 0 25.6282 31.5205 23.047 0 28.9469 28.7315 22.7814 0 28.8542 31.3998 25.4488 0 31.791 28.7008 25.4056 0 31.4044 31.6398 22.7652 0 34.4345 28.4317 23.2201 0 33.9619 31.9843 25.8785 0 36.8972 28.4369 25.9869 0 37.2934 31.243 23.7526 0 0.876525 34.3224 22.8276 0 0.835533 37.1652 25.8767 0 3.78903 33.8906 25.827 0 3.84335 36.9071 23.1774 0 6.85774 33.9786 23.7567 0 6.86608 36.7671 25.9493 0 9.77793 33.8979 26.041 0 9.09098 37.0712 23.2754 0 12.4618 34.2791 23.2347 0 11.7686 36.8955 25.5507 0 15.1129 34.5091 26.0677 0 14.7511 37.0045 23.2127 0 17.8173 34.5133 23.1324 0 17.7556 36.7934 26.3443 0 20.5592 34.0514 25.9639 0 20.5757 37.193 23.6196 0 23.1952 34.8875 23.5579 0 23.2316 36.9406 26.3678 0 26.1919 34.4365 25.8955 0 26.0127 37.246 23.6239 0 28.5877 34.2556 23.1547 0 28.6949 37.0547 26.3322 0 31.5679 34.4637 25.6958 0 31.9101 37.1131 22.7455 0 34.3373 33.6982 22.8359 0 34.126 36.9387 25.7822 0 36.9715 34.292 26.0637 0 36.9228 37.6291 23.2437 0 1.35194 1.13217 28.6659 0 1.73718 3.74433 31.3081 0 4.34398 1.23326 31.4129 0 4.62313 3.54836 28.7029 0 7.11214 1.09561 28.1661 0 6.70165 3.76718 31.6463 0 9.1864 0.686409 31.3847 0 9.20745 3.74231 28.5655 0 11.8986 1.42943 28.1414 0 12.6284 3.8053 31.1607 0 15.0217 1.33169 31.4661 0 15.0729 3.71286 28.6452 0 17.8136 1.10107 28.6538 0 17.4496 3.88504 31.7153 0 20.4284 1.22134 31.5985 0 20.607 3.94587 28.9436 0 23.1947 0.942163 28.826 0 23.7539 3.98222 31.2515 0 26.1685 1.30858 31.7672 0 26.1433 3.88509 28.8218 
0 28.8513 1.37887 28.8065 0 28.9037 4.10149 31.9078 0 31.6156 1.08719 31.8385 0 31.5155 4.17227 28.9878 0 34.2017 1.14234 28.5337 0 34.3256 3.97352 31.8491 0 37.1821 1.39081 31.3759 0 37.0072 4.37029 29.2404 0 1.70209 6.68622 28.5082 0 1.25194 9.87281 31.3685 0 4.17563 6.5424 31.3048 0 3.83068 9.62084 28.9595 0 6.57349 6.77894 28.6859 0 6.52903 9.07787 31.5098 0 9.39288 6.53719 31.5932 0 9.29443 9.27292 29.1972 0 11.749 6.57826 28.9224 0 12.2783 9.6723 31.8749 0 14.8594 6.86907 31.6755 0 15.1652 9.54475 29.0505 0 17.4429 6.48139 28.8623 0 17.6624 9.63105 31.5424 0 20.2346 7.00499 31.3158 0 20.2229 9.42406 28.9032 0 23.2666 6.8107 29.0757 0 23.3046 9.69715 31.6722 0 26.2049 6.67647 31.7275 0 26.4767 9.21268 29.1449 0 28.9415 6.89028 28.9625 0 28.8383 9.80178 31.6566 0 31.9138 7.07869 31.3628 0 31.7739 9.98096 29.055 0 34.5052 7.03965 28.8046 0 34.4653 9.55707 31.5358 0 37.4933 6.958 31.4246 0 37.1711 9.92308 28.6587 0 1.03766 13.019 28.6906 0 1.76819 14.9635 31.773 0 3.95381 12.3734 31.8046 0 4.12573 14.7761 28.7538 0 6.67746 12.2027 29.3424 0 7.03681 15.0566 31.4781 0 9.50722 11.8904 31.8063 0 9.59714 14.9006 28.7012 0 12.4047 12.3188 29.2844 0 12.2257 15.1326 31.5856 0 14.8885 12.1933 31.4064 0 14.7149 15.1914 28.6749 0 18.198 12.4753 28.8622 0 17.2971 15.544 31.1803 0 20.7407 12.3813 31.34 0 20.5913 15.2863 28.6635 0 23.6015 12.7556 28.99 0 22.8971 15.4653 31.6837 0 26.3777 12.6264 31.1617 0 26.1381 15.2498 28.5887 0 29.0681 12.1667 28.7394 0 28.5209 15.6194 31.108 0 31.8048 12.2035 31.9685 0 31.7206 15.1153 29.2523 0 34.3218 12.8143 28.8578 0 34.2701 15.3655 31.5909 0 36.8779 12.5789 31.5018 0 36.9279 15.5457 28.9366 0 1.12012 17.8446 29.0907 0 0.968371 20.3401 31.577 0 4.61389 17.4018 31.3341 0 4.00266 20.921 29.3059 0 6.59861 18.0433 28.5222 0 6.88742 20.4665 31.4296 0 9.6307 17.6766 31.5105 0 9.43419 20.2927 28.646 0 12.3634 17.9899 28.5626 0 12.3744 20.7404 31.2734 0 14.8234 17.9422 31.3892 0 14.8154 20.6532 28.6149 0 18.0676 17.7113 28.2312 0 17.7982 20.8968 31.3157 0 20.2155 17.7836 31.2293 0 21.0223 21.0868 28.7906 0 23.5453 18.05 28.6642 0 23.8638 20.5345 31.4894 0 25.8436 17.8231 31.5043 0 26.0972 20.7441 28.9262 0 28.8213 18.1381 28.6967 0 28.5033 20.1764 31.7272 0 31.4102 17.8903 31.7622 0 31.3602 20.8547 28.915 0 33.6389 18.2232 28.6357 0 33.9843 20.5479 31.5098 0 36.808 18.2212 31.6688 0 36.694 20.7367 28.6281 0 1.07185 23.1712 28.783 0 1.40783 25.4191 31.5012 0 4.18963 23.2779 32.2989 0 4.0815 25.063 28.9846 0 6.92485 22.7633 28.5612 0 6.6288 25.7925 31.4713 0 9.15982 23.3011 31.299 0 9.40376 25.5338 28.5193 
0 12.2769 23.1587 28.0097 0 12.1622 25.9459 30.9545 0 14.7991 23.2889 31.3262 0 15.0266 25.7318 28.597 0 18.6842 23.6588 28.7728 0 18.0114 26.2083 31.3351 0 21.147 23.0286 31.7367 0 21.1918 26.1574 28.5445 0 24.0596 23.5673 28.3967 0 23.5433 25.8661 31.4081 0 26.4914 23.4428 31.3051 0 25.9552 26.4391 28.264 0 28.6907 23.6756 28.259 0 29.0107 26.0501 31.3348 0 30.8687 22.9997 31.9371 0 31.4286 26.2943 28.7455 0 34.0168 23.8109 28.9421 0 34.3046 25.4385 31.7809 0 36.7565 23.1323 31.5359 0 36.7118 25.8088 28.9894 0 1.12023 27.9173 29.1774 0 1.69489 31.1249 30.8682 0 4.00257 28.4399 31.3823 0 4.36511 31.4076 28.34 0 6.36101 28.1043 28.5442 0 6.69406 31.0717 31.4982 0 9.38162 28.5007 31.3655 0 9.728 31.2414 28.7107 0 12.3243 28.5675 28.6962 0 12.2909 31.5115 31.4494 0 15.2174 28.8735 31.0555 0 14.9163 31.4973 28.3851 0 18.2157 28.777 28.8415 0 17.8736 31.6476 31.523 0 21.2763 28.6305 31.5741 0 21.0404 31.3373 28.6786 0 23.3793 28.9083 28.3845 0 23.6485 31.1623 31.5602 0 26.4557 28.3989 30.9891 0 26.2634 31.4002 28.1567 0 29.2676 29.089 28.2042 0 29.0068 31.1812 30.9261 0 31.5217 28.8107 31.3078 0 31.7131 31.8207 28.5905 0 34.1017 28.8826 28.5872 0 34.1717 31.193 31.2569 0 36.7594 28.4955 31.2534 0 36.8949 31.2781 28.8116 0 1.42902 34.0074 28.5637 0 1.45672 36.7995 31.1198 0 4.31293 33.7003 31.0113 0 4.27607 36.8822 28.6225 0 7.1239 33.7752 28.7662 0 6.82351 36.4296 31.1468 0 9.34295 33.96 31.7102 0 9.47233 36.6981 28.7043 0 12.1531 34.1705 28.9356 0 12.138 37.0457 31.1586 0 15.4078 33.7575 31.5613 0 15.2032 36.7939 28.9328 0 17.9835 33.5684 28.6125 0 17.9792 36.2937 31.5876 0 20.6466 33.8155 31.3621 0 20.4713 36.5489 28.8996 0 23.7497 34.097 28.4561 0 23.2839 36.597 31.5938 0 26.5186 33.971 31.2653 0 25.9092 37.1188 29.1176 0 28.8341 34.1782 28.657 0 28.7224 36.7029 31.5437 0 31.4925 34.2356 31.3571 0 31.3763 36.6594 29.0292 0 34.4177 34.3359 28.362 0 34.3868 37.1495 31.7496 0 36.6869 33.6816 31.2943 0 37.0848 36.8832 28.8724 0 1.12527 0.976753 34.3453 0 1.32009 4.01691 36.6388 0 3.8859 1.00298 36.8884 0 4.228 3.80506 34.6559 0 6.90443 1.09899 34.6401 0 6.88337 3.745 36.938 0 9.48643 1.13691 36.8709 0 10.2547 3.81984 34.0128 0 12.7925 1.02923 34.0798 0 12.1266 3.38486 37.0759 0 14.8658 0.552519 37.045 0 15.272 3.80222 34.806 0 17.6754 0.968293 34.5086 0 18.126 4.12024 36.6895 0 20.7576 0.781152 36.8079 0 20.4895 3.48584 34.0669 0 23.8976 0.940001 34.2766 0 23.299 3.77872 37.048 0 25.8366 0.988691 37.0359 0 26.2555 3.77552 34.2225 0 28.54 1.23929 34.5276 0 28.4527 4.05969 37.1015 0 31.9875 1.18051 36.8143 0 31.1835 3.9902 34.0615 
0 34.1811 1.17979 34.27 0 34.7904 4.12619 36.8856 0 37.0352 1.05556 36.9961 0 37.3699 3.73456 33.9575 0 1.45971 6.85928 34.0408 0 1.72162 9.37042 37.1204 0 3.89917 6.71697 37.0155 0 4.11654 9.41097 34.0835 0 7.00224 6.53864 34.1997 0 6.73866 9.32303 37.1329 0 9.68117 6.15178 37.0702 0 9.43354 9.34147 34.8998 0 12.2524 6.75072 33.9686 0 12.5317 9.52426 37.3341 0 15.1366 6.43865 37.554 0 15.1066 9.89118 34.4873 0 17.3018 6.84974 34.4175 0 17.2928 9.24225 37.0751 0 20.5642 6.58475 36.6147 0 20.1113 10.1919 34.1294 0 23.1695 6.62312 33.6617 0 22.5381 9.89706 36.5567 0 25.6486 6.80473 36.3454 0 26.4761 9.90915 34.0169 0 29.0066 6.855 34.2301 0 28.724 9.73601 36.678 0 32.0369 6.48091 36.8338 0 31.7564 9.19534 34.3149 0 34.8853 6.68036 34.2963 0 34.2546 9.60576 37.1115 0 37.3195 6.77457 36.7959 0 37.3014 9.5692 34.4896 0 1.48532 12.3545 34.3269 0 1.5521 15.1735 37.2574 0 4.3267 11.9136 36.7399 0 4.19473 15.273 34.6046 0 6.8754 12.3742 34.1996 0 6.95801 14.2993 37.0426 0 9.64471 12.2071 37.0665 0 9.38074 14.7656 34.0859 0 12.2342 12.3589 34.2297 0 12.246 15.6506 36.8819 0 15.0437 12.55 37.1728 0 15.1334 15.2702 34.1694 0 17.6428 12.4903 33.6933 0 17.4914 15.3438 37.0552 0 19.9942 12.8938 36.9088 0 20.1329 15.4141 34.5013 0 22.9655 12.6929 33.9972 0 23.2638 15.2141 36.7886 0 25.8353 12.2096 36.5579 0 25.7169 14.9837 33.9278 0 28.7104 12.5027 34.4409 0 29.17 15.0863 37.3991 0 31.6221 12.4176 36.9053 0 31.3626 15.0693 34.1051 0 34.8448 12.5863 34.3691 0 34.1914 14.9945 36.6733 0 37.0589 11.899 37.1828 0 37.3588 15.4296 34.1747 0 1.25739 18.0917 34.2362 0 1.22931 20.7358 37.2556 0 4.47328 17.8685 37.5878 0 4.00146 20.4901 34.5321 0 7.02077 17.7485 34.6531 0 6.90967 20.5164 36.7674 0 9.82791 17.9997 36.8668 0 9.68741 20.5258 33.7831 0 12.3442 18.0111 34.3142 0 11.8405 21.003 36.4189 0 14.6567 18.1704 37.1228 0 14.9643 20.3266 34.1966 0 17.626 17.8757 34.4972 0 17.6467 20.6894 37.0219 0 20.7114 17.9739 37.0399 0 19.9475 20.6382 34.2405 0 22.8771 18.2931 34.2192 0 22.9343 20.6512 37.0627 0 25.9457 17.6154 37.0409 0 25.7133 20.6953 34.4912 0 28.512 17.7405 34.2491 0 29.0135 20.0799 37.449 0 31.528 17.3706 36.9519 0 31.4419 20.4218 34.7084 0 34.3304 18.055 34.4398 0 34.0038 20.3866 37.1424 0 36.9075 17.9587 37.2513 0 36.7209 20.757 34.3853 0 1.3447 22.8964 34.2137 0 1.60312 25.6579 37.1177 0 4.3374 23.2167 37.2372 0 4.24528 26.2227 34.4143 0 7.12526 23.3381 34.5548 0 7.13592 26.3272 36.8579 0 9.58978 23.6232 36.9834 0 9.74473 25.8857 33.8179 0 12.0945 23.52 33.7772 0 12.6658 26.2388 36.4958 0 14.5218 23.2138 36.9825 0 15.1441 25.7165 33.8736 
0 18.0015 23.4219 34.0133 0 17.638 26.0556 36.8674 0 20.0925 23.3279 36.8394 0 20.9239 25.9304 34.1733 0 23.8997 23.5896 34.4039 0 23.519 26.2077 36.8677 0 25.6153 23.2644 37.244 0 26.629 26.2829 34.1945 0 28.3587 23.0446 34.4587 0 28.9765 26.0861 37.0943 0 31.2809 23.0694 37.3179 0 31.3271 25.5223 34.5234 0 33.9339 23.0967 34.8399 0 34.392 26.0418 37.5992 0 37.0853 23.5326 36.9488 0 37.2728 25.8422 33.9592 0 1.46239 28.3636 34.0756 0 1.21299 30.94 36.6372 0 4.20042 28.624 36.8091 0 4.20353 31.1984 34.1282 0 7.16376 28.7773 34.272 0 7.03258 31.4085 37.0991 0 9.78232 28.5249 36.4139 0 9.54291 31.3203 34.199 0 12.4319 28.3059 33.5467 0 12.3056 31.4102 37.0374 0 14.8862 29.0201 37.0572 0 14.8775 31.3607 34.0523 0 17.5027 28.6477 34.0185 0 17.9181 31.1947 37.0316 0 20.3315 28.4258 36.9176 0 20.5282 31.1004 34.5688 0 23.9723 28.6565 34.0794 0 23.4781 31.4501 36.8749 0 26.5555 29.0985 37.1539 0 26.7784 31.2878 33.4879 0 29.3113 28.8263 33.9311 0 29.4092 31.1788 37.0262 0 31.9578 28.5498 37.4453 0 31.3716 31.7292 33.8765 0 34.0965 28.3892 34.4094 0 33.8978 31.2406 36.983 0 37.2734 27.8425 36.6554 0 36.7946 30.7554 33.9593 0 1.40096 33.8727 33.4078 0 1.27481 36.616 37.259 0 3.92972 33.8497 36.9349 0 3.87586 36.1427 33.7109 0 6.82393 33.9305 34.4232 0 6.63721 36.6908 36.7445 0 9.55542 33.9441 36.8677 0 9.34671 36.6377 34.0526 0 12.2331 34.3272 33.8517 0 12.0496 36.4973 36.8966 0 15.2965 33.9582 36.8991 0 15.3557 36.7379 33.9462 0 17.8055 33.725 34.4235 0 17.9305 36.5042 36.9348 0 20.451 33.7965 36.9074 0 20.4229 36.37 34.4993 0 23.7421 34.0232 34.3331 0 23.4977 36.6823 36.8892 0 26.19 33.6965 37.1801 0 26.0423 36.6878 33.9041 0 28.9434 33.9423 34.626 0 28.9226 36.8904 36.9338 0 31.6977 33.9329 36.8597 0 31.6123 36.8873 34.5413 0 34.2819 33.8294 34.3661 0 34.4111 36.2614 37.3012 0 37.2636 34.032 36.7693 0 37.357 36.6448 34.2795 
0.7277 0.645339 -2.21238 -0.273727 -2.28839 3.35624 -2.38259 -0.382669 0.473182 -0.353764 0.0158987 0.140188 0.687312 1.24879 1.33735 0.932881 -0.234019 -2.18332 -0.444155 1.91207 1.90867 -0.40933 2.48896 0.443196 0.714645 -0.762148 0.544496 -0.861512 0.0713289 -0.73119 -0.535622 0.993433 -0.257014 1.10855 0.055556 -1.12075 -2.55639 -0.927139 -2.03077 -0.437099 -0.891362 0.915749 0.760971 0.68142 -1.86336 1.1159 -0.625189 0.646763 1.38581 0.760588 0.828931 -0.614761 0.684781 0.844262 -0.659337 2.7055 -0.614087 2.52571 -1.13407 -0.946185 0.116001 -0.400266 -1.94943 -0.0959058 0.525123 -1.31314 1.52393 0.643325 0.570587 1.08602 -0.373561 0.841693 -0.848275 -0.825371 -0.236623 0.464217 -0.230652 -1.87275 1.79733 -0.486742 -0.996873 2.12022 -1.12476 -0.476419 -0.56919 0.0155609 -0.0990328 -2.68506 2.43731 1.27512 -0.568033 -0.28448 1.21741 0.607754 2.11551 -0.978113 -0.547293 -0.111384 -0.670417 0.143929 1.23734 1.12308 -0.112979 0.116584 2.79992 -0.744051 1.28105 -0.158114 -1.1238 1.12746 0.0726092 2.13306 -0.487317 -0.253648 0.0631756 -1.11966 -0.975976 0.814108 1.08395 0.823326 0.483749 1.86427 0.725414 -0.804471 1.02587 0.198898 0.0131354 -1.83439 1.10407 1.5109 -0.0789892 -0.529739 -1.07685 -0.446214 -1.3421 1.30442 -0.29609 -1.09187 2.10007 -0.653349 -0.367391 -0.510686 1.09964 0.269537 -0.513595 0.433719 -2.09116 -0.286283 -0.58745 1.5552 0.394558 1.87326 2.21029 0.369938 0.0387384 -1.10119 -2.73718 -1.10658 0.219597 -0.0360642 2.20627 -0.0974319 -0.0499429 0.939489 1.37902 0.47626 -0.494152 -1.19922 0.0477254 -3.71838 -0.559084 -0.947346 -0.929127 0.0478781 -0.58152 -0.0430919 1.16031 0.534774 -0.680845 1.68418 -1.45975 0.928311 -0.144005 -0.122369 -0.872406 1.59657 1.10262 1.86114 -0.0351569 0.629756 -0.280364 -0.503234 0.0944645 -1.05826 0.214096 -0.0724219 1.93222 1.1712 0.696881 -0.0632457 -0.42947 2.47338 -0.923594 -0.0610233 -0.0646901 0.663859 1.74651 -1.75311 0.675284 -0.11119 -0.0777534 0.158565 -1.44429 -1.88917 0.633115 -1.77282 0.846534 -0.271026 -1.55771 -0.959329 -0.187777 -1.96495 -0.300651 1.22711 -1.38637 2.35136 1.34121 1.2174 -2.67352 -0.974105 -0.665751 0.058541 1.41181 0.960803 1.67211 -1.36827 0.336277 0.355172 0.103911 -0.640655 0.664653 1.37049 2.92157 -3.39876 -0.784052 -0.594717 -0.255594 0.985859 0.000688454 1.50466 0.310071 -0.168627 -0.700516 -0.915763 0.160183 0.821133 -1.03796 0.955711 1.20699 -0.333737 -1.74999 0.96512 -1.28946 0.0362045 0.218844 -0.827022 -0.268882 1.49528 1.33561 -0.249245 -1.61377 1.28439 0.598277 1.43402 0.872047 -1.41662 0.371306 1.36455 -1.02762 -1.85219 0.34614 -0.294106 -3.10545 0.0228707 2.55208 -0.0576405 -0.963989 -1.13201 -0.194741 -0.576916 2.08668 0.901898 -0.819641 -1.34261 -0.96179 -0.0751732 0.614559 -0.187345 -0.970976 2.70729 
1.29925 -0.526922 3.67754 -1.7946 1.4398 -0.355443 0.481958 1.26107 1.94702 -0.867074 -0.383102 -0.644935 1.42342 0.51898 1.38835 2.15546 0.80182 0.44053 2.0927 -0.0177121 -0.19323 1.0172 -0.698907 -2.36759 1.79287 1.0004 -0.28769 -0.710974 -0.139924 0.693292 0.103559 -2.1322 2.09092 0.681052 0.0776713 0.490883 -2.26733 0.0816348 1.90324 -0.253495 1.02022 0.697984 -1.15544 -0.0675643 0.412692 0.371367 -1.05395 0.693766 0.884625 0.155345 0.0461461 0.122969 0.0561231 0.840489 -1.73764 0.989197 2.38947 0.28025 -1.26984 -1.11187 0.336793 0.259432 -0.843932 1.53255 0.918049 -1.43854 1.01339 0.922361 -2.01078 2.9608 -0.494501 0.252016 -0.838808 0.653074 -1.37389 2.21285 0.122 0.914349 0.151401 0.50755 0.500524 -1.58181 1.58955 -1.12487 -2.03937 -0.933219 -0.103536 0.6763 -1.04248 -0.440852 -0.917501 0.111888 1.18216 1.24622 -0.32311 -1.62663 -0.805533 -1.47443 -1.90204 2.17903 -0.801546 1.49578 -0.219655 0.894578 -3.35945 0.522195 0.632625 -3.47935 1.59622 -1.30563 1.20846 -0.729528 -0.842191 -0.638758 -1.16642 -0.0474987 -0.581379 0.363326 -1.14882 -0.411472 1.82636 -2.4822 -1.31062 0.325832 -1.07704 -0.449248 0.888805 1.15145 1.29323 -1.19028 -1.69067 0.994987 -0.264223 0.962098 -1.2864 -0.981837 -0.759598 0.73381 1.42582 0.00603031 -0.173968 -1.0407 -0.797549 0.291258 0.63558 2.47506 1.80942 0.552661 0.266128 -1.16926 3.06133 -0.497301 -0.705434 0.346247 0.358182 0.465798 1.03689 -0.0259017 -0.210024 0.682737 -0.197337 1.4014 1.89748 0.491631 2.58991 1.26742 0.829343 -1.1667 -1.15148 -0.240827 -1.03473 1.79804 -1.64892 -2.30626 1.89159 -0.784575 0.848818 0.713714 2.15017 0.846028 -1.14832 1.42031 -1.70567 0.157653 -0.496198 -0.956064 0.683302 0.735205 2.52922 -2.83333 -0.577968 -1.0611 0.895539 -0.490304 0.428975 -1.21655 -0.154221 -1.00973 0.2942 -0.712758 -0.415438 -0.496837 -1.15976 -1.43782 -0.535885 2.23206 0.185745 -0.144216 -0.777036 -1.51797 1.04676 1.04772 -0.753111 0.643255 1.60085 0.434645 -1.80329 -0.80829 -1.26202 -0.716059 -0.8971 0.338044 -1.72569 0.120484 -0.631851 0.936567 -0.287023 2.46857 1.09428 0.111666 -1.57517 -1.80004 -0.216049 -0.232977 -0.117691 -1.01477 0.63196 -2.76998 -1.80077 -0.819516 0.115953 1.33927 -1.02435 -1.4876 -0.813957 -1.01506 -2.06857 -1.91909 -2.30571 0.0171327 -0.853042 -1.84695 -1.33828 0.233127 0.301298 -0.159959 -0.967588 -1.31961 -2.84935 -0.0669381 0.421249 -0.434701 3.63197 -2.33338 0.589085 0.443291 2.18199 -1.53147 -0.312728 2.0338 -1.18562 -1.48376 -0.0032931 0.42521 2.76539 -1.18357 -0.456506 -1.32733 -0.924626 -1.90178 0.47642 -0.0581226 -1.29169 0.883579 1.92421 0.0167464 1.93804 0.954135 -2.59572 1.87515 0.50768 0.921527 1.84666 2.63703 -1.45175 -1.65471 1.32707 -0.283606 1.35503 -0.702256 
0.124005 -1.95125 -0.902451 -1.24572 -1.25256 -2.41034 2.3698 -1.96285 2.58123 -0.186159 0.602323 0.558831 0.551751 1.69107 -1.84426 1.01056 1.9583 -1.30058 -0.233873 0.72852 0.296811 -1.42175 1.14565 -0.403422 -0.253258 0.0241126 -0.785033 1.08047 -1.35799 -0.979689 -1.62428 1.60955 1.49546 -2.13232 0.401203 0.175925 0.415846 0.917177 0.198356 -0.725621 -0.294294 -0.208474 0.52824 0.488395 0.438893 1.40405 -2.45187 2.29164 -0.530759 0.709154 1.75719 1.17372 0.520754 -0.484225 -0.881586 1.43324 -0.117756 0.412609 -0.0107482 -0.996774 -0.629037 -2.49649 -1.37796 -1.1297 -0.772764 -0.267762 1.73 1.08785 1.13194 -0.282739 -2.4411 0.259642 0.771403 -1.44764 -2.01047 0.110379 -0.718323 1.42891 1.04724 0.901079 3.87853 0.468256 0.976579 -0.562672 1.44221 1.0644 -0.978565 -0.787799 0.343331 -0.785086 0.284091 -2.18555 0.466279 -0.470004 1.06219 -1.3856 2.03569 0.498649 0.453997 -0.907077 -2.38159 0.893983 0.0301268 2.33263 -0.18418 -1.4257 -0.689021 -1.09214 -1.61501 1.64845 0.887216 -0.409255 -1.47242 -0.595324 1.08024 0.568767 0.845975 0.880944 -2.59778 -0.771694 -0.302521 0.562551 -0.734026 -0.202626 -1.34766 0.640949 0.095714 1.21504 0.525457 1.02718 -0.00733153 -0.924049 0.637701 0.399602 -1.13583 -0.91991 1.78406 1.12596 -0.613711 1.28113 -0.0878911 1.94458 0.995802 0.963052 -0.775561 -1.51949 0.040533 -3.5736 1.01617 -2.27621 -0.813795 -0.589572 -0.288313 0.673324 0.094207 -0.739894 0.623695 0.107254 -0.296631 -1.06609 -2.19427 -1.24267 -0.0930395 -1.58149 -0.56674 -1.41911 1.51625 -1.90972 0.262771 -2.18135 -0.306721 -1.72024 0.856334 1.87303 1.85336 -0.38242 -0.0945587 0.1423 1.86334 -1.29825 0.0944269 -0.600372 0.297281 0.787456 0.625765 0.621155 -2.2161 -0.156402 0.142938 -0.109639 -0.178855 0.966416 1.23783 -2.20239 2.123 0.348772 0.36727 0.771864 -0.571428 -1.45155 -0.704076 -0.331981 -0.775729 0.519692 0.373615 -0.0770549 0.0851684 -2.8309 0.584162 0.623601 1.96424 0.436972 -1.31378 -1.20101 3.01634 -0.014866 2.4855 -1.36518 -1.0796 -0.516117 -2.54838 1.43483 -2.26051 -1.32449 -1.57646 -2.3902 1.50713 -0.189265 -0.144398 -1.31854 -0.478585 -1.86502 -0.973607 -3.63837 -0.406099 -0.694727 -0.803565 2.59422 -1.79372 -0.996254 -0.597219 0.383845 -0.431938 1.38733 -0.540881 0.247383 -0.345921 -1.97178 0.743528 -2.2393 -1.94913 -0.144998 -1.39139 -3.36509 -0.771637 0.776887 0.843143 1.43169 -0.268918 0.656871 -2.36151 -1.25239 0.192991 -0.387167 -1.87787 1.9249 -2.08911 0.801144 0.315384 -1.27976 -1.59568 -1.4683 1.56716 -1.15275 0.188664 -0.999274 0.188446 0.276951 1.22411 -1.17554 0.146908 -0.263038 -0.353333 -2.34733 0.861165 -1.82489 0.445481 -1.74049 -0.461288 0.130335 -0.990533 1.86285 0.18584 -2.50845 1.23437 -1.09492 -1.0108 0.298955 -0.718131 -0.0525801 
0.607413 -1.77309 0.267554 0.93347 0.232675 0.127776 -0.413503 -0.821252 0.738134 -1.1676 -0.755 -0.915091 -0.932644 -2.42211 -0.867936 1.9788 0.321447 -0.123395 2.39219 -0.593348 0.878048 -1.02235 -0.505655 -0.703504 0.71839 1.92721 -1.25673 0.51757 -0.927001 -0.62702 1.22484 1.29421 1.22022 -0.459604 2.24446 -0.711012 0.570547 0.529051 0.341229 1.31437 1.91884 -1.13544 1.33775 -0.0111393 -0.583978 2.0917 2.67446 0.860918 2.21667 -1.23954 -3.88425 -0.959975 -0.325485 -0.500065 -0.326101 -1.16257 0.634955 -0.74899 -0.0505496 -0.607798 0.0740675 -1.32464 -2.68424 -1.36905 -1.11531 -0.00141174 -0.862102 -0.117168 0.645662 0.391638 -1.03402 0.165653 -1.57202 -2.5866 -0.644936 1.04467 -1.45778 0.720624 -0.813991 -0.394815 -0.00977101 -0.262729 -0.442095 -1.10761 0.898507 -0.700002 0.813221 -0.904384 -1.18671 0.629276 0.239787 -0.811875 0.76895 1.54555 1.47736 -2.58901 1.29223 0.921412 -1.1924 -0.337254 -3.66416 0.885542 1.1835 0.389663 0.766159 1.98723 1.13092 2.9455 -1.04031 0.865637 0.927882 -0.304301 -1.56309 1.61825 0.969607 0.861783 -0.10683 1.06579 0.453295 1.10556 -0.764727 -2.0173 -0.16465 0.528907 -0.976097 -2.33823 0.0496356 -0.355133 1.13831 0.152875 0.241667 0.827014 -1.04745 0.846454 0.229299 -1.84206 0.580803 0.319114 -1.39311 -0.630646 1.33414 1.29221 0.756847 -1.90109 0.988148 -0.0077349 0.985904 0.246455 -1.06206 0.400018 1.4861 -0.63612 1.66715 0.105891 1.02822 -3.22003 -2.89068 0.35732 1.29457 0.0436859 3.46302 -2.40659 -2.06614 -1.08114 0.787904 0.521076 -1.03386 0.0510637 1.79644 1.12434 -2.96862 0.406321 -1.05074 -1.84312 2.36067 0.335338 0.347988 1.03455 0.200755 -0.263751 1.05119 0.835917 1.04967 -0.908711 -1.81162 -0.235129 0.640632 -0.799784 3.11302 -0.908748 -1.05919 -0.399183 1.12222 -1.30029 0.840963 -0.462636 -0.268402 -1.72753 1.99567 0.12536 -0.320009 1.31364 -0.442729 -0.535516 1.06919 -0.815641 -0.193745 0.184838 1.37966 -0.66261 0.802981 0.724152 0.946562 -1.30311 0.413958 0.610055 0.859941 -2.30195 0.350403 -0.172464 0.217618 -0.637913 0.0402629 -0.950402 -0.0406427 -1.49398 -0.742512 -1.74026 -0.944774 0.0594758 -0.279868 -2.37333 0.561268 0.934599 0.570103 1.67389 2.13172 2.58081 -1.42884 2.27789 -0.231114 1.46395 0.68889 0.0973597 -0.323827 -2.1931 -0.122103 0.125013 2.00689 1.56749 0.710318 -1.45692 -0.630516 -1.80313 0.603728 0.850814 0.804057 -0.199903 -1.63716 -1.88386 -1.14658 -0.82121 1.85843 1.96741 -0.949895 -0.482338 0.556424 1.65887 0.669314 -1.06242 -3.13043 -1.5714 -1.06763 1.40711 -1.80847 0.710914 0.579828 4.16522 -1.66832 -0.473171 -1.21291 -0.596245 0.20507 1.57215 -0.963233 2.61374 -1.02359 -0.235836 -0.513046 0.268489 0.781702 0.733193 -1.73792 0.664526 0.4473 1.21487 -0.415904 0.658234 1.7114 -3.00268 
1.73631 0.953877 3.43235 1.90545 0.56838 0.198608 1.12126 -2.12852 0.127831 -0.454886 -0.230821 -0.536377 0.985773 0.22581 0.1714 -1.05788 4.02421 -1.71638 0.557637 0.106346 1.37955 1.66919 1.20532 0.502264 0.493088 -0.364323 1.14673 -1.76175 0.541288 0.189717 1.12418 -1.38819 -0.122765 -1.27966 0.378699 1.40642 1.36781 0.0445439 -0.0982717 1.37399 0.357559 0.379083 0.966633 -2.85559 1.73401 3.39269 0.775693 -0.927681 -0.150408 -2.66348 0.143696 1.43087 3.83875 0.15264 2.03244 -1.43653 -0.242381 1.81976 0.778276 -0.0247503 -0.326824 1.51032 -0.19223 0.476764 0.192974 0.501527 -2.35273 -0.868996 -0.716832 -1.76737 -0.846459 0.750797 -0.819152 0.533014 1.97173 0.155769 0.523394 0.29367 1.23349 0.740579 1.74162 0.705578 0.555815 -0.140213 0.0509848 0.314056 0.939684 0.564813 1.82072 -0.55856 -1.62057 -0.645418 2.94125 0.250303 1.36305 0.617117 -0.962314 1.07999 -1.57176 1.03986 0.687759 0.446368 -0.668152 0.967217 0.868496 -0.42588 -0.0688986 0.531083 1.0548 0.8173 -1.2276 -2.68836 1.64736 -0.594108 -1.99312 -0.398934 -0.595036 0.952852 0.33003 1.13014 -0.614658 0.0939227 -1.72678 -0.587748 0.443629 -0.359206 -3.366 1.73632 1.36007 -1.09561 1.27132 -1.30171 0.678771 -0.803798 -1.01852 -0.605862 0.760628 -2.80689 0.0566677 -1.14147 -1.42343 -0.267675 -0.706707 0.0172218 0.765508 -3.36984 0.948665 -0.241428 -1.35995 -1.04442 2.56988 0.379863 -0.824898 0.858216 -1.34641 -1.58647 -1.22166 -1.23703 -1.15459 -0.235809 0.393868 -0.946661 -0.153251 -0.0547484 -0.645623 3.66051 -2.14657 0.551238 -1.65069 1.10567 0.482389 -1.05229 -2.33399 -1.04563 -0.264413 0.163178 -0.0644698 0.675871 -0.0959754 -1.63299 -0.0655701 0.0389347 -1.00704 0.239406 -0.394704 -0.73013 -0.71191 -2.04711 -1.44248 0.368314 -1.53516 -1.12901 -1.50288 1.52654 0.587211 0.17554 0.918828 -0.753775 1.86925 0.230955 3.20382 -2.09527 -1.7442 -1.98999 -1.9021 -0.896312 -0.316071 -3.62303 0.284084 -1.32713 -1.49806 3.15307 2.58392 0.467596 -0.845361 1.40641 2.01772 1.16284 -2.40021 -0.777903 0.240595 0.41155 -0.0907766 -0.56343 0.736852 0.0648465 1.17696 0.27257 0.717705 0.400375 -0.955173 0.0572545 0.767609 0.611444 -0.67737 0.0457845 0.916122 0.656247 2.32207 0.613603 2.00794 0.373228 1.89674 0.111995 -0.238652 -3.19034 0.600841 -0.867825 -0.0411712 0.917287 0.0495865 0.152282 -2.01568 0.881583 0.879701 -1.21242 -0.173006 1.2607 -1.7223 -0.66244 1.33165 -2.16784 1.4411 -1.3727 1.6662 -0.498139 0.834821 -1.05293 0.357555 1.54297 0.823104 -1.02543 0.95562 -0.785448 3.29863 -1.16489 -0.0412664 -0.60652 -2.11284 -0.316987 0.355195 -1.12336 -1.09793 -0.932731 -1.34413 1.51415 0.313173 0.0601606 -0.493171 -1.31551 1.73695 0.699635 -0.642252 -0.90456 -3.73154 -0.777176 -0.639977 -0.655428 0.811275 -0.191933 
-1.73656 1.79483 1.88141 -1.26725 1.84784 -1.50297 -1.15749 0.700815 -1.03664 -0.775628 0.670021 0.28027 0.565037 -1.2049 1.49946 0.61251 0.562705 -0.213013 -0.101756 -0.796894 1.47112 -1.09225 0.88276 1.51482 -0.687082 1.49809 -1.81327 -1.08285 -0.938554 -0.604366 -0.336776 -0.110149 0.0777814 -0.204947 0.489008 0.701534 -1.47018 -0.924219 -1.21676 1.85969 -2.24918 -0.459706 0.192822 -1.38976 1.39896 0.181652 0.4769 -0.795625 -0.388574 -2.21245 0.0778674 -0.159214 1.90076 -1.79796 2.19759 1.61382 -1.13817 -2.54915 -0.311551 -0.0281124 -0.9766 -0.209203 -1.01934 -1.28564 0.0140834 -0.248882 1.97915 -1.19256 0.891064 -1.24036 0.262414 1.3693 0.695884 -0.0372366 0.906035 -1.62751 -0.500863 -0.585673 0.3199 -0.691473 1.9505 1.20417 0.223929 -0.304133 0.481054 0.685036 -0.727431 -0.931888 1.39603 -1.43813 0.661198 -0.615239 1.36688 1.35414 -0.540715 -1.08525 -2.02618 0.360817 0.0590395 1.99073 -0.202074 1.31128 0.105979 -0.634516 0.225162 -0.648715 1.48283 -0.450177 1.79388 -0.200288 -1.08869 0.577149 0.778837 -2.42794 -0.183003 -2.67655 1.52384 -1.347 -0.803681 0.724875 -1.71688 0.837881 -1.05612 -2.97913 -1.79315 -0.386001 0.0814096 0.539553 1.25797 -1.11941 -1.34233 -0.718754 -0.638856 0.826825 1.25776 0.694346 -1.83166 3.64556 1.06338 2.14917 1.80773 0.388771 2.55235 1.91578 0.368068 -1.07921 -0.815001 0.145855 1.26136 0.451414 0.263864 -0.207831 1.87507 -1.29114 0.640566 1.33414 -0.357215 -0.660562 0.836084 0.24856 4.30922 -0.165153 -1.1783 0.514932 0.625759 -2.54503 -0.085287 0.619478 -0.0503874 -1.75368 -0.218563 2.71307 1.03291 -2.36451 0.655055 -1.03021 -0.275906 0.731992 -1.42418 -0.0633442 -1.41005 2.34336 -0.632278 1.88772 0.477382 0.224686 0.399273 -0.698109 0.631681 0.0931801 0.169151 -0.819541 1.94048 1.129 1.76753 0.332415 -0.63905 -0.236436 0.681696 2.2193 2.12024 -0.752603 -0.389078 -0.0331227 -1.55101 -0.94641 1.91248 -0.203417 0.790074 1.52522 0.233169 -1.6855 1.40074 1.60632 0.0155228 1.14747 0.380636 -1.05225 -1.84936 0.699165 -1.23721 2.62962 -2.29414 -1.28284 0.923949 -2.37307 -1.02809 1.45672 0.485984 2.55566 1.29481 0.357078 0.198666 -0.221594 -0.0887237 -0.904022 0.466601 0.472031 0.879372 -3.44651 -0.66282 1.66922 1.31099 0.0380848 0.497132 0.634799 1.37959 0.511081 -1.55224 -0.674063 -0.77973 -0.582165 -3.10936 -0.977974 -0.432122 0.150477 -0.829445 1.81661 -2.32697 -0.927635 -0.226561 -2.03469 -0.146683 0.625532 0.480342 -0.466779 -1.22446 0.66497 0.903277 2.06812 -1.81873 -0.0791882 -1.17441 -0.973192 -0.0864294 1.14387 -1.47125 -0.234706 -1.76229 -1.48317 -2.68116 2.11886 1.27692 0.304925 0.443612 0.344282 1.32432 -0.179971 1.64725 0.844494 0.514256 3.34641 -0.228425 1.09619 -0.185631 0.67784 1.07434 1.69002 2.03671 -1.36963 
-0.269542 2.7474 -0.355468 -1.29321 0.033333 -0.453703 0.0857121 -0.608524 -1.68832 -0.671606 0.286806 0.0441715 0.660232 0.306429 -0.236793 0.860408 0.90279 -0.284828 0.200483 0.283866 -0.111032 -0.973014 0.772229 2.84011 0.712427 -1.70896 1.41775 0.705377 0.199645 -0.217756 0.180717 -0.6192 -0.625166 -1.54272 1.19308 -1.33294 -0.924295 -0.160973 -2.14428 1.65518 0.797396 -0.289136 0.521444 3.37152 0.0656675 1.01245 -1.01224 0.276817 0.998733 0.927787 2.00126 0.851827 0.171618 -0.523837 0.9307 1.06513 1.3369 0.55027 -1.53394 0.28536 3.86362 1.40718 0.56697 1.2695 0.792095 0.20625 -0.684267 -2.92119 0.346931 2.57553 -0.959996 -0.702668 -0.464231 -0.249055 0.172906 -1.00271 0.241193 -0.593348 -0.655156 -1.34241 0.232102 -1.32497 -1.21354 -0.732409 -1.01455 -2.68297 2.27761 -0.261694 0.073952 1.30369 -0.767161 0.437451 1.09001 -1.07241 -2.96894 1.41378 -0.225422 -1.20817 1.43268 -2.1892 3.22925 0.782655 2.03107 0.462785 1.40519 -0.286984 0.257889 -2.46755 -0.657074 -1.43343 -0.55713 -0.95935 -0.133822 2.0515 0.699615 0.147581 0.873396 0.384721 0.0743934 0.740024 0.273761 0.995689 1.62034 -0.192528 0.487238 -0.560839 -0.678364 -1.09826 -0.938381 0.901542 -0.527111 -1.11485 1.77811 -0.151914 0.219256 -0.599842 0.674784 -1.57985 -1.60076 0.291709 -0.39154 0.720293 1.48084 -1.37387 3.12458 0.855413 2.5462 0.0118991 -0.180971 -1.31962 -0.0724747 0.781898 -0.077238 1.32816 0.903107 2.302 1.034 -1.73911 -0.784758 -1.69073 -0.268848 0.767856 -0.257643 -0.48662 -1.18254 -0.799896 -1.63312 1.4285 -0.458128 0.161368 1.80426 0.470682 -1.05415 0.56093 -2.20864 -0.75965 1.4329 0.565075 3.80439 -1.14183 -0.405288 1.30817 1.47838 -0.469298 1.62713 1.15066 -0.402252 -0.364315 -0.312895 -0.687305 -0.743836 0.312714 0.848325 -1.93553 -1.04389 -0.85894 -0.634895 0.57571 0.0790535 0.775576 -0.948414 -0.530766 0.0815494 0.0468784 -0.626627 -1.28014 0.30581 0.116381 -1.44644 0.208368 -0.539731 1.10981 0.137283 -2.64106 2.00759 0.568143 0.313511 -0.148591 0.440953 -2.08735 -0.976148 -0.960808 0.301317 -1.08021 -0.749827 -0.649647 2.93402 0.362641 -1.93962 -0.811468 -0.59146 -0.845659 -0.019114 0.201991 0.730959 0.746502 -0.803005 2.72992 -0.929127 0.516954 0.755489 -0.414729 -0.274722 1.28271 -1.73006 -0.931214 0.174645 0.0322741 0.642513 0.0322064 -1.20268 -1.92051 -0.482894 -1.27475 -0.24871 2.17857 0.202587 -1.74872 -0.743834 -0.746717 -1.27491 0.502194 -0.630671 -1.37554 0.778387 -0.378714 1.37932 0.302467 1.88645 -1.89165 0.62985 0.618593 -0.861784 -1.00162 2.1271 -1.38836 -2.09431 1.65617 -0.368182 0.416893 -0.974744 1.04777 0.735837 -3.02722 -1.30179 0.325669 -0.237027 -0.829008 -1.09052 -0.855856 2.71272 1.74268 -0.00819523 0.955747 -0.780899 0.434625 -0.626766 -0.883583 -0.346996 0.00554603 
0.997059 0.00529055 -2.04387 -2.08447 -0.271229 -1.80027 2.09261 -1.224 0.735417 1.98971 1.48179 2.3053 1.4106 2.41672 1.41858 2.93332 1.67762 -2.08808 -2.23698 0.250984 -1.26045 0.974701 0.308563 -1.52743 1.10403 0.299599 0.063178 -1.33597 0.592396 -1.74567 0.628455 1.24893 1.30653 -0.856516 2.00972 0.262445 -0.847523 -0.967347 -0.38979 0.971458 -0.0756336 0.435555 -0.357307 -0.136041 -1.91894 1.66653 1.72108 0.495662 -0.551692 -0.447815 1.11102 -0.0819914 -0.206255 -0.85757 1.20145 2.27399 2.22098 0.864826 -1.01848 1.60924 1.49908 -0.475602 -0.899269 0.504656 2.94015 -0.467028 2.24392 1.48502 -1.50667 -2.93744 -0.946865 -1.57655 2.71208 -0.390239 -0.735686 -1.3711 0.77964 -0.522236 -2.25182 1.88803 -0.723906 0.647541 -1.38594 0.599918 -2.66294 0.731989 -1.78267 0.633193 -0.584353 -1.1287 0.463363 -2.19589 2.17475 -1.59811 -0.50666 1.68649 -2.00748 -1.9267 0.725902 -2.68062 1.56105 0.00880953 -0.409799 0.408367 1.42564 0.0108526 -1.50136 2.06505 0.202937 0.000271567 0.631332 -1.58449 0.791628 0.101445 0.395676 0.0284531 -1.0082 -1.4468 -1.92239 -1.33853 -1.041 0.971137 2.43569 -0.034461 1.2462 2.20813 -1.51296 -1.08116 1.42636 0.367441 -1.39164 1.42202 3.00856 -0.825656 -0.0474947 -2.16541 1.78479 2.34566 0.388066 2.05246 1.07752 -0.129959 0.794418 0.475286 0.818547 1.57376 -0.885373 1.00939 -0.117733 1.77296 1.89829 -0.995665 -0.417826 -1.26846 0.584966 -0.876322 0.934171 0.210398 2.15974 0.129302 2.46496 -1.35112 3.16176 0.614746 0.650888 1.06326 -1.15188 0.384866 -0.478787 -1.11434 -1.27606 0.436677 0.361689 0.165567 -0.489769 -0.893599 -1.07274 1.12952 0.806033 0.350882 -1.89401 0.897992 2.22755 -0.373489 -0.782728 0.514376 -2.40698 -1.19244 -0.764373 -0.685204 -1.26581 0.572652 -0.758991 -0.29282 0.815074 -2.79038 -1.02214 -1.46489 0.528563 0.639993 3.24365 -0.930828 1.39992 1.07374 -2.79834 -0.857325 0.774314 0.286408 -0.896037 -0.626677 -0.371478 -1.38867 1.15262 1.02035 -0.643353 -1.81459 1.05301 -0.586513 1.8276 0.435819 0.287669 0.0272947 0.996197 0.998935 0.054957 0.350949 -0.894498 -0.594186 0.335425 -0.367616 1.54208 -1.25436 0.415111 -2.1509 -1.26935 -0.785477 2.54685 -2.04891 1.42822 -1.07988 -1.08368 0.882884 -0.370469 -0.39574 -1.02177 0.473497 -1.98077 0.68432 0.12471 2.66462 -1.5451 0.267716 -1.18021 -0.542258 0.115174 0.122515 0.620727 0.20838 0.360705 0.130152 -1.89468 0.612378 1.15145 -1.19152 0.845559 -0.147697 -0.466157 1.21881 -0.676811 -0.145747 0.236545 0.671949 0.985511 -0.991057 -0.449655 -1.35826 -0.24314 1.15267 0.81118 1.25693 -0.166753 1.4069 -0.423865 -0.313406 0.30918 1.84846 1.41502 0.0819129 -0.70997 1.56798 -0.640686 -0.88078 1.96034 -1.56649 -1.17616 -0.0113986 -2.06459 0.097391 1.26004 -0.259305 
0.332262 1.05804 -0.949406 -0.102202 -0.0654517 2.93138 1.45858 -0.403516 -1.31477 -1.03159 2.94169 -0.903461 -0.451112 -2.0371 0.871889 -1.74396 -0.23638 0.90015 -1.37574 0.482181 0.224097 0.207802 1.39223 -0.978575 0.402681 -1.32743 0.651958 -1.17133 -1.10902 -0.609034 2.03908 0.334137 -0.634058 1.86461 1.02068 -0.386437 0.123183 -0.000814232 -0.244796 1.08323 0.144062 1.00039 -0.133778 -1.21938 -0.0473166 -0.364298 -0.57719 -1.059 1.72543 0.424709 0.687864 -0.25579 -0.913467 -1.01797 3.10708 1.6593 1.5062 -0.959824 0.414613 -0.28127 0.210665 1.73788 3.06323 0.514905 2.12909 -0.52275 0.460127 2.29822 1.2686 -1.80072 0.231542 -0.43601 0.434443 1.43551 -0.959105 -0.453823 0.799391 1.08498 -1.00044 2.27278 0.0232797 0.97142 -1.35578 1.89677 1.1593 -0.0618207 -0.880078 -0.282652 2.89301 2.31747 -0.993128 -2.05609 -1.247 0.22627 0.138134 1.55015 -0.994053 -1.62969 -1.02323 -1.07568 -1.4956 2.20385 -1.66469 2.19545 0.713706 2.92808 -0.331698 1.46533 0.486955 0.368371 1.39175 -1.84211 0.342546 0.717191 -0.13212 -0.198424 1.01233 0.179153 -1.71911 -1.17529 0.844168 -0.480451 0.484449 -2.73334 -1.00514 -0.507976 0.723062 0.864096 1.24783 -0.950663 -0.566897 -0.631335 -1.05856 0.545353 0.248024 2.06562 -1.2848 2.85603 0.32069 0.968653 -0.255776 -0.401905 -2.7524 -1.39469 -0.59775 2.63405 1.37264 0.11273 0.119055 -0.197636 -1.74468 0.577094 -0.45992 0.581134 0.131961 0.153503 -1.26318 -2.08273 -0.0173335 1.18556 -0.897073 -0.254646 -1.23512 1.00644 0.672683 -0.0503608 -1.96996 0.853127 -2.46183 0.916719 0.865229 -1.11815 -1.15034 2.50014 -0.0387612 -0.513538 0.272285 -1.39896 2.87589 1.12462 -1.85664 -2.15047 1.84577 -1.41465 -0.0766881 -0.584706 -1.01388 -2.27972 1.54126 -1.28246 -0.471658 -1.10393 0.80708 -1.00142 1.30815 1.9065 -0.507235 -0.848375 -1.01788 -0.425396 -0.256673 -1.46802 -1.10514 -1.03458 1.23673 -1.27381 0.164315 -0.339233 1.06538 0.316415 -1.97967 -1.17317 1.29343 0.96626 2.13059 0.829131 -0.25309 0.596705 -0.753186 0.599591 -0.0100414 1.10606 1.44653 -0.212003 -0.960779 -1.642 0.460974 0.560367 -0.712255 0.617734 0.743829 0.687966 1.33214 0.193911 0.106823 1.31443 -0.24869 -0.024095 0.925822 -1.32616 1.32702 -2.13845 3.06424 0.0894532 1.62542 1.56858 -1.33248 0.60128 -0.709569 1.89731 0.629003 -1.40936 0.532857 -0.338923 -0.150552 0.0895036 -0.243518 0.90826 -0.128797 -2.37269 -0.42516 -1.66664 1.39295 0.305741 -2.78402 -1.13716 0.782952 1.65024 -1.64773 0.683267 -1.67463 0.516672 1.78978 0.100485 -0.761021 -0.104798 0.341544 0.0524975 0.905784 -0.453049 0.697465 -0.7902 1.39649 0.71141 0.411652 1.55947 0.214372 -1.48583 -1.11414 -0.779754 1.61132 -0.785379 1.48567 0.714081 0.857625 0.349945 1.27574 2.20875 -0.726606 0.15964 
2.23137 0.551186 -0.024378 2.01402 0.252484 -1.5011 0.318017 1.41211 -2.41349 -0.891018 -0.201198 1.82998 -0.505039 -1.08028 -0.680099 1.28643 -2.04941 1.44134 0.00999855 -0.257838 -0.153672 0.746523 -1.08019 -1.01723 0.345912 0.380249 0.89881 -0.202867 -0.750161 0.361066 1.70592 -0.962446 0.570883 -0.000703483 -2.01283 -0.0251708 -0.221155 -0.754383 -0.439367 -0.263824 0.0975248 -1.5562 1.6886 -2.37393 1.48223 0.501034 1.7788 -1.22665 -0.734845 -0.916233 -3.26913 -0.517409 -0.584832 1.43695 0.721916 1.06431 0.222284 0.518841 2.32436 0.402815 0.378678 -1.04411 -0.831014 -3.17287 0.422506 0.658694 0.1121 -0.338127 0.124959 2.20936 -1.67613 0.748574 -0.564971 -0.879603 -0.64044 -2.54875 0.438908 -0.64703 -1.10407 -0.126898 -1.03815 2.00176 0.0314677 0.429829 -0.21595 0.976615 -0.346823 -0.603039 -0.501386 2.10398 1.07734 -0.580102 0.723777 0.462737 1.07369 -0.0945386 1.30745 -0.371437 1.78607 -0.066519 2.13091 -0.475858 -1.16848 0.0618664 1.82848 -0.812806 1.51043 -2.267 -3.5046 4.58218 -0.863538 -1.21335 0.592402 -1.23335 1.4092 2.1681 1.03869 -0.512929 -0.38308 -0.44283 1.78612 2.46193 -2.54108 0.455819 -2.073 1.13316 3.12917 1.11245 0.199972 -0.440283 0.764527 0.360136 1.92127 0.548851 1.55965 -0.864928 -2.11488 -0.50973 0.183696 -0.444739 0.898367 -0.432543 -0.964461 0.806047 -1.97959 -0.483609 -1.15953 -1.55876 0.759991 -1.54004 -1.92242 0.734969 -2.60391 -2.37953 0.685196 -2.77456 -0.416454 -2.80856 -1.47744 -1.59035 0.270302 -1.59779 1.08863 2.11546 -0.509794 0.640255 -2.15812 1.3217 -0.844717 0.432392 -5.15609 0.307259 -0.574392 -0.266984 0.861357 -4.6717 0.324484 -1.53026 1.51205 0.318039 1.27286 -1.7385 2.00834 0.636232 0.0743826 -0.750627 -3.62466 2.27166 -0.604192 0.653588 -0.212934 -0.339659 0.853069 -0.193571 -0.763848 0.233785 0.561781 0.0728965 0.856826 0.148867 -0.700535 1.19544 -0.576118 -1.02287 1.99929 -1.8659 -1.08937 0.440289 0.708409 0.949005 1.11581 -1.7927 1.2897 1.3266 -0.810812 -0.442319 0.353132 -1.17119 0.159313 2.59986 -1.14299 0.175616 -0.160494 1.18498 1.67083 0.635327 1.31772 0.421687 1.26899 1.04929 1.43138 -0.282121 -1.527 -0.696168 -0.709989 -0.023565 0.403467 -0.152658 1.38392 0.0142651 -0.430845 -0.771931 0.740805 1.12885 -0.348784 -1.62597 1.12517 0.789865 -0.343929 1.13157 0.937443 0.437853 0.691742 1.74969 0.219952 -0.709723 -1.47977 -0.153629 1.52841 1.59319 1.7026 1.5126 -0.432916 -0.18918 0.146138 1.09044 0.658904 1.1276 0.0427103 0.333811 0.0298328 -0.473318 -0.21381 1.46717 0.36534 0.67716 0.197467 -0.0798967 -1.46256 0.325076 -0.509343 -0.788376 1.36331 -0.311018 -0.000265503 1.28865 -1.12369 -1.97395 -0.951111 0.961351 0.590699 0.349363 0.0765699 -0.791233 -0.530379 -0.981634 0.923153 1.30564 1.32089 -1.95546 
0.838788 0.445127 -0.572855 -0.366973 -1.79936 0.502448 -0.487725 -2.36255 -1.27179 -1.11392 -0.82756 1.53634 0.395494 -0.345218 0.417954 1.98677 1.80256 -1.27058 3.01498 1.50578 -1.36902 0.299447 0.680537 0.167813 2.63437 -0.36675 -0.774664 0.243131 1.90364 -1.03751 0.00109599 -1.94662 -0.0579995 0.911452 0.966777 0.134643 1.10169 2.8365 -0.693445 0.826664 0.113957 -3.01997 -0.144936 -0.167386 -0.658202 0.62571 -0.425912 -1.12217 -0.0520964 -0.511417 0.635881 1.22486 -1.21429 -0.708514 -0.580122 -0.714511 1.5678 -1.21235 -0.24522 0.236067 2.50409 -2.64841 -0.377029 0.682394 -1.53663 1.35387 0.0873436 1.20466 -1.35499 1.37307 0.952192 -1.30406 0.687035 -1.15691 -0.766321 2.90902 0.546024 0.846329 -0.150826 0.153595 0.426608 1.06828 -0.409292 0.99797 0.223798 -1.52248 -0.240567 -1.43551 -0.808382 -1.16276 0.561105 -0.271084 -1.21638 -0.238432 -1.28011 -0.0624013 0.501418 0.584764 0.738485 -1.27552 1.24001 -0.671149 1.63483 0.162808 2.07837 -0.611416 -0.908706 -0.142444 -0.641622 1.20412 -0.00382936 -1.16443 0.617497 -0.873313 -0.374449 -0.355308 0.672345 0.973717 1.027 -0.744017 -0.634662 1.19675 -2.3599 -0.407181 -1.26968 0.168496 1.11205 1.27926 -1.62845 -1.35164 -0.724062 -1.51917 -1.85067 1.33937 0.628087 1.34411 1.06273 0.0119991 -0.917086 -0.0353466 0.443295 0.571805 -1.96867 -3.31837 -0.458674 -0.0680313 2.49566 0.872879 0.921264 0.09563 0.745311 -2.63111 0.295976 -1.09863 -0.586884 -1.32809 0.0509428 2.58071 -0.297976 1.16251 0.618727 -1.40051 1.57097 -1.07001 -1.93441 0.500365 1.52312 -0.941145 -1.11458 -0.0824259 -0.785313 -0.295629 -0.689466 -0.347006 -2.24464 -0.479602 0.903906 0.119999 -0.459833 -0.614602 -0.804839 0.155908 0.463257 0.275677 0.613739 1.46897 -0.10691 1.22031 1.86412 0.927493 -2.15085 1.80252 0.301635 0.11987 0.344292 1.98824 0.23398 -1.68325 2.82067 0.919473 2.81036 0.222049 -1.05922 -1.30377 1.00232 0.00679965 -1.25897 -0.379546 -0.710534 0.0980007 -0.916176 0.324052 0.338914 0.346444 -0.544162 1.48546 -0.733315 -0.709929 0.722447 0.956628 0.328748 1.53518 -1.70381 -1.37722 0.154965 1.3004 2.03882 -0.106656 0.258158 -0.469878 0.175163 -2.44245 -0.617078 -2.18679 -2.47916 -1.12932 -0.0661283 0.376117 0.738526 0.195154 0.500709 -0.0659068 -1.69952 0.911578 1.18829 0.934173 0.74335 -0.911513 1.45696 0.592426 -1.7779 -1.62681 -0.271518 -0.678652 0.533926 -1.32886 -1.20725 -0.0674591 -0.518975 2.44404 -0.784425 -1.1402 -0.211214 -0.139611 0.786363 0.599197 0.994318 -0.116546 1.13482 -0.00243854 1.48624 -0.407422 0.83556 -0.279402 0.00723464 -0.949823 -0.64102 0.781236 -0.203531 1.3125 0.23162 -0.105201 -2.46301 0.96084 -2.1362 2.55335 3.72768 -0.20618 0.0740234 -0.37271 1.09743 0.0235302 -1.40257 1.30227 -2.16446 0.681891 -0.400772 0.807002 0.303297 0.334899 
0.865065 -0.838414 -0.909872 -2.32413 0.199442 -1.18183 0.670691 1.20474 1.34866 -1.51582 -0.377357 -1.427 -0.436363 -0.429298 -0.302479 0.298938 -1.44974 -1.42875 -0.0567663 -2.833 0.711132 0.950414 -0.235437 0.834983 -0.22047 -0.0413451 -0.000330372 -0.0513648 -0.791714 -1.50301 -0.0314377 0.651208 0.996981 0.798945 1.62036 -1.45736 -1.80593 -1.08877 0.0259433 1.07095 0.943656 0.315472 0.850049 -0.711698 -1.23691 0.956733 -0.560769 -0.211389 2.67802 0.0888742 1.03112 -0.0879363 -0.0509966 -0.729693 1.26455 -2.63553 0.0489738 -0.70643 0.1435 -0.150411 -1.41175 2.14091 -2.53002 -1.07133 -0.779841 -0.362071 2.21165 -0.413897 0.95251 -0.884505 0.471806 -1.04409 1.06886 0.133942 2.39075 -0.329621 -0.62417 1.03632 1.22999 -1.60706 -0.703209 -3.78357 -0.614311 -0.905286 0.0967979 1.65898 -0.422961 -0.620029 1.33679 -0.413636 0.671792 -1.65395 -1.90247 1.09766 -0.183561 -1.27986 -1.35131 -0.018955 -1.88681 -0.620316 -0.35762 -1.58222 -1.85637 -0.291119 1.14487 1.07137 0.365416 0.000861262 -0.315463 -1.23914 1.18428 0.627094 -0.232866 1.40395 -1.73562 -1.94169 -0.133815 -0.343394 2.21604 0.0031607 -0.200989 0.536524 0.217012 2.55753 1.79281 0.0573075 1.33021 0.952427 -1.22205 -0.255941 -3.19245 -0.0347241 0.100013 -1.17293 -2.01854 0.760821 -0.125755 -0.898586 0.182798 0.388673 0.84465 -0.0850889 -0.388219 0.0755094 -1.36241 0.679965 0.547888 -0.924703 -0.509066 0.941206 -0.959353 0.628044 -2.32659 -1.34098 -1.25379 -2.13591 -1.59802 -1.58328 0.225669 -0.203777 -0.577941 1.55946 -0.0825209 0.227734 -2.60113 0.494294 -0.0536182 1.41079 -1.28568 0.466712 -1.24447 -1.01883 -1.06051 -0.0103736 1.54725 -1.18731 1.00667 0.896321 0.29984 -0.720615 -0.608723 -1.51246 -0.515151 0.681136 -0.215386 -0.750975 -0.759755 0.856352 3.28005 -0.652371 0.955914 -0.410851 -0.230791 -0.701395 0.713447 0.705479 0.0698608 1.54287 0.898682 2.71261 -1.0891 1.82777 1.06935 0.174468 0.42092 -0.751331 2.16552 -0.573625 -0.88845 0.48278 -1.31459 0.497509 1.35781 0.772758 -1.84103 -2.52928 -0.550708 0.238684 -2.00139 -0.800834 -1.86146 1.36222 0.842673 1.4525 -0.313933 0.350058 -0.329101 -0.184245 -1.16985 -1.04864 1.20908 0.0611928 -0.0136496 0.705533 -0.805232 1.09397 -0.829317 -1.21922 1.09512 -0.0576764 0.661446 -1.32494 -0.0568909 0.705823 0.442926 -0.13997 0.705826 0.68644 1.66975 -1.22223 0.00754021 0.12474 -2.86179 -1.31294 -1.84738 -0.504454 -0.808078 -1.74176 0.0919773 -0.588919 1.40296 -0.686434 2.59138 0.719702 0.562761 -1.0904 0.830604 -0.576439 -3.19532 -1.26743 2.60579 1.07684 -1.70818 0.433246 -1.76026 -0.0758661 -0.0618833 0.954372 -0.0341647 -1.63496 -1.12431 1.06819 1.19094 -0.49429 0.487056 -0.18117 0.869428 0.229117 0.894493 -1.32351 -2.74314 -0.253269 1.26617 0.81741 1.77862 0.940969 -2.23107 1.27528 0.0150659 -1.53917 
-0.138596 2.2582 0.721101 -1.15858 -1.52108 0.751436 1.30788 2.28622 -1.27796 -0.856826 -0.746407 -0.609505 0.508567 -0.229997 0.330247 2.11428 0.0447586 0.173451 2.17189 -1.36412 -0.289364 -0.503638 -0.400764 -1.25819 2.35352 -0.554536 -0.694399 -1.03924 0.856968 -1.56685 0.394981 2.56056 0.151227 -0.693958 0.807899 -0.618083 -0.517996 0.601981 1.04889 3.07466 -1.15736 -2.8397 -0.474626 -2.41502 -0.85522 1.46109 0.627332 -0.819799 -0.871339 1.12175 0.872081 1.33411 -0.340784 0.182557 -1.65691 0.0634233 2.64557 -1.01072 -0.290952 0.16745 0.207677 1.59254 -1.08566 -0.684196 0.635795 0.166162 0.824415 1.87699 0.0377522 -0.813859 -0.263504 -0.610565 -0.584458 -1.54444 1.22426 -1.03007 1.80897 1.32802 -1.74797 1.20498 -0.0497755 -0.184649 -0.208832 -0.996157 -2.24776 1.26017 0.654839 -1.4467 0.0760183 1.16047 0.131647 1.63256 -0.495808 -0.0954898 -1.67464 0.0276225 -0.784993 -0.723867 1.41431 -0.20366 1.07447 0.317512 2.7657 -0.936269 -0.50653 0.82389 0.0445153 0.41189 1.20376 0.488244 0.511236 1.48723 -1.24953 0.357948 2.01368 -0.478564 -0.0349607 2.09159 -0.357598 1.33619 2.32543 -0.917588 -0.87487 -1.85648 1.12755 -0.976019 0.743023 -0.628876 -2.42115 -0.339786 0.174156 -0.578448 -0.678205 -0.190826 1.25407 -0.783624 0.733941 -0.112259 -1.07637 -2.22551 -0.067079 -0.779166 -0.798755 -0.273566 2.9608 -0.953888 -0.38154 -0.924302 -0.961832 -0.212679 -0.66866 -0.815818 1.48349 0.872261 -0.397908 1.83422 1.61795 0.0114723 -0.344829 0.934115 -0.906817 -0.834119 0.617344 -0.569472 0.451778 -1.80559 -0.355304 0.0576911 -0.221111 1.75858 1.16579 0.393837 -2.09763 2.61857 -3.55712 -0.25971 0.572632 0.868451 0.466304 0.401307 -3.44433 -1.04617 0.830967 -0.120773 0.862849 -0.944561 -0.826938 0.534928 -0.681623 -1.22552 1.41951 -1.04158 -0.387956 1.38675 -0.890238 -0.698049 -0.0536764 1.1029 -1.9059 -0.465903 0.659137 -0.748024 0.40045 1.65612 -0.608476 0.158787 -0.842549 0.961803 0.742347 3.45595 -0.347894 -2.57904 -0.831958 -1.25463 0.0717289 -3.8097 0.862088 -1.08409 -2.88911 -1.35508 2.09516 0.986186 0.115806 -1.04477 0.799797 -0.725619 0.873349 -0.775714 -0.0426317 -0.812961 1.5643 -2.7687 3.34152 1.03527 -0.894309 -0.311997 1.76568 -0.807321 0.354026 0.584032 -2.60702 1.3531 -0.945588 -1.91527 -0.624859 -0.0957921 -0.784994 -2.21751 -0.608765 0.985288 3.68313 0.474958 -0.373318 -2.77737 0.590723 -2.90128 -0.846677 1.73153 2.66604 1.84397 0.904002 0.159832 0.792584 -0.0883574 0.283119 0.212233 0.889707 0.970892 -1.98163 -0.27175 -0.755258 -1.46511 1.03309 1.54852 -0.110539 -0.709342 1.89867 -3.82968 2.6297 1.82395 -0.0593218 0.458804 0.201526 -0.850293 3.00489 1.14743 -0.532799 -0.430236 -0.112321 -0.124404 2.33145 0.844779 -1.08284 1.53693 2.24066 2.04068 0.809136 -1.15136 0.321895 -1.17392 
-1.73042 -0.392472 0.614448 0.88282 -0.273977 -0.0343257 -0.660064 0.487715 1.00394 0.666951 -0.825479 0.586707 0.488666 -0.964511 -1.40124 -0.0609981 -0.0449713 0.571532 -1.36039 3.04332 0.129766 2.2202 1.15918 -0.987088 -0.446687 0.547073 -1.13895 1.41129 1.85026 1.56378 0.026586 1.62723 -0.844185 -0.274068 -1.20711 0.160133 -0.729357 0.280797 0.697094 -1.98077 0.382151 -0.670328 1.30589 -0.655139 0.497842 1.59943 -2.0667 -1.39881 -0.263555 0.695544 -0.655346 0.631361 3.51285 -1.45959 -0.123501 2.35748 1.46781 -0.677461 0.690268 -1.35159 1.61047 -0.177125 2.14554 0.0925339 0.157478 -2.19798 -0.285525 -1.51148 0.123591 1.18977 -0.181567 0.549494 2.28686 -0.652586 1.01322 1.43104 0.426667 1.75975 0.927628 -1.66102 1.62203 -0.539351 0.951109 -2.42788 -1.43339 0.745116 -0.863232 -0.811837 -0.168569 -0.271385 -0.130033 -1.92506 1.38655 0.727603 -1.9964 0.211652 -0.419511 -1.35654 -1.13142 -0.280499 0.585397 1.91794 1.63229 -0.9965 -1.09123 -1.19846 -0.533574 1.96448 2.95109 -0.0902617 -0.921092 -1.95301 1.34729 -0.0755405 0.924829 -1.64948 -1.31121 -1.23102 -0.561625 -1.2899 -1.5961 -0.240987 -0.064515 -0.339383 1.87713 -0.967846 0.840482 0.703473 -0.347866 -0.454519 -1.39383 -1.79913 -0.345084 0.663686 -1.6291 0.0382484 1.93137 -0.635445 -0.177598 1.12304 0.232952 -0.905896 -2.09696 0.26187 0.761422 -0.531981 2.22148 -0.369367 0.866465 -0.858079 -0.871582 0.634796 -0.597718 0.163228 -1.15495 1.55489 -0.444458 0.446993 -0.70447 -0.28534 -0.352639 -0.780925 -0.653066 -1.22104 0.0858044 3.38523 1.41764 1.11628 1.19075 -1.93932 -0.187937 -0.991728 -0.751537 -0.107842 0.262883 -1.03567 -1.97999 -2.45364 0.130623 -1.42811 -1.39439 1.93128 1.66133 0.445604 1.43202 -2.71051 1.95984 -0.536776 -0.473425 0.261565 0.742299 0.678389 1.97524 0.0576836 -0.646293 0.323065 3.72741 1.35896 -0.377388 -0.854957 1.37937 0.92148 0.051253 0.408545 -1.46872 -1.27205 1.5229 -1.54648 -0.280867 -0.179926 -1.66811 0.655921 0.995579 -0.619442 0.605694 0.752778 