1372 1.00001
38.3436 38.3436 38.3436 
19.1345 19.1345 19.1345 
1 1 1 1 1 1 1 1 1 1 1 1 1 1 1 1 1 1 1 1 1 1 1 1 1 1 1 1 1 1 1 1 1 1 1 1 1 1 1 1 1 1 1 1 1 1 1 1 1 1 1 1 1 1 1 1 1 1 1 1 1 1 1 1 1 1 1 1 1 1 1 1 1 1 1 1 1 1 1 1 1 1 1 1 1 1 1 1 1 1 1 1 1 1 1 1 1 1 1 1 
1 1 1 1 1 1 1 1 1 1 1 1 1 1 1 1 1 1 1 1 1 1 1 1 1 1 1 1 1 1 1 1 1 1 1 1 1 1 1 1 1 1 1 1 1 1 1 1 1 1 1 1 1 1 1 1 1 1 1 1 1 1 1 1 1 1 1 1 1 1 1 1 1 1 1 1 1 1 1 1 1 1 1 1 1 1 1 1 1 1 1 1 1 1 1 1 1 1 1 1 
1 1 1 1 1 1 1 1 1 1 1 1 1 1 1 1 1 1 1 1 1 1 1 1 1 1 1 1 1 1 1 1 1 1 1 1 1 1 1 1 1 1 1 1 1 1 1 1 1 1 1 1 1 1 1 1 1 1 1 1 1 1 1 1 1 1 1 1 1 1 1 1 1 1 1 1 1 1 1 1 1 1 1 1 1 1 1 1 1 1 1 1 1 1 1 1 1 1 1 1 
1 1 1 1 1 1 1 1 1 1 1 1 1 1 1 1 1 1 1 1 1 1 1 1 1 1 1 1 1 1 1 1 1 1 1 1 1 1 1 1 1 1 1 1 1 1 1 1 1 1 1 1 1 1 1 1 1 1 1 1 1 1 1 1 1 1 1 1 1 1 1 1 1 1 1 1 1 1 1 1 1 1 1 1 1 1 1 1 1 1 1 1 1 1 1 1 1 1 1 1 
1 1 1 1 1 1 1 1 1 1 1 1 1 1 1 1 1 1 1 1 1 1 1 1 1 1 1 1 1 1 1 1 1 1 1 1 1 1 1 1 1 1 1 1 1 1 1 1 1 1 1 1 1 1 1 1 1 1 1 1 1 1 1 1 1 1 1 1 1 1 1 1 1 1 1 1 1 1 1 1 1 1 1 1 1 1 1 1 1 1 1 1 1 1 1 1 1 1 1 1 
1 1 1 1 1 1 1 1 1 1 1 1 1 1 1 1 1 1 1 1 1 1 1 1 1 1 1 1 1 1 1 1 1 1 1 1 1 1 1 1 1 1 1 1 1 1 1 1 1 1 1 1 1 1 1 1 1 1 1 1 1 1 1 1 1 1 1 1 1 1 1 1 1 1 1 1 1 1 1 1 1 1 1 1 1 1 1 1 1 1 1 1 1 1 1 1 1 1 1 1 
1 1 1 1 1 1 1 1 1 1 1 1 1 1 1 1 1 1 1 1 1 1 1 1 1 1 1 1 1 1 1 1 1 1 1 1 1 1 1 1 1 1 1 1 1 1 1 1 1 1 1 1 1 1 1 1 1 1 1 1 1 1 1 1 1 1 1 1 1 1 1 1 1 1 1 1 1 1 1 1 1 1 1 1 1 1 1 1 1 1 1 1 1 1 1 1 1 1 1 1 
1 1 1 1 1 1 1 1 1 1 1 1 1 1 1 1 1 1 1 1 1 1 1 1 1 1 1 1 1 1 1 1 1 1 1 1 1 1 1 1 1 1 1 1 1 1 1 1 1 1 1 1 1 1 1 1 1 1 1 1 1 1 1 1 1 1 1 1 1 1 1 1 1 1 1 1 1 1 1 1 1 1 1 1 1 1 1 1 1 1 1 1 1 1 1 1 1 1 1 1 
1 1 1 1 1 1 1 1 1 1 1 1 1 1 1 1 1 1 1 1 1 1 1 1 1 1 1 1 1 1 1 1 1 1 1 1 1 1 1 1 1 1 1 1 1 1 1 1 1 1 1 1 1 1 1 1 1 1 1 1 1 1 1 1 1 1 1 1 1 1 1 1 1 1 1 1 1 1 1 1 1 1 1 1 1 1 1 1 1 1 1 1 1 1 1 1 1 1 1 1 
1 1 1 1 1 1 1 1 1 1 1 1 1 1 1 1 1 1 1 1 1 1 1 1 1 1 1 1 1 1 1 1 1 1 1 1 1 1 1 1 1 1 1 1 1 1 1 1 1 1 1 1 1 1 1 1 1 1 1 1 1 1 1 1 1 1 1 1 1 1 1 1 1 1 1 1 1 1 1 1 1 1 1 1 1 1 1 1 1 1 1 1 1 1 1 1 1 1 1 1 
1 1 1 1 1 1 1 1 1 1 1 1 1 1 1 1 1 1 1 1 1 1 1 1 1 1 1 1 1 1 1 1 1 1 1 1 1 1 1 1 1 1 1 1 1 1 1 1 1 1 1 1 1 1 1 1 1 1 1 1 1 1 1 1 1 1 1 1 1 1 1 1 1 1 1 1 1 1 1 1 1 1 1 1 1 1 1 1 1 1 1 1 1 1 1 1 1 1 1 1 
1 1 1 1 1 1 1 1 1 1 1 1 1 1 1 1 1 1 1 1 1 1 1 1 1 1 1 1 1 1 1 1 1 1 1 1 1 1 1 1 1 1 1 1 1 1 1 1 1 1 1 1 1 1 1 1 1 1 1 1 1 1 1 1 1 1 1 1 1 1 1 1 1 1 1 1 1 1 1 1 1 1 1 1 1 1 1 1 1 1 1 1 1 1 1 1 1 1 1 1 
1 1 1 1 1 1 1 1 1 1 1 1 1 1 1 1 1 1 1 1 1 1 1 1 1 1 1 1 1 1 1 1 1 1 1 1 1 1 1 1 1 1 1 1 1 1 1 1 1 1 1 1 1 1 1 1 1 1 1 1 1 1 1 1 1 1 1 1 1 1 1 1 1 1 1 1 1 1 1 1 1 1 1 1 1 1 1 1 1 1 1 1 1 1 1 1 1 1 1 1 
1 1 1 1 1 1 1 1 1 1 1 1 1 1 1 1 1 1 1 1 1 1 1 1 1 1 1 1 1 1 1 1 1 1 1 1 1 1 1 1 1 1 1 1 1 1 1 1 1 1 1 1 1 1 1 1 1 1 1 1 1 1 1 1 1 1 1 1 1 1 1 1 
0 0.885218 1.53598 1.44305 0 1.50058 3.86 4.15445 0 4.30999 1.29587 4.03089 0 4.12492 4.10251 1.16739 0 6.88542 1.10162 1.49654 0 6.71382 3.78351 3.85574 0 9.58341 0.968984 3.94324 0 9.91536 3.76188 1.39754 0 12.0466 0.888272 1.50165 0 12.309 3.96307 4.12968 0 15.0655 1.11559 4.41677 0 14.9713 3.60917 1.35009 0 17.6712 0.794005 1.05646 0 17.8099 3.34103 3.89716 0 20.4027 0.817693 3.68851 0 20.3612 3.47255 1.1924 0 22.9589 1.22819 1.20181 0 23.3078 3.97737 3.82126 0 25.7648 1.59942 3.63559 0 25.932 4.06116 1.12224 0 29.0032 1.28966 1.31346 0 28.0225 4.47945 4.18957 0 31.2915 1.58064 3.99762 0 31.5322 3.9984 1.09858 0 34.4094 1.37287 1.0499 0 33.7125 4.17647 4.12337 0 37.3134 1.22245 4.51963 0 36.8595 4.45826 2.0104 0 1.15046 6.4304 1.1852 0 1.66259 9.49253 4.39729 0 3.91114 6.44334 4.13106 0 4.33955 9.37223 1.75597 0 6.96805 6.3624 1.5855 0 6.96765 9.28516 4.14552 0 9.61552 6.24409 4.29719 0 9.72736 9.33317 1.2967 0 12.5505 6.46885 1.63083 0 12.1469 9.58018 3.69858 0 15.702 6.75561 4.10622 0 15.1793 9.83402 1.57991 0 18.0475 6.3932 1.43843 0 18.0752 9.80952 4.02031 0 20.3508 6.43529 4.24392 0 19.9698 9.40898 1.03831 0 23.0004 6.90824 1.01981 0 22.4815 9.70122 3.78591 0 25.2338 7.2838 3.62298 0 25.3061 9.48414 0.917866 0 28.4235 7.14376 0.982097 0 28.2503 9.5514 3.90317 0 31.3268 7.21497 4.23095 0 31.4789 9.03397 1.07192 0 34.438 6.75609 0.978036 0 34.4269 9.11345 3.92168 0 37.6321 7.03504 4.11915 0 37.1926 9.43263 1.50738 0 1.64618 12.3891 1.31304 0 1.76404 15.3348 4.14222 0 4.16881 12.2719 3.7868 0 4.42927 15.1061 1.18851 0 7.0733 11.8006 1.37901 0 7.01193 14.9348 3.88614 0 9.55712 12.0244 4.06244 0 9.55402 14.9282 1.5227 0 12.0122 12.2576 1.40342 0 12.621 15.0684 4.43941 0 14.7518 12.3111 3.97364 0 15.0968 15.3764 1.61587 0 17.4921 12.6873 1.32789 0 17.5391 15.2115 3.87146 0 20.1839 12.8397 3.78518 0 20.1357 15.6665 1.45182 0 22.9279 12.2597 0.956263 0 23.0812 15.2786 3.69077 0 25.5046 12.081 3.45351 0 25.9342 14.5071 1.03357 0 29.0625 11.9143 1.21336 0 28.5887 14.5004 4.39993 0 31.3831 12.0545 4.37772 0 31.6233 14.741 1.58938 0 34.2051 11.9693 1.90372 0 33.9678 15.1051 4.56184 0 37.174 12.3424 4.32135 0 37.1942 14.7022 1.12712 0 2.02645 17.8399 1.64962 0 1.65304 20.2073 4.47337 0 4.46018 17.6508 4.176 0 4.33924 20.7951 1.60755 0 7.26746 17.9228 1.39733 0 7.08598 20.6335 4.09463 0 9.88864 17.8929 4.18306 0 9.76987 20.6552 0.961768 0 12.0918 17.8991 1.34885 0 11.8562 21.0293 4.31527 0 14.5445 18.271 4.0397 0 14.3771 20.9111 1.14241 0 17.3508 18.3132 1.31442 0 17.4604 21.0163 3.85314 0 20.3101 17.7049 4.33439 0 20.4326 20.7667 1.64424 
0 23.2422 17.6902 1.20904 0 23.4523 20.2556 4.19917 0 25.8139 17.3735 4.23536 0 25.7217 20.4605 0.99623 0 28.4712 17.1278 1.69318 0 28.3348 20.4528 3.34548 0 31.197 17.5033 4.12968 0 31.4467 20.3028 1.71899 0 34.1323 17.5361 1.63478 0 34.3082 20.6017 4.16103 0 36.8417 18.0353 4.42294 0 37.0807 20.5319 1.39148 0 1.73277 23.2681 1.89951 0 1.56389 26.3229 3.78495 0 4.33761 23.4397 4.42389 0 4.739 26.0319 1.41292 0 7.48854 23.7914 1.31324 0 6.85584 25.8392 4.40281 0 9.52983 23.5307 3.93793 0 9.49961 26.3846 1.29529 0 12.0746 23.4465 1.09298 0 12.2923 26.0896 3.76635 0 14.8463 23.4093 4.31667 0 14.7706 26.1078 0.98363 0 17.4092 23.4803 1.42623 0 17.6458 25.6027 4.52006 0 20.5421 23.3954 4.17335 0 20.8415 25.7667 1.42726 0 23.3669 23.1074 1.48496 0 23.6679 25.7322 3.99567 0 26.2088 23.486 4.01883 0 26.306 26.6144 1.21093 0 28.2804 23.2341 1.19848 0 28.8568 26.5934 4.25145 0 30.8755 23.0796 3.95658 0 31.2715 25.8454 1.4586 0 33.6777 23.3516 1.49889 0 34.3514 26.0232 3.85012 0 37.0735 23.123 3.89012 0 37.0769 25.9597 1.56158 0 1.60815 28.3102 0.945 0 0.939643 31.6482 4.14788 0 4.12971 28.9061 4.10001 0 3.85044 31.8422 1.56586 0 6.86678 28.9647 1.16851 0 6.34771 31.8302 4.10443 0 8.89437 29.1996 3.92547 0 9.62206 31.3234 1.33885 0 12.1372 28.9042 1.39195 0 12.1205 31.5295 4.14183 0 15.1309 28.5272 3.80853 0 14.8 31.2702 1.55445 0 18.0717 28.3899 1.4669 0 17.9795 31.2662 3.8035 0 20.7269 28.7147 4.33063 0 20.6096 31.1652 1.40452 0 23.2901 28.3501 1.67829 0 23.0712 31.2774 4.21016 0 25.7965 28.5632 4.421 0 25.8363 31.1764 1.39373 0 29.2833 28.6787 1.66293 0 29.049 31.0265 4.48522 0 31.9346 28.7037 4.10995 0 31.5011 31.2387 1.78894 0 34.4403 28.8126 1.68558 0 34.9055 31.4011 4.16712 0 37.1879 28.6213 4.15809 0 37.3554 31.0208 1.12192 0 1.07661 33.8356 1.3859 0 1.6152 37.4724 4.18154 0 4.00369 34.3548 4.47193 0 4.30461 36.4689 1.43218 0 6.79171 34.2277 1.29342 0 6.97191 37.0364 4.0491 0 9.40798 34.1321 4.05328 0 9.52406 36.7148 1.18725 0 12.1384 34.2076 1.22797 0 12.377 36.4058 4.11661 0 15.311 33.985 4.01995 0 15.0429 36.6069 1.45967 0 17.5315 34.1039 1.21494 0 17.8221 36.5252 3.87272 0 20.4504 33.981 4.31314 0 20.4167 36.492 1.29904 0 23.3321 33.7887 1.33408 0 23.1276 36.6963 3.68985 0 26.1151 34.1972 4.36434 0 25.905 36.909 0.931815 0 28.7867 34.1583 1.54829 0 28.5542 36.9239 3.76298 0 31.4368 34.0308 4.28548 0 31.7981 36.8194 1.44634 0 34.3594 33.9599 1.78723 0 34.0071 37.314 4.42929 0 36.5477 34.6489 4.52985 0 36.6147 36.8179 1.49622 0 1.61864 1.28086 7.10309 0 1.11874 4.23086 9.87806 0 4.21607 1.91586 9.37681 0 4.26965 4.07699 6.58243 
0 7.04961 1.4619 6.78998 0 7.45113 3.87725 9.75466 0 9.58241 0.923937 9.30335 0 10.0426 3.86599 7.02815 0 12.2661 1.09719 6.89504 0 12.4472 3.74905 9.85595 0 15.0495 0.972791 9.41504 0 15.3051 4.33781 6.56026 0 18.0837 0.911907 6.66981 0 18.036 3.69664 9.28026 0 20.6376 1.16008 9.67628 0 20.6735 3.69565 6.59553 0 23.1131 0.857243 6.29408 0 23.0437 4.19715 9.91523 0 25.8174 1.58955 9.49717 0 25.4521 3.95897 6.78102 0 28.2346 1.60121 6.71444 0 28.1077 4.23687 9.93611 0 31.0605 1.36767 9.53241 0 31.076 4.3745 6.93216 0 33.6563 1.38993 6.67501 0 33.8318 4.00154 9.94156 0 36.497 1.72328 9.72611 0 37.1974 3.97682 6.87815 0 1.42104 6.94023 7.05572 0 2.21011 9.66084 9.38436 0 4.64764 6.4068 9.66551 0 4.61801 9.38657 6.88896 0 6.83456 6.29997 6.71288 0 7.15954 9.4325 9.57927 0 9.89402 6.78743 9.67353 0 9.71496 9.43728 6.65618 0 12.2051 6.74458 6.96939 0 12.3005 9.55234 9.5337 0 15.128 6.35923 9.72589 0 14.8707 8.98558 6.66866 0 18.0814 6.48002 7.10952 0 17.7862 9.20058 9.65178 0 20.3219 6.99041 9.91113 0 20.1676 9.38819 7.08019 0 22.7426 7.05554 6.69975 0 22.8176 10.0351 9.52188 0 25.7366 7.57831 9.15127 0 25.2916 9.7674 6.16238 0 28.33 6.94422 6.84962 0 28.8157 9.27924 9.58681 0 31.2371 6.80345 9.62079 0 31.4832 9.63566 6.87608 0 34.4662 6.68592 6.71829 0 34.4661 9.57292 9.51857 0 37.1414 6.78336 9.58272 0 37.3193 9.6068 6.80896 0 1.67322 12.491 6.80476 0 1.55576 14.7403 9.61036 0 4.47958 12.2777 9.65335 0 4.5777 14.6802 6.60951 0 7.38799 12.4054 6.99257 0 6.94944 14.7162 9.54751 0 9.76907 12.3144 9.46643 0 9.66365 15.1939 6.87806 0 12.5595 12.0881 6.77237 0 12.4911 14.9981 8.97758 0 15.0123 12.1848 9.35686 0 15.3409 15.4275 6.76472 0 17.264 12.2766 6.54893 0 17.819 15.2147 9.25076 0 19.6582 12.2899 9.56495 0 20.1293 14.8431 6.87667 0 22.8091 12.2084 6.5307 0 22.7994 14.6277 9.61568 0 25.9321 12.2011 9.60977 0 25.5643 14.9777 6.99751 0 28.4844 11.7147 6.85895 0 28.2806 14.9923 9.36684 0 31.2321 12.3889 9.27129 0 30.8894 15.0238 6.85594 0 34.5294 12.2024 6.3383 0 34.031 14.4071 9.12236 0 37.4476 12.0676 9.16435 0 36.9895 15.1309 6.9445 0 1.98129 17.4798 6.93428 0 1.12542 20.4206 9.60015 0 4.33667 17.516 9.53609 0 4.17615 20.4246 6.87984 0 6.78555 17.8719 7.00426 0 6.40077 20.5439 9.80606 0 9.60547 17.3397 9.55668 0 9.37836 20.185 6.83687 0 12.1794 17.8453 6.74675 0 12.2009 20.5594 9.6001 0 14.7975 17.869 9.25252 0 14.5828 20.7302 6.48199 0 17.2919 18.235 6.39057 0 17.4116 20.9208 9.52201 0 20.6394 17.6898 9.37053 0 20.3545 20.9061 6.55441 0 23.3554 17.8575 6.9739 0 23.1119 20.4619 9.48054 0 25.9602 17.8476 9.36439 0 25.7569 20.3515 6.56265 
0 28.4755 17.4581 6.68263 0 28.501 20.6683 9.13416 0 31.2789 18.0058 9.21497 0 31.0637 20.3363 6.38716 0 34.274 17.6712 7.07314 0 34.0744 20.4911 9.16348 0 37.0589 17.8011 9.34357 0 37.1241 20.5629 6.77429 0 1.26388 23.3937 6.44665 0 1.24817 26.2894 9.31564 0 3.79128 23.172 9.38162 0 3.73338 25.8991 6.77248 0 7.21429 23.0369 6.80007 0 6.5066 25.9283 9.59661 0 9.18287 23.1176 9.92201 0 9.5663 26.3337 7.12331 0 11.9298 23.3524 6.92113 0 12.1459 26.5293 9.4945 0 14.7096 23.8539 9.67019 0 15.0068 26.5769 6.83915 0 17.6672 23.0317 6.81297 0 17.5593 25.9118 9.37808 0 20.3067 23.4474 9.54883 0 20.3721 25.9949 6.80062 0 23.2476 23.2799 6.9402 0 23.1286 25.7886 9.56586 0 25.9704 23.2088 9.52863 0 26.147 26.0948 7.17637 0 28.4222 23.3934 6.91537 0 28.8897 26.0452 9.67884 0 31.7174 23.2208 9.08272 0 31.2751 26.032 6.77989 0 33.7958 23.3856 6.07758 0 34.4239 25.7491 8.96572 0 36.8917 23.1683 9.4246 0 36.9036 25.8189 6.40888 0 1.63576 28.7553 6.86568 0 1.28038 31.5818 9.49108 0 4.05846 28.9314 9.5959 0 3.86584 31.5484 6.70431 0 6.6448 28.6838 6.65541 0 6.62019 31.8529 9.60619 0 8.96305 29.1037 9.45835 0 9.32123 31.5324 6.31934 0 12.1369 28.5318 6.44755 0 12.186 31.3718 9.18643 0 14.9745 28.9119 9.1808 0 14.8704 31.5938 6.88273 0 18.0133 28.6788 6.9047 0 17.912 31.2488 9.72719 0 20.9788 28.6999 9.5437 0 20.6662 31.2099 6.97714 0 23.3835 28.5786 6.95206 0 23.6282 31.5728 9.76399 0 25.7744 28.7073 10.089 0 25.7144 31.4612 6.87477 0 28.7798 28.9449 7.4089 0 28.2154 31.3995 10.0021 0 31.5322 28.7499 10.0307 0 31.5885 31.2953 7.45002 0 34.5693 29.0808 6.60222 0 34.2457 31.6262 9.8234 0 36.7544 28.7786 9.15795 0 36.7379 31.8204 7.1944 0 1.30896 34.3649 7.10808 0 1.49072 37.3885 9.79115 0 3.69017 34.7625 9.80476 0 4.34796 37.2052 6.90404 0 6.97113 34.2115 7.04331 0 6.63976 37.074 9.61583 0 9.62723 34.4559 9.18241 0 9.64451 36.8996 6.55008 0 12.3638 34.009 6.85791 0 12.5794 36.8946 9.26503 0 15.1885 33.9076 9.38979 0 15.0128 36.7941 6.58669 0 18.0392 34.0239 6.88608 0 17.8804 36.5625 9.40317 0 20.8565 34.0374 9.4658 0 20.6909 36.9024 6.55374 0 23.2509 34.3136 6.85194 0 23.3914 36.838 9.62005 0 26.2062 34.173 9.11379 0 25.7264 36.8244 6.89358 0 28.811 33.8196 6.80273 0 28.8022 36.9077 9.69096 0 31.2205 34.3727 9.57067 0 31.1118 36.7231 6.34408 0 33.9093 34.2754 7.1806 0 33.9042 37.5098 9.47144 0 37.0472 34.3 9.82747 0 37.1637 36.948 7.65206 0 0.721334 1.75337 12.4632 0 1.13272 4.41379 15.2607 0 3.55384 1.5254 15.4781 0 4.17349 4.11011 12.5551 0 6.95657 1.376 12.2337 0 6.93163 3.90581 15.1503 0 10.287 0.845558 15.3258 0 9.88904 3.76204 12.6506 
0 12.8027 1.05075 12.3907 0 12.802 3.97684 14.6001 0 15.5172 1.13827 14.9606 0 15.6995 3.88869 12.1493 0 17.7436 0.856412 12.0116 0 17.9248 3.85413 15.0917 0 20.3665 1.29025 15.2516 0 20.2724 4.08802 12.5268 0 23.0056 0.978692 12.2393 0 23.148 3.81265 14.9565 0 25.9384 1.2666 14.9807 0 25.7001 4.3137 12.3177 0 28.58 1.59542 12.499 0 28.6396 4.38974 15.2314 0 31.1135 1.6152 15.2709 0 31.1099 4.11411 12.157 0 33.7614 1.76326 12.6813 0 34.2101 4.33937 15.3074 0 36.689 1.50447 15.1072 0 36.5504 4.62145 12.6483 0 1.27427 7.12427 12.3564 0 0.977883 9.59642 15.1358 0 3.73569 7.17412 15.0754 0 4.20408 9.73763 12.3555 0 6.79521 6.64136 12.67 0 6.40587 10.2412 15.012 0 10.0908 6.73608 15.4745 0 9.2023 9.50421 12.4239 0 12.3122 6.68386 12.4287 0 12.5458 9.34601 15.3395 0 15.1982 6.95547 15.2817 0 15.1597 9.49373 12.2078 0 17.6919 6.92436 12.9273 0 18.0041 9.61841 15.4168 0 20.5896 6.66061 15.1772 0 20.0219 9.67278 12.1594 0 22.9759 6.90473 12.2481 0 22.8209 9.84681 15.2755 0 25.6395 6.62786 15.1809 0 25.7307 9.28867 12.2385 0 28.7431 6.96521 12.5174 0 28.6368 9.56809 15.053 0 31.4763 6.74822 15.326 0 31.4923 9.90055 12.2582 0 34.0733 7.23905 12.453 0 34.1604 9.67111 15.1084 0 36.4171 7.19268 15.5712 0 37.0022 9.3372 12.0258 0 1.37179 12.2862 12.05 0 1.06072 14.8477 14.5142 0 3.46677 12.262 15.0518 0 4.14475 14.8729 12.187 0 7.01843 12.3963 12.0949 0 7.04696 15.0782 14.7951 0 9.24912 12.0932 15.4128 0 10.1476 15.0011 12.1372 0 12.256 12.1756 12.3286 0 12.8596 14.9096 14.8413 0 15.1864 12.2239 14.7894 0 15.1569 15.1836 11.9068 0 17.5826 12.427 12.5635 0 17.7463 15.5881 14.9688 0 20.4357 12.5025 15.0968 0 20.1539 15.6363 12.2526 0 23.3531 12.1051 12.4139 0 23.2008 14.9782 14.6859 0 25.8125 12.8037 15.1453 0 26.0941 15.141 12.1293 0 28.3301 11.9772 12.317 0 28.6882 15.5305 14.4876 0 31.1027 12.4199 14.95 0 31.6033 14.7741 11.93 0 34.1572 12.3332 12.1759 0 34.0077 15.1395 14.9339 0 36.6497 12.1311 14.5667 0 36.9479 14.9186 11.8437 0 1.11749 17.5565 11.865 0 1.0688 20.4079 14.6839 0 4.18663 17.2393 14.8436 0 3.85044 20.3076 11.9449 0 6.82097 17.4635 12.1682 0 6.36713 20.1989 14.6464 0 9.88058 17.3448 15.0292 0 9.45039 20.3027 12.4198 0 12.3677 18.0519 12.2826 0 12.253 20.8368 15.4761 0 15.1078 18.2348 15.1984 0 14.7401 21.1742 12.0936 0 17.3903 18.3618 11.8929 0 17.7859 20.5441 14.8618 0 20.255 18.0678 14.9848 0 20.1429 21.1262 12.2509 0 23.1601 18.0665 12.552 0 22.9512 20.8172 14.7398 0 26.0386 17.7662 14.7471 0 25.9794 20.5166 11.851 0 28.9091 18.1395 11.8031 0 28.6019 20.4794 14.8772 0 31.3706 18.0481 14.6208 0 31.3167 20.545 11.7828 
0 34.1877 17.5017 11.7492 0 34.0474 20.448 14.525 0 37.0585 17.7014 14.9224 0 36.5629 20.3467 11.8839 0 1.30605 22.9236 12.195 0 0.745532 25.7547 14.3704 0 3.94205 22.9682 14.8679 0 4.00159 25.9371 12.2561 0 7.01672 23.3907 12.6639 0 7.08374 26.6366 14.7086 0 9.66894 23.4414 14.7198 0 9.42771 26.3564 11.8118 0 12.1738 23.626 12.4638 0 12.0425 26.5578 14.6055 0 15.0798 23.5284 14.9454 0 14.979 26.4731 12.0138 0 17.4585 23.4771 12.1865 0 17.8897 26.2013 14.8347 0 20.575 23.4616 15.1327 0 20.5456 26.2035 12.2875 0 22.9294 23.4518 12.0484 0 23.3805 26.0229 14.9016 0 26.4163 23.3593 14.4688 0 25.8217 25.6522 11.9779 0 28.8732 22.9154 11.7847 0 28.6975 26.2632 15.0863 0 31.3201 23.2065 14.6731 0 31.2806 25.814 12.5693 0 34.0859 23.4195 11.8162 0 34.0345 25.827 14.8024 0 36.6281 23.177 14.6984 0 36.7163 25.9942 11.8351 0 1.48305 28.5299 11.9015 0 0.805911 31.7681 15.0278 0 3.82417 28.8815 14.6183 0 3.50289 31.3536 12.075 0 6.63664 29.1265 12.2887 0 6.79706 31.5532 14.8502 0 9.78186 29.4069 15.0433 0 9.38623 31.8586 12.0007 0 12.4374 29.2735 12.1554 0 12.7019 31.7264 15.1062 0 15.0395 29.0205 14.6795 0 15.1063 31.5603 12.023 0 18.0239 28.6419 12.2178 0 17.923 31.3711 14.6909 0 20.64 28.9411 14.9526 0 20.7604 31.3907 12.2953 0 23.2758 28.7129 12.5252 0 22.9726 31.5281 15.1629 0 25.8567 28.8634 15.2594 0 25.8698 31.3545 12.5309 0 28.4127 28.6991 12.6032 0 28.5884 31.3379 15.0582 0 31.3006 28.5538 15.269 0 31.3267 31.439 12.1687 0 34.1426 28.8491 12.2999 0 33.892 31.7408 14.9738 0 36.9131 28.8215 15.0035 0 36.8288 31.5334 12.1492 0 1.42247 34.3253 12.5525 0 1.19431 37.221 14.8626 0 3.99993 34.3868 15.202 0 3.99786 37.4811 12.7971 0 6.31565 34.2351 12.5742 0 7.14764 36.5885 14.787 0 9.83979 34.438 14.5863 0 9.14809 36.736 11.9626 0 12.2862 33.9022 11.6397 0 12.8164 36.6265 14.7126 0 15.4829 33.7946 14.9802 0 15.2371 36.3174 11.9212 0 18.0463 33.9109 12.071 0 17.9118 36.8288 14.6732 0 20.3219 34.0575 14.9983 0 20.6787 36.6067 12.1024 0 23.3986 33.9943 12.249 0 23.3492 36.7218 14.9479 0 25.8807 33.8072 15.069 0 26.0162 36.4709 12.3423 0 28.8617 34.198 12.5095 0 28.8619 37.0968 14.9437 0 31.5804 34.403 15.1642 0 31.7092 37.2761 12.4167 0 34.0847 34.4777 11.8219 0 33.6579 37.6342 15.5167 0 36.6075 34.4124 15.1796 0 36.6605 37.417 12.246 0 1.01136 1.45715 17.811 0 1.39695 4.54702 20.659 0 3.97113 1.39809 19.6742 0 3.81285 4.63359 17.6225 0 7.14241 0.910721 17.3035 0 6.98045 4.06102 20.0759 0 9.9864 1.37564 20.4458 0 9.80416 3.72729 17.6446 0 12.9987 1.43442 17.8603 0 12.2635 4.0068 20.466 0 15.2333 1.25792 20.9747 0 15.106 4.40869 18.2818 
0 17.3701 1.49702 18.1225 0 17.5008 3.98682 20.9451 0 20.5916 1.49453 20.7822 0 20.3452 3.75729 17.9871 0 23.1974 1.43576 17.9582 0 23.1037 3.90461 21.0817 0 25.5984 1.36565 20.8191 0 25.8108 4.15105 18.0633 0 28.3894 1.53304 17.9401 0 28.3199 4.78339 21.1725 0 31.2221 1.56496 20.5339 0 31.1228 4.44985 18.216 0 34.0877 1.9954 17.7688 0 33.7186 4.16244 20.8949 0 36.6674 1.77401 20.7571 0 36.7717 4.44045 18.1166 0 1.21099 6.9319 17.953 0 1.10122 10.1735 20.4881 0 3.9 7.50459 20.7989 0 3.72309 9.95211 17.7207 0 6.72957 7.39657 17.4873 0 7.10184 9.72792 20.8908 0 9.36899 6.69038 20.2584 0 9.7767 9.48918 18.0829 0 12.4627 7.22827 18.1765 0 12.656 9.49634 21.0601 0 15.3574 6.87134 20.8519 0 15.4327 10.1488 17.5419 0 18.0287 6.87918 18.1521 0 17.9281 9.87384 20.257 0 20.7393 6.6687 20.5682 0 20.6237 9.21152 17.7341 0 23.2248 6.64074 17.8881 0 23.2911 9.90643 20.6543 0 25.4197 7.05394 20.8139 0 25.8648 9.90165 17.496 0 28.5546 6.8217 18.0277 0 28.7852 9.58823 20.8216 0 31.3659 6.92924 20.6249 0 31.0021 9.52694 17.6788 0 34.0505 7.28067 18.1019 0 33.9829 9.89595 20.5503 0 37.2626 7.08249 20.8697 0 36.831 9.86341 18.1125 0 1.10084 12.5984 17.4673 0 1.01044 14.8245 20.6717 0 3.91981 12.4573 20.2791 0 3.88341 15.0517 17.4329 0 7.05938 12.6548 18.129 0 6.87159 15.1949 20.5576 0 9.70525 11.856 20.6353 0 9.80194 14.8785 17.8701 0 12.9396 12.5681 17.7409 0 12.1549 14.7676 20.8403 0 15.0751 12.7797 20.5758 0 14.9498 15.3647 17.9013 0 17.7251 12.9624 18.1732 0 17.6167 15.3226 20.7369 0 20.3406 12.4396 19.9871 0 20.8344 15.2622 17.2779 0 23.2445 12.2683 17.6246 0 23.509 15.0626 20.6053 0 26.3043 12.4714 20.414 0 26.1331 15.0014 17.8121 0 28.5962 12.4501 17.6835 0 28.6472 15.3094 20.2296 0 31.2594 12.2902 20.6747 0 31.0515 15.1651 17.2309 0 34.0313 12.4914 17.315 0 34.202 14.9871 19.9058 0 36.7611 12.3854 20.7169 0 36.5819 15.1851 17.4237 0 1.31464 17.8316 17.3837 0 1.24221 19.9896 20.5873 0 3.79486 17.6567 20.3186 0 3.96876 20.1392 17.2933 0 6.52664 17.7833 17.4149 0 6.30564 20.1911 20.1582 0 8.9754 17.9928 20.3248 0 9.5545 20.2496 17.649 0 12.1521 17.5292 18.2438 0 12.2157 20.4598 20.7928 0 14.684 17.791 20.5303 0 15.2129 20.6914 17.7891 0 17.6793 17.6443 17.634 0 17.9989 20.6641 20.4459 0 20.6153 18.0272 20.4023 0 20.4716 20.4339 17.435 0 23.2218 17.4149 17.6317 0 23.2965 20.5076 20.1774 0 25.6946 18.0444 20.5275 0 25.6477 20.6976 17.3679 0 28.3718 18.2941 17.7113 0 28.6521 20.7098 20.4496 0 31.3575 17.7523 20.326 0 31.3005 20.7791 17.5686 0 33.805 17.9572 17.5594 0 34.0399 20.6585 20.4938 0 36.3351 17.8278 20.072 0 36.7141 20.546 17.3257 
0 1.05666 22.875 17.4836 0 1.27954 25.5716 19.9607 0 4.16915 22.9239 19.8784 0 4.17194 26.0714 16.9612 0 6.93687 23.1786 17.2072 0 6.78581 25.7153 20.3171 0 9.42892 22.9366 20.1855 0 10.0567 26.4417 17.732 0 12.4477 23.1025 17.8538 0 12.2184 26.0752 20.469 0 15.177 23.008 20.8922 0 15.281 26.3845 17.5039 0 18.0206 23.3603 17.824 0 17.2459 26.0821 20.3052 0 20.2878 23.364 20.5006 0 20.1878 26.0969 17.9172 0 23.2637 23.1756 17.8123 0 23.1544 26.1058 20.21 0 25.901 23.2572 20.6928 0 25.8642 26.0943 17.5103 0 28.9699 23.3618 17.3826 0 28.5656 25.8924 20.166 0 31.3998 23.2438 20.1805 0 31.5476 25.6405 17.4892 0 34.3011 23.3769 17.7249 0 34.076 25.6774 20.8607 0 36.8304 22.6105 20.6449 0 36.6874 26.0606 17.4869 0 1.12076 28.4919 17.2693 0 1.02362 30.6975 20.6166 0 3.86673 28.184 20.5482 0 3.98389 30.6765 17.8859 0 7.21 28.9382 17.5144 0 7.02971 31.5313 20.1505 0 9.42721 28.4865 20.7078 0 10.1476 31.9896 17.9947 0 12.5768 28.8285 17.7251 0 12.3876 31.186 20.7229 0 14.9544 28.7884 20.4855 0 15.178 31.6841 17.8804 0 17.7925 28.899 17.9463 0 17.7649 31.3569 20.6918 0 20.2718 28.7013 20.3339 0 20.3583 31.7932 17.9386 0 23.293 29.057 17.8072 0 23.2789 31.8428 20.6114 0 26.126 28.7736 20.3108 0 25.8077 31.4469 17.9456 0 28.8902 28.9307 17.8535 0 28.6268 31.6444 20.2948 0 31.4646 28.3887 20.3111 0 31.1341 31.79 17.8285 0 34.035 28.354 17.3891 0 34.2408 30.7757 20.7083 0 36.7807 28.3128 19.9489 0 36.6703 31.3986 17.5622 0 1.28795 33.77 17.9319 0 0.98598 37.2422 19.9738 0 4.2497 33.3094 20.6595 0 3.98743 36.4346 18.0033 0 6.76439 33.9742 17.6628 0 6.75169 36.0053 20.5923 0 9.92497 34.0808 20.7808 0 10.0468 36.6263 17.8545 0 12.899 34.4929 17.6924 0 12.5706 37.0323 20.485 0 15.1639 34.0029 20.4372 0 15.5997 36.9757 17.5326 0 17.8079 34.2329 17.8559 0 17.6484 36.896 20.4286 0 20.0657 34.3373 20.5707 0 20.4614 36.7299 17.6558 0 23.2363 34.1176 17.5448 0 22.8611 36.9783 20.456 0 26.026 34.1449 20.6078 0 25.7999 37.0498 17.9185 0 28.3694 34.4079 17.9593 0 28.7876 37.6321 20.6111 0 31.1688 34.3992 20.7664 0 31.1146 36.9527 17.8768 0 33.9549 34.4034 17.9064 0 34.6988 37.2732 20.2018 0 36.8471 33.6394 20.0635 0 36.8966 36.9098 17.49 0 1.42513 1.57673 23.56 0 1.64788 4.00488 26.4551 0 4.27819 1.21135 25.7127 0 4.19436 4.29711 23.2306 0 6.53865 1.23028 22.4589 0 6.86877 4.26667 25.6986 0 9.23247 1.52456 25.5161 0 9.39071 3.91955 22.979 0 12.3145 1.66795 23.1153 0 12.017 4.32399 25.9905 0 14.896 1.14161 26.0223 0 14.8641 4.10447 23.4437 0 17.6234 0.880126 23.6348 0 17.6395 3.92783 26.2927 0 20.3859 1.06889 26.3852 0 20.2741 3.80382 24.0141 
0 23.1037 0.933643 23.4932 0 23.3974 3.90977 26.5267 0 25.7127 1.14375 26.3573 0 25.5891 4.00809 23.668 0 28.6378 1.84851 23.7379 0 28.7237 4.24075 26.369 0 31.4536 1.55775 26.2162 0 31.3341 4.25287 23.8543 0 34.3524 1.99891 23.8464 0 34.1017 4.44686 26.4229 0 36.9195 2.17053 26.403 0 36.7097 4.5632 23.5395 0 1.38851 7.31999 23.3331 0 1.57648 9.69303 25.812 0 4.06038 6.7642 25.9136 0 4.55174 9.51594 23.6003 0 7.21737 7.21053 23.6498 0 7.00516 9.7562 26.2985 0 9.74878 7.26073 26.2304 0 9.67416 9.68249 23.4303 0 11.7839 6.4412 22.9241 0 12.5738 9.75713 26.3843 0 14.5311 6.9983 25.5611 0 15.5672 9.68652 23.2858 0 18.0721 6.78205 23.4753 0 17.7308 9.90019 26.1942 0 20.2531 6.29016 26.5976 0 20.224 10.2349 23.0746 0 22.8257 6.62209 23.7886 0 22.8557 9.1392 26.1954 0 25.9533 6.66469 25.9215 0 25.7998 9.81882 23.2715 0 28.9776 7.17233 23.5989 0 28.9294 9.55611 26.0218 0 31.4373 6.91289 26.5499 0 31.4394 10.5128 23.4021 0 34.056 7.18608 23.0926 0 34.091 9.47215 26.1093 0 36.8897 6.75891 25.9187 0 36.8861 9.8156 23.5106 0 1.36004 12.2302 23.3311 0 1.20252 15.6393 26.2737 0 4.26087 12.1769 26.0601 0 3.77361 14.7997 23.2674 0 6.81345 12.6383 23.1257 0 6.75289 14.7727 26.4377 0 9.6899 11.9479 26.3433 0 9.65419 14.6054 23.5382 0 12.6457 12.1762 23.3281 0 12.1297 14.8931 25.9606 0 15.1911 12.387 26.4545 0 14.8461 15.1119 23.3074 0 17.4666 12.5593 23.5371 0 17.9156 15.0319 26.0978 0 20.6129 12.496 25.9339 0 20.6162 15.3261 23.0112 0 23.1749 12.4808 23.2932 0 23.5614 14.7478 25.9405 0 25.6427 11.9064 25.9488 0 25.7107 15.3206 23.189 0 28.4377 12.5242 23.3206 0 28.8138 15.0147 26.1262 0 31.7961 12.6296 26.2763 0 31.6661 15.1407 23.2795 0 34.3224 12.6603 23.3887 0 33.8755 15.5013 26.0779 0 36.7931 12.6449 26.2976 0 36.8479 15.0493 23.4617 0 0.969121 17.4778 23.0845 0 1.8653 20.484 26.345 0 4.00109 17.4958 25.8185 0 3.86488 20.3546 23.3184 0 6.7515 17.2841 23.4413 0 6.79156 20.2878 25.8379 0 9.39291 17.3705 26.2475 0 9.36512 20.3156 23.0338 0 12.136 17.6876 23.3161 0 12.1207 20.3095 25.8271 0 14.8555 17.4534 25.9568 0 14.9886 20.3612 23.624 0 17.9412 17.9328 23.5034 0 18.235 20.7722 25.9983 0 20.5997 17.8709 25.815 0 20.6749 20.6437 23.14 0 23.0658 18.0295 23.2433 0 23.5179 20.5383 25.9634 0 26.0013 17.7737 26.1128 0 25.9154 20.7131 23.2355 0 28.5802 17.627 22.852 0 28.4813 20.4531 25.8664 0 31.3589 18.238 26.1529 0 31.1378 20.0804 23.1698 0 34.1092 18.2229 23.0282 0 33.82 20.5389 25.8713 0 36.9305 17.9888 26.3323 0 36.9095 20.7066 23.4981 0 1.53916 23.2822 23.0541 0 0.927185 25.7247 25.9052 0 4.386 23.3849 26.0337 0 4.11824 25.9934 23.5683 
0 6.32734 22.8803 23.1726 0 6.83405 25.8533 26.0475 0 9.00149 23.1776 25.7026 0 9.18634 25.5217 23.0932 0 12.1014 23.2424 23.373 0 12.15 26.2121 25.7054 0 15.4526 23.1824 25.9672 0 15.0731 26.0837 23.2655 0 17.8861 23.3991 23.5821 0 18.214 25.8155 26.2631 0 20.9047 23.387 25.7655 0 20.8295 26.0224 23.3954 0 23.3541 23.5695 23.1909 0 23.5968 26.1118 25.9136 0 26.482 23.7647 25.3827 0 25.7352 26.2368 22.8226 0 28.9522 23.1212 22.9882 0 28.7734 26.3297 25.7302 0 31.2117 23.3969 25.8429 0 31.2492 26.121 23.0904 0 33.8743 23.316 23.4124 0 34.005 25.8776 25.7918 0 36.5774 23.291 26.0987 0 37.2818 25.5183 22.8333 0 0.981576 28.2744 23.1712 0 1.33357 31.3009 26.5954 0 3.23459 28.3579 26.0942 0 3.87404 31.3337 23.4612 0 6.90054 28.5761 23.1221 0 7.07947 30.9918 26.0605 0 9.60802 28.6053 25.9402 0 9.40382 31.5686 23.0668 0 12.0943 28.4837 23.1206 0 12.3472 31.6684 25.9807 0 15.0586 28.4688 26.2381 0 15.2524 31.7848 23.62 0 17.5763 28.7432 23.3302 0 17.8474 31.661 25.6912 0 20.6624 28.7137 25.9678 0 20.7229 31.3241 23.0324 0 22.8818 28.7151 22.796 0 23.4243 31.5107 25.7211 0 25.737 28.9329 25.3703 0 25.6318 31.4853 23.0336 0 28.9431 28.7224 22.8077 0 28.8371 31.3973 25.4668 0 31.7429 28.6831 25.4353 0 31.4145 31.6156 22.7962 0 34.3791 28.4343 23.2245 0 33.9449 31.9519 25.9016 0 36.898 28.4269 25.9605 0 37.2675 31.2374 23.7088 0 0.902116 34.2868 22.811 0 0.869331 37.1552 25.8625 0 3.8047 33.8893 25.8226 0 3.85626 36.8997 23.1902 0 6.8628 33.9659 23.7454 0 6.87096 36.7586 25.9495 0 9.77918 33.9122 26.0466 0 9.10927 37.071 23.2814 0 12.4397 34.274 23.2214 0 11.7776 36.8784 25.5579 0 15.1141 34.4922 26.0524 0 14.7627 36.9825 23.2088 0 17.8077 34.5057 23.1212 0 17.7662 36.7862 26.3258 0 20.5509 34.0415 25.9566 0 20.5868 37.1833 23.6138 0 23.1855 34.851 23.5467 0 23.2379 36.9216 26.3542 0 26.1813 34.4161 25.8872 0 25.9936 37.2198 23.6091 0 28.5754 34.2315 23.1374 0 28.6871 37.0252 26.3135 0 31.5374 34.4432 25.7036 0 31.8974 37.0953 22.765 0 34.3446 33.6887 22.8641 0 34.1186 36.8938 25.7838 0 36.9664 34.269 26.0562 0 36.9231 37.5984 23.2512 0 1.36216 1.15158 28.6436 0 1.73728 3.76279 31.309 0 4.33819 1.24604 31.4064 0 4.6173 3.56816 28.6827 0 7.09516 1.09794 28.1783 0 6.70327 3.78931 31.6341 0 9.20892 0.714281 31.3773 0 9.21321 3.76224 28.551 0 11.9233 1.42394 28.1538 0 12.608 3.82098 31.1491 0 15.026 1.34925 31.4484 0 15.089 3.7356 28.6453 0 17.8262 1.11657 28.6466 0 17.46 3.89391 31.6967 0 20.4041 1.25021 31.5768 0 20.5923 3.98299 28.9272 0 23.1953 0.967591 28.8021 0 23.7416 4.02843 31.2492 0 26.1718 1.32006 31.7508 0 26.143 3.89534 28.8132 
0 28.8418 1.37841 28.8021 0 28.8784 4.11031 31.8708 0 31.6301 1.10379 31.8046 0 31.4879 4.18743 28.9674 0 34.1847 1.13788 28.5435 0 34.3085 3.98987 31.8045 0 37.1389 1.38623 31.3818 0 36.9829 4.36821 29.2153 0 1.68053 6.70186 28.5189 0 1.25932 9.86065 31.3711 0 4.18152 6.56983 31.3056 0 3.85192 9.61274 28.9474 0 6.58153 6.78465 28.6756 0 6.55762 9.09381 31.4885 0 9.40798 6.54782 31.578 0 9.31261 9.27974 29.1614 0 11.7709 6.58776 28.8903 0 12.2824 9.68656 31.8633 0 14.8569 6.86413 31.6472 0 15.1621 9.55161 29.0391 0 17.4753 6.53012 28.8689 0 17.6695 9.64601 31.5065 0 20.2404 7.01968 31.3017 0 20.2346 9.46344 28.886 0 23.2664 6.83688 29.0547 0 23.2839 9.71008 31.6388 0 26.2045 6.67968 31.721 0 26.4581 9.21255 29.1094 0 28.9093 6.86607 28.9534 0 28.8103 9.79504 31.6335 0 31.8817 7.08967 31.3513 0 31.7546 9.97017 29.0559 0 34.486 7.05391 28.7881 0 34.4434 9.56454 31.543 0 37.4507 6.94929 31.4191 0 37.1483 9.9248 28.6577 0 1.06586 13.006 28.6837 0 1.77375 14.9663 31.757 0 3.97882 12.3883 31.7808 0 4.12531 14.792 28.7368 0 6.67789 12.2023 29.2984 0 7.04162 15.0557 31.4662 0 9.51386 11.9142 31.7576 0 9.61418 14.9238 28.7155 0 12.4008 12.3243 29.2676 0 12.2469 15.1703 31.555 0 14.8783 12.1943 31.4025 0 14.7551 15.1716 28.6598 0 18.1439 12.5002 28.8683 0 17.3078 15.5149 31.1842 0 20.7258 12.4136 31.3446 0 20.5809 15.3025 28.6735 0 23.5986 12.7356 28.9851 0 22.8976 15.4579 31.683 0 26.3718 12.6208 31.1653 0 26.1261 15.2529 28.5857 0 29.0464 12.1494 28.6858 0 28.5348 15.5911 31.0965 0 31.7705 12.2282 31.9574 0 31.7004 15.1297 29.23 0 34.2915 12.7988 28.8481 0 34.2508 15.3577 31.5775 0 36.8578 12.5731 31.4825 0 36.9211 15.5366 28.9203 0 1.15802 17.8496 29.0494 0 0.992936 20.3118 31.554 0 4.60746 17.4288 31.3323 0 4.01086 20.9101 29.296 0 6.61524 18.0162 28.5256 0 6.89975 20.4568 31.4443 0 9.62876 17.6977 31.5118 0 9.45268 20.2944 28.6488 0 12.4054 17.9874 28.5658 0 12.3952 20.7376 31.2733 0 14.8251 17.8988 31.3884 0 14.8469 20.6499 28.6521 0 18.0649 17.7021 28.2182 0 17.7986 20.8715 31.3167 0 20.2409 17.8034 31.2309 0 21.0187 21.0706 28.7993 0 23.5375 18.0369 28.6749 0 23.8491 20.517 31.4808 0 25.858 17.8091 31.5001 0 26.0908 20.7406 28.9051 0 28.8188 18.1261 28.6887 0 28.494 20.2025 31.7121 0 31.3785 17.8816 31.757 0 31.3669 20.8467 28.9156 0 33.6448 18.216 28.6254 0 33.9925 20.5444 31.5102 0 36.7938 18.197 31.6554 0 36.7069 20.7316 28.6184 0 1.11462 23.1782 28.8045 0 1.41781 25.4624 31.4869 0 4.23703 23.3024 32.2472 0 4.05932 25.1058 28.9269 0 6.93003 22.7781 28.5575 0 6.64633 25.796 31.4514 0 9.19341 23.3016 31.2861 0 9.41249 25.5417 28.5109 
0 12.2885 23.1593 28.0367 0 12.1728 25.9571 30.9603 0 14.8102 23.3034 31.3386 0 15.0152 25.7237 28.586 0 18.6589 23.6343 28.7435 0 17.9984 26.187 31.3275 0 21.1095 23.0037 31.7363 0 21.1745 26.1371 28.5505 0 24.0341 23.5538 28.3839 0 23.5076 25.8519 31.4039 0 26.4646 23.4315 31.2944 0 25.9495 26.4296 28.2675 0 28.6866 23.6466 28.2621 0 28.9912 26.0531 31.3206 0 30.8751 23.0024 31.9062 0 31.4307 26.2565 28.7308 0 34.0016 23.7719 28.9207 0 34.2865 25.4276 31.7667 0 36.7668 23.1407 31.5251 0 36.699 25.8124 28.9719 0 1.14164 27.9475 29.1681 0 1.70981 31.1314 30.8923 0 3.98779 28.4238 31.3701 0 4.36554 31.3803 28.3342 0 6.35197 28.0973 28.548 0 6.70716 31.0641 31.4559 0 9.40372 28.4986 31.3608 0 9.72009 31.2398 28.7176 0 12.3232 28.5691 28.6873 0 12.2868 31.4767 31.4233 0 15.2125 28.8758 31.0355 0 14.94 31.4835 28.3767 0 18.2149 28.7495 28.8413 0 17.8649 31.6484 31.5004 0 21.2401 28.6423 31.5558 0 21.0069 31.3377 28.6859 0 23.3739 28.9165 28.3911 0 23.61 31.1708 31.5715 0 26.4234 28.4 30.9971 0 26.2597 31.3902 28.1736 0 29.2265 29.0548 28.245 0 28.9744 31.1468 30.9567 0 31.5087 28.7948 31.2912 0 31.6908 31.7882 28.5993 0 34.1121 28.8511 28.5936 0 34.1431 31.1981 31.2586 0 36.7604 28.4918 31.2563 0 36.8819 31.2611 28.805 0 1.44324 34 28.5447 0 1.46836 36.7858 31.1143 0 4.32033 33.7044 30.9999 0 4.28946 36.8648 28.6282 0 7.1291 33.7919 28.7609 0 6.80425 36.4467 31.1408 0 9.35655 33.9586 31.6981 0 9.47906 36.6891 28.6991 0 12.1697 34.1484 28.9181 0 12.1456 37.0157 31.1621 0 15.3893 33.7603 31.5587 0 15.2049 36.769 28.9238 0 17.972 33.5918 28.6103 0 17.994 36.2856 31.5903 0 20.6446 33.8193 31.3426 0 20.4799 36.5439 28.8844 0 23.7318 34.077 28.4561 0 23.2721 36.5896 31.5701 0 26.5062 33.9655 31.2755 0 25.8925 37.0889 29.0934 0 28.8145 34.1646 28.6619 0 28.7196 36.7049 31.5152 0 31.479 34.2393 31.3604 0 31.3738 36.6439 28.9989 0 34.3764 34.3181 28.3595 0 34.3719 37.1292 31.7401 0 36.6795 33.6733 31.2815 0 37.0745 36.8731 28.8561 0 1.15679 1.00001 34.3225 0 1.32504 4.04087 36.6295 0 3.91406 1.03377 36.8774 0 4.2492 3.83021 34.6345 0 6.89804 1.10523 34.6298 0 6.90456 3.76173 36.9121 0 9.49528 1.15108 36.8554 0 10.2438 3.85045 34.0112 0 12.7971 1.05733 34.061 0 12.1337 3.41873 37.0642 0 14.8541 0.58819 37.0143 0 15.2671 3.80505 34.7686 0 17.6754 1.00645 34.4937 0 18.1189 4.12136 36.6965 0 20.7535 0.806923 36.8016 0 20.4966 3.53288 34.0512 0 23.8904 0.966791 34.2765 0 23.3093 3.79775 37.0391 0 25.8463 1.01101 37.0206 0 26.2374 3.78816 34.2252 0 28.5382 1.26043 34.4766 0 28.4833 4.03576 37.0931 0 31.9647 1.23494 36.7763 0 31.1674 4.03217 34.0233 
0 34.1632 1.2075 34.244 0 34.7526 4.15934 36.8676 0 37 1.08679 36.9804 0 37.3422 3.74996 33.9591 0 1.47685 6.87047 34.0464 0 1.73609 9.40601 37.1039 0 3.91318 6.74496 37.017 0 4.14674 9.43575 34.0645 0 7.00412 6.55954 34.1931 0 6.75017 9.33987 37.1232 0 9.694 6.19934 37.0706 0 9.42395 9.36652 34.858 0 12.2607 6.76682 33.985 0 12.5223 9.53383 37.3126 0 15.1203 6.43735 37.5267 0 15.1384 9.89726 34.4609 0 17.3217 6.84636 34.4039 0 17.3044 9.23312 37.0696 0 20.5557 6.58647 36.6126 0 20.135 10.1863 34.1032 0 23.1573 6.63474 33.6794 0 22.5756 9.88891 36.5365 0 25.6606 6.81127 36.3495 0 26.4532 9.91133 34.013 0 28.9918 6.8705 34.2224 0 28.7027 9.7463 36.6569 0 31.9693 6.49834 36.8367 0 31.7327 9.22332 34.2979 0 34.8606 6.69652 34.2655 0 34.2191 9.61607 37.1158 0 37.2794 6.79541 36.7963 0 37.2803 9.57549 34.4846 0 1.50924 12.3592 34.3113 0 1.56326 15.1431 37.2554 0 4.34762 11.9508 36.7321 0 4.20921 15.2543 34.5845 0 6.89154 12.379 34.1722 0 6.97743 14.34 37.0342 0 9.65071 12.227 37.0501 0 9.38245 14.7922 34.0683 0 12.2173 12.3777 34.2018 0 12.2385 15.618 36.8635 0 15.0601 12.5408 37.1461 0 15.1386 15.2994 34.1603 0 17.642 12.4791 33.7014 0 17.5079 15.3494 37.0076 0 20.0059 12.8726 36.8939 0 20.1532 15.4019 34.4844 0 22.979 12.6824 33.9884 0 23.2685 15.2139 36.8047 0 25.8689 12.205 36.5698 0 25.7253 14.9683 33.9166 0 28.7156 12.4969 34.4318 0 29.1766 15.1305 37.3436 0 31.6094 12.4014 36.9138 0 31.3506 15.0989 34.1124 0 34.8235 12.5614 34.3641 0 34.1926 14.9908 36.6763 0 37.0486 11.9237 37.1759 0 37.3232 15.4151 34.1521 0 1.25133 18.0534 34.2118 0 1.24601 20.7381 37.2444 0 4.46228 17.8724 37.5565 0 3.99006 20.5093 34.4785 0 7.03905 17.7494 34.6206 0 6.89519 20.521 36.7376 0 9.8328 17.9966 36.8578 0 9.69935 20.5361 33.7927 0 12.3387 18.0019 34.3001 0 11.8364 21.0136 36.4319 0 14.6752 18.1498 37.0993 0 14.9613 20.3128 34.1853 0 17.6495 17.8877 34.4498 0 17.6213 20.6851 36.9985 0 20.7163 17.9607 37.018 0 19.9806 20.6476 34.2322 0 22.8704 18.2761 34.2055 0 22.9567 20.6353 37.0503 0 25.9407 17.6437 36.9838 0 25.692 20.6987 34.4819 0 28.4891 17.7513 34.199 0 29.0176 20.102 37.4161 0 31.5144 17.3961 36.9375 0 31.4333 20.3983 34.6916 0 34.3136 18.0399 34.429 0 34.009 20.384 37.12 0 36.8831 17.941 37.2223 0 36.7109 20.7354 34.359 0 1.36924 22.9022 34.1834 0 1.59181 25.6665 37.0913 0 4.34829 23.2194 37.2068 0 4.25962 26.2055 34.4055 0 7.1192 23.3105 34.525 0 7.11611 26.3197 36.8312 0 9.57081 23.6253 36.9793 0 9.74226 25.8626 33.818 0 12.1023 23.5182 33.775 0 12.6317 26.2189 36.4985 0 14.5897 23.1695 36.9483 0 15.1389 25.7522 33.8933 
0 17.9703 23.4002 34.0105 0 17.6541 26.0581 36.8533 0 20.1069 23.3118 36.8186 0 20.8918 25.8933 34.1609 0 23.88 23.5952 34.385 0 23.5212 26.1924 36.8536 0 25.6296 23.2516 37.2204 0 26.5997 26.2637 34.1588 0 28.364 23.0528 34.4341 0 28.9409 26.0875 37.0663 0 31.2753 23.0835 37.3112 0 31.3079 25.5278 34.4787 0 33.9173 23.0798 34.8194 0 34.3814 26.007 37.5738 0 37.0589 23.5007 36.9218 0 37.243 25.8495 33.9746 0 1.47689 28.3619 34.086 0 1.22402 30.9395 36.6562 0 4.20161 28.6145 36.7873 0 4.21727 31.1969 34.1107 0 7.16079 28.7746 34.2594 0 7.03437 31.3844 37.0855 0 9.78331 28.5277 36.3935 0 9.54519 31.3116 34.1698 0 12.4356 28.3224 33.5631 0 12.3058 31.405 37.019 0 14.8862 29.0057 37.0251 0 14.8971 31.3148 34.0471 0 17.5375 28.6385 33.9831 0 17.9298 31.2016 37.0111 0 20.3194 28.4113 36.9014 0 20.5311 31.0632 34.5251 0 23.959 28.6691 34.0589 0 23.4556 31.4427 36.8762 0 26.5721 29.1103 37.1112 0 26.7249 31.2881 33.5005 0 29.2785 28.841 33.9263 0 29.407 31.1863 37.0541 0 31.9295 28.5565 37.4051 0 31.3426 31.7174 33.8609 0 34.0807 28.3812 34.3738 0 33.8974 31.2467 36.963 0 37.2387 27.8768 36.6567 0 36.7777 30.77 33.9556 0 1.41381 33.8717 33.4451 0 1.27789 36.6267 37.236 0 3.94829 33.8575 36.9366 0 3.89681 36.1579 33.6969 0 6.83387 33.9308 34.3887 0 6.66307 36.6818 36.7292 0 9.56784 33.9398 36.8607 0 9.36041 36.6304 34.0429 0 12.2447 34.3069 33.8552 0 12.0638 36.4822 36.9018 0 15.3001 33.9515 36.8886 0 15.3485 36.7236 33.9357 0 17.8112 33.7274 34.4073 0 17.9159 36.5172 36.9075 0 20.4568 33.8072 36.8858 0 20.4051 36.3953 34.4666 0 23.733 34.0238 34.3316 0 23.4882 36.656 36.8704 0 26.1767 33.7023 37.1493 0 26.0416 36.6877 33.8958 0 28.9163 33.9215 34.6094 0 28.8901 36.8811 36.91 0 31.6934 33.939 36.8563 0 31.5825 36.8597 34.5153 0 34.2534 33.8322 34.3373 0 34.3895 36.2739 37.2787 0 37.2385 34.0432 36.7606 0 37.3149 36.6359 34.261 
0.780422 0.636206 -2.15033 -0.252641 -2.20489 3.27336 -2.3385 -0.427349 0.476537 -0.36505 0.00308913 0.165384 0.707304 1.20018 1.3629 0.872222 -0.242746 -2.18848 -0.384637 1.84817 1.76594 -0.387064 2.41587 0.346156 0.572502 -0.73988 0.62523 -0.909494 0.145091 -0.690223 -0.492527 0.967265 -0.242631 1.04118 -0.00388139 -1.06319 -2.51244 -0.890625 -1.95779 -0.458501 -0.962165 0.85235 0.755418 0.525957 -1.82393 1.24983 -0.627467 0.649506 1.35751 0.789402 0.812827 -0.62486 0.72159 0.880929 -0.425942 2.61489 -0.671536 2.48781 -1.10967 -0.938356 0.276045 -0.503541 -1.9514 -0.0255619 0.505785 -1.1977 1.39652 0.624796 0.529284 1.03805 -0.397779 0.806957 -0.860533 -0.807108 -0.299742 0.445924 -0.15877 -1.89248 1.6767 -0.371517 -1.04092 2.03839 -0.929431 -0.565607 -0.522808 0.0487815 -0.132569 -2.62273 2.3075 1.22596 -0.560986 -0.349177 1.32544 0.586837 2.10119 -0.975446 -0.547659 -0.218162 -0.549601 0.117481 1.19475 1.11784 -0.0597191 0.136172 2.79383 -0.602094 1.38357 -0.17576 -1.14495 1.09596 0.140274 1.96259 -0.400702 -0.228381 0.043332 -1.16874 -0.942272 0.642243 1.0851 0.898348 0.486177 1.8988 0.707066 -0.770171 1.01184 0.25535 -0.000832419 -1.74433 1.09634 1.51663 -0.0276879 -0.488585 -0.9347 -0.437226 -1.12117 1.36728 -0.347442 -1.13485 1.95142 -0.577476 -0.475329 -0.524036 1.08533 0.427781 -0.487918 0.385367 -2.08094 -0.227026 -0.547061 1.49298 0.48605 1.91269 2.03021 0.293353 0.14687 -0.943341 -2.71863 -1.18772 0.386541 0.019507 2.09681 -0.0330684 -0.105963 0.848924 1.20086 0.502675 -0.640662 -1.27878 0.0614558 -3.65335 -0.602084 -0.801713 -0.690405 0.132997 -0.623371 -0.0631261 1.11852 0.52766 -0.415328 1.51362 -1.36594 0.998384 -0.181302 -0.117516 -0.810324 1.53966 1.14916 1.76096 -0.0830938 0.636491 -0.293447 -0.447498 0.16997 -1.02843 0.159003 0.0899344 1.82272 1.15126 0.641335 -0.0501507 -0.346685 2.49521 -0.901404 0.0564332 -0.0456067 0.679925 1.61655 -1.73675 0.590626 -0.242687 -0.107014 0.244966 -1.41296 -1.89625 0.607231 -1.67289 0.989426 -0.248082 -1.49182 -0.929143 -0.146214 -1.95415 -0.295195 1.16268 -1.38507 2.26875 1.31306 1.12916 -2.73383 -0.94657 -0.720882 0.0195012 1.44577 0.78426 1.60945 -1.37488 0.311472 0.521024 0.0938884 -0.481279 0.685704 1.4164 2.72154 -3.34713 -0.71534 -0.504956 -0.393093 0.877026 0.143335 1.64945 0.279868 -0.148119 -0.616804 -0.897767 0.0672949 0.892566 -1.03385 0.917114 1.04981 -0.455703 -1.78725 0.919783 -1.28564 0.0418001 0.216028 -0.805004 -0.297354 1.40128 1.29752 -0.274969 -1.51835 1.34157 0.576496 1.41601 0.865943 -1.31501 0.308648 1.33456 -1.11114 -1.68052 0.0777096 -0.295695 -2.93065 0.00883666 2.53699 -0.0773044 -0.9044 -1.2976 -0.191219 -0.427807 1.97968 0.862648 -0.657372 -1.3545 -1.04583 -0.0582556 0.553035 -0.15585 -0.962384 2.5617 
1.21098 -0.418144 3.47896 -1.63247 1.51685 -0.238597 0.492758 1.12694 1.94017 -0.818069 -0.325571 -0.656027 1.36953 0.433822 1.33179 2.21083 0.982342 0.347697 2.04532 -0.113228 -0.151353 0.91108 -0.649388 -2.32616 1.76875 0.914129 -0.416294 -0.748116 -0.0571203 0.729255 0.0842153 -2.10816 1.97798 0.666207 0.0296966 0.584417 -2.2806 0.0396206 1.8889 -0.282199 0.976943 0.69132 -1.06971 0.0941119 0.427263 0.423233 -0.991205 0.777405 0.796275 0.305709 0.116668 -0.0210584 0.0570983 0.711549 -1.77247 1.12222 2.23706 0.237907 -1.38826 -1.08483 0.363059 0.106159 -1.06781 1.45399 0.847259 -1.28192 0.964067 0.5457 -1.85304 2.96404 -0.434673 0.235742 -0.885196 0.547278 -1.08528 2.17332 0.126785 1.02103 0.119286 0.366573 0.552893 -1.49648 1.55054 -1.0719 -1.96254 -0.822869 -0.188459 0.609915 -0.990222 -0.5899 -0.906077 0.0835148 1.09543 1.13696 -0.151142 -1.69732 -0.817395 -1.44453 -1.70793 2.19913 -0.666077 1.37765 -0.195027 0.756962 -3.21364 0.742685 0.410045 -3.42319 1.43897 -1.10135 1.07504 -0.700589 -0.823611 -0.57702 -1.21827 -0.0340883 -0.59443 0.473292 -1.1139 -0.332765 1.7845 -2.49209 -1.31671 0.341734 -1.10891 -0.482193 0.850205 1.1775 1.38407 -1.39808 -1.65248 0.956276 -0.15966 1.00225 -1.1862 -0.958076 -0.794614 0.637489 1.28649 0.124545 -0.146544 -1.00601 -0.889784 0.310156 0.569105 2.48706 1.82811 0.450169 0.256117 -1.07953 3.00175 -0.455599 -0.736874 0.300971 0.243211 0.473869 0.9434 0.0195067 -0.119587 0.786317 -0.195349 1.28038 1.87669 0.527853 2.53587 1.19218 0.857693 -1.05413 -1.10351 -0.37921 -0.930988 1.72477 -1.49645 -2.22086 1.79016 -0.71865 0.812204 0.73345 2.09089 0.821285 -1.08204 1.54308 -1.48275 0.176473 -0.425862 -0.822226 0.537275 0.70596 2.35923 -2.71286 -0.752667 -0.945486 0.746914 -0.648565 0.316587 -1.27649 -0.176028 -0.830684 0.321537 -0.670243 -0.408128 -0.593412 -1.1362 -1.27756 -0.376109 2.12458 0.221313 0.0172926 -0.864194 -1.30973 1.02737 0.97369 -0.736637 0.678209 1.62789 0.399672 -1.8488 -0.686299 -1.2243 -0.69872 -0.827851 0.294206 -1.68701 0.139548 -0.575326 0.971641 -0.338807 2.4752 1.01892 0.154499 -1.50315 -1.77406 -0.253439 -0.22372 -0.03584 -0.930019 0.527531 -2.53363 -1.82858 -0.740927 -0.0106946 1.44746 -1.00394 -1.49406 -0.809736 -1.14859 -1.91023 -1.9274 -2.13918 -0.0247422 -0.752971 -1.75618 -1.3362 0.261678 0.376069 -0.212304 -0.89746 -1.21263 -2.89067 -0.122559 0.535721 -0.565566 3.53569 -2.46058 0.79761 0.640804 2.16691 -1.49679 -0.482313 2.04741 -1.2803 -1.2914 -0.00102447 0.400557 2.68213 -1.06584 -0.359887 -1.24278 -0.885512 -1.87876 0.439493 0.0629277 -1.39136 0.795815 1.7716 -0.086642 1.88696 0.940658 -2.73552 1.76319 0.335594 0.939784 1.81817 2.61291 -1.25252 -1.62266 1.27814 -0.201258 1.37632 -0.505188 
0.0970753 -1.88228 -0.80297 -1.25642 -1.21866 -2.50675 2.22318 -1.7662 2.523 -0.139316 0.597398 0.555556 0.489603 1.65337 -1.71992 1.04059 2.01219 -1.36174 -0.247899 0.645222 0.327954 -1.4604 1.16573 -0.469314 -0.218926 -0.0274669 -0.767565 1.01994 -1.26145 -0.869795 -1.63178 1.60865 1.53083 -2.13028 0.350891 0.156559 0.479022 0.879312 0.224746 -0.717527 -0.307951 -0.195123 0.596918 0.500368 0.411014 1.45334 -2.35697 2.22231 -0.420445 0.666258 1.77078 1.12956 0.446995 -0.306236 -0.957028 1.42787 -0.0719611 0.492458 -0.0832308 -1.0248 -0.613723 -2.40753 -1.41407 -1.05728 -0.896446 -0.0995886 1.68122 1.08958 1.0982 -0.347352 -2.42692 0.230815 0.701864 -1.35897 -1.91348 0.155729 -0.742534 1.42292 0.961419 0.967995 3.84199 0.407908 1.02369 -0.52268 1.40124 1.15321 -0.996731 -0.727754 0.286702 -0.766541 0.371811 -2.1376 0.358286 -0.499314 1.09018 -1.32441 1.94091 0.402934 0.542887 -1.00246 -2.31255 0.94101 0.135332 2.29893 -0.170293 -1.37006 -0.656002 -1.12999 -1.59978 1.65735 0.894754 -0.196255 -1.44203 -0.41042 1.03445 0.570614 0.85533 0.836963 -2.5771 -0.746467 -0.316533 0.532859 -0.8562 -0.27087 -1.30406 0.787803 0.196582 1.17459 0.525856 0.993028 -0.122209 -0.925887 0.529571 0.396101 -1.0865 -0.707474 1.75595 1.06283 -0.638339 1.27786 -0.0665816 1.91955 1.14111 0.833382 -0.7735 -1.49499 -0.13997 -3.41341 0.972496 -2.12148 -0.739527 -0.640736 -0.393204 0.640413 0.163857 -0.680538 0.586857 0.106699 -0.247802 -1.03691 -2.16207 -1.14081 -0.0258124 -1.53101 -0.506318 -1.39128 1.39841 -1.89584 0.103409 -2.04279 -0.335214 -1.63323 0.73891 1.73734 1.81859 -0.37961 -0.0307814 0.0950822 1.88901 -1.25068 0.12969 -0.51537 0.289286 0.737011 0.626255 0.595746 -2.21896 -0.141736 0.102177 -0.0574295 -0.184203 0.887813 1.14431 -2.14278 2.11579 0.552089 0.315653 0.756264 -0.584166 -1.36855 -0.821431 -0.540482 -0.733539 0.519744 0.406766 -0.13693 0.110558 -2.78237 0.55139 0.656659 1.94266 0.481387 -1.20038 -1.2579 3.04029 -0.069147 2.42788 -1.39492 -0.958692 -0.379849 -2.48785 1.15119 -2.08247 -1.19467 -1.52832 -2.25655 1.4785 -0.118797 -0.0369891 -1.19126 -0.547943 -2.0671 -1.03231 -3.54081 -0.386582 -0.750624 -0.855853 2.61748 -1.63849 -0.977259 -0.458427 0.311501 -0.514266 1.45052 -0.651269 0.392157 -0.39102 -1.85864 0.674661 -2.28688 -1.84233 -0.13706 -1.41175 -3.421 -0.677543 0.754909 0.745428 1.3732 -0.228627 0.67165 -2.31576 -1.1991 0.181335 -0.509291 -1.84861 1.86312 -2.00944 0.822774 0.246559 -1.14579 -1.55029 -1.41875 1.52842 -1.03402 0.387689 -1.22576 0.205781 0.215455 1.27753 -1.18145 0.166339 -0.294937 -0.290444 -2.2432 0.89578 -1.77402 0.392126 -1.76649 -0.420596 0.0815052 -0.832562 1.81844 0.232848 -2.48532 1.20002 -1.06083 -1.03898 0.181636 -0.788873 -0.220938 
0.497084 -1.77175 0.36411 0.955056 0.325921 0.0874565 -0.348159 -0.709444 0.715073 -1.16783 -0.688124 -0.880251 -0.992138 -2.35804 -0.917464 1.96736 0.221008 -0.11588 2.41799 -0.681162 0.851134 -1.07435 -0.609026 -0.709794 0.647741 1.88984 -1.15028 0.570664 -0.749805 -0.691152 1.24476 1.24095 1.14897 -0.423664 2.21105 -0.719787 0.531571 0.477686 0.371847 1.26066 1.936 -1.06723 1.38825 0.0686423 -0.524194 1.9734 2.57039 0.8068 2.1835 -1.14836 -3.78535 -0.874804 -0.356848 -0.472774 -0.183254 -1.07275 0.632012 -0.634186 -0.0474966 -0.600733 0.0151765 -1.24485 -2.69167 -1.55815 -1.15814 0.0634766 -0.781659 -0.102587 0.613803 0.401886 -0.96766 0.175386 -1.54762 -2.53264 -0.545782 1.04895 -1.48759 0.731462 -0.68929 -0.286529 -0.0337103 -0.211371 -0.534794 -1.12745 0.745675 -0.765754 0.906506 -0.868109 -1.13601 0.532803 0.20847 -0.754702 0.709149 1.53252 1.42647 -2.49337 1.25187 0.846156 -1.13889 -0.238829 -3.5988 0.846496 1.15421 0.528448 0.798975 1.94 1.08235 2.88399 -1.00137 0.769977 1.01721 -0.320683 -1.67046 1.6876 0.988418 0.801797 -0.124466 1.03712 0.459656 1.00218 -0.633793 -1.97052 -0.263463 0.543818 -0.825748 -2.16559 0.0398142 -0.405623 1.08573 0.195833 0.160035 0.647985 -0.967 0.734433 0.183505 -1.60616 0.757315 0.374183 -1.42752 -0.730389 1.2208 1.20902 0.800496 -1.65314 1.03724 -0.0494716 0.993566 0.26224 -1.05967 0.372129 1.45256 -0.64464 1.60429 0.123412 1.04744 -3.13654 -2.79328 0.389673 1.30398 0.104281 3.44176 -2.3664 -2.12561 -0.982742 0.924372 0.442342 -0.966749 0.034777 1.77 1.07097 -2.86146 0.287467 -0.983454 -1.74277 2.32681 0.416322 0.412163 1.04935 0.199854 -0.293194 1.13154 0.935461 0.97448 -0.928592 -1.80544 -0.281272 0.46786 -0.797428 3.00284 -0.759523 -1.10677 -0.293112 0.969154 -1.13402 0.843106 -0.518621 -0.385724 -1.81262 1.98506 0.0577594 -0.460882 1.31296 -0.461978 -0.455304 1.18912 -0.751322 -0.043745 0.252926 1.42033 -0.583431 0.682074 0.803322 0.917156 -1.33681 0.431328 0.724248 0.876733 -2.25006 0.276348 -0.185521 0.307351 -0.677677 -0.0259007 -0.991147 0.0749068 -1.47611 -0.620991 -1.75394 -0.970205 0.039358 -0.295348 -2.33183 0.598296 0.94721 0.634113 1.59219 2.03795 2.36408 -1.39183 2.11506 -0.214185 1.46465 0.720741 0.0463334 -0.159297 -2.21094 -0.122655 0.188839 1.99503 1.5533 0.506162 -1.5767 -0.668758 -1.77155 0.358184 0.838428 0.814883 -0.251588 -1.62903 -1.83844 -1.16328 -0.733528 1.72783 2.07267 -0.929398 -0.549936 0.540145 1.71718 0.633232 -1.08576 -3.03877 -1.5449 -1.24201 1.49155 -1.88642 0.733568 0.324774 3.97232 -1.45524 -0.414817 -1.25336 -0.634323 0.0755589 1.41027 -1.02297 2.60941 -0.951957 -0.263466 -0.523738 0.0669451 0.804173 0.775502 -1.66507 0.681922 0.456495 1.14229 -0.357465 0.67723 1.68267 -3.11906 
1.70944 0.828261 3.38577 1.75216 0.685403 0.127688 0.996339 -2.13175 0.131587 -0.409084 -0.210538 -0.521743 0.988298 0.160554 0.296836 -0.967382 3.99006 -1.64006 0.494581 0.199975 1.39477 1.76964 1.17869 0.297281 0.477303 -0.388556 1.05194 -1.76241 0.493758 0.16226 1.16438 -1.38861 -0.123637 -1.13318 0.397785 1.29609 1.32751 0.026018 -0.0889562 1.34945 0.32363 0.378879 1.06331 -2.91145 1.66858 3.34776 0.807491 -0.848242 -0.181302 -2.58244 0.160272 1.38703 3.64916 0.164642 2.00275 -1.42215 -0.347919 1.80126 0.839857 -0.100471 -0.435435 1.5697 -0.231015 0.528645 0.293657 0.442326 -2.24468 -0.857008 -0.692091 -1.7614 -0.772193 0.655273 -0.696113 0.527602 2.01074 0.116315 0.441638 0.207335 1.12467 0.68781 1.59676 0.68442 0.637466 -0.157624 0.0533191 0.108829 0.989755 0.644669 1.71202 -0.527222 -1.5783 -0.563389 2.82796 0.315485 1.36558 0.524555 -1.0552 1.11938 -1.42504 0.998368 0.562629 0.442552 -0.683768 1.06033 0.811559 -0.504109 -0.21959 0.293611 1.07314 0.825405 -1.29222 -2.73621 1.65758 -0.447306 -1.93992 -0.388406 -0.569972 0.949107 0.179991 1.09819 -0.585172 0.0469664 -1.69458 -0.490265 0.33109 -0.181417 -3.31747 1.62042 1.35556 -0.981201 1.31262 -1.28381 0.645527 -0.852533 -0.995207 -0.478953 0.52907 -2.85419 -0.103939 -1.01853 -1.29707 -0.252817 -0.760599 0.00553552 0.67549 -3.2702 0.83799 -0.182725 -1.31209 -1.05782 2.58274 0.420034 -0.766584 0.824572 -1.25711 -1.54759 -1.17444 -1.34484 -1.11167 -0.305531 0.382594 -0.947259 -0.0260438 -0.014107 -0.581301 3.50938 -2.08924 0.523614 -1.53226 1.00035 0.430816 -0.998232 -2.2809 -1.03635 -0.424691 0.23549 0.032063 0.671819 -0.116145 -1.57102 -0.0396175 0.180515 -1.08507 0.309128 -0.39104 -0.752832 -0.643962 -1.90561 -1.41317 0.34622 -1.47088 -1.01827 -1.37917 1.54096 0.503711 0.0745473 0.89338 -0.669477 1.80146 0.206189 2.89313 -2.03032 -1.71434 -1.75847 -1.90346 -0.774297 -0.339073 -3.58556 0.22125 -1.33684 -1.44171 3.12329 2.6016 0.391232 -0.748351 1.42021 2.01481 1.05727 -2.38585 -0.818782 0.149119 0.333898 -0.0969086 -0.496601 0.70684 0.135672 1.11389 0.358095 0.691099 0.392923 -1.0348 -0.0227055 0.709534 0.653373 -0.731857 0.0100634 0.841287 0.752382 2.29755 0.538145 2.01747 0.363897 1.80405 0.193498 -0.271562 -3.00164 0.618437 -0.859217 -0.0584598 0.858491 0.15019 0.11631 -1.97508 0.860336 0.833516 -1.27022 -0.237865 1.21404 -1.62029 -0.606087 1.24988 -2.09409 1.38954 -1.38845 1.62013 -0.491 0.708504 -1.01129 0.277622 1.47221 0.649306 -1.11397 0.94089 -0.857789 3.17994 -1.13922 0.0508109 -0.520284 -1.99483 -0.28965 0.27619 -1.14984 -1.17473 -0.886708 -1.38561 1.48719 0.356489 0.00607638 -0.393412 -1.16501 1.69876 0.667399 -0.67164 -0.830257 -3.59223 -0.774581 -0.575886 -0.793713 0.829628 -0.175235 
-1.66975 1.84725 1.94668 -1.21971 1.80371 -1.47145 -1.10406 0.590938 -0.960637 -0.725434 0.611113 0.289896 0.613951 -1.17569 1.51764 0.475394 0.479682 -0.269458 -0.142012 -0.618788 1.41641 -1.01693 0.812013 1.45378 -0.519918 1.455 -1.89944 -1.07545 -0.953757 -0.603135 -0.154877 -0.119774 -0.240213 -0.230086 0.451232 0.763786 -1.70406 -1.00765 -0.999021 1.73853 -2.0187 -0.383506 0.204966 -1.41259 1.3399 0.200989 0.442609 -0.82562 -0.426852 -2.22929 0.0729029 -0.153772 1.86353 -1.75561 2.18946 1.49085 -1.16111 -2.51628 -0.271538 0.000182871 -0.944104 -0.106392 -1.03273 -1.21897 0.0399444 -0.213846 1.91684 -1.19952 0.835539 -1.23978 0.148789 1.34635 0.711325 -0.110041 0.9194 -1.54851 -0.480277 -0.58001 0.307266 -0.570523 1.89842 1.27225 0.116486 -0.239498 0.567889 0.736741 -0.683889 -0.919408 1.41703 -1.32984 0.677634 -0.590997 1.31313 1.41362 -0.616953 -0.898695 -2.02931 0.370337 0.0655221 1.94911 -0.156798 1.34468 0.172814 -0.654912 0.182223 -0.871859 1.43224 -0.440497 1.74189 -0.108587 -1.00382 0.680261 0.686807 -2.26196 -0.242014 -2.88682 1.61883 -1.32002 -0.794779 0.691333 -1.62584 0.806133 -0.946249 -2.86387 -1.75281 -0.380312 -0.00430147 0.488588 1.23892 -1.14511 -1.35151 -0.765083 -0.615649 0.797308 1.34537 0.605706 -1.77032 3.55567 1.0731 2.16407 1.66502 0.357688 2.42551 1.8095 0.408253 -1.07351 -0.724966 0.12324 1.28217 0.40448 0.29099 -0.245315 1.80435 -1.13187 0.552521 1.30213 -0.362391 -0.550658 0.801458 0.271553 4.30319 -0.19485 -1.23845 0.523226 0.663465 -2.49021 -0.168483 0.49433 -0.129344 -1.72597 -0.345681 2.59529 1.03114 -2.29681 0.639282 -0.931865 -0.250422 0.686901 -1.45403 -0.0629309 -1.45402 2.29376 -0.660718 1.8851 0.522709 0.154812 0.339849 -0.666456 0.569053 0.0691479 0.236617 -0.800349 2.06876 1.11184 1.82672 0.314562 -0.641699 -0.110508 0.652588 2.29812 1.97736 -0.767132 -0.424931 -0.0937864 -1.49955 -1.01131 1.80972 -0.148117 0.79249 1.51085 0.156864 -1.8088 1.33941 1.52228 -0.011208 1.05611 0.322597 -0.956948 -1.81089 0.571543 -1.11402 2.5701 -2.25157 -1.31493 0.892258 -2.35951 -0.975261 1.48243 0.527942 2.33716 1.11276 0.398967 0.118553 -0.157616 -0.126874 -0.878052 0.436768 0.40314 0.829746 -3.35828 -0.621317 1.61692 1.25631 -0.0116225 0.424534 0.613556 1.36604 0.419172 -1.53739 -0.730054 -0.816554 -0.59435 -3.13113 -0.961786 -0.309582 0.0672355 -0.754722 1.78171 -2.21569 -0.819425 -0.194412 -1.92405 -0.0804126 0.548685 0.671174 -0.623141 -1.25048 0.648671 0.842752 1.94854 -1.68077 -0.110679 -1.08499 -1.14859 -0.114492 1.04018 -1.39068 -0.246604 -1.63705 -1.44915 -2.63935 2.07511 1.39257 0.441406 0.559108 0.266871 1.32259 0.0251904 1.6581 0.861911 0.52646 3.20552 -0.163704 1.16029 -0.0761972 0.558401 1.00088 1.63518 1.97053 -1.42374 
-0.346619 2.59733 -0.280546 -1.20939 0.0104893 -0.449286 0.302277 -0.437588 -1.63091 -0.629726 0.29889 0.0116183 0.648775 0.357079 -0.301184 0.798386 0.661479 -0.254717 0.284185 0.260229 -0.126238 -0.971461 0.796182 2.73174 0.697774 -1.66675 1.42078 0.746119 0.186307 -0.241793 0.0749315 -0.637703 -0.680779 -1.49773 1.05396 -1.23647 -0.861522 0.0132311 -2.08807 1.69475 0.794377 -0.372274 0.502586 3.27999 0.073715 1.03326 -0.999934 0.250501 0.882285 0.857064 1.98541 1.03323 0.153444 -0.325589 0.835625 1.01391 1.25061 0.56236 -1.57416 0.152959 3.77263 1.33698 0.58728 1.22118 0.799445 0.29355 -0.58165 -2.85559 0.357735 2.47805 -0.883193 -0.653394 -0.340784 -0.320828 0.185619 -1.03244 0.302916 -0.491222 -0.629281 -1.3928 0.24201 -1.29346 -1.10936 -0.811356 -1.07445 -2.63612 2.26088 -0.233658 0.0688918 1.25516 -0.863108 0.495033 1.05434 -0.882722 -2.86908 1.42563 -0.19898 -1.22038 1.45713 -2.1097 3.17815 0.847781 2.11395 0.572123 1.31131 -0.384905 0.339101 -2.3602 -0.557706 -1.49542 -0.624533 -0.935438 -0.0112596 1.98869 0.610294 0.150409 0.760875 0.305255 0.0486791 0.688475 0.33419 0.990592 1.59247 -0.169958 0.519542 -0.579064 -0.652232 -1.06736 -0.990114 0.822916 -0.463597 -1.17041 1.79945 -0.14508 0.161616 -0.56792 0.66661 -1.40774 -1.60109 0.277121 -0.283156 0.714766 1.47574 -1.43589 2.94059 0.910506 2.63106 0.149449 -0.108914 -1.32078 -0.125595 0.642704 -0.206898 1.2898 0.855665 2.25672 0.961649 -1.91919 -0.693994 -1.48366 -0.24474 0.680147 -0.39307 -0.312378 -1.21291 -0.612186 -1.2857 1.34599 -0.522928 0.00293861 1.64959 0.412845 -1.06827 0.49188 -2.18793 -0.712026 1.47723 0.829015 3.86016 -1.04509 -0.293097 1.11827 1.40337 -0.379334 1.64708 1.10898 -0.357817 -0.285883 -0.409002 -0.622602 -0.627909 0.48973 0.706759 -1.86494 -0.904168 -0.876495 -0.550987 0.642945 0.0342593 0.707165 -0.856087 -0.538917 0.0950769 -0.122587 -0.600497 -1.26824 0.314326 0.177855 -1.32611 0.231669 -0.613672 1.1784 0.14693 -2.64268 2.00163 0.590259 0.418561 -0.130354 0.390539 -2.03485 -1.06147 -0.799742 0.244574 -0.958243 -0.770934 -0.578276 2.79754 0.371232 -1.92678 -0.624699 -0.454976 -0.835656 -0.12809 0.0519823 0.648004 0.635988 -0.715609 2.66345 -0.895259 0.408335 0.636283 -0.427741 -0.18822 1.21984 -1.68566 -1.00376 0.0667938 0.0264233 0.558532 0.00124288 -1.20106 -2.0031 -0.543651 -1.18407 -0.182942 2.12211 0.287293 -1.64052 -0.675023 -0.708809 -1.20673 0.50794 -0.67059 -1.48377 0.592588 -0.547103 1.3341 0.345202 1.87506 -1.85099 0.624959 0.555409 -0.897836 -0.901231 2.08773 -1.3311 -2.06901 1.60306 -0.355391 0.456819 -0.912546 1.09043 0.652463 -3.00285 -1.3365 0.335784 -0.306347 -0.898706 -1.05303 -0.707411 2.69714 1.85322 -0.105558 1.05902 -0.856183 0.400493 -0.625568 -0.851058 -0.259171 0.108495 
1.02767 -0.101469 -2.01765 -2.10295 -0.225287 -1.69612 2.05293 -1.16884 0.799725 1.87548 1.47503 2.37204 1.31539 2.27901 1.52909 2.79073 1.64785 -2.17693 -2.09465 0.206332 -1.22942 0.900241 0.336855 -1.42204 1.08366 0.424586 0.0922704 -1.41115 0.718248 -1.7669 0.66928 1.17177 1.27816 -0.995886 2.08336 0.105756 -0.907565 -0.937617 -0.256727 1.06743 -0.0526872 0.599507 -0.344929 -0.20244 -1.94635 1.62844 1.7015 0.440261 -0.556964 -0.451136 1.07165 -0.0951121 -0.198526 -0.870613 1.15047 2.23184 2.23658 0.787718 -0.966048 1.46261 1.51181 -0.441288 -0.988365 0.582494 2.77863 -0.44629 2.12259 1.52825 -1.34686 -2.87742 -0.932526 -1.59489 2.69662 -0.334094 -0.720196 -1.34518 0.782809 -0.465392 -2.24728 1.82955 -0.64176 0.564485 -1.26693 0.704368 -2.70696 0.661009 -1.72367 0.68176 -0.578561 -1.14514 0.501569 -2.02841 1.98856 -1.58653 -0.414928 1.69668 -2.01404 -1.85938 0.567748 -2.49986 1.37487 -0.0302473 -0.217064 0.329207 1.38808 -0.0183909 -1.39957 2.17065 0.450809 0.0571595 0.680465 -1.62704 0.759696 0.0871418 0.342745 -0.0415483 -1.01096 -1.38083 -1.7835 -1.23529 -1.03458 0.885997 2.33327 0.0234888 1.20132 2.18581 -1.42252 -1.08588 1.42611 0.329387 -1.18348 1.28374 3.01355 -0.778266 0.01204 -2.20081 1.66236 2.25139 0.378658 2.13758 0.973198 -0.114319 0.653966 0.520631 0.727753 1.64194 -0.947125 1.06816 -0.139352 1.58401 1.73583 -0.912795 -0.199312 -1.33092 0.456029 -0.788531 0.871466 0.112978 2.1701 0.176168 2.4226 -1.25751 3.11458 0.534024 0.589524 1.10839 -1.1243 0.275461 -0.526029 -1.10666 -1.16722 0.553611 0.470956 0.157015 -0.624031 -0.697419 -1.04852 1.06078 0.672877 0.172239 -1.93866 0.778463 2.24145 -0.461838 -0.720648 0.407976 -2.35474 -1.10053 -0.816019 -0.668522 -1.12498 0.353784 -0.818027 -0.337334 0.798771 -2.76603 -0.96575 -1.5051 0.5149 0.547188 3.09443 -0.803029 1.37516 1.18417 -2.74976 -0.897819 0.747171 0.308452 -0.890141 -0.591419 -0.438986 -1.26809 1.08304 1.0203 -0.725244 -1.75729 1.09365 -0.593677 1.70104 0.370178 0.319993 0.0540344 1.00865 0.963251 0.110006 0.340569 -0.859942 -0.586138 0.300433 -0.413381 1.53607 -1.19688 0.555003 -2.1073 -1.14655 -0.93098 2.40854 -1.91606 1.43331 -1.08261 -1.04617 0.942801 -0.426875 -0.480117 -1.07677 0.422755 -1.83688 0.732819 0.060365 2.63725 -1.57552 0.271698 -1.03226 -0.460714 0.0967746 0.0797198 0.6362 0.297284 0.330465 0.176497 -1.80909 0.623565 1.10452 -1.15262 0.743704 -0.125959 -0.509994 1.08179 -0.697324 -0.157831 0.230662 0.571838 0.97647 -0.907107 -0.469801 -1.30843 -0.189357 1.1286 0.738859 1.2323 -0.251392 1.32033 -0.382571 -0.251418 0.350881 1.66258 1.33355 0.131316 -0.714751 1.52463 -0.736083 -0.790773 1.88631 -1.55791 -1.18456 0.0855297 -1.9763 -0.039489 1.2469 -0.0854628 
0.354055 0.913874 -0.86689 -0.0581219 -0.163286 2.8661 1.31418 -0.38347 -1.16223 -1.03716 2.86142 -0.847808 -0.445811 -1.99195 0.816714 -1.66063 -0.2052 0.834927 -1.43268 0.442371 0.127354 0.0856952 1.34339 -0.975296 0.444748 -1.27317 0.615264 -1.17162 -1.05112 -0.602928 1.89945 0.320265 -0.615696 1.78675 1.16216 -0.217163 0.0964887 0.0625882 -0.191288 1.0818 0.160135 0.836244 -0.12465 -1.1612 -0.00617274 -0.337858 -0.572717 -0.89862 1.63992 0.609344 0.588363 -0.157068 -0.928839 -1.05164 2.93326 1.59628 1.32504 -0.975693 0.465707 -0.313725 0.235278 1.52686 2.85029 0.53098 2.05176 -0.530111 0.448081 2.20701 1.2688 -1.79665 0.256969 -0.484246 0.445179 1.41392 -0.989922 -0.550808 0.798995 1.07123 -0.907346 2.18853 -0.0776499 1.09132 -1.35869 1.84328 1.21389 -0.0299997 -0.786951 -0.305283 2.81209 2.17701 -0.939656 -1.96509 -1.17285 0.0953844 0.0293352 1.38027 -1.05684 -1.74923 -1.04851 -1.06809 -1.50471 2.11222 -1.61158 2.12058 0.736184 2.78139 -0.342696 1.43906 0.460391 0.40185 1.40652 -1.83342 0.328949 0.694685 -0.183112 -0.393814 0.888192 0.221952 -1.65156 -1.21068 0.840676 -0.484447 0.39697 -2.58935 -0.97106 -0.59823 0.689545 0.79683 1.18919 -0.940722 -0.604542 -0.641589 -0.892607 0.483427 0.199874 1.99974 -1.25182 2.84822 0.247483 0.956495 -0.212803 -0.401091 -2.75122 -1.24158 -0.635461 2.38288 1.24982 0.0851732 0.153317 -0.265757 -1.62649 0.547722 -0.564327 0.557977 0.0808698 0.061512 -1.36004 -2.02017 -0.00362037 1.15911 -0.918479 -0.184154 -1.13487 0.950201 0.617458 -0.108199 -1.91126 0.892395 -2.40398 0.729721 1.04476 -1.00876 -1.23406 2.45761 -0.124524 -0.243816 0.240871 -1.4286 2.79616 1.06339 -1.75351 -2.16673 1.89022 -1.43464 -0.068275 -0.645756 -0.937119 -2.17666 1.54629 -1.14772 -0.45037 -1.0387 0.717363 -0.844134 1.31724 1.84174 -0.571214 -0.888426 -1.00362 -0.429021 -0.176797 -1.38896 -1.03439 -1.08689 1.22331 -1.44583 0.120211 -0.377327 1.12082 0.324831 -2.04004 -1.06227 1.11858 0.99338 2.13961 0.850557 -0.308989 0.701215 -0.72082 0.583203 0.0249332 1.10134 1.38137 -0.144876 -0.90146 -1.54161 0.428717 0.437387 -0.658858 0.60841 0.647577 0.801388 1.25262 0.330217 -0.00254347 1.28305 -0.299946 -0.118155 0.853894 -1.30286 1.31912 -2.09365 3.07757 0.133912 1.55964 1.49195 -1.30542 0.607929 -0.832653 1.84816 0.67126 -1.35245 0.513393 -0.251188 -0.127096 0.118842 -0.28137 0.928567 -0.0985189 -2.21029 -0.38625 -1.68931 1.40811 0.197194 -2.70688 -1.17269 0.649473 1.62107 -1.71022 0.697257 -1.36589 0.604329 1.97493 0.149569 -0.773314 -0.190351 0.311422 0.0186049 0.843741 -0.613853 0.523893 -0.729015 1.35169 0.667361 0.519738 1.52463 0.259442 -1.57435 -1.21847 -0.703916 1.59225 -0.753786 1.40288 0.736453 0.929925 0.299599 1.05318 2.16717 -0.732003 0.221859 
2.22905 0.495091 0.0126338 1.99663 0.160465 -1.5118 0.245708 1.35842 -2.2418 -0.851459 -0.0864251 1.84386 -0.455836 -1.08805 -0.622341 1.20969 -1.93617 1.31618 -0.00637689 -0.252091 -0.119248 0.806322 -0.999308 -0.990324 0.310796 0.294017 1.08175 -0.149591 -0.829544 0.470533 1.54063 -0.983224 0.492951 0.025805 -1.90052 0.0315275 -0.0799133 -0.542074 -0.471973 -0.239475 0.115373 -1.43872 1.51731 -2.34291 1.58576 0.422007 1.72273 -1.10453 -0.677288 -0.795142 -3.20405 -0.45224 -0.621508 1.30869 0.649579 1.08911 0.158069 0.522046 2.2214 0.441857 0.292225 -0.979654 -0.945122 -3.02225 0.511259 0.714341 0.188531 -0.294443 0.0379728 2.23209 -1.48285 0.768006 -0.59087 -0.913504 -0.728363 -2.36025 0.512435 -0.606031 -1.0242 -0.116325 -1.06248 2.01334 0.149031 0.552516 -0.238081 0.951938 -0.260191 -0.494659 -0.365693 2.08272 1.07952 -0.582642 0.615138 0.411047 0.967717 0.063083 1.23061 -0.440934 1.61194 -0.0563965 2.1237 -0.392752 -1.1128 0.107071 1.70242 -0.783771 1.48124 -2.14494 -3.4574 4.49005 -0.81029 -1.20185 0.593925 -1.27217 1.54182 1.97555 0.992757 -0.447012 -0.466912 -0.425598 1.69432 2.4231 -2.40823 0.40816 -1.94384 1.07977 3.0406 1.04859 0.239 -0.442909 0.75897 0.38079 2.00156 0.533103 1.42432 -0.821912 -2.0907 -0.401665 0.169375 -0.482969 1.01304 -0.377422 -0.905686 0.876703 -2.09456 -0.408166 -1.20947 -1.67084 0.809896 -1.36071 -1.94136 0.804841 -2.70588 -2.38948 0.619063 -2.77463 -0.44843 -2.75255 -1.52466 -1.50776 0.250991 -1.37846 1.154 1.89526 -0.479989 0.643345 -2.13064 1.24349 -0.807536 0.503992 -4.99333 0.189075 -0.551398 -0.237233 0.780402 -4.53424 0.29712 -1.29745 1.56707 0.446496 1.28831 -1.68232 1.89263 0.45377 0.00530182 -0.8423 -3.52348 2.196 -0.604762 0.72899 -0.189132 -0.345055 0.790086 -0.199486 -0.773166 0.254776 0.596926 0.104167 0.834125 0.0958125 -0.652089 1.24553 -0.50551 -1.02636 1.89367 -1.83955 -1.04733 0.529901 0.631162 0.946699 1.10794 -1.69344 1.26874 1.15709 -0.762606 -0.428268 0.266282 -1.21813 0.247229 2.50041 -1.17844 0.209107 -0.171143 1.09406 1.68524 0.633661 1.43445 0.477215 1.26086 0.897195 1.4482 -0.296908 -1.47933 -0.653923 -0.761687 -0.0411796 0.418955 -0.251142 1.44021 -0.22806 -0.437301 -0.726768 0.688654 1.0778 -0.337148 -1.62208 1.10537 0.820482 -0.446619 1.15199 0.882464 0.443078 0.594943 1.73533 0.115722 -0.715881 -1.48879 -0.104557 1.57424 1.55088 1.79935 1.47323 -0.49893 -0.227503 0.130582 1.03658 0.663601 1.13526 0.0575209 0.258388 -0.0568168 -0.456264 -0.0631068 1.50362 0.388888 0.587099 0.280247 -0.0454389 -1.5246 0.262226 -0.524929 -0.750299 1.30391 -0.25509 0.0463454 1.26064 -0.974905 -2.02063 -0.780011 0.908269 0.478786 0.47447 0.0468611 -0.893785 -0.614855 -0.912641 0.904333 1.24355 1.31488 -1.88717 
0.792318 0.396171 -0.537348 -0.708823 -1.76269 0.178305 -0.524846 -2.24061 -1.24214 -1.1163 -0.782268 1.51938 0.455884 -0.41152 0.513924 1.90211 1.77816 -1.24096 2.97798 1.48985 -1.30745 0.287211 0.652701 0.157558 2.64555 -0.396051 -0.794371 0.289339 1.84299 -1.12463 0.0815114 -1.83314 -0.114729 0.740371 0.834302 0.19173 1.00602 2.79381 -0.607114 0.804899 0.00383031 -2.94181 -0.112217 -0.15084 -0.723418 0.599707 -0.461253 -1.1355 -0.00420842 -0.562212 0.840303 1.07695 -1.22268 -0.718372 -0.632198 -0.797653 1.65139 -1.16617 -0.209277 0.332571 2.49106 -2.58293 -0.400338 0.583328 -1.47024 1.21577 0.167645 1.334 -1.47573 1.31339 0.887837 -1.13611 0.59518 -1.09254 -0.741383 2.87056 0.496185 0.781873 -0.113404 0.292608 0.413646 1.13829 -0.519644 0.91869 0.0908292 -1.52778 -0.233924 -1.40437 -0.882637 -1.17024 0.488796 -0.278813 -1.17179 -0.175073 -1.21173 0.0231797 0.424319 0.519395 0.6821 -1.29232 1.239 -0.679656 1.66165 0.107732 2.08885 -0.650449 -0.837934 -0.116774 -0.642829 1.15687 -0.0570375 -1.08526 0.596625 -0.797692 -0.421112 -0.320677 0.720955 1.00869 0.968193 -0.802887 -0.637297 1.23528 -2.32631 -0.480493 -1.15627 0.107759 1.08994 1.28193 -1.61719 -1.29565 -0.686261 -1.4249 -1.77379 1.30441 0.690092 1.33905 1.05376 -0.0573353 -0.926015 -0.0914071 0.359325 0.662749 -1.83259 -3.18432 -0.461719 -0.0275904 2.44641 0.843533 0.92523 0.0108525 0.752738 -2.52771 0.272942 -1.05415 -0.739377 -1.30031 -0.180499 2.47804 -0.207155 1.09184 0.544011 -1.2861 1.56935 -1.01718 -1.88928 0.533208 1.51634 -0.858487 -1.24318 -0.141028 -0.684744 -0.224212 -0.518611 -0.463217 -2.292 -0.357971 0.842753 0.124532 -0.410412 -0.558009 -0.779473 0.156891 0.400104 0.248592 0.569698 1.37293 -0.117375 1.18434 1.83656 1.01476 -1.95049 1.73807 0.170104 0.0259512 0.271152 1.80121 -0.0188081 -1.59345 2.93291 0.873152 2.71204 0.267629 -0.939846 -1.28416 0.914872 -0.126778 -1.08533 -0.358349 -0.633242 0.0639424 -0.986898 0.390884 0.406322 0.2017 -0.520029 1.48143 -0.552769 -0.644384 0.515325 1.13098 0.381579 1.57406 -1.76352 -1.33498 0.15572 1.25625 2.04628 -0.00559575 0.193784 -0.466293 0.177071 -2.36093 -0.591935 -1.99201 -2.38675 -1.06858 -0.0881477 0.362874 0.739391 0.1555 0.590533 -0.116006 -1.66687 0.938352 1.04523 0.916048 0.762634 -0.982395 1.3702 0.568744 -1.70953 -1.50878 -0.211782 -0.717172 0.540611 -1.32017 -1.00809 -0.124136 -0.568073 2.31717 -0.833568 -1.12026 -0.272405 -0.174388 0.626358 0.632305 0.738798 -0.0978958 1.09913 0.0235539 1.55374 -0.344919 0.808539 -0.155293 0.0497505 -0.917201 -0.454173 0.799036 -0.104198 1.21171 0.411868 -0.277691 -2.53345 0.900783 -1.99379 2.3639 3.65507 -0.263393 0.107437 -0.413295 1.19552 0.110309 -1.32462 1.25853 -2.11864 0.626422 -0.433745 0.78454 0.337924 0.345343 
0.818197 -0.907948 -0.898378 -2.24481 0.254256 -1.19459 0.604224 1.14982 1.34264 -1.52852 -0.412148 -1.33518 -0.271674 -0.302415 -0.403899 0.25955 -1.38889 -1.40164 -0.0899063 -2.74315 0.799297 0.731345 -0.314613 0.722948 -0.319976 -0.115206 -0.0355552 -0.0940356 -0.672412 -1.42644 -0.034733 0.555703 1.01725 0.703147 1.73623 -1.43306 -1.66517 -1.15744 -0.0813191 1.01049 0.997143 0.280771 0.772481 -0.680979 -1.21761 0.954688 -0.586186 -0.209124 2.72405 0.173382 1.2012 -0.00794311 -0.165666 -0.947593 1.24281 -2.41122 0.0695575 -0.601975 0.236392 -0.0338507 -1.41855 1.94958 -2.3807 -0.952683 -0.735611 -0.29886 2.01903 -0.407332 0.853944 -1.08236 0.613274 -1.10985 1.00149 0.0620677 2.35138 -0.246691 -0.614475 0.845816 1.25734 -1.55598 -0.670218 -3.66115 -0.588685 -0.891406 0.0676006 1.57335 -0.447256 -0.617525 1.32771 -0.455598 0.653389 -1.65253 -1.81437 1.10421 -0.332774 -1.27595 -1.2951 -0.0907179 -1.81083 -0.607938 -0.22251 -1.52406 -1.71121 -0.310334 1.09239 1.24453 0.226222 0.0498092 -0.48183 -1.1222 1.15746 0.356522 -0.220841 1.30209 -1.69927 -1.90594 -0.155605 -0.273948 2.13763 0.00161807 -0.266571 0.520098 0.240936 2.35754 1.75471 -0.00572712 1.16611 0.843343 -1.07631 -0.145763 -3.21739 -0.0882435 0.0457051 -1.08659 -1.80038 0.842712 -0.132888 -0.982941 0.120101 0.260348 0.772088 0.0149464 -0.243869 0.162404 -1.32452 0.557046 0.499813 -0.958309 -0.489799 0.806338 -1.10833 0.599182 -2.25555 -1.21582 -1.26595 -2.0285 -1.50486 -1.50693 0.097786 -0.168567 -0.511623 1.54705 -0.0816118 0.320563 -2.47131 0.407033 -0.11405 1.49874 -1.30875 0.492943 -1.18998 -1.00978 -1.08701 0.00249443 1.58264 -1.15168 1.0817 0.914098 0.277589 -0.746115 -0.650484 -1.30444 -0.493611 0.516158 -0.273015 -0.742962 -0.798672 0.802173 3.15431 -0.64185 0.882285 -0.378875 -0.208981 -0.55173 0.579587 0.722319 0.0673866 1.50496 0.937605 2.64739 -1.01269 1.69337 1.1194 0.126813 0.370902 -0.695834 2.13462 -0.550765 -0.852289 0.462264 -1.31435 0.504094 1.40205 0.744968 -1.79147 -2.54479 -0.545334 0.116179 -2.00173 -0.762527 -1.77855 1.48859 0.821763 1.29801 -0.423957 0.413916 -0.322768 -0.220081 -1.1855 -1.07598 1.21487 0.0321189 0.0230715 0.686273 -0.85991 1.09325 -0.702553 -1.16396 1.13247 0.00096033 0.830633 -1.18459 -0.000869014 0.755563 0.385699 -0.262334 0.52521 0.721959 1.50863 -1.13599 0.152144 0.125774 -2.63459 -1.30664 -1.88259 -0.495739 -0.785872 -1.65669 0.081791 -0.563919 1.31819 -0.616037 2.51701 0.649775 0.509688 -1.04203 0.84196 -0.563959 -3.08047 -1.29188 2.49788 1.13834 -1.59624 0.334149 -1.78851 -0.0722971 0.101592 0.935666 0.252802 -1.50755 -1.15832 1.03813 0.968804 -0.539451 0.166456 -0.106762 0.780613 0.248006 0.857033 -1.36607 -2.70822 -0.181659 1.22976 0.764762 1.63693 1.04049 -2.1433 1.58944 -0.035035 -1.19083 
-0.067845 2.12426 0.423348 -1.15921 -1.47808 0.705811 1.25632 2.3133 -1.06253 -0.891415 -0.791445 -0.603479 0.518127 -0.193911 0.342211 2.14027 -0.0233806 0.188983 1.97822 -1.21039 -0.266657 -0.483619 -0.369072 -1.23435 2.29032 -0.546461 -0.782007 -0.963284 0.861779 -1.591 0.359192 2.50478 0.197949 -0.681519 0.865836 -0.623682 -0.49714 0.488089 1.01942 2.9567 -1.18434 -2.72578 -0.514526 -2.34726 -0.872787 1.51012 0.550116 -0.736823 -0.886842 1.07779 0.89888 1.36147 -0.35266 0.0311987 -1.64942 -0.0667494 2.63656 -0.998857 -0.210557 0.0991562 0.240307 1.6216 -0.977219 -0.645192 0.553699 0.131606 0.82114 1.79881 0.0207172 -0.793354 -0.102918 -0.564386 -0.772721 -1.36777 1.16091 -1.00645 1.66758 1.35175 -1.72505 1.12101 0.0437786 -0.108761 -0.193066 -0.919001 -2.18395 1.25507 0.654715 -1.32613 0.0544648 1.26437 0.0906379 1.55539 -0.428935 -0.067759 -1.61936 0.0974913 -0.624864 -0.713244 1.34417 -0.130648 0.857427 0.385236 2.73982 -0.856763 -0.584515 0.780708 0.0337599 0.362224 1.18281 0.610938 0.736332 1.57547 -1.36887 0.252769 1.89815 -0.337176 0.00152833 2.07712 -0.380082 1.21718 2.22416 -0.805984 -0.830071 -1.87976 1.30599 -0.944354 0.745632 -0.694711 -2.35624 -0.373452 0.173349 -0.482683 -0.579252 -0.206075 1.29005 -0.711325 0.653385 -0.135734 -1.09618 -2.28013 0.0429165 -0.687787 -0.638281 -0.30843 2.81924 -0.91394 -0.515561 -0.838911 -0.922216 -0.17078 -0.621532 -0.862328 1.44475 0.900532 -0.418217 1.77528 1.57057 -0.0414613 -0.344026 0.480273 -1.11079 -0.902405 0.465316 -0.500573 0.521424 -1.75078 -0.385413 -0.0606088 -0.193483 1.74485 1.1708 0.378142 -2.11641 2.5848 -3.53745 -0.214303 0.730068 0.791323 0.370574 0.409826 -3.42852 -1.01105 0.775065 -0.115117 0.857908 -0.90206 -0.961314 0.260728 -0.456139 -1.0878 1.46976 -1.11507 -0.365914 1.37543 -0.911635 -0.603907 -0.0975308 1.08191 -1.92678 -0.415784 0.664342 -0.631289 0.39711 1.77388 -0.71014 0.114184 -0.866812 0.846852 0.789048 3.32603 -0.391324 -2.60322 -0.782216 -0.947135 -0.00480591 -3.66733 0.749851 -1.06213 -2.97052 -1.50077 2.06259 0.974475 0.178721 -1.08561 0.811363 -0.724835 0.891938 -0.737472 -0.0497432 -0.793855 1.43983 -2.57582 3.25682 1.11425 -0.911655 -0.236637 1.70594 -0.71546 0.349188 0.662032 -2.61017 1.35244 -0.804007 -1.83515 -0.553266 -0.102509 -0.436334 -1.74349 -0.610516 1.02004 3.52333 0.502062 -0.283008 -2.70696 0.629412 -2.78228 -0.883779 1.6672 2.63749 1.8283 0.872742 0.146739 0.689126 -0.0957686 0.371356 0.348251 0.744858 0.724994 -1.84264 -0.317059 -0.744162 -1.3792 0.953548 1.46069 -0.0111281 -0.581166 1.81316 -3.88093 2.59356 1.78322 -0.0540167 0.520459 0.266353 -0.75735 2.81708 0.991954 -0.301903 -0.343821 -0.0337934 -0.273911 2.2207 0.830373 -0.994143 1.50143 2.16637 1.83605 0.902791 -1.18876 0.261932 -1.09805 
-1.62505 -0.531462 0.74523 0.844119 -0.374685 -0.0300827 -0.793008 0.4615 0.929593 0.573313 -0.887491 0.585189 0.433375 -0.754758 -1.30585 -0.0606581 -0.14983 0.435538 -1.34181 2.93612 0.271912 2.16586 1.09526 -1.00342 -0.558289 0.437119 -1.15046 1.37484 1.75071 1.53739 0.144899 1.57753 -0.737027 -0.197934 -1.23731 0.133679 -0.84786 0.271004 0.697553 -1.92304 0.381608 -0.698764 1.2412 -0.615568 0.539048 1.57615 -2.06167 -1.21367 -0.161595 0.664653 -0.603925 0.694843 3.41236 -1.4734 -0.0858908 2.28368 1.38979 -0.658541 0.661239 -1.26892 1.45755 -0.279388 2.25434 0.0750339 0.0524597 -2.05944 -0.292193 -1.45983 0.102582 1.07921 -0.191211 0.484307 2.26003 -0.661427 1.03257 1.41448 0.39402 1.8186 0.760732 -1.67316 1.52951 -0.49186 0.899654 -2.42243 -1.32628 0.691553 -0.965754 -0.680091 -0.13376 -0.338883 -0.0512212 -1.82165 1.25707 0.678688 -1.90558 0.370189 -0.45104 -1.3795 -1.19516 -0.232961 0.652162 1.94139 1.62091 -1.01297 -0.996946 -1.10302 -0.48727 1.97058 2.89386 0.018584 -0.947967 -1.88426 1.33867 -0.145285 0.870418 -1.80351 -1.2607 -1.06506 -0.480111 -1.19633 -1.49986 -0.282864 -0.0951068 -0.169385 2.10297 -1.06144 0.756233 0.587281 -0.280142 -0.464081 -1.3874 -1.78337 -0.340725 0.61839 -1.55387 -0.0284711 1.8265 -0.713933 -0.198319 1.17951 0.236191 -0.832627 -2.06867 0.264999 0.768701 -0.525207 2.17076 -0.353519 0.672833 -0.682181 -0.887438 0.5827 -0.608612 0.197431 -1.15503 1.41314 -0.50925 0.417118 -0.714312 -0.380728 -0.392457 -0.682811 -0.584698 -1.21018 0.0951302 3.36239 1.4792 1.07698 1.2327 -1.91268 -0.219351 -0.992456 -0.931759 -0.0514567 0.218135 -0.94292 -2.15314 -2.32925 0.0422929 -1.33945 -1.38356 1.83262 1.56642 0.58592 1.43812 -2.59839 1.8966 -0.481782 -0.548231 0.304411 0.742205 0.674094 1.80421 -0.0038402 -0.519677 0.23023 3.61683 1.25377 -0.334936 -0.859613 1.25638 0.9718 0.163115 0.392384 -1.55372 -1.24721 1.4919 -1.58601 -0.223532 -0.157118 -1.44392 0.717747 1.12467 -0.608496 0.726653 0.686239 