1372 1.00001
38.5348 38.5348 38.5348 
19.1345 19.1345 19.1345 
1 1 1 1 1 1 1 1 1 1 1 1 1 1 1 1 1 1 1 1 1 1 1 1 1 1 1 1 1 1 1 1 1 1 1 1 1 1 1 1 1 1 1 1 1 1 1 1 1 1 1 1 1 1 1 1 1 1 1 1 1 1 1 1 1 1 1 1 1 1 1 1 1 1 1 1 1 1 1 1 1 1 1 1 1 1 1 1 1 1 1 1 1 1 1 1 1 1 1 1 
1 1 1 1 1 1 1 1 1 1 1 1 1 1 1 1 1 1 1 1 1 1 1 1 1 1 1 1 1 1 1 1 1 1 1 1 1 1 1 1 1 1 1 1 1 1 1 1 1 1 1 1 1 1 1 1 1 1 1 1 1 1 1 1 1 1 1 1 1 1 1 1 1 1 1 1 1 1 1 1 1 1 1 1 1 1 1 1 1 1 1 1 1 1 1 1 1 1 1 1 
1 1 1 1 1 1 1 1 1 1 1 1 1 1 1 1 1 1 1 1 1 1 1 1 1 1 1 1 1 1 1 1 1 1 1 1 1 1 1 1 1 1 1 1 1 1 1 1 1 1 1 1 1 1 1 1 1 1 1 1 1 1 1 1 1 1 1 1 1 1 1 1 1 1 1 1 1 1 1 1 1 1 1 1 1 1 1 1 1 1 1 1 1 1 1 1 1 1 1 1 
1 1 1 1 1 1 1 1 1 1 1 1 1 1 1 1 1 1 1 1 1 1 1 1 1 1 1 1 1 1 1 1 1 1 1 1 1 1 1 1 1 1 1 1 1 1 1 1 1 1 1 1 1 1 1 1 1 1 1 1 1 1 1 1 1 1 1 1 1 1 1 1 1 1 1 1 1 1 1 1 1 1 1 1 1 1 1 1 1 1 1 1 1 1 1 1 1 1 1 1 
1 1 1 1 1 1 1 1 1 1 1 1 1 1 1 1 1 1 1 1 1 1 1 1 1 1 1 1 1 1 1 1 1 1 1 1 1 1 1 1 1 1 1 1 1 1 1 1 1 1 1 1 1 1 1 1 1 1 1 1 1 1 1 1 1 1 1 1 1 1 1 1 1 1 1 1 1 1 1 1 1 1 1 1 1 1 1 1 1 1 1 1 1 1 1 1 1 1 1 1 
1 1 1 1 1 1 1 1 1 1 1 1 1 1 1 1 1 1 1 1 1 1 1 1 1 1 1 1 1 1 1 1 1 1 1 1 1 1 1 1 1 1 1 1 1 1 1 1 1 1 1 1 1 1 1 1 1 1 1 1 1 1 1 1 1 1 1 1 1 1 1 1 1 1 1 1 1 1 1 1 1 1 1 1 1 1 1 1 1 1 1 1 1 1 1 1 1 1 1 1 
1 1 1 1 1 1 1 1 1 1 1 1 1 1 1 1 1 1 1 1 1 1 1 1 1 1 1 1 1 1 1 1 1 1 1 1 1 1 1 1 1 1 1 1 1 1 1 1 1 1 1 1 1 1 1 1 1 1 1 1 1 1 1 1 1 1 1 1 1 1 1 1 1 1 1 1 1 1 1 1 1 1 1 1 1 1 1 1 1 1 1 1 1 1 1 1 1 1 1 1 
1 1 1 1 1 1 1 1 1 1 1 1 1 1 1 1 1 1 1 1 1 1 1 1 1 1 1 1 1 1 1 1 1 1 1 1 1 1 1 1 1 1 1 1 1 1 1 1 1 1 1 1 1 1 1 1 1 1 1 1 1 1 1 1 1 1 1 1 1 1 1 1 1 1 1 1 1 1 1 1 1 1 1 1 1 1 1 1 1 1 1 1 1 1 1 1 1 1 1 1 
1 1 1 1 1 1 1 1 1 1 1 1 1 1 1 1 1 1 1 1 1 1 1 1 1 1 1 1 1 1 1 1 1 1 1 1 1 1 1 1 1 1 1 1 1 1 1 1 1 1 1 1 1 1 1 1 1 1 1 1 1 1 1 1 1 1 1 1 1 1 1 1 1 1 1 1 1 1 1 1 1 1 1 1 1 1 1 1 1 1 1 1 1 1 1 1 1 1 1 1 
1 1 1 1 1 1 1 1 1 1 1 1 1 1 1 1 1 1 1 1 1 1 1 1 1 1 1 1 1 1 1 1 1 1 1 1 1 1 1 1 1 1 1 1 1 1 1 1 1 1 1 1 1 1 1 1 1 1 1 1 1 1 1 1 1 1 1 1 1 1 1 1 1 1 1 1 1 1 1 1 1 1 1 1 1 1 1 1 1 1 1 1 1 1 1 1 1 1 1 1 
1 1 1 1 1 1 1 1 1 1 1 1 1 1 1 1 1 1 1 1 1 1 1 1 1 1 1 1 1 1 1 1 1 1 1 1 1 1 1 1 1 1 1 1 1 1 1 1 1 1 1 1 1 1 1 1 1 1 1 1 1 1 1 1 1 1 1 1 1 1 1 1 1 1 1 1 1 1 1 1 1 1 1 1 1 1 1 1 1 1 1 1 1 1 1 1 1 1 1 1 
1 1 1 1 1 1 1 1 1 1 1 1 1 1 1 1 1 1 1 1 1 1 1 1 1 1 1 1 1 1 1 1 1 1 1 1 1 1 1 1 1 1 1 1 1 1 1 1 1 1 1 1 1 1 1 1 1 1 1 1 1 1 1 1 1 1 1 1 1 1 1 1 1 1 1 1 1 1 1 1 1 1 1 1 1 1 1 1 1 1 1 1 1 1 1 1 1 1 1 1 
1 1 1 1 1 1 1 1 1 1 1 1 1 1 1 1 1 1 1 1 1 1 1 1 1 1 1 1 1 1 1 1 1 1 1 1 1 1 1 1 1 1 1 1 1 1 1 1 1 1 1 1 1 1 1 1 1 1 1 1 1 1 1 1 1 1 1 1 1 1 1 1 1 1 1 1 1 1 1 1 1 1 1 1 1 1 1 1 1 1 1 1 1 1 1 1 1 1 1 1 
1 1 1 1 1 1 1 1 1 1 1 1 1 1 1 1 1 1 1 1 1 1 1 1 1 1 1 1 1 1 1 1 1 1 1 1 1 1 1 1 1 1 1 1 1 1 1 1 1 1 1 1 1 1 1 1 1 1 1 1 1 1 1 1 1 1 1 1 1 1 1 1 
0 0.427125 1.55212 1.35473 0 1.32744 3.74924 4.10404 0 4.37887 1.26926 3.95581 0 3.93147 4.01878 1.0441 0 6.92165 0.956246 1.42151 0 6.72126 3.75672 3.72363 0 9.49408 0.812688 3.87138 0 9.85412 3.60488 1.24059 0 12.0493 0.696501 1.40427 0 12.2893 3.82892 4.03152 0 15.0677 1.03236 4.42336 0 15.0202 3.46007 1.31019 0 17.595 0.560678 1.01069 0 17.8569 3.19607 3.8414 0 20.4054 0.717875 3.58972 0 20.3015 3.23813 1.06889 0 22.8991 1.14643 1.07047 0 23.2121 3.9183 3.63442 0 25.675 1.45596 3.42074 0 25.9316 3.9771 0.917942 0 28.8837 1.65468 1.44126 0 27.7304 4.4307 4.15866 0 31.3992 1.70407 3.97175 0 31.7411 3.96923 0.858296 0 34.6122 1.20139 0.930579 0 33.8052 4.1951 4.21268 0 37.3026 1.24674 4.42085 0 36.7885 4.40849 2.12819 0 0.94131 6.42364 1.09862 0 1.67801 9.48443 4.36995 0 3.7649 6.30141 4.00218 0 4.4109 9.30016 1.76961 0 6.92148 6.20183 1.47283 0 6.97914 9.14774 4.13166 0 9.61378 6.02912 4.2342 0 9.62075 9.19211 1.35638 0 12.5868 6.32669 1.5291 0 12.1637 9.40576 3.63034 0 15.8211 6.69153 4.10577 0 15.251 9.8149 1.47893 0 18.0343 6.32249 1.52629 0 18.1456 9.80109 3.88298 0 20.3229 6.23339 4.20905 0 19.8739 9.2972 0.877872 0 22.9556 6.94651 0.729598 0 22.2874 9.69181 3.76026 0 25.1372 7.39739 3.48619 0 25.3135 9.53251 0.698065 0 28.3162 7.06171 0.926554 0 28.3216 9.48893 3.73813 0 31.1967 7.01713 4.24332 0 31.5961 8.69634 0.980323 0 34.6461 6.88327 0.673887 0 34.3494 8.88619 3.85615 0 37.826 7.07565 4.1386 0 37.3534 9.55499 1.64636 0 1.43949 12.6143 1.23917 0 1.7666 15.3123 4.1948 0 4.00526 12.2876 3.57178 0 4.39631 15.0218 1.16627 0 7.05602 11.652 1.33137 0 7.00713 14.8822 3.79595 0 9.58552 11.968 3.98173 0 9.38349 14.9223 1.3318 0 11.7809 12.1627 1.36231 0 12.3596 14.9469 4.40305 0 14.605 12.2612 3.78037 0 15.0538 15.371 1.73446 0 17.4001 12.6373 1.28973 0 17.5093 15.366 3.74011 0 20.1172 12.87 3.70926 0 20.1873 15.754 1.3853 0 22.8327 12.1767 0.985705 0 23.0649 15.2875 3.5678 0 25.3909 11.9153 3.29914 0 25.8489 14.4045 0.937821 0 29.4809 11.7814 1.18133 0 28.5967 14.2935 4.24333 0 31.4211 11.987 4.54909 0 31.8537 14.7068 1.67933 0 34.1249 11.8449 1.87822 0 34.0276 14.9402 4.47205 0 37.3043 12.4183 4.38957 0 36.9824 14.5072 0.747825 0 2.09866 17.7895 1.68529 0 1.56249 20.224 4.46653 0 4.54365 17.6233 4.24566 0 4.34913 20.7833 1.51761 0 7.30933 17.9213 1.27419 0 7.0804 20.6344 4.0543 0 9.78019 17.86 4.20577 0 9.73187 20.6321 1.0218 0 11.9989 17.9776 1.26404 0 11.5988 20.9361 4.12849 0 14.333 18.4288 3.89754 0 14.202 21.13 1.03199 0 17.4059 18.3257 1.32671 0 17.1985 21.2351 3.78893 0 20.3922 17.6683 4.39661 0 20.5349 20.6947 1.59166 
0 23.2307 17.641 1.08057 0 23.4775 20.1899 4.07677 0 25.7945 17.3668 4.02068 0 25.6694 20.3418 0.804966 0 28.6072 17.0741 1.66202 0 28.338 20.422 3.2325 0 31.0612 17.4777 4.17437 0 31.4875 20.1828 1.73521 0 34.1933 17.6228 1.78537 0 34.5885 20.6978 4.10269 0 36.9632 18.0997 4.37646 0 37.218 20.5528 1.25106 0 1.67264 23.2707 1.81361 0 1.60011 26.3351 3.66707 0 4.32506 23.4157 4.31186 0 4.76807 26.1215 1.35691 0 7.54347 23.9217 1.23424 0 6.74633 25.9348 4.33521 0 9.55404 23.6101 3.92633 0 9.44985 26.4943 1.23011 0 11.7444 23.5816 1.01268 0 12.2296 26.3422 3.54624 0 14.5482 23.6252 4.37509 0 14.7881 26.0717 0.895933 0 17.5399 23.6005 1.29401 0 17.5815 25.5692 4.48548 0 20.5004 23.4128 4.05861 0 20.8477 25.7606 1.36295 0 23.4022 22.9791 1.5001 0 23.7526 25.7328 3.92711 0 26.2455 23.6004 3.9538 0 26.5169 26.6647 1.20492 0 28.3649 23.103 0.996632 0 29.0142 26.6961 4.1477 0 30.7153 23.0933 3.74073 0 31.2618 25.9316 1.37474 0 33.9267 23.2565 1.23829 0 34.3804 26.1109 3.60219 0 37.2563 23.1145 3.71318 0 37.1595 25.97 1.48895 0 1.55128 28.3093 0.916656 0 0.793614 31.7065 4.10247 0 4.08483 29.0261 3.99633 0 3.87582 32.0908 1.56973 0 6.818 29.0563 0.894267 0 6.24853 32.0215 4.0791 0 8.75813 29.2581 3.8176 0 9.58919 31.3225 1.23591 0 12.1592 29.0636 1.25093 0 12.0986 31.6273 3.97717 0 15.1452 28.5347 3.6681 0 14.7343 31.3003 1.44471 0 17.9927 28.3361 1.39158 0 17.9243 31.2226 3.72306 0 20.7393 28.6933 4.25632 0 20.6614 31.1952 1.27486 0 23.3824 28.4299 1.63083 0 23.1134 31.2209 4.14941 0 25.9528 28.6566 4.43914 0 25.7949 31.283 1.28082 0 29.2902 28.889 1.66821 0 29.0967 31.146 4.44185 0 32.0135 28.7578 4.08164 0 31.6063 31.2798 1.69791 0 34.5607 28.8981 1.59521 0 35.1691 31.5269 4.14723 0 37.3117 28.5833 4.09179 0 37.3964 31.0197 0.951094 0 0.917787 33.7943 1.2682 0 1.70109 37.6851 3.80569 0 3.79876 34.4543 4.56768 0 4.22749 36.2767 1.30564 0 6.80915 34.2268 1.1472 0 6.94196 37.0353 3.88016 0 9.34773 34.199 4.00359 0 9.55044 36.7943 1.05713 0 12.1361 34.3115 1.0245 0 12.3391 36.4069 4.0662 0 15.3202 33.9458 3.97411 0 14.9863 36.6412 1.37718 0 17.4836 34.1978 1.07442 0 17.7884 36.4836 3.83042 0 20.3804 33.8998 4.12626 0 20.4373 36.511 1.21894 0 23.2088 33.7953 1.24272 0 23.1354 36.6921 3.49172 0 26.1305 34.4379 4.656 0 26.1244 36.9045 0.755766 0 28.8988 34.1316 1.69358 0 28.6049 37.1412 3.43754 0 31.5629 33.8873 4.38453 0 32.0009 36.8238 1.17911 0 34.6078 33.9353 1.784 0 34.0868 37.4409 4.27055 0 36.7039 34.8437 4.57233 0 36.8487 36.8293 1.30639 0 1.56043 1.19556 7.04454 0 1.04384 4.12227 9.95821 0 4.21494 2.10342 9.40501 0 4.1145 3.97671 6.28278 
0 6.98749 1.44399 6.65755 0 7.73494 3.7524 9.68041 0 9.52959 0.650458 9.20301 0 10.1204 3.61976 6.95198 0 12.2192 0.948963 6.75428 0 12.2263 3.66821 9.93821 0 14.9304 0.926376 9.31765 0 15.3484 4.38256 6.49123 0 18.1237 0.728828 6.60482 0 18.006 3.55039 9.1429 0 20.8698 0.957164 9.49725 0 20.6956 3.57516 6.5106 0 23.252 0.774904 6.01137 0 23.0324 4.09775 9.93167 0 25.7711 1.59359 9.3643 0 25.1533 3.93478 6.70179 0 28.0544 1.48829 6.71946 0 27.9399 4.28852 9.8476 0 31.0071 1.17818 9.37916 0 30.9901 4.50673 6.92657 0 33.5431 1.16229 6.60201 0 33.9167 4.12389 9.8879 0 36.4973 1.73733 9.69874 0 37.3725 3.91416 6.88563 0 1.4884 6.9188 6.95096 0 2.26549 9.72199 9.24775 0 4.67512 6.16626 9.71074 0 4.66996 9.07691 6.86236 0 6.8062 6.0237 6.70399 0 7.14171 9.50382 9.47946 0 9.91813 6.86774 9.77095 0 9.76921 9.47414 6.5506 0 12.0989 6.66142 6.95417 0 12.349 9.3907 9.32323 0 15.0221 6.17858 9.79483 0 14.9468 8.84098 6.59452 0 18.1901 6.42224 7.13351 0 17.8208 9.15969 9.64739 0 20.282 6.8723 9.96523 0 20.0116 9.48668 7.03292 0 22.6106 7.21719 6.64546 0 22.7525 10.0546 9.39728 0 25.4522 7.48247 8.92155 0 25.2494 9.72446 6.07249 0 28.3386 7.00256 6.82273 0 28.8324 9.22228 9.58414 0 31.2383 6.84528 9.64697 0 31.5043 9.46321 6.80763 0 34.5823 6.60613 6.89731 0 34.527 9.67939 9.42898 0 37.4364 6.75987 9.60948 0 37.4645 9.55404 6.75915 0 1.72563 12.559 6.75546 0 1.59659 14.7341 9.50487 0 4.49951 12.2247 9.63144 0 4.57594 14.7382 6.52868 0 7.42282 12.2382 6.92089 0 6.96629 14.5488 9.54898 0 9.83316 12.1903 9.43655 0 9.65336 15.1383 6.72689 0 12.5798 12.0481 6.70067 0 12.475 14.8796 8.9021 0 14.9666 12.1134 9.17447 0 15.276 15.5518 6.54675 0 17.2454 12.173 6.39177 0 17.6778 15.2009 9.00595 0 19.6628 12.3726 9.60344 0 20.1847 14.7158 6.90584 0 22.7614 12.1661 6.43162 0 22.8891 14.5193 9.51827 0 26.0884 11.9818 9.5952 0 25.5899 14.9963 6.91856 0 28.5633 11.4919 6.81366 0 28.4079 14.9257 9.28367 0 31.3036 12.2414 9.09795 0 31.0645 15.0637 6.7892 0 34.6664 12.0772 6.34196 0 34.1633 14.0769 9.01232 0 37.6358 12.1157 8.99945 0 36.9981 15.0101 7.05461 0 1.84091 17.5288 6.94041 0 0.96801 20.4386 9.52686 0 4.4211 17.4419 9.38455 0 4.01577 20.2768 6.80079 0 6.87677 18.0643 6.88826 0 6.19872 20.6426 9.79621 0 9.50448 17.21 9.4777 0 9.51862 20.1301 6.91207 0 12.05 17.8159 6.75365 0 12.0908 20.79 9.72499 0 14.8991 17.8473 9.07586 0 14.399 20.6712 6.43618 0 17.2164 18.2871 6.17194 0 17.4313 21.0729 9.56135 0 20.5797 17.5903 9.27738 0 20.5988 20.9814 6.4258 0 23.4001 17.7426 6.89746 0 23.1362 20.4197 9.5329 0 25.9816 17.7964 9.35983 0 25.6366 20.3797 6.56906 
0 28.2026 17.3005 6.52632 0 28.4761 20.7531 8.96351 0 31.1937 17.9507 9.15613 0 31.093 20.2941 6.30065 0 34.4243 17.7218 6.99509 0 34.1616 20.5059 9.03778 0 37.1496 17.8814 9.20447 0 37.1609 20.545 6.72 0 1.13368 23.4948 6.36668 0 1.19127 26.4418 9.18753 0 3.67141 23.2691 9.29427 0 3.66432 25.8681 6.6542 0 7.30764 22.8625 6.83888 0 6.47886 25.8488 9.55266 0 9.03404 23.0254 10.1402 0 9.45699 26.4905 7.01466 0 11.7732 23.5613 7.12398 0 12.1234 26.7479 9.43651 0 14.6505 23.963 9.64684 0 14.8297 26.6602 6.79416 0 17.6279 22.9982 6.68419 0 17.4288 25.9612 9.24507 0 20.2197 23.5725 9.47022 0 20.3232 26.01 6.71674 0 23.2732 23.3504 6.77566 0 23.1363 25.7674 9.50965 0 25.8779 23.1132 9.48742 0 26.2212 26.1533 7.27443 0 28.3911 23.4857 6.92279 0 28.9759 26.0117 9.64375 0 31.8013 23.1875 9.02618 0 31.3735 26.0779 6.62596 0 33.7721 23.5849 5.85488 0 34.5208 25.8388 8.75992 0 36.9214 23.2403 9.33544 0 37.0397 25.8371 6.39589 0 1.62201 28.796 6.70878 0 1.25908 31.6569 9.43907 0 4.0239 28.9798 9.48332 0 3.89543 31.4654 6.57769 0 6.46713 28.6772 6.55354 0 6.52898 31.9569 9.53963 0 8.89764 29.1342 9.3858 0 9.33243 31.5814 6.2097 0 12.0946 28.6454 6.40161 0 12.0319 31.3055 9.0759 0 14.9494 28.9826 9.06428 0 14.8893 31.692 6.66295 0 18.007 28.712 6.86132 0 17.9734 31.3224 9.72891 0 21.1333 28.7645 9.48897 0 20.6636 31.1782 6.83622 0 23.39 28.593 6.85065 0 23.6343 31.7123 9.7325 0 25.6796 28.7618 10.1133 0 25.6805 31.4463 6.95201 0 28.8953 29.1774 7.37981 0 28.2319 31.4214 9.93865 0 31.6974 28.8152 10.0874 0 31.7272 31.372 7.54008 0 34.6081 29.1381 6.40849 0 34.3303 31.7049 9.88714 0 36.8887 28.9126 8.81862 0 36.7627 32.1752 7.30312 0 1.26963 34.6741 7.16195 0 1.36422 37.6875 9.82474 0 3.5152 35.0069 9.99377 0 4.40936 37.4207 6.75391 0 6.80354 34.26 7.04066 0 6.51119 37.0832 9.61846 0 9.52939 34.5841 9.07236 0 9.60621 36.9844 6.42241 0 12.2349 34.0524 6.83816 0 12.531 36.9603 9.15661 0 15.2113 33.8781 9.20556 0 14.9855 36.8895 6.55512 0 18.0857 34.0817 6.83326 0 17.8168 36.5742 9.35554 0 20.9717 34.0428 9.35081 0 20.8717 36.9484 6.60461 0 23.2591 34.4222 6.7196 0 23.5656 36.7701 9.75321 0 26.209 34.1915 9.04979 0 25.7166 36.9733 7.0388 0 28.9643 33.9363 6.90968 0 28.7848 36.9945 9.72278 0 31.129 34.41 9.55246 0 31.2205 36.8812 6.05366 0 33.8844 34.3515 7.11127 0 33.9256 37.7365 9.45842 0 37.2335 34.4691 9.87158 0 37.2981 37.0965 7.73946 0 0.671284 1.73268 12.5491 0 1.00762 4.46769 15.3702 0 3.39094 1.54358 15.7018 0 4.04005 3.93673 12.5368 0 7.02781 1.12732 12.1592 0 6.87094 4.0033 15.026 0 10.4158 0.702555 15.1555 0 9.83426 3.66328 12.795 
0 12.9119 0.905244 12.3712 0 12.7828 3.95723 14.584 0 15.521 0.93981 14.8397 0 15.8479 3.77493 12.1201 0 17.8049 0.771045 11.738 0 17.7576 3.67937 15.1291 0 20.41 1.21171 15.277 0 20.3027 4.00001 12.5835 0 22.9967 0.794079 12.22 0 23.02 3.63872 14.9318 0 25.8594 1.17371 14.9843 0 25.6242 4.32214 12.3453 0 28.5223 1.5323 12.4923 0 28.8222 4.47238 15.3275 0 31.205 1.6418 15.308 0 30.9732 3.99618 11.9282 0 33.8077 1.82985 12.6707 0 34.3202 4.37233 15.3136 0 36.7659 1.47436 15.0565 0 36.5718 4.69899 12.6464 0 1.15342 7.08066 12.3429 0 0.859965 9.39202 15.2269 0 3.63264 7.02028 14.9486 0 4.10335 9.68229 12.3125 0 6.56046 6.56851 12.5266 0 6.2512 10.4628 14.9852 0 10.2067 6.65918 15.4592 0 8.96884 9.44967 12.4934 0 12.2767 6.54746 12.4302 0 12.5774 9.26945 15.48 0 15.1285 6.79391 15.3718 0 15.1918 9.1621 12.1812 0 17.6757 6.66689 13.0587 0 17.917 9.60543 15.3405 0 20.6195 6.65484 15.4048 0 20.0529 9.66228 12.0958 0 22.8537 6.77867 12.3265 0 22.8079 9.89657 15.1895 0 25.6177 6.54308 15.1592 0 25.5817 9.05717 12.078 0 28.6952 6.97705 12.5112 0 28.7284 9.47966 15.0715 0 31.4702 6.75883 15.3065 0 31.4667 9.90841 12.2604 0 34.1772 7.25976 12.5073 0 34.0733 9.6421 15.147 0 36.343 7.09326 15.5237 0 37.2566 9.36717 12.0102 0 1.43265 12.2221 11.9287 0 0.907997 14.7379 14.4465 0 3.24518 12.1638 15.0485 0 4.10301 14.7556 12.1164 0 6.90215 12.4113 12.1198 0 6.98382 15.0587 14.8457 0 9.24252 12.0125 15.1665 0 10.1974 15.1273 12.1973 0 12.2916 11.9757 12.255 0 12.9156 15.0205 14.8305 0 15.1168 12.2561 14.8041 0 15.1477 15.0591 11.8025 0 17.4713 12.45 12.5946 0 17.7014 15.6004 14.8094 0 20.4619 12.3991 15.1329 0 20.1943 15.5756 12.1072 0 23.1327 11.9775 12.3495 0 23.2512 14.853 14.63 0 25.8979 12.7183 14.9564 0 26.2072 15.1517 11.9571 0 28.5935 12.0342 12.1479 0 28.6512 15.4807 14.3513 0 30.9779 12.4457 15.006 0 31.7076 14.743 11.6033 0 34.2766 12.2867 12.2163 0 34.0089 15.154 14.8599 0 36.7446 12.0147 14.5013 0 36.9542 14.9382 11.8539 0 0.873393 17.5132 11.7435 0 1.01851 20.3725 14.5703 0 4.0516 17.1315 14.9228 0 3.62813 20.2904 11.8505 0 6.72836 17.4676 12.1808 0 6.25864 19.9465 14.4464 0 9.83935 17.3329 15.0923 0 9.2735 20.166 12.4822 0 12.4285 18.0657 12.1072 0 12.206 20.8696 15.3798 0 15.1179 18.298 15.2923 0 14.683 21.3962 11.8747 0 17.4371 18.3874 11.8512 0 17.764 20.624 14.9589 0 20.1562 18.0856 15.0799 0 20.0518 21.158 12.2711 0 23.0975 18.0805 12.6557 0 22.9698 20.9474 14.6522 0 26.0549 17.819 14.6325 0 26.0504 20.5588 11.8289 0 28.9042 18.142 11.6936 0 28.6119 20.5296 14.9295 0 31.3588 18.1648 14.5215 0 31.2857 20.557 11.6394 
0 34.171 17.5241 11.4343 0 34.1582 20.4999 14.4163 0 37.0859 17.6767 14.9135 0 36.5712 20.335 11.7788 0 1.07936 22.9317 12.0803 0 0.550727 25.8206 14.1283 0 3.7146 22.8191 14.6985 0 3.88811 26.0636 12.2915 0 7.00346 23.4297 12.9488 0 7.06099 26.6856 14.5835 0 9.75255 23.5516 14.7144 0 9.40975 26.4613 11.7043 0 12.1517 23.8402 12.199 0 11.856 26.6549 14.6137 0 14.9905 23.6008 14.8391 0 14.9968 26.7053 11.9461 0 17.4634 23.5494 12.1948 0 17.861 26.2189 14.7814 0 20.6698 23.6611 15.1071 0 20.5304 26.2721 12.2314 0 22.8578 23.4948 11.9811 0 23.4767 26.1274 14.8427 0 26.7541 23.4598 14.2952 0 25.8184 25.6973 11.7784 0 28.9164 22.8733 11.6174 0 28.7598 26.356 15.1909 0 31.2805 23.2033 14.6695 0 31.2187 25.7916 12.5578 0 34.0674 23.4713 11.7558 0 34.0049 25.737 14.6993 0 36.701 23.2098 14.6686 0 36.62 26.0235 11.7392 0 1.45234 28.6339 11.8271 0 0.633838 31.8068 14.9697 0 3.67204 28.996 14.5886 0 3.48056 31.4067 11.9857 0 6.49343 29.081 12.1906 0 6.67668 31.5478 14.5985 0 9.81424 29.7689 14.8909 0 9.26976 31.9589 11.8536 0 12.4448 29.4054 12.1074 0 12.7351 31.836 15.0591 0 15.001 29.1094 14.6653 0 15.0788 31.6667 11.9385 0 18.0721 28.6783 12.1483 0 17.9478 31.3538 14.7247 0 20.6966 29.0366 14.9221 0 20.81 31.535 12.3813 0 23.3042 28.792 12.4933 0 23.0044 31.6247 15.2577 0 25.9274 28.8555 15.3443 0 25.8843 31.4688 12.5484 0 28.3387 28.6236 12.5954 0 28.5905 31.3436 15.0605 0 31.3818 28.5583 15.1135 0 31.347 31.5571 12.1234 0 34.2737 28.9959 12.2387 0 33.9577 31.8816 14.9731 0 37.0484 28.817 14.9772 0 36.9856 31.7188 12.1259 0 1.42004 34.5084 12.6953 0 1.13871 37.2373 15.0527 0 4.00326 34.4139 15.4387 0 3.86656 37.7691 12.9585 0 6.0388 34.3852 12.7062 0 7.14103 36.6905 14.7239 0 9.84719 34.6357 14.4927 0 9.0763 36.7206 11.8103 0 12.1426 33.9049 11.4198 0 12.7082 36.6586 14.5114 0 15.594 33.8647 15.0815 0 15.2395 36.2705 11.7895 0 18.1548 34.0035 12.0922 0 17.9407 36.9796 14.5978 0 20.3669 34.0952 14.9926 0 20.6166 36.6635 11.992 0 23.479 34.1364 12.3009 0 23.4411 36.8257 14.9825 0 25.8279 33.7514 15.1688 0 26.1193 36.5707 12.275 0 28.9871 34.2736 12.6722 0 29.0119 37.2003 14.8923 0 31.7112 34.5409 15.1719 0 31.7401 37.4535 12.2824 0 34.1223 34.5638 11.7572 0 33.6072 37.8806 15.4205 0 36.6044 34.389 15.2525 0 36.6093 37.5314 12.2256 0 0.728043 1.38976 17.7827 0 1.41024 4.5365 20.7682 0 3.83363 1.38551 19.6312 0 3.76249 4.86696 17.7622 0 6.85894 0.790296 17.2394 0 7.00574 3.89994 19.954 0 9.9415 1.33847 20.563 0 9.85785 3.46259 17.4023 0 13.0371 1.4507 17.85 0 12.1166 4.01167 20.2785 0 15.2465 1.2844 21.2225 0 15.0667 4.46658 18.4207 
0 17.3628 1.49912 18.2928 0 17.5256 3.95944 20.9932 0 20.572 1.26484 20.8521 0 20.3594 3.61005 17.9857 0 23.3022 1.32132 17.9427 0 23.1196 3.82666 21.0931 0 25.6722 1.2834 20.847 0 25.7411 4.06607 18.0296 0 28.3807 1.43962 17.8839 0 28.2933 4.90807 21.3892 0 31.2586 1.4454 20.5279 0 31.0001 4.53699 18.2553 0 34.1145 2.02576 17.7024 0 33.5971 4.12738 20.9814 0 36.8302 1.7961 20.8878 0 36.8111 4.48473 18.327 0 1.08459 6.92291 18.1816 0 1.0668 10.2004 20.5025 0 3.9021 7.48223 20.7771 0 3.58453 9.8995 17.7568 0 6.66445 7.50776 17.3055 0 7.06492 9.81061 20.9004 0 9.27653 6.72342 20.2295 0 9.79035 9.73905 18.1938 0 12.5573 7.3089 18.3877 0 12.8881 9.62656 21.0352 0 15.5102 6.8924 20.9021 0 15.4652 10.096 17.5023 0 17.9609 6.96514 18.1903 0 17.963 9.96349 20.2553 0 20.8193 6.62542 20.4286 0 20.6354 9.16565 17.6443 0 23.3371 6.6585 17.8712 0 23.2461 9.84798 20.702 0 25.1975 6.82138 20.8801 0 25.9023 9.73164 17.4534 0 28.4708 6.78688 18.2069 0 28.9122 9.60288 20.8514 0 31.4529 6.89473 20.745 0 31.0789 9.40624 17.7777 0 33.9988 7.24956 18.1334 0 33.9851 9.86684 20.5915 0 37.4128 7.10016 21.0303 0 36.8594 9.8565 18.1756 0 0.989742 12.5426 17.4846 0 0.82539 14.8658 20.7233 0 3.71797 12.5397 20.2453 0 3.60563 14.9906 17.3433 0 7.08402 12.6435 18.1573 0 6.7418 15.0959 20.4876 0 9.7665 11.846 20.9268 0 9.8022 14.8344 17.8285 0 12.9789 12.4098 17.8345 0 12.2306 14.8764 20.7278 0 15.1011 12.7092 20.6416 0 14.8928 15.3578 17.9741 0 17.8157 13.0246 18.215 0 17.5574 15.2896 20.7597 0 20.5444 12.2756 19.9321 0 20.7125 15.3116 17.144 0 23.3237 12.3068 17.6143 0 23.6617 15.1394 20.6326 0 26.3592 12.412 20.4112 0 26.1544 15.0632 17.7656 0 28.6371 12.4981 17.5985 0 28.6557 15.3276 20.1699 0 31.374 12.2198 20.5616 0 31.1791 15.1228 17.2188 0 34.1084 12.471 17.1353 0 34.2515 14.9751 19.7196 0 36.883 12.3614 20.7289 0 36.6439 15.1762 17.3508 0 1.15488 17.9031 17.3279 0 1.26955 19.9351 20.4957 0 3.77221 17.5369 20.2392 0 3.8998 20.0514 17.3642 0 6.59964 17.7524 17.3911 0 6.25245 20.1409 20.1294 0 8.93167 17.9038 20.4382 0 9.5531 20.3459 17.5884 0 12.1251 17.5788 18.2464 0 12.3051 20.2956 20.9491 0 14.6517 17.8869 20.5606 0 15.1746 20.5721 17.9225 0 17.7377 17.5471 17.6678 0 18.1156 20.645 20.39 0 20.4473 18.0125 20.3965 0 20.5343 20.5606 17.3693 0 23.1172 17.3639 17.5052 0 23.2841 20.5084 20.0951 0 25.7604 18.1279 20.6103 0 25.5067 20.5853 17.4208 0 28.3422 18.3739 17.5995 0 28.7421 20.721 20.3658 0 31.4207 17.6425 20.3179 0 31.3249 20.8574 17.5523 0 33.7562 17.9446 17.6669 0 34.0934 20.6823 20.4705 0 36.337 17.8606 20.0146 0 36.7299 20.5102 17.2266 
0 0.81804 23.0065 17.4033 0 1.31469 25.6137 19.9033 0 4.0458 22.8112 19.5985 0 4.19714 26.0244 16.7139 0 6.76642 23.3586 16.946 0 6.51257 25.9142 20.2603 0 9.36142 22.8616 20.4018 0 10.071 26.2949 17.7985 0 12.3779 22.8887 18.0186 0 12.1805 26.0601 20.4785 0 15.1868 22.939 21.0012 0 15.2598 26.54 17.4847 0 18.0489 23.4873 17.6774 0 17.211 26.0323 20.3507 0 20.234 23.2991 20.4035 0 20.1899 26.1774 17.9548 0 23.2817 23.2974 17.828 0 23.0731 26.2179 20.1725 0 25.9286 23.1755 20.7611 0 26.0369 25.9848 17.5364 0 29.082 23.4283 17.2871 0 28.4311 25.9026 20.2177 0 31.5791 23.2958 20.2179 0 31.5351 25.6139 17.4793 0 34.3446 23.3868 17.6209 0 34.1509 25.5086 20.8936 0 36.8897 22.4735 20.681 0 36.7506 26.0393 17.4473 0 1.164 28.4357 17.1715 0 0.800483 30.3858 20.6896 0 3.69075 28.2296 20.5641 0 4.15419 30.5837 17.8165 0 7.46339 29.0738 17.4496 0 7.14511 31.7057 19.998 0 9.37292 28.5496 20.6823 0 10.3474 32.1272 17.9592 0 12.5577 28.9504 17.751 0 12.3938 31.1822 20.8237 0 14.8685 28.8358 20.38 0 15.2652 31.8178 17.7877 0 17.721 28.9964 17.9659 0 17.7139 31.3259 20.7403 0 20.1689 28.7332 20.379 0 20.3861 31.8482 18.0068 0 23.2659 29.1378 17.7839 0 23.3257 32.1507 20.688 0 26.0218 28.9087 20.2869 0 25.734 31.5158 17.955 0 29.0608 29.0462 17.9122 0 28.5846 31.7795 20.3513 0 31.6456 28.21 20.3911 0 30.9846 31.9285 17.727 0 34.0888 28.3363 17.2142 0 34.1712 30.6981 20.7031 0 36.8303 28.2506 19.9043 0 36.7129 31.4934 17.5874 0 1.15963 33.8166 17.8724 0 0.808146 37.4097 19.8833 0 4.024 33.351 20.7729 0 3.88366 36.5968 18.13 0 6.80923 34.0517 17.5807 0 6.83629 35.6981 20.5739 0 10.1646 34.0353 20.7313 0 10.0426 36.7765 17.9538 0 12.8884 34.7846 17.6655 0 12.5631 37.1372 20.511 0 15.1051 34.0802 20.5072 0 15.6774 37.1303 17.546 0 17.8026 34.3853 17.7661 0 17.5439 36.8819 20.5094 0 19.959 34.4344 20.5965 0 20.5049 36.8513 17.6158 0 23.2419 34.1883 17.6211 0 22.8555 37.0117 20.4741 0 26.1177 34.3002 20.7414 0 25.8626 37.1478 17.9707 0 28.3477 34.549 18.0119 0 28.7785 37.7877 20.5715 0 31.1478 34.5977 20.6452 0 31.1554 37.0752 17.7388 0 34.0585 34.4672 17.9918 0 34.9276 37.4309 20.1765 0 36.9942 33.541 20.1565 0 36.8545 37.0469 17.2931 0 1.32163 1.42637 23.6796 0 1.66947 3.95424 26.5575 0 4.18492 1.09176 25.7426 0 4.21675 4.27421 23.2274 0 6.47818 1.08778 22.5565 0 6.88779 4.14899 25.8119 0 9.11671 1.3856 25.3468 0 9.24328 3.85379 22.9585 0 12.2164 1.57457 23.1528 0 11.8595 4.39606 26.0277 0 14.8475 1.0182 26.0765 0 14.797 4.07985 23.5008 0 17.654 0.791887 23.6794 0 17.6155 3.897 26.4117 0 20.3353 0.860755 26.5542 0 20.2651 3.58692 24.2133 
0 23.0008 0.767761 23.5513 0 23.4272 3.88852 26.6392 0 25.6882 1.0367 26.4033 0 25.4667 3.98606 23.6375 0 28.6485 1.87616 23.946 0 28.8077 4.28644 26.5396 0 31.5062 1.39853 26.2424 0 31.3904 4.22662 24.0093 0 34.5334 2.0766 24.0343 0 34.2421 4.40347 26.4941 0 37.0945 2.17526 26.5153 0 36.993 4.49706 23.5116 0 1.45434 7.33335 23.2878 0 1.47277 9.61576 25.8267 0 4.07749 6.62789 25.9428 0 4.6293 9.42158 23.7441 0 7.2007 7.02495 23.6088 0 6.91362 9.76953 26.4573 0 9.71884 7.28483 26.3074 0 9.63608 9.56428 23.4679 0 11.6103 6.32229 22.9135 0 12.5472 9.76893 26.4465 0 14.4479 6.99833 25.6348 0 15.6755 9.74908 23.3241 0 18.0566 6.64331 23.6653 0 17.8397 9.86697 26.2544 0 20.1657 6.17574 26.8498 0 20.142 10.4094 23.1028 0 22.5146 6.52427 23.8104 0 22.8977 8.95323 26.3528 0 26.1408 6.74202 25.904 0 25.8788 9.66059 23.2266 0 29.1333 7.20694 23.7865 0 29.0869 9.59059 26.1659 0 31.5615 6.90078 26.7012 0 31.5547 10.6109 23.4145 0 34.1416 7.22613 23.0518 0 34.1751 9.29527 26.2207 0 37.0471 6.74022 25.8578 0 36.943 9.84059 23.5035 0 1.34498 12.1363 23.4186 0 1.1269 15.7296 26.4027 0 4.12783 12.2421 26.1473 0 3.55513 14.791 23.2635 0 6.78037 12.7318 23.1388 0 6.7316 14.6469 26.5579 0 9.67299 11.8534 26.3856 0 9.65037 14.5837 23.6996 0 12.6978 12.1717 23.6861 0 12.1151 14.7011 26.1368 0 15.208 12.3834 26.5737 0 14.7646 15.008 23.4053 0 17.4504 12.6379 23.773 0 17.9695 15.1016 26.2496 0 20.7637 12.6236 25.8518 0 20.6151 15.3267 22.9803 0 23.2116 12.3826 23.2892 0 23.6833 14.7442 26.0273 0 25.5542 11.7678 25.9493 0 25.7387 15.2058 23.2689 0 28.4691 12.534 23.2612 0 28.9139 14.8413 26.1824 0 31.9631 12.5479 26.3566 0 31.772 15.2155 23.2506 0 34.4117 12.6739 23.3498 0 33.9412 15.5829 26.1421 0 36.9379 12.6466 26.3299 0 36.8406 14.9819 23.6085 0 0.712438 17.5154 23.0321 0 1.8428 20.2634 26.4369 0 3.96821 17.3899 26.1144 0 3.8158 20.208 23.3232 0 6.60106 17.1086 23.459 0 6.68751 20.3341 25.6302 0 9.18018 17.3648 26.3023 0 9.30025 20.1659 23.0435 0 12.0781 17.6317 23.3529 0 12.0906 20.3862 25.7674 0 14.7242 17.3129 25.9998 0 15.0215 20.3675 23.8193 0 18.0134 17.9344 23.6274 0 18.2463 20.8093 26.0059 0 20.567 17.8628 25.7949 0 20.8188 20.6517 23.0315 0 23.0188 18.0008 23.2536 0 23.5338 20.5344 25.9215 0 26.0476 17.7695 26.1212 0 26.0046 20.7549 23.3442 0 28.5981 17.5402 22.8925 0 28.5126 20.4751 25.9827 0 31.2196 18.3971 26.247 0 31.068 20.0412 23.1725 0 34.3004 18.3961 23.0492 0 33.8894 20.5432 25.7911 0 37.0764 18.0395 26.34 0 37.1765 20.8554 23.6318 0 1.59997 23.3013 22.9679 0 0.716915 25.6675 25.9129 0 4.25177 23.3769 26.2097 0 4.09811 26.0576 23.7775 
0 5.8752 22.9895 22.9833 0 6.77153 25.8299 26.2021 0 8.91343 23.1906 25.5801 0 9.15426 25.5815 23.0303 0 12.116 23.2597 23.466 0 12.0506 26.2954 25.7178 0 15.4902 23.2695 26.0141 0 15.0252 26.1339 23.3257 0 17.9301 23.446 23.6256 0 18.1947 25.9471 26.4014 0 20.9262 23.3782 25.8223 0 21.0002 26.0044 23.4726 0 23.2918 23.5904 23.2089 0 23.7117 26.2395 25.8631 0 26.7127 23.9754 25.3307 0 25.7329 26.2815 22.7281 0 29.0245 23.0417 22.8564 0 28.8989 26.5019 25.6604 0 31.196 23.4182 25.835 0 31.2973 26.0489 23.0678 0 34.0384 23.2759 23.5652 0 33.9477 26.0021 25.8278 0 36.5301 23.4024 26.2247 0 37.3874 25.3588 22.8682 0 0.70007 28.1802 23.3525 0 1.21247 31.2424 26.8355 0 3.02336 28.2385 26.2607 0 3.73482 31.3516 23.5285 0 6.84474 28.4564 23.2077 0 6.85291 30.8987 25.9811 0 9.45213 28.636 26.1345 0 9.30504 31.5193 23.0341 0 12.0382 28.5387 23.2036 0 12.3677 31.5399 25.9276 0 15.08 28.5989 26.3426 0 15.1686 31.9478 23.5728 0 17.3802 28.9034 23.3601 0 17.7675 31.7009 25.5647 0 20.7234 28.9288 26.0108 0 20.7318 31.4517 23.0179 0 22.8082 28.8622 22.717 0 23.486 31.5552 25.7408 0 25.9367 28.9659 25.299 0 25.633 31.6787 23.116 0 28.8998 28.79 22.6738 0 28.9318 31.4375 25.3692 0 31.9917 28.8108 25.285 0 31.3669 31.7581 22.6231 0 34.6329 28.3891 23.1705 0 34.0669 32.1279 25.7623 0 36.8986 28.4715 26.1309 0 37.3709 31.2319 23.9582 0 0.791285 34.5157 22.9184 0 0.7013 37.203 25.964 0 3.72055 33.9273 25.8668 0 3.80134 36.9162 23.095 0 6.86369 34.0306 23.7985 0 6.8267 36.8075 25.9392 0 9.78264 33.8406 26.0367 0 9.03271 37.0318 23.2065 0 12.5169 34.3108 23.2891 0 11.7826 36.9675 25.5559 0 15.0992 34.5673 26.1364 0 14.6944 37.0956 23.2299 0 17.863 34.5334 23.1836 0 17.6922 36.8227 26.4163 0 20.5924 34.0901 25.9873 0 20.5171 37.2065 23.6336 0 23.2397 35.0441 23.6069 0 23.1985 37.0351 26.3984 0 26.2255 34.5323 25.9374 0 26.1191 37.3645 23.6792 0 28.6573 34.3905 23.2451 0 28.7346 37.2089 26.3978 0 31.7152 34.5644 25.6601 0 31.9413 37.1935 22.6863 0 34.3111 33.7518 22.6862 0 34.1815 37.1471 25.7837 0 37.0115 34.3612 26.0687 0 36.8886 37.6958 23.2059 0 1.29794 1.0631 28.7786 0 1.72752 3.66569 31.3154 0 4.37056 1.16103 31.4706 0 4.61867 3.47758 28.8078 0 7.19773 1.08371 28.1229 0 6.68871 3.69354 31.6765 0 9.10121 0.569958 31.392 0 9.20136 3.67606 28.6553 0 11.7865 1.43177 28.0847 0 12.7179 3.70746 31.23 0 15.0157 1.24284 31.5349 0 14.9613 3.6486 28.6235 0 17.7541 1.04561 28.7158 0 17.4147 3.85027 31.7766 0 20.5484 1.088 31.6937 0 20.6674 3.76091 29.0122 0 23.1715 0.813196 28.9421 0 23.7668 3.77233 31.3007 0 26.153 1.24645 31.8279 0 26.1292 3.8452 28.8729 
0 28.888 1.39981 28.8165 0 28.9933 4.07143 32.0533 0 31.5363 1.02977 31.9892 0 31.6425 4.10924 29.0822 0 34.2852 1.18522 28.5021 0 34.3989 3.89971 32.0422 0 37.3619 1.39981 31.3513 0 37.1271 4.39035 29.3345 0 1.78736 6.60496 28.4675 0 1.20132 9.92501 31.3839 0 4.13757 6.41361 31.3127 0 3.75602 9.67733 28.9912 0 6.55919 6.7524 28.7315 0 6.39331 9.03313 31.5839 0 9.31917 6.50238 31.6838 0 9.22171 9.25236 29.3673 0 11.6936 6.5828 29.0849 0 12.2565 9.6057 31.9051 0 14.8848 6.89626 31.7877 0 15.1895 9.50465 29.0799 0 17.2521 6.27203 28.828 0 17.6225 9.56971 31.7303 0 20.2097 6.90654 31.4262 0 20.1494 9.25079 28.9703 0 23.2517 6.66429 29.1694 0 23.3908 9.64636 31.8335 0 26.2166 6.66533 31.7295 0 26.5434 9.25653 29.2992 0 29.0784 7.02606 29.0059 0 28.9774 9.8188 31.776 0 32.058 7.0019 31.4371 0 31.8407 10.0212 29.0178 0 34.5778 6.96144 28.902 0 34.5672 9.52211 31.5029 0 37.6658 6.98436 31.4473 0 37.2736 9.90747 28.6628 0 0.92831 13.0772 28.7194 0 1.7323 14.9343 31.8309 0 3.85599 12.3043 31.9043 0 4.13653 14.7043 28.8461 0 6.70422 12.2063 29.5657 0 7.0314 15.0634 31.5471 0 9.48324 11.7839 32.034 0 9.51315 14.806 28.6396 0 12.411 12.2683 29.3378 0 12.128 14.9155 31.7087 0 14.9362 12.2293 31.3966 0 14.5252 15.2974 28.7692 0 18.4551 12.342 28.7851 0 17.2692 15.6634 31.1795 0 20.76 12.2307 31.3448 0 20.6592 15.2065 28.6209 0 23.642 12.7787 28.9623 0 22.9201 15.4926 31.646 0 26.3399 12.6323 31.1725 0 26.2049 15.2286 28.5987 0 29.1568 12.2548 29.0154 0 28.453 15.7135 31.1936 0 31.9757 12.0878 32.0087 0 31.8053 15.0418 29.3571 0 34.4541 12.8719 28.903 0 34.3607 15.3748 31.6586 0 36.9736 12.5963 31.5879 0 36.922 15.5811 29.0077 0 0.980149 17.8108 29.281 0 0.875667 20.4699 31.7051 0 4.61167 17.278 31.3792 0 3.97452 20.8279 29.3367 0 6.55126 18.167 28.5465 0 6.83567 20.5232 31.3863 0 9.66379 17.5729 31.4959 0 9.3769 20.2946 28.6398 0 12.1537 17.9915 28.569 0 12.2572 20.7391 31.26 0 14.8686 18.1676 31.3786 0 14.6943 20.6351 28.462 0 18.0497 17.7944 28.3217 0 17.7812 20.9861 31.3012 0 20.099 17.6843 31.2415 0 21.0247 21.137 28.7456 0 23.5606 18.1169 28.6064 0 23.8912 20.6348 31.5112 0 25.7608 17.9038 31.5151 0 26.1217 20.7686 29.0319 0 28.8124 18.1844 28.7452 0 28.5814 20.0784 31.7793 0 31.6025 17.9301 31.7719 0 31.313 20.8689 28.8958 0 33.6314 18.234 28.7077 0 33.9329 20.578 31.4998 0 36.8455 18.3423 31.7137 0 36.6264 20.7691 28.6635 0 0.951888 23.1578 28.6669 0 1.35156 25.1947 31.5665 0 4.00335 23.1422 32.5245 0 4.14476 24.9934 29.219 0 6.87277 22.7442 28.5635 0 6.57086 25.801 31.5457 0 9.02663 23.2897 31.3534 0 9.36116 25.5059 28.5586 
0 12.2196 23.1554 27.9022 0 12.1024 25.8789 30.9262 0 14.7923 23.23 31.2527 0 15.0966 25.7852 28.6633 0 18.735 23.7263 28.9187 0 18.0934 26.305 31.3706 0 21.333 23.1995 31.7085 0 21.2787 26.2802 28.5305 0 24.1469 23.623 28.4749 0 23.7616 25.9266 31.4449 0 26.5933 23.4818 31.388 0 25.9886 26.4733 28.2466 0 28.7133 23.8019 28.273 0 29.0734 26.0257 31.3829 0 30.8541 23.0298 32.0975 0 31.4072 26.4621 28.8171 0 34.0798 23.9514 29.0143 0 34.3731 25.5477 31.8161 0 36.6461 23.1018 31.5858 0 36.7555 25.7767 29.0424 0 1.05879 27.8219 29.2288 0 1.59637 31.0975 30.7819 0 4.08086 28.5244 31.4207 0 4.36826 31.5132 28.3995 0 6.44492 28.1446 28.5137 0 6.66176 31.1335 31.665 0 9.27085 28.4896 31.3534 0 9.7783 31.2509 28.6878 0 12.3253 28.5584 28.7389 0 12.3058 31.6691 31.5846 0 15.2297 28.8631 31.1707 0 14.826 31.535 28.409 0 18.1909 28.9133 28.8375 0 17.9176 31.6171 31.6356 0 21.4167 28.5817 31.6227 0 21.1443 31.3367 28.6386 0 23.4378 28.8671 28.3365 0 23.8326 31.1404 31.4753 0 26.5935 28.4093 30.9421 0 26.2737 31.4444 28.092 0 29.4328 29.2248 28.0384 0 29.1349 31.3405 30.8435 0 31.6163 28.8758 31.3632 0 31.7595 31.9651 28.5741 0 34.035 28.9827 28.5196 0 34.2901 31.1881 31.2438 0 36.7702 28.5569 31.2404 0 36.9675 31.3434 28.8197 0 1.36479 34.0157 28.6597 0 1.41489 36.8575 31.1327 0 4.30064 33.6916 31.0631 0 4.23074 36.9559 28.589 0 7.07862 33.6917 28.7825 0 6.92946 36.3504 31.1999 0 9.3117 33.9468 31.7733 0 9.44039 36.7333 28.6937 0 12.0768 34.2658 29.0243 0 12.1141 37.1721 31.1479 0 15.4784 33.7303 31.5415 0 15.1834 36.9031 28.9583 0 18.0332 33.4671 28.6162 0 17.9056 36.3702 31.5542 0 20.6589 33.7883 31.4514 0 20.4323 36.5665 28.9644 0 23.8168 34.1669 28.4792 0 23.3343 36.6256 31.7033 0 26.5842 33.9425 31.2625 0 25.9948 37.2326 29.2269 0 28.9205 34.257 28.6231 0 28.7348 36.6817 31.6741 0 31.5611 34.215 31.3558 0 31.3774 36.7414 29.1598 0 34.6044 34.4135 28.3825 0 34.4645 37.2208 31.7653 0 36.7273 33.7378 31.365 0 37.1143 36.9264 28.9519 0 0.98525 0.886207 34.4428 0 1.28777 3.89134 36.6906 0 3.7342 0.877544 36.9821 0 4.12773 3.67888 34.7394 0 6.93909 1.11091 34.6312 0 6.77585 3.67518 37.0646 0 9.47127 1.06528 36.952 0 10.2804 3.66335 34.0239 0 12.7515 0.905026 34.1858 0 12.0971 3.24365 37.1138 0 14.9274 0.415975 37.1814 0 15.2961 3.79779 34.9588 0 17.6592 0.809087 34.5473 0 18.1481 4.13137 36.6713 0 20.7562 0.667865 36.8378 0 20.4596 3.27821 34.1435 0 23.8892 0.824088 34.2438 0 23.2354 3.70674 37.0611 0 25.82 0.87577 37.137 0 26.3267 3.71396 34.209 0 28.5842 1.18245 34.7879 0 28.3324 4.19484 37.1103 0 32.0421 0.881368 37.053 0 31.3628 3.74417 34.2976 
0 34.2792 1.07294 34.4014 0 34.9561 3.97008 36.9738 0 37.197 0.897735 37.0183 0 37.4833 3.67912 33.952 0 1.36836 6.79663 34.0094 0 1.63676 9.20654 37.1645 0 3.84181 6.56363 36.9867 0 3.9666 9.30018 34.1633 0 6.98521 6.45416 34.2438 0 6.71045 9.24467 37.1778 0 9.621 5.94105 37.0591 0 9.50345 9.22353 35.0759 0 12.219 6.7 33.8948 0 12.5673 9.49099 37.4329 0 15.2437 6.4857 37.6447 0 14.9344 9.83016 34.6127 0 17.2408 6.87037 34.4681 0 17.2568 9.31323 37.0711 0 20.6078 6.58335 36.6175 0 20.0182 10.2155 34.2431 0 23.2409 6.59414 33.5623 0 22.3753 9.92148 36.6601 0 25.6043 6.7894 36.3424 0 26.5775 9.89492 34.0374 0 29.05 6.80184 34.261 0 28.8278 9.67916 36.7813 0 32.3217 6.40381 36.8238 0 31.8504 9.10206 34.3824 0 34.9781 6.60195 34.4256 0 34.4336 9.54367 37.0593 0 37.4844 6.66803 36.7881 0 37.3991 9.54998 34.486 0 1.37691 12.3378 34.4102 0 1.48522 15.3446 37.2354 0 4.24299 11.7053 36.8079 0 4.12999 15.3593 34.693 0 6.80527 12.3056 34.2882 0 6.84886 14.1618 37.102 0 9.60826 12.1033 37.1145 0 9.36146 14.6648 34.1817 0 12.3244 12.2945 34.3763 0 12.3524 15.7483 36.9737 0 14.9852 12.6339 37.2602 0 15.1028 15.128 34.2085 0 17.6444 12.5462 33.6594 0 17.4292 15.3382 37.2706 0 19.9471 12.9833 36.9759 0 20.0223 15.4822 34.5403 0 22.8829 12.7471 34.0446 0 23.2159 15.2161 36.7037 0 25.6856 12.2453 36.4963 0 25.6714 15.0708 33.9809 0 28.6771 12.5549 34.4607 0 29.0162 14.8229 37.6532 0 31.655 12.509 36.8617 0 31.426 14.9548 34.045 0 34.9174 12.6994 34.3763 0 34.1838 15.0172 36.6555 0 37.1345 11.7697 37.1996 0 37.5135 15.4958 34.2832 0 1.32334 18.284 34.3746 0 1.14978 20.7073 37.3001 0 4.50154 17.882 37.679 0 4.0795 20.3524 34.7784 0 6.95352 17.7348 34.8191 0 7.02096 20.5701 36.9073 0 9.83563 17.9303 36.8978 0 9.61569 20.4764 33.7349 0 12.3653 18.0098 34.351 0 11.8704 20.8946 36.3727 0 14.6201 18.3174 37.1749 0 14.9832 20.4708 34.2413 0 17.5105 17.8624 34.7352 0 17.7999 20.7173 37.1206 0 20.6509 18.0373 37.1549 0 19.8173 20.5895 34.28 0 22.9305 18.3768 34.2908 0 22.8302 20.7488 37.1061 0 25.9732 17.4553 37.3109 0 25.8324 20.6064 34.4768 0 28.63 17.6426 34.5042 0 28.9586 19.9811 37.5856 0 31.6466 17.323 37.0418 0 31.4529 20.5266 34.759 0 34.3846 18.1403 34.4801 0 33.9779 20.3884 37.2556 0 37.0097 18.0163 37.3735 0 36.7832 20.8542 34.5118 0 1.20003 22.9063 34.3813 0 1.67861 25.6354 37.2463 0 4.26502 23.1954 37.367 0 4.15092 26.2689 34.4413 0 7.11052 23.4765 34.6368 0 7.23658 26.3342 36.971 0 9.67595 23.5757 36.9387 0 9.70607 25.981 33.8366 0 12.1084 23.4845 33.7798 0 12.8038 26.3105 36.4807 0 14.1931 23.372 37.0855 0 15.1651 25.545 33.7901 
0 18.151 23.5252 34.0078 0 17.5322 26.0148 36.9164 0 20.0462 23.4311 36.9653 0 21.0724 26.1125 34.228 0 23.9764 23.5376 34.4737 0 23.5092 26.2652 36.95 0 25.5637 23.311 37.3493 0 26.7286 26.3502 34.3958 0 28.362 23.03 34.5932 0 29.158 26.1017 37.2331 0 31.3025 22.9982 37.3367 0 31.4456 25.5296 34.7453 0 34.0314 23.1546 34.946 0 34.4048 26.1954 37.6903 0 37.203 23.6867 37.0827 0 37.3794 25.821 33.8842 0 1.38151 28.3662 33.9977 0 1.19871 30.9337 36.5254 0 4.20245 28.6392 36.8894 0 4.14847 31.1966 34.1872 0 7.13949 28.769 34.3225 0 7.02673 31.5375 37.14 0 9.76752 28.5256 36.5306 0 9.48301 31.344 34.3275 0 12.3829 28.2348 33.4669 0 12.3129 31.4404 37.0945 0 14.9105 29.0884 37.2141 0 14.8006 31.5919 34.0922 0 17.3566 28.6792 34.208 0 17.8658 31.163 37.1156 0 20.4294 28.5256 36.9815 0 20.5434 31.2655 34.7171 0 24.004 28.609 34.196 0 23.5802 31.4641 36.8505 0 26.416 29.0311 37.302 0 26.9968 31.2875 33.4559 0 29.4065 28.6401 33.9089 0 29.3524 31.1058 36.8753 0 32.0155 28.5851 37.5965 0 31.5444 31.725 33.9573 0 34.1899 28.4453 34.5835 0 33.9338 31.2406 37.1107 0 37.432 27.7074 36.6429 0 36.8851 30.7189 33.9861 0 1.35438 33.8894 33.2647 0 1.25379 36.5694 37.364 0 3.84491 33.8015 36.9408 0 3.78406 36.0813 33.8004 0 6.76987 33.9351 34.562 0 6.51401 36.7204 36.826 0 9.50485 33.9749 36.8947 0 9.29956 36.6762 34.1032 0 12.2004 34.4239 33.8562 0 12.0074 36.5746 36.8656 0 15.2819 34.0001 36.9494 0 15.3863 36.793 33.9948 0 17.7721 33.7307 34.4853 0 17.9963 36.4729 37.0519 0 20.4355 33.7545 37.0504 0 20.5281 36.2564 34.6293 0 23.7464 34.0042 34.3074 0 23.5647 36.7952 37.0045 0 26.233 33.6505 37.2495 0 26.0272 36.6848 33.9527 0 29.1001 34.0712 34.596 0 29.0828 36.9294 37.1173 0 31.703 33.9097 36.8949 0 31.7286 37.0122 34.6636 0 34.4198 33.8385 34.4759 0 34.518 36.2333 37.4026 0 37.3779 33.9325 36.7891 0 37.5343 36.6747 34.3537 
0.791454 0.732211 -2.35099 -0.382246 -2.63974 3.59131 -2.51309 -0.322107 0.366772 -0.318143 0.0696143 0.00558602 0.528176 1.47783 1.20108 1.06659 -0.367064 -1.81595 -0.658021 2.15907 2.45299 -0.443016 2.75184 0.876059 1.30692 -0.816432 0.26767 -0.566625 -0.277281 -0.925697 -0.638457 1.0963 -0.303256 1.4108 0.269774 -1.3529 -2.59053 -1.04163 -2.20826 -0.317266 -0.551066 1.28793 0.807568 1.34136 -1.96904 0.427783 -0.641916 0.508192 1.33493 0.703318 0.789089 -0.627351 0.456257 0.427544 -1.72572 2.94659 -0.361045 2.6392 -1.35739 -0.8099 -0.314773 0.0421032 -1.69506 -0.434338 0.593419 -1.73717 2.07154 0.695629 0.705686 1.26296 -0.468176 1.08965 -0.810388 -0.847699 0.0168387 0.426531 -0.67647 -1.34251 1.8682 -0.841805 -0.445881 2.54197 -1.54616 -0.122372 -0.900075 -0.132195 0.133748 -3.00912 2.91518 1.40057 -0.623687 -0.0904564 0.625229 0.638929 2.0969 -0.818815 -0.532569 0.571616 -1.37175 0.300041 1.38919 1.20541 -0.356189 0.0764071 2.75512 -1.21204 0.808035 -0.0629452 -0.916122 1.28906 -0.339682 2.85916 -0.886207 -0.35663 0.0281698 -0.78765 -1.13015 1.67088 1.01611 0.24873 0.434567 1.48664 0.346365 -1.04558 1.0359 -0.0900436 0.119668 -2.18743 1.30106 1.33877 -0.310368 -0.673463 -1.63702 -0.432419 -2.21631 1.01531 -0.0967356 -0.917712 2.62702 -0.965476 -0.0631803 -0.416676 1.09371 -0.5142 -0.566027 0.677378 -2.04889 -0.500107 -0.733369 1.80035 -0.193387 1.68657 2.91479 0.48065 -0.428457 -1.7087 -2.39454 -0.972562 -0.157583 -0.33458 2.45384 -0.488757 0.159349 1.1484 1.86112 0.25957 0.173157 -0.709347 -0.218721 -3.57644 -0.228671 -1.61507 -1.93635 -0.383105 -0.405065 -0.0799976 1.3458 0.536055 -1.85336 2.33211 -1.89677 0.610185 0.00809708 -0.107225 -1.13491 1.7833 0.632472 2.23302 0.488531 0.543777 -0.234638 -0.778409 -0.104872 -1.23079 0.130549 -0.83546 2.3415 1.05154 0.921613 -0.0241071 -0.604657 1.94347 -1.16931 -0.74194 -0.303945 0.540668 2.21717 -1.09829 0.981436 0.474883 -0.115927 -0.0986395 -1.58408 -1.98268 0.636999 -1.96058 0.0433627 -0.440725 -1.87696 -1.13266 -0.501291 -1.84652 -0.16259 1.50488 -1.13171 2.33583 1.27839 1.73814 -1.99109 -1.19884 -0.356784 0.0979987 1.32756 1.51519 1.89726 -1.26566 0.445827 -0.530776 0.19127 -1.22531 0.562465 0.922517 3.63786 -3.08416 -1.03828 -0.86292 0.633232 1.42905 -0.640305 0.768272 0.804868 -0.0822154 -1.00173 -1.02494 0.740241 0.347102 -0.993817 1.06725 1.73511 0.193254 -1.64912 1.11748 -1.2351 -0.0142067 0.0253886 -0.879655 -0.31183 1.83874 1.53192 -0.212006 -1.97785 0.884149 0.819285 1.1125 0.907332 -1.85986 0.772372 1.28001 -0.671005 -2.69466 1.78082 -0.404456 -3.44687 0.0462585 2.414 -0.0532001 -1.12444 -0.322407 -0.291986 -1.35349 2.68411 0.478156 -1.36991 -1.4488 -0.642848 -0.249145 0.754894 -0.198914 -0.960704 3.4049 
1.65427 -1.05206 4.48632 -2.28473 1.0333 -0.805676 0.31812 1.90098 1.49812 -1.13046 -0.404351 -0.480014 1.87582 0.696078 1.26413 1.63242 -0.101013 0.752389 2.26042 0.585581 -0.360878 1.36838 -0.990015 -2.47759 1.95611 1.40812 0.350359 -0.401653 -0.762601 0.537875 0.00445975 -1.89005 2.6028 0.695238 0.369294 0.0163687 -2.08967 0.231847 1.88509 -0.119009 1.3215 0.613358 -1.50505 -0.676245 0.360955 0.118495 -1.28503 0.031047 1.09191 -0.576664 -0.250348 0.877051 0.337336 1.38136 -1.08444 0.0418906 3.11209 0.312751 -0.536793 -1.37295 0.370029 0.845855 0.412887 1.81905 1.1616 -1.92455 1.25637 2.7059 -2.44195 2.81762 -0.729899 0.247836 -0.473555 1.11826 -2.8075 2.24784 -0.156606 0.414502 0.378452 1.12745 0.312729 -1.85963 1.76259 -1.20871 -2.2784 -1.41258 0.228376 0.818728 -0.988301 0.138428 -0.644455 0.138415 1.40246 1.76042 -1.08671 -1.19549 -0.953821 -1.5216 -2.86266 2.10976 -1.08515 1.55929 -0.174263 1.40789 -3.48537 -0.318703 1.63581 -3.5697 2.49052 -2.01482 1.46391 -0.594697 -1.07302 -0.698949 -0.781249 0.0670793 -0.374103 -0.318 -1.22327 -0.815509 1.93059 -2.42898 -1.34951 0.340523 -0.980379 -0.440679 1.00086 0.81654 0.597826 -0.343514 -1.67428 1.11278 -0.530796 0.668276 -1.55361 -1.008 -0.492824 1.29129 1.80037 -0.394265 -0.420959 -1.33281 -0.387796 0.186116 0.850648 2.12539 1.64118 1.06126 0.329951 -1.58285 3.27467 -0.664497 -0.40272 0.690161 1.0527 0.508622 1.46405 -0.243295 -0.643029 0.289915 -0.143485 1.86538 1.90904 0.318671 2.69362 1.46239 0.674049 -1.5326 -1.29405 0.250277 -1.40257 2.14873 -2.32935 -2.58459 2.2611 -1.07368 1.06721 0.62499 2.25612 0.611852 -1.7452 0.806498 -2.17008 -0.117801 -0.841657 -1.45475 1.2734 0.724005 2.83636 -3.03958 0.268666 -1.35557 1.3069 0.30822 0.847843 -0.715265 0.103752 -1.57416 0.110883 -0.823075 -0.400221 -0.00941347 -1.13422 -2.03687 -1.33081 2.46534 0.027755 -0.656827 -0.29344 -2.41741 1.22289 1.18668 -0.853534 0.564848 1.23528 0.643345 -1.64596 -1.19818 -1.31944 -0.803981 -1.14552 0.464305 -1.8772 -0.12008 -0.821391 0.748168 -0.0366965 2.31793 1.37563 -0.0417425 -1.872 -1.86101 -0.0757638 -0.27773 -0.432077 -1.22618 0.931022 -3.84511 -1.71937 -1.03411 0.679172 0.632824 -0.858633 -1.46891 -0.856876 -0.486881 -2.81677 -1.68748 -2.88278 0.184044 -1.23755 -2.19903 -1.07584 -0.0387203 -0.138853 -0.0836325 -1.21645 -1.56317 -2.21849 -0.00232813 -0.378317 -0.15655 3.90636 -2.00448 -0.0568293 -0.360617 2.28189 -1.6296 1.10085 1.76085 -0.83581 -1.95459 0.0643496 0.550136 2.73414 -1.262 -0.849774 -1.54886 -1.17911 -1.69425 0.636552 -0.707835 -0.867756 1.31504 2.45878 0.297645 1.97494 0.856496 -2.08408 2.05448 1.10622 0.815393 1.80789 2.69559 -2.10127 -1.5932 1.27735 -0.44174 1.07567 -1.14217 
0.298344 -2.11479 -1.25747 -1.19928 -1.51572 -1.91359 2.88334 -2.67451 2.85585 -0.483076 0.88005 0.408838 0.841777 1.50168 -2.37129 0.932896 1.6665 -1.22259 -0.174354 0.96036 0.000492572 -1.32039 0.835876 0.112301 -0.254902 0.142334 -0.89417 1.26202 -1.62574 -1.55148 -1.34505 1.57141 1.40169 -2.23847 0.572616 0.309295 -0.329085 0.783432 0.187107 -0.791466 -0.109556 -0.148668 0.0372449 0.3644 0.653191 1.12958 -2.7049 2.64168 -0.881155 0.846402 1.45515 1.16392 0.925603 -1.18214 -0.198571 1.28455 -0.396465 0.0831432 0.328426 -0.690943 -0.651354 -2.8387 -1.17655 -1.44407 -0.197105 -0.819885 1.91962 1.19329 1.28373 -0.0270981 -2.4264 0.415056 0.863789 -1.85167 -2.44986 -0.0772437 -0.538514 1.32119 1.21134 0.774559 3.6022 0.696774 0.866502 -0.659561 1.36396 0.405274 -0.894801 -0.933539 0.525895 -0.661598 -0.208766 -2.30557 1.09936 -0.363924 0.832365 -1.60711 2.27255 0.812845 0.0467628 -0.284917 -2.45637 0.766137 -0.484853 2.24774 -0.222837 -1.61116 -0.7269 -0.817551 -1.56925 1.71363 0.787022 -1.53628 -1.54229 -1.65278 1.16103 0.653914 0.880278 1.11536 -2.63712 -1.04095 -0.154191 0.734934 -0.137809 0.229796 -1.56259 -0.126275 -0.539681 1.01115 0.483158 1.17542 0.694632 -0.820089 0.940594 0.504475 -1.3688 -1.63965 2.10143 1.46606 -0.375141 1.08302 -0.119175 2.00207 0.119451 1.47948 -0.677328 -1.48836 1.00896 -4.07342 1.093 -2.70068 -1.30766 -0.284798 -0.169669 0.874014 -0.195188 -0.859198 0.765114 0.121592 -0.501307 -1.09413 -2.29943 -1.60751 -0.548001 -1.82784 -0.872831 -1.44986 2.04349 -1.7978 1.10171 -2.39463 0.124706 -1.93501 1.34605 2.14754 1.93476 -0.463881 -0.488724 0.25014 1.66012 -1.30301 -0.112749 -1.09408 0.200979 0.883879 0.730733 0.706623 -2.02566 -0.176205 0.40066 -0.449773 -0.209698 1.24743 1.47438 -2.28446 2.05465 -0.760375 0.471929 0.679639 -0.368572 -1.86778 -0.0320924 0.75301 -0.9496 0.455789 0.300996 0.275895 -0.083108 -2.91989 0.6457 0.460591 1.76343 0.173363 -1.59543 -1.12904 2.55108 0.166907 2.57108 -1.19659 -1.68572 -1.36618 -2.90451 2.88453 -3.21821 -1.75434 -1.66415 -2.55252 1.48428 -0.385965 -0.838209 -2.05183 -0.139487 -0.524763 -0.602537 -3.8531 -0.390684 -0.662183 -0.557576 2.12227 -2.21862 -1.14333 -1.26572 0.707157 -0.120841 1.07035 0.060238 -0.500552 0.006826 -2.46954 0.861218 -1.64669 -2.30165 -0.05207 -1.16495 -2.81619 -1.10595 0.686665 1.13415 1.65273 -0.545495 0.356888 -2.62182 -1.60859 0.322516 0.251719 -1.95746 1.79507 -2.50991 0.28096 0.736451 -1.85513 -1.63592 -1.7019 1.68906 -1.53646 -0.69537 0.0509601 0.299905 0.53277 0.827683 -0.977517 0.0397947 -0.198716 -0.802036 -2.73279 0.681601 -1.89532 0.516571 -1.50077 -0.570345 0.368538 -1.76696 2.01994 -0.0562688 -2.44981 1.44151 -1.26441 -0.800363 0.537909 -0.506806 0.702415 
1.29613 -1.42987 -0.140481 0.801606 -0.366523 0.467183 -0.776722 -1.23177 0.88437 -0.943598 -0.962638 -0.978776 -0.3757 -2.73275 -0.793022 1.90983 0.776745 -0.136496 2.0731 -0.355461 0.786012 -0.71505 0.0486671 -0.89232 1.15261 2.01911 -1.66749 0.332743 -1.69008 -0.298547 1.08696 1.51819 1.52109 -0.747944 2.27969 -0.68781 0.892286 0.654678 0.262665 1.56314 1.80689 -1.3383 1.1339 -0.247759 -0.892249 2.6135 3.13892 1.05064 2.1606 -1.32163 -3.76844 -1.39247 -0.233856 -0.372839 -1.21896 -1.55213 0.563422 -1.15214 0.011097 -0.581856 0.256753 -1.44217 -2.36175 -0.241496 -0.844342 -0.296579 -1.21448 -0.145808 0.820579 0.352384 -1.3378 0.0617353 -1.55796 -2.68751 -1.0692 0.90199 -1.24978 0.613015 -1.27332 -0.884139 0.0685197 -0.697279 0.191997 -0.927073 1.67758 -0.434723 0.236093 -0.895705 -1.33507 0.975072 0.355692 -0.958283 0.929592 1.29231 1.88824 -2.81704 1.64307 0.818773 -1.60454 -0.924467 -3.77126 1.19743 1.14374 -0.222511 0.601523 2.16114 1.27742 2.8544 -1.19899 1.17513 0.414895 -0.213952 -1.06722 1.26413 0.793248 1.20346 0.0338828 1.14141 0.638146 1.73606 -1.18829 -2.2312 0.384779 0.495152 -1.67334 -2.93205 0.0756862 -0.027055 1.43649 -0.0928066 0.522807 1.50219 -1.50001 1.42097 0.412595 -2.78061 -0.168181 0.143435 -1.1444 -0.220406 1.4911 1.50419 0.36843 -2.91099 0.601547 0.0858715 0.862678 0.150905 -1.0227 0.588872 1.70825 -0.514993 1.88322 -0.0217949 0.889655 -3.54785 -3.21511 0.0406108 1.07255 -0.329016 3.45674 -2.26542 -1.65245 -1.38089 0.104452 0.877517 -1.13948 -0.0331276 1.98238 1.199 -3.47839 0.81285 -1.12037 -2.13818 2.34335 -0.0998014 -0.00674791 0.754145 0.170939 -0.267096 0.408074 0.156025 1.39446 -0.66569 -1.58861 0.0226538 1.62463 -0.691891 3.39608 -1.34566 -0.867384 -1.08658 1.93525 -1.89372 0.800322 -0.204475 0.11207 -1.51005 1.95868 0.322828 0.451809 1.2286 -0.246341 -0.861806 0.482103 -1.02724 -0.948326 -0.0908449 1.04177 -1.14073 1.24079 0.166271 0.861681 -1.05212 0.266209 0.12473 0.763967 -2.59048 0.674833 -0.0225234 -0.0167262 -0.427187 0.253518 -0.669228 -0.399023 -1.52671 -1.24663 -1.63082 -0.605644 0.166523 -0.275215 -2.54653 0.279272 0.79893 0.111796 1.96114 2.54791 3.60468 -1.37631 2.69552 -0.337388 1.51523 0.555201 0.0157633 -0.995565 -2.03394 -0.0160748 -0.192272 1.88188 1.37171 1.89429 -0.51449 -0.7611 -1.81309 1.33356 0.9242 0.602794 0.0438291 -1.56197 -1.90264 -0.750057 -1.21165 2.12057 1.28221 -0.868719 -0.10965 0.841926 1.11815 1.01243 -0.998646 -3.36286 -1.40315 -0.0161902 0.758299 -1.2712 0.743698 1.89404 4.60346 -2.56206 -0.763824 -0.939468 -0.255018 0.891787 2.25897 -0.708201 2.55386 -1.14738 0.126897 -0.457508 1.7227 0.71384 0.84973 -2.07479 0.464514 0.468618 1.17633 -0.409646 0.492356 1.83187 -2.24551 
1.70851 1.56928 3.47351 2.38763 -0.139005 0.591701 1.60296 -1.99217 0.14263 -0.802908 -0.428057 -0.768797 0.996947 0.462013 -0.351704 -1.65472 3.78641 -1.91452 0.62791 -0.418335 1.21968 1.16235 1.23248 1.34214 0.50754 -0.231704 1.53662 -1.52319 0.83324 0.328582 0.953437 -1.39337 -0.211976 -1.75562 0.213584 1.8021 1.39884 0.0219129 -0.0454839 1.30844 0.538047 0.392002 0.341408 -2.31064 1.95411 3.72714 0.690835 -1.2161 0.0382242 -2.67221 -0.0811402 1.38529 4.55962 0.042074 1.97277 -1.47456 0.223395 1.90828 0.335116 0.303887 0.392477 1.20143 0.277067 0.275503 -0.351013 0.767971 -2.56732 -0.887434 -0.950356 -1.72291 -1.23805 1.2098 -1.11865 0.45255 1.95613 0.669841 0.939948 0.879654 1.68233 0.986007 2.12039 0.642504 -0.0475877 -0.267839 0.199305 1.21274 0.523149 0.131318 2.12337 -0.509759 -1.75235 -0.957341 3.26373 -0.127544 1.11905 1.03248 -0.362571 0.974633 -1.89381 1.33547 1.14403 0.137135 -0.698286 0.358854 0.757403 0.286773 0.517798 1.94074 0.799956 0.633215 -0.931837 -2.30831 1.54695 -1.05289 -2.13772 -0.364795 -0.769149 0.833386 0.87379 1.2664 -0.710777 0.214273 -1.83697 -0.905132 0.728764 -0.990864 -3.31067 2.34276 1.34702 -1.53972 0.964705 -1.22459 0.645353 -0.501598 -1.25681 -1.15207 1.72874 -2.41569 0.895423 -1.50289 -1.74066 -0.418505 -0.490102 -0.235431 1.08362 -3.70908 1.30363 -0.540623 -1.5352 -1.02851 2.19027 0.0845085 -1.05691 1.07491 -1.50597 -1.51695 -1.33955 -0.681328 -1.29914 -0.00517211 0.438879 -0.992877 -0.781933 -0.164561 -0.860386 4.15853 -2.13562 0.647569 -2.00536 1.33009 0.554165 -1.4203 -2.22631 -1.11551 0.919729 -0.0481161 -0.600472 0.447508 0.084036 -1.94678 -0.498186 -0.773841 -0.271053 -0.0996146 -0.326755 -0.487699 -0.981589 -2.46547 -1.35208 0.400173 -1.80583 -1.4319 -2.12728 1.63468 0.8869 0.852481 0.875396 -0.968857 1.89068 0.258986 4.16926 -2.38381 -1.74635 -3.20799 -1.66632 -0.944357 -0.4273 -3.58087 0.575229 -0.949954 -1.67397 3.01318 2.32626 0.726601 -1.38542 1.13202 1.9201 1.65294 -2.41762 -0.480537 0.457865 0.88322 -0.0997317 -0.833778 0.992651 -0.283021 1.46296 -0.0847927 0.793414 0.370623 -0.522019 0.340569 0.959057 0.265705 -0.283121 0.297255 0.990221 0.297562 2.3272 1.142 1.87748 0.0120498 1.96297 -0.411769 0.235162 -3.41527 0.44481 -0.814733 0.0875931 1.39384 -0.331475 0.165771 -2.01864 0.868775 0.960499 -0.923753 0.133756 1.59449 -2.00055 -0.86489 1.61832 -2.2893 1.45181 -0.908233 1.80753 -0.436811 1.39754 -1.12385 0.788904 1.94328 1.47472 -0.428794 0.88088 -0.348674 3.73819 -1.18033 -0.736183 -1.04143 -2.6232 -0.30587 0.851007 -1.00505 -0.481134 -1.1622 -1.09014 1.4485 0.109723 0.320473 -0.986259 -2.03868 1.80506 0.750194 -0.375268 -1.34733 -4.2872 -0.718507 -0.80663 0.197224 0.7871 -0.263353 
-1.98162 1.46742 1.54765 -1.43748 1.98391 -1.58027 -1.30912 1.16541 -1.29817 -0.939881 0.929987 0.1818 0.358089 -1.30781 1.42983 1.33309 0.861712 0.015267 0.130292 -1.33657 1.634 -1.3981 1.24992 1.77219 -1.09467 1.45107 -1.28579 -1.17591 -0.679858 -0.601796 -1.3888 -0.110464 1.21931 -0.00931312 0.6826 0.467039 -0.57062 -0.513841 -2.26887 2.63787 -3.22284 -0.641171 0.135356 -1.26216 1.41562 0.158894 0.466905 -0.793917 -0.273427 -2.10393 0.0735943 -0.230429 2.08552 -1.94339 2.06532 2.12441 -0.910413 -2.52084 -0.541797 -0.141774 -1.08528 -0.578118 -0.977855 -1.58254 -0.235683 -0.330119 2.04395 -0.802644 1.08069 -1.14096 0.546859 1.64988 0.654106 0.225174 0.422169 -1.90523 -0.517941 -0.652404 0.471581 -1.18664 1.96676 0.822211 0.642654 -0.56663 -0.0118955 0.309609 -0.920545 -1.01262 1.24269 -1.92412 0.61989 -0.61603 1.61776 0.885759 -0.19692 -1.81799 -1.84523 0.335873 0.0273211 2.18272 -0.379403 1.11753 -0.249235 -0.471151 0.338291 0.371637 1.84495 -0.545922 2.0042 -0.734197 -1.35872 0.0506207 1.05132 -2.94622 0.303447 -1.43295 0.64011 -1.50236 -0.690998 1.07534 -2.1791 0.709282 -1.34814 -3.24253 -1.81072 -0.550406 0.566952 0.817828 1.31862 -1.02828 -1.20158 -0.45386 -0.67357 1.07323 0.862259 0.963051 -1.93343 3.82962 1.02973 2.06083 2.46006 0.564815 3.11558 2.34078 0.243181 -1.03603 -1.09216 0.105324 0.905371 0.572213 0.137973 0.0640534 2.25136 -1.98073 0.944916 1.36547 -0.270155 -1.08502 0.939879 0.125698 4.06591 -0.0371565 -0.782173 0.577227 0.381291 -2.68838 0.260337 1.22204 0.397198 -1.90584 0.523353 3.12396 0.926655 -2.59342 0.836099 -1.45541 -0.343588 0.959423 -1.20712 0.0142693 -1.23466 2.44727 -0.439596 2.07802 0.408291 0.585921 0.582493 -1.01484 0.880989 0.183395 -0.132626 -0.918649 1.16715 1.19377 1.37022 0.419233 -0.465836 -0.768737 0.731851 1.18715 2.86214 -0.633736 0.112402 0.0993169 -1.60838 -0.625273 2.32905 -0.197386 0.780049 1.57672 0.277553 -1.02904 1.26039 1.86436 0.125917 1.51756 0.521239 -1.58776 -1.8169 1.23374 -1.78526 2.73813 -2.37197 -1.0122 1.10388 -2.30903 -1.17477 1.15923 0.286652 3.38278 2.11341 0.251972 0.522978 -0.49947 0.256785 -0.816952 0.427177 0.840598 1.02943 -3.53289 -0.898924 1.85524 1.47866 0.2263 0.885263 0.695192 1.44399 0.8256 -1.66059 -0.552176 -0.611049 -0.550448 -3.06373 -1.19864 -0.86119 0.694462 -1.43691 1.87082 -2.71878 -1.35914 -0.376214 -2.40516 -0.254167 0.858734 -0.621318 0.28344 -1.07219 0.699973 1.13553 2.59268 -2.47778 0.133648 -1.40176 0.123207 0.0781676 1.57628 -1.98482 -0.118499 -1.96304 -1.72474 -2.6123 2.33615 0.768664 -0.156568 -0.388686 0.46514 1.16022 -1.06678 1.56859 0.661113 0.408418 3.65471 -0.666745 0.598718 -0.624948 1.27629 1.22685 2.07127 2.29257 -1.10671 
0.0801332 3.25504 -0.563461 -1.74324 0.185165 -0.568726 -0.770275 -1.07525 -1.8793 -0.708912 0.202042 0.324942 0.639971 0.0451122 0.0439885 0.729632 1.73722 -0.648106 -0.0735281 0.367806 -0.0386318 -0.925345 0.601085 3.26531 0.729748 -1.83821 1.35813 0.491822 0.280434 -0.069846 0.727864 -0.434018 -0.447477 -1.50501 1.76112 -1.56125 -1.11237 -0.876119 -2.29674 1.28023 0.660297 0.012196 0.564987 3.69431 -0.217299 0.761136 -1.12887 0.44583 1.40236 1.13846 1.98959 -0.169236 0.304442 -1.4578 1.3941 1.23393 1.77551 0.410784 -1.17851 0.871947 4.01115 1.60522 0.456568 1.52081 0.895205 -0.0987446 -0.944848 -3.19305 0.357325 2.91884 -1.05046 -0.681655 -0.918162 -0.049104 -0.0225068 -0.803135 0.324625 -1.08084 -0.806763 -1.13204 0.26455 -1.49778 -1.65754 -0.283595 -0.715857 -2.73876 2.28602 -0.249374 0.197474 1.46663 -0.34994 0.12633 1.23082 -1.95137 -3.11723 1.56844 -0.364727 -1.07028 1.21663 -2.48682 3.0992 0.4496 1.81853 0.15705 2.03819 0.102548 -0.0360278 -2.77679 -1.12363 -0.947225 -0.178199 -1.24742 -0.744261 2.23265 1.10347 0.129438 1.41889 0.669955 0.15621 0.911409 0.138304 0.92956 1.59593 -0.167116 0.1728 -0.44639 -0.792107 -1.16333 -0.584216 1.24293 -0.752383 -0.830595 1.55323 -0.386014 0.48485 -0.824521 0.548896 -2.4063 -1.50851 0.345682 -0.961037 0.787171 1.53192 -1.05693 3.78626 0.518626 1.99802 -0.771209 -0.394643 -1.23706 0.135948 1.40494 0.292728 1.48384 1.04858 2.36977 1.08546 -1.12519 -0.829286 -2.42846 -0.159632 0.929616 0.406053 -1.27224 -1.05319 -1.61758 -3.35493 1.56939 0.026653 0.839574 2.54043 0.73394 -0.926663 0.803782 -2.49121 -0.751093 1.09287 -0.585579 3.3313 -1.78966 -0.823305 1.88326 1.66235 -0.899086 1.64915 1.33412 -0.607874 -0.750014 0.120152 -0.931051 -1.16866 -0.483489 1.28852 -2.08385 -1.55001 -0.771546 -0.929064 0.404899 0.269186 1.07009 -1.01904 -0.585723 0.0931586 0.769966 -0.733618 -1.08541 0.171991 -0.129 -2.00896 0.165491 -0.000273629 0.636889 -0.0472291 -2.6028 1.92149 0.396294 -0.235819 -0.211619 0.584757 -2.22906 -0.624799 -1.72783 0.536547 -1.53791 -0.584388 -0.623547 3.19674 0.0592377 -1.82564 -1.49539 -1.11578 -0.693101 0.364369 1.22135 0.945406 1.04803 -1.20678 2.89342 -1.04177 0.788993 1.4012 -0.114583 -0.682671 1.13521 -1.51238 -0.551766 0.816369 -0.290924 0.942085 0.141679 -0.950313 -1.33254 -0.168728 -1.61964 -0.613432 2.11337 -0.0109947 -2.25043 -0.742743 -1.04336 -1.50204 0.470928 -0.513444 -1.00768 1.5564 0.326023 1.45312 -0.0492142 1.6638 -1.90481 0.60154 1.02743 -0.619137 -1.37488 2.28173 -1.76205 -2.12366 1.76421 -0.26527 0.316522 -1.10366 0.864091 0.962697 -3.10233 -1.05369 0.237842 0.133917 -0.455914 -1.28256 -1.42699 2.58335 1.1366 0.496274 0.323465 -0.37557 0.497005 -0.639346 -0.898727 -0.685579 -0.432104 
0.707112 0.496937 -2.1644 -1.90861 -0.487366 -2.23326 2.14779 -1.37161 0.633734 2.16198 1.55953 1.99834 1.68897 2.6909 1.26862 3.34549 1.71418 -1.75419 -2.61511 0.449405 -1.39166 1.08539 0.0179774 -2.15598 1.09838 -0.276204 -0.294883 -0.900222 0.212199 -1.41321 0.475071 1.41618 1.2368 -0.103884 1.41273 1.1614 -0.268357 -0.992597 -0.982959 0.427446 -0.0184953 -0.410005 -0.451815 0.275547 -1.86353 1.72117 1.74232 0.699752 -0.501626 -0.59098 1.3208 0.0473252 -0.194046 -0.662415 1.42119 2.40848 2.11279 0.99884 -1.13724 2.02526 1.25131 -0.713845 -0.360004 0.35337 3.613 -0.587098 2.64011 1.00461 -2.2278 -2.93985 -0.853522 -1.41533 2.73179 -0.692737 -0.732605 -1.25162 0.716956 -0.813094 -2.20382 2.10899 -1.0087 0.947963 -1.81915 0.193613 -2.32801 0.98707 -2.00412 0.217382 -0.446306 -0.857257 0.501444 -2.68685 2.60111 -1.58035 -0.944726 1.62153 -2.05761 -2.33751 1.48212 -3.08159 2.17437 0.100915 -1.10203 0.722131 1.6688 -0.058842 -1.93484 1.59401 -0.962611 -0.111349 0.212304 -1.27416 0.787724 -0.0215782 0.680361 0.346751 -0.78187 -1.6296 -2.68922 -1.57843 -0.944635 1.34038 2.94228 -0.307115 1.44363 2.20392 -2.05675 -1.11877 1.25098 0.405027 -2.27809 2.06982 2.87203 -1.02972 -0.318268 -1.68764 2.3675 2.83153 0.485254 1.48162 1.64147 -0.250626 1.43287 0.258631 1.16075 1.18353 -0.565819 0.59262 0.0178477 2.50188 2.40761 -1.4425 -1.38312 -0.797812 1.29651 -1.38136 1.23309 0.692784 1.955 0.055894 2.63196 -1.48547 3.04234 0.837216 0.761856 0.909688 -1.13339 1.07423 -0.442227 -1.00305 -1.69863 -0.0879642 -0.210102 0.293904 -0.149793 -1.44718 -1.07895 1.34816 1.39347 1.03805 -1.55152 1.25401 1.84942 0.0469332 -1.12951 1.08063 -2.51639 -1.49328 -0.681989 -0.627994 -1.50489 1.22446 -0.533088 0.0505106 0.780531 -2.75788 -1.22637 -1.22319 0.426638 0.954704 3.78955 -1.47733 1.76514 0.664126 -2.58356 -0.707212 0.954818 -0.0037997 -0.722619 -0.754592 0.0390515 -1.99541 1.27299 1.12676 -0.29741 -2.01409 0.808069 -0.431078 2.37372 0.706448 0.112411 -0.0893431 0.855335 1.18466 -0.161713 0.358231 -1.0396 -0.623968 0.429726 -0.226488 1.53933 -1.43846 -0.205742 -2.31906 -1.66601 -0.0924247 3.26383 -2.55793 1.45564 -0.911703 -1.1145 0.688505 -0.0890735 0.0150841 -0.471464 0.50671 -2.426 0.296687 0.256503 2.55409 -1.28494 0.222648 -1.78144 -0.942448 0.147425 0.283697 0.257452 -0.432867 0.485992 -0.0672779 -2.20523 0.637151 1.38072 -1.28981 1.19026 -0.210941 -0.217246 1.78153 -0.565112 -0.239436 0.224203 0.864991 0.951741 -1.07044 0.0720149 -1.52212 -0.282055 1.14297 1.44293 1.4239 0.290014 1.70757 -0.539397 -0.605445 0.0918159 2.55349 1.64737 -0.0323532 -0.634199 1.70823 -0.0376488 -1.2551 2.13725 -1.81935 -1.18797 -0.445271 -2.48205 0.747502 1.47486 -0.946207 
0.208107 1.59267 -1.26937 -0.367393 0.425492 3.0461 2.01213 -0.456486 -1.91371 -0.827509 3.23506 -1.04346 -0.578781 -2.10532 1.1447 -2.20442 -0.340696 1.2762 -0.984257 0.699212 0.644804 0.867255 1.54591 -1.00431 0.242428 -1.61521 0.536328 -1.15069 -1.11237 -0.390708 2.7642 0.415978 -0.694907 2.23452 0.201998 -0.998029 0.288414 -0.397063 -0.480362 1.0469 0.0124359 1.75958 -0.0934288 -1.52757 -0.253452 -0.498194 -0.414315 -1.71385 2.10932 -0.465263 1.00099 -0.673182 -0.673953 -0.563125 3.77276 1.72328 2.3879 -0.952073 0.0376733 -0.0425457 -0.284719 2.68386 4.19609 0.419696 2.30371 -0.323526 0.532425 2.57739 1.46284 -1.75165 0.285936 -0.159878 0.32207 1.49899 -0.786431 -0.157983 0.540588 0.931451 -1.48247 2.53615 0.634671 0.268642 -1.33973 2.11341 0.723163 -0.0429581 -1.31995 -0.0577484 2.90501 2.74393 -1.07103 -2.35286 -1.41931 0.884778 0.574905 2.26991 -0.620995 -0.965548 -0.759987 -0.978075 -1.49594 2.43055 -1.98872 2.40106 0.590121 3.45896 -0.0919584 1.1887 0.520358 0.180763 1.24569 -1.7348 0.404595 0.879713 0.1296 0.699174 1.48427 -0.0298816 -2.00525 -0.954501 0.82326 -0.285197 0.798415 -3.41686 -1.0959 -0.0845752 0.772047 1.06993 1.39848 -1.05651 -0.305849 -0.405032 -1.78987 0.79105 0.535001 2.23783 -1.46246 2.72798 0.674412 0.934078 -0.515062 -0.508816 -2.68495 -1.93728 -0.499899 3.11016 1.68792 0.324585 -0.185659 0.157174 -2.23317 0.619123 0.165135 0.456246 0.314808 0.426729 -0.664397 -2.31287 0.0256299 1.19172 -0.696666 -0.496072 -1.79444 1.32525 0.953236 0.176861 -2.18062 0.677367 -2.61296 1.76974 -0.257966 -1.52327 -0.870998 2.61565 0.650692 -1.63774 0.736417 -1.35432 3.09669 1.25746 -2.12994 -2.07918 1.45809 -1.32085 -0.241006 -0.25802 -1.16309 -2.57492 1.42245 -1.80703 -0.395831 -1.30713 1.06801 -1.77262 1.14985 1.99717 -0.296719 -0.740164 -1.06636 -0.514473 -0.583297 -1.5876 -1.11083 -0.823523 1.03803 -0.324484 0.444057 -0.260714 0.844513 0.237032 -1.3225 -1.67948 2.11562 0.788915 1.99629 0.762749 -0.0734027 0.0239693 -0.863165 0.717832 -0.230615 1.20526 1.5892 -0.42614 -1.199 -1.92557 0.580814 1.43021 -0.939368 0.493106 1.15064 -0.104954 1.45484 -0.603612 0.545122 1.53593 0.0240015 0.554358 1.25749 -1.38006 1.20335 -2.43762 2.68434 -0.134205 1.99739 1.91108 -1.40687 0.525863 0.0582116 2.02962 0.446014 -1.5787 0.56572 -0.836794 -0.237138 -0.0953621 -0.104875 0.783154 -0.272251 -3.03653 -0.577269 -1.35925 1.33135 0.96359 -2.91 -0.957624 1.33522 1.57091 -1.17834 0.432199 -2.58925 0.117078 0.764761 -0.200055 -0.544758 0.357677 0.537429 0.037757 1.10834 0.179968 1.26497 -0.833667 1.62617 0.947 -0.103628 1.74863 0.142864 -0.935246 -0.893399 -1.07539 1.78164 -0.800415 1.87895 0.590146 0.672738 0.679152 2.49648 2.00674 -0.67299 -0.147925 
1.91836 0.571324 -0.161618 2.02729 0.637442 -1.26824 0.635873 1.63503 -2.87815 -0.974733 -0.678155 1.76476 -0.586847 -1.01217 -0.958228 1.51367 -2.62246 2.08417 0.122958 -0.413065 -0.403891 0.419373 -1.36719 -1.09204 0.322493 0.690638 0.0347695 -0.386277 -0.682182 0.106635 2.42657 -0.608926 0.86825 -0.00147481 -1.95267 -0.241341 -0.66858 -2.06729 -0.306409 -0.410232 0.0827209 -2.10171 2.50968 -2.35092 0.815596 0.904257 1.84856 -1.54807 -0.840338 -1.52676 -3.34447 -0.936775 -0.410444 2.01288 0.994548 0.844809 0.336133 0.517498 2.57359 0.293251 0.628013 -1.11347 -0.288788 -3.80982 -0.309373 0.34053 -0.245181 -0.538493 0.579196 2.01685 -2.60316 0.602227 -0.262573 -0.414638 -0.294349 -3.0754 0.162991 -1.09482 -1.34846 -0.0261728 -0.796149 1.9635 -0.330188 -0.0828328 -0.0840794 1.1371 -0.715701 -1.1649 -1.02775 2.1374 0.961157 -0.499943 1.26389 0.74222 1.49294 -0.851417 1.61222 -0.0874888 2.25466 -0.0549667 2.04613 -0.939994 -1.45506 -0.256411 2.35319 -0.769543 1.57376 -2.69849 -3.53154 4.80131 -1.27185 -1.22701 0.607071 -0.928221 0.666264 2.93388 1.14596 -0.862359 0.166056 -0.495998 2.0053 2.06424 -3.0052 0.648285 -2.65461 1.31448 3.45406 1.4124 -0.0249861 -0.420706 0.71868 0.295533 1.46514 0.572162 1.98492 -1.06511 -2.02323 -1.03653 0.0478385 -0.0325258 0.509521 -0.580957 -1.09498 0.371222 -1.28936 -0.781894 -1.20764 -1.03303 0.396659 -2.13268 -1.93583 0.21855 -1.94091 -2.35451 1.05589 -2.83816 -0.219667 -2.88067 -1.20255 -1.7624 0.371164 -2.31361 0.655882 3.04352 -0.64246 0.7078 -2.24699 1.52267 -0.903494 0.0185148 -5.76331 0.85493 -0.503951 -0.419169 1.40803 -5.07212 0.561691 -2.47715 1.18493 -0.222781 0.913017 -1.80256 2.39079 1.35998 0.266617 -0.15201 -3.87832 2.67472 -0.61034 0.238562 -0.421714 -0.360407 1.11229 -0.112445 -0.687359 -0.0302285 0.331609 -0.14304 0.908912 0.347976 -0.952956 1.09019 -1.01736 -0.99447 2.44007 -1.9204 -1.29891 0.0338022 0.947382 1.05296 1.10059 -2.1229 1.43481 1.88357 -0.907092 -0.544061 0.797806 -0.828507 -0.26432 2.94432 -0.932584 0.0186312 -0.193582 1.70052 1.53476 0.570869 0.638459 0.204789 1.29483 1.65558 1.22671 -0.0827292 -1.70828 -0.901601 -0.376285 0.0703813 0.240569 0.111104 0.8065 1.18728 -0.387202 -0.927576 0.818455 1.35296 -0.402117 -1.552 1.16598 0.705518 0.154124 0.961038 1.09749 0.393091 1.06768 1.60371 0.58802 -0.699323 -1.39942 -0.418538 1.253 1.61933 1.04374 1.68166 0.018528 0.15963 0.26042 1.189 0.603634 0.985371 0.0329313 0.683145 0.571779 -0.637437 -0.824615 1.10218 0.203993 0.894944 -0.240706 -0.251363 -1.08372 0.530153 -0.488616 -0.978 1.65768 -0.613179 -0.329758 1.38972 -1.76732 -1.80952 -1.62604 1.13428 1.01649 -0.490266 0.553856 -0.265711 0.118921 -1.44627 0.825547 1.40066 1.27906 -2.01112 
1.01095 0.699811 -0.776445 1.52412 -1.98085 2.15692 -0.275208 -2.94452 -1.475 -1.0488 -0.99997 1.55403 -0.118081 -0.0439901 -0.108477 2.33531 1.87372 -1.48265 3.01076 1.53485 -1.51483 0.394453 0.803149 0.167571 2.42932 -0.0678975 -0.410863 -0.0921391 2.12644 -0.549554 -0.377218 -2.37222 0.202297 1.71489 1.56407 -0.206611 1.55989 2.97712 -1.08398 0.906944 0.701095 -3.41809 -0.330584 -0.251688 -0.240155 0.743384 -0.195952 -1.05884 -0.0821987 -0.158753 -0.320042 1.87379 -1.08155 -0.64434 -0.309909 -0.320637 1.0177 -1.25139 -0.374796 -0.0610757 2.39279 -2.52383 -0.165559 1.05154 -1.76747 1.95867 -0.228303 0.546959 -0.645279 1.52283 1.13535 -1.97675 0.994241 -1.46108 -0.801759 3.00772 0.980243 1.00591 -0.138603 -0.521456 0.418699 0.92033 0.0946534 1.31051 0.689454 -1.2791 -0.272664 -1.61152 -0.640083 -0.932181 0.901522 -0.191403 -1.23891 -0.702263 -1.47238 -0.447736 0.845746 0.888238 1.03572 -1.24036 1.19695 -0.635609 1.36167 0.340453 1.75768 -0.412591 -1.18179 -0.220492 -0.476332 1.52087 0.284138 -1.52001 0.515899 -1.21519 -0.155 -0.412443 0.417333 0.719723 1.23325 -0.360068 -0.589817 0.988433 -2.41164 0.212438 -1.72662 0.642003 1.26299 1.02732 -1.7107 -1.53865 -0.741474 -1.82351 -2.07645 1.37748 0.347834 1.13756 0.948187 0.214667 -0.885777 0.314242 0.544065 0.259258 -2.53136 -3.60004 -0.508181 -0.229472 2.38984 0.826165 0.700453 0.554021 0.77566 -3.00309 0.612843 -1.21224 0.282605 -1.3169 1.21038 2.75344 -0.791419 1.58932 0.939035 -2.00567 1.30439 -1.27612 -1.96983 0.376483 1.47875 -1.25663 -0.428455 0.234795 -1.30946 -0.54203 -1.33855 0.393352 -1.85958 -1.013 1.16084 0.221915 -0.546376 -0.611128 -0.965269 0.109012 0.719858 0.249156 0.752808 1.7901 -0.0214009 1.307 1.93094 0.46269 -2.98242 1.99205 1.04595 0.483992 0.604476 2.57874 1.15384 -1.78487 2.10184 1.13772 3.17242 -0.117752 -2.08236 -1.52995 1.4945 0.595719 -1.73684 -0.51642 -1.23208 0.561292 -0.433328 -0.0375636 0.0395149 1.07292 -0.550798 1.4873 -1.55911 -0.752733 1.34151 0.185166 0.176443 1.20148 -1.12375 -1.15265 0.0317961 1.4683 1.85223 -0.263446 0.531874 -0.41198 -0.119813 -2.79405 -0.780621 -3.00934 -2.54247 -1.35837 0.117238 0.345876 0.657916 0.413233 0.0545564 0.182103 -1.88347 0.624666 1.81616 0.967838 0.664061 -0.547572 1.72885 0.746618 -1.96115 -2.15125 -0.711439 -0.62253 0.555391 -1.25504 -2.12099 0.148562 -0.43695 2.60924 -0.557942 -1.15954 0.137174 0.123718 1.45514 0.439786 1.90311 -0.163152 1.47376 -0.210758 1.22641 -0.43659 0.926373 -0.693203 -0.0152647 -1.182 -0.68182 0.758176 -0.455059 1.42916 -0.57556 0.407877 -1.83679 0.978877 -2.76751 2.78401 4.11944 -0.661102 -0.305474 -0.0651627 0.48785 0.0296263 -1.38892 1.47892 -2.086 1.11475 -0.240773 0.82991 0.141391 0.217531 
1.08693 -0.451465 -0.82112 -2.69639 -0.0470859 -1.04207 0.926984 1.12643 1.10434 -1.3891 -0.0616191 -1.70895 -1.17284 -0.719748 -0.148145 0.571846 -1.57619 -1.53163 0.0965708 -2.86067 0.196962 1.70315 -0.0672483 1.24352 0.266338 0.370816 0.207583 0.390391 -1.42638 -1.73852 -0.0953786 0.907024 0.998469 1.23504 0.934447 -1.51074 -2.38588 -0.724846 0.501044 1.2525 0.67931 0.353824 1.17051 -0.766371 -1.15905 1.01387 -0.762444 -0.236533 2.12752 -0.306522 0.219402 -0.210633 0.482392 0.210477 1.03661 -3.53726 -0.0220248 -0.891859 -0.228475 -0.67979 -1.22882 2.89643 -2.66435 -1.65076 -0.950701 -0.391833 2.99518 -0.423348 1.20639 0.0125417 -0.25306 -0.781993 1.46272 0.400543 2.39905 -0.562105 -0.777077 1.83522 0.877582 -1.82559 -0.886496 -4.16828 -0.685947 -0.743353 0.234728 1.96087 -0.346015 -0.723024 1.16266 -0.347592 0.747673 -1.56406 -2.28198 0.982474 0.517211 -1.25257 -1.63775 0.291938 -2.12602 -0.853853 -0.91375 -1.80909 -2.52308 -0.0635887 1.0005 0.168669 1.08516 -0.0604228 0.716916 -1.41068 1.24333 1.64295 -0.339534 1.62123 -1.86816 -1.95922 -0.0988355 -0.60932 2.37475 -0.000539574 -0.109404 0.84978 0.466556 3.1338 1.68629 0.462529 2.32257 1.61821 -2.00144 -0.684007 -2.99709 0.00671741 0.35824 -1.67593 -3.1113 0.218703 -0.0250952 -0.364429 0.615494 0.921727 1.03058 -0.595643 -0.865341 -0.236975 -1.44519 1.0862 0.537612 -0.645774 -0.645085 1.50595 -0.370423 0.81905 -2.53739 -1.6965 -1.14147 -2.40432 -1.86052 -1.72949 0.838925 -0.528006 -0.752269 1.39208 0.0891274 -0.443517 -3.01525 0.81932 0.263904 0.843556 -1.11964 0.296567 -1.39715 -1.06827 -0.916467 -0.0297409 1.53739 -1.50196 0.504665 0.720534 0.386162 -0.653751 -0.47439 -2.43048 -0.576345 1.37052 0.162215 -0.890998 -0.553921 1.03385 3.64072 -0.657509 1.18876 -0.513474 -0.343837 -1.36764 1.3081 0.58453 0.0578704 1.58425 0.880698 2.81333 -1.16332 2.43226 0.740605 0.349199 0.520937 -0.968355 2.33006 -0.689133 -1.15259 0.612125 -1.30316 0.674671 1.145 0.861648 -2.17999 -2.21023 -0.747829 0.538879 -2.02282 -0.921523 -2.13698 0.842949 1.12455 2.12687 0.173108 0.0912812 -0.329094 -0.0410771 -1.00947 -0.78999 1.07776 0.0325179 -0.24221 0.775294 -0.692556 1.17671 -1.20865 -1.40299 0.779566 -0.318609 -0.00929362 -1.6676 -0.508198 0.41344 0.534874 0.359679 1.49137 0.425357 2.39051 -1.59479 -0.565226 0.0764342 -3.71593 -1.35931 -1.60497 -0.573021 -0.802703 -2.05542 0.0662038 -0.615403 1.63567 -1.07238 2.80352 0.914166 0.70285 -1.14098 0.695486 -0.404768 -3.48267 -0.819393 3.09128 0.76196 -2.10552 0.848422 -1.60217 -0.0710136 -0.639216 0.925294 -0.950078 -2.18177 -1.04621 1.11879 1.86776 -0.403576 1.84138 -0.612037 1.07696 0.170491 1.19639 -0.897357 -2.57776 -0.415304 1.44368 0.890129 2.40277 0.570116 -2.48316 -0.165464 0.0258543 -3.00837 
-0.410756 2.80709 2.03823 -1.08287 -1.55745 0.959819 1.40285 2.03928 -2.53512 -0.613923 -0.550138 -0.618468 0.509166 -0.483376 0.388506 2.06641 0.359933 -0.0260814 2.96773 -1.96124 -0.425901 -0.550534 -0.431819 -1.38012 2.55556 -0.691909 -0.199299 -1.23533 0.85386 -1.35976 0.606161 2.70782 -0.100912 -0.725496 0.477649 -0.595625 -0.73395 1.00763 1.24896 3.44333 -0.932863 -3.10263 -0.057553 -2.34159 -0.78687 1.11395 0.650584 -1.16272 -0.692395 1.35067 0.763314 1.04271 -0.377722 1.04813 -1.7185 0.536624 2.56576 -1.04726 -0.550908 0.43425 0.0822821 1.21862 -1.51899 -0.842725 1.0127 0.30327 0.825321 2.25793 0.118205 -0.768942 -0.9135 -0.752149 0.112988 -2.10214 1.48242 -1.06951 2.38749 1.28404 -1.88343 1.77069 -0.447063 -0.588112 -0.349226 -1.28152 -2.35918 1.24071 0.527103 -2.01669 0.361777 0.373453 0.280896 1.70725 -0.894652 -0.124316 -1.87006 -0.460167 -1.38873 -0.724118 1.73923 -0.563982 1.98277 0.134937 2.79854 -1.34434 -0.0804328 1.0719 0.0924764 0.580111 1.35462 -0.200547 -0.727555 1.08325 -0.595919 1.07509 2.39937 -1.02601 -0.290884 1.83952 -0.201698 1.94086 2.54661 -1.36777 -1.08625 -1.40522 0.343701 -1.0626 0.871771 -0.286443 -2.61587 -0.183959 0.225545 -0.898835 -0.876827 -0.218283 1.00932 -0.942142 1.20238 -0.0809935 -1.10887 -1.7373 -0.661744 -1.25502 -1.4905 0.0898182 3.36447 -1.14256 0.185299 -1.37642 -0.922694 -0.405768 -0.854665 -0.555011 1.59059 0.698414 -0.2299 2.00408 1.66468 0.299837 -0.377108 1.86653 -0.50652 -0.358912 1.06568 -0.773131 0.182971 -2.02588 -0.0376199 0.193694 -0.33811 1.68195 1.13359 0.604172 -1.99691 2.66524 -3.29349 -0.659175 -0.299308 1.16532 0.841065 0.326425 -3.32563 -0.951159 1.03148 -0.192417 0.868051 -0.972 -0.306152 1.75776 -1.57278 -1.77145 0.937587 -0.732626 -0.257223 1.62091 -0.481805 -0.954828 0.0711579 1.03039 -1.81528 -0.922777 0.64935 -1.16783 0.366877 1.07872 -0.080089 0.239606 -0.812527 1.49106 0.30909 3.82547 -0.0533601 -1.95335 -1.30489 -2.63691 0.416464 -4.07313 1.22365 -1.07122 -2.23799 -0.742365 2.01849 0.850913 -0.0622308 -0.914989 0.615043 -0.781104 0.642976 -0.925913 -0.0505581 -0.882218 2.25308 -3.36197 3.61327 0.53937 -0.700448 -0.763555 1.74231 -1.49851 0.125373 0.314181 -2.5832 1.16171 -1.48711 -2.19774 -0.930257 -0.0380512 -1.71422 -3.32222 -0.313416 0.86509 4.23464 0.176955 -0.831949 -2.96547 0.437598 -3.29911 -0.686753 1.9411 2.70988 1.74918 0.953097 0.327013 1.15113 0.0155171 -0.48545 -0.310149 1.69364 1.97209 -2.25127 0.113206 -0.762293 -1.86195 1.33119 1.78082 -0.55667 -1.04993 2.13632 -3.47725 2.68069 1.92862 -0.28956 0.16722 -0.349451 -1.29264 3.13204 1.68892 -1.98788 -0.693917 -0.557227 0.566904 2.8373 0.79532 -0.877952 1.39549 2.52314 2.22088 0.293962 -1.06658 0.697522 -1.21542 
-1.8254 0.217574 0.00994465 0.790298 0.0705839 -0.104806 -0.0383738 0.692192 1.37056 0.905429 -0.729545 0.533545 0.905141 -1.98724 -1.61212 -0.053775 0.313959 1.1243 -1.47715 3.42228 -0.519749 1.89893 1.49319 -0.772372 0.254397 1.19612 -0.977362 1.52354 2.31588 1.73519 -0.425285 1.83891 -1.1048 -0.504251 -0.952238 0.261217 -0.173541 0.33831 0.646109 -2.21296 0.0930166 -0.435684 1.5033 -0.833422 0.322794 1.49379 -1.80867 -2.13525 -0.870291 0.785896 -1.16872 0.41308 3.84584 -1.29584 -0.290456 2.31164 1.54267 -0.666962 0.756133 -1.86842 2.33967 0.381674 1.43689 0.13153 0.542908 -2.67922 -0.292252 -1.6411 0.142192 1.69468 -0.170771 0.936226 2.46248 -0.569919 0.780275 1.43405 0.653691 1.31985 1.69486 -1.63355 2.05702 -0.670777 1.07706 -2.27965 -1.87346 0.821603 -0.453027 -1.33614 -0.304416 0.02378 -0.251362 -2.22301 1.87707 1.08638 -2.66853 -0.919955 -0.00279272 -1.48317 -0.529658 -0.738746 0.173941 1.79686 1.28241 -0.834743 -1.48113 -1.08549 -0.426048 1.63493 2.94095 -0.873391 -0.740526 -2.12782 1.4584 0.179305 0.93894 -0.414722 -1.66622 -1.97084 -1.22417 -1.86123 -1.98734 0.0387707 0.117355 -1.02027 0.748899 -0.220451 1.48686 1.10431 -0.801678 -0.391568 -1.28642 -1.88911 -0.603279 0.875147 -1.78926 0.173304 2.09522 -0.19886 -0.11721 0.883276 0.341811 -1.21241 -2.17772 0.230967 0.675837 -0.433825 2.3646 -0.402073 1.64696 -1.5437 -0.649779 0.881438 -0.616611 0.0955678 -1.06368 2.21097 -0.0915496 0.719315 -0.48335 0.105771 -0.238224 -1.136 -0.835893 -1.17586 0.0668723 3.37623 1.0323 1.26191 0.969041 -1.82336 -0.0139853 -0.955377 0.381062 -0.625884 0.492484 -1.12155 -0.61203 -2.9456 0.481155 -1.74618 -1.41603 2.34834 1.84061 0.0603753 1.3592 -2.78398 2.30988 -0.634705 -0.435544 -0.0895872 0.765166 0.749341 2.62146 -0.055999 -1.75214 0.848895 4.32188 2.0055 -0.486386 -0.797886 2.08629 0.537886 -0.536559 0.511007 -1.00759 -1.2127 1.68205 -0.97026 -0.56244 -0.260149 -2.56898 0.460985 0.249325 -0.666242 -0.175588 1.05572 