500 1.00001
27.9662 27.9662 27.9662 
14 14 14 
1 1 1 1 1 1 1 1 1 1 1 1 1 1 1 1 1 1 1 1 1 1 1 1 1 1 1 1 1 1 1 1 1 1 1 1 1 1 1 1 1 1 1 1 1 1 1 1 1 1 1 1 1 1 1 1 1 1 1 1 1 1 1 1 1 1 1 1 1 1 1 1 1 1 1 1 1 1 1 1 1 1 1 1 1 1 1 1 1 1 1 1 1 1 1 1 1 1 1 1 
1 1 1 1 1 1 1 1 1 1 1 1 1 1 1 1 1 1 1 1 1 1 1 1 1 1 1 1 1 1 1 1 1 1 1 1 1 1 1 1 1 1 1 1 1 1 1 1 1 1 1 1 1 1 1 1 1 1 1 1 1 1 1 1 1 1 1 1 1 1 1 1 1 1 1 1 1 1 1 1 1 1 1 1 1 1 1 1 1 1 1 1 1 1 1 1 1 1 1 1 
1 1 1 1 1 1 1 1 1 1 1 1 1 1 1 1 1 1 1 1 1 1 1 1 1 1 1 1 1 1 1 1 1 1 1 1 1 1 1 1 1 1 1 1 1 1 1 1 1 1 1 1 1 1 1 1 1 1 1 1 1 1 1 1 1 1 1 1 1 1 1 1 1 1 1 1 1 1 1 1 1 1 1 1 1 1 1 1 1 1 1 1 1 1 1 1 1 1 1 1 
1 1 1 1 1 1 1 1 1 1 1 1 1 1 1 1 1 1 1 1 1 1 1 1 1 1 1 1 1 1 1 1 1 1 1 1 1 1 1 1 1 1 1 1 1 1 1 1 1 1 1 1 1 1 1 1 1 1 1 1 1 1 1 1 1 1 1 1 1 1 1 1 1 1 1 1 1 1 1 1 1 1 1 1 1 1 1 1 1 1 1 1 1 1 1 1 1 1 1 1 
1 1 1 1 1 1 1 1 1 1 1 1 1 1 1 1 1 1 1 1 1 1 1 1 1 1 1 1 1 1 1 1 1 1 1 1 1 1 1 1 1 1 1 1 1 1 1 1 1 1 1 1 1 1 1 1 1 1 1 1 1 1 1 1 1 1 1 1 1 1 1 1 1 1 1 1 1 1 1 1 1 1 1 1 1 1 1 1 1 1 1 1 1 1 1 1 1 1 1 1 

0 1.45177 0.985194 1.27924 0 2.03672 3.82225 3.55206 0 4.65142 1.07604 4.25188 0 4.05996 3.95339 0.840413 0 7.16345 1.52863 1.90791 0 6.75528 4.45231 4.50646 0 9.65018 1.82589 4.30036 0 9.96929 4.82147 1.77099 0 13.1354 1.55645 1.47051 0 12.8324 4.53741 3.57873 0 15.4516 1.85931 4.49334 0 15.7663 4.72231 1.4898 0 18.7801 1.71118 1.61237 0 18.2488 4.71192 4.19808 0 20.7581 1.48236 4.95782 0 20.93 4.26815 1.55445 0 24.566 1.89626 1.1483 0 23.5819 4.42838 4.16404 0 27.1484 1.00224 4.26347 0 26.1126 4.80827 1.64577 0 1.56328 6.84791 1.4412 0 1.43674 9.61043 4.01989 0 3.83769 6.87373 4.18912 0 3.35244 10.3486 0.95638 0 6.45441 7.05195 1.4824 0 6.98182 10.7889 4.35422 0 8.8306 7.99688 4.08974 0 9.46348 9.83328 1.09341 0 12.2635 7.5559 1.12219 0 12.096 9.92833 4.25106 0 14.8293 7.48709 4.08634 0 15.5051 9.83082 1.14066 0 18.4629 7.63941 1.62254 0 17.7541 9.81123 4.34429 0 20.9608 7.13804 4.23039 0 20.9873 10.0162 1.41246 0 23.4947 7.26966 1.74585 0 23.898 9.81379 4.32661 0 26.2973 7.10022 4.45987 0 26.6732 9.75254 1.60604 0 1.23835 13.0725 1.07247 0 1.05244 15.8065 4.04951 0 3.84395 13.2745 4.02274 0 4.60069 15.1434 0.696314 0 6.64459 12.3058 0.890325 0 6.88031 14.8029 3.38346 0 9.69018 12.6609 4.51222 0 9.68297 15.0181 0.78847 0 12.4564 12.2343 1.60186 0 12.8612 15.1995 4.03522 0 15.6278 12.5886 4.36193 0 15.2124 14.8248 1.17121 0 18.3336 12.5195 1.63159 0 18.5244 15.2262 4.25688 0 20.8665 12.7132 4.76923 0 21.1613 15.3196 2.02776 0 23.8567 12.7787 1.78971 0 23.791 15.4567 4.7146 0 26.5864 12.5188 4.30644 0 26.1145 15.4628 1.31598 0 1.31015 18.4505 1.34219 0 1.32531 21.1826 4.01134 0 4.75042 17.9614 3.53849 0 4.11224 20.7531 1.16572 0 7.0348 18.2445 0.840148 0 7.64972 20.5772 3.8828 0 9.5886 17.3734 3.58552 0 9.83512 20.7894 0.834436 0 13.0234 17.9169 1.22433 0 12.7447 20.7223 4.41267 0 15.458 18.139 4.51582 0 15.3418 20.9778 1.56987 0 17.5344 17.6956 1.58396 0 18.048 20.4979 4.13933 0 20.5107 18.2342 4.32857 0 20.8272 20.6125 1.25846 0 23.5425 18.3779 1.80752 0 24.0986 21.5454 4.4383 0 26.7008 18.392 4.05776 0 26.6901 21.3368 1.60172 0 1.30571 24.2894 0.986327 0 1.71086 26.15 4.24007 0 4.67043 23.1438 3.89509 0 4.31085 26.2182 1.42771 0 7.33895 23.701 1.4177 0 7.56724 26.4894 4.23998 0 9.84442 23.4372 4.16345 0 10.2073 26.7229 1.77027 0 12.7194 23.6389 1.79342 0 13.0243 26.79 4.13424 0 15.1969 23.4606 4.40726 0 15.8781 26.7753 2.02769 0 18.4232 23.5436 1.71437 0 19.0523 26.5748 3.63679 0 20.9156 23.2062 3.88703 0 21.6718 27.5217 0.983631 0 23.0294 23.5835 1.07586 0 23.6502 25.7453 4.24507 0 26.9932 23.8427 4.13618 0 25.8843 26.2137 1.48911 
0 1.71452 0.786861 7.51556 0 1.20227 3.57682 9.95832 0 4.1594 0.667707 10.0321 0 3.80315 3.4783 6.75488 0 6.77987 1.44739 7.11736 0 6.56498 4.05308 9.89297 0 9.54812 1.36449 10.0186 0 9.4983 3.83759 7.11452 0 12.3179 1.07385 7.09771 0 12.8973 3.75568 9.59274 0 15.6089 0.836124 9.70026 0 15.568 4.26603 6.86203 0 18.0269 1.47311 7.24797 0 18.6769 4.24233 9.78324 0 21.0067 1.40135 9.49389 0 21.063 4.23302 7.12919 0 23.6583 1.08635 6.51397 0 24.137 3.90011 9.71718 0 26.7509 0.813688 9.6119 0 26.7891 3.60915 6.6578 0 1.21201 6.38498 6.61773 0 0.966272 9.94041 10.3741 0 3.48262 7.00535 9.61922 0 4.5712 10.1684 6.93504 0 6.44547 7.17141 7.71252 0 6.52992 10.1422 9.97958 0 9.62277 7.1344 9.76392 0 9.58887 9.98085 7.29108 0 12.2073 6.53766 7.3348 0 12.3185 9.03725 9.66816 0 15.6305 6.76233 9.67158 0 14.5317 9.92774 7.04687 0 18.2776 7.19813 6.7775 0 18.2176 9.60156 9.90029 0 21.3117 7.19069 10.0144 0 21.1067 9.92295 7.25008 0 23.6241 6.74444 7.05569 0 24.1408 9.96958 9.96067 0 26.3289 7.03653 9.42614 0 26.0652 9.659 7.05547 0 1.20447 12.0439 7.01375 0 1.50435 15.728 9.9134 0 3.68392 12.5947 9.62164 0 3.92597 15.0879 6.91304 0 6.88413 12.9592 7.47958 0 6.77013 15.5057 10.6879 0 9.40438 12.5204 10.1887 0 9.46681 15.4299 8.21104 0 12.1346 12.6017 7.53104 0 12.3289 14.99 10.3995 0 14.9963 12.1285 9.69744 0 15.167 15.1987 6.86408 0 17.9711 12.0454 7.56249 0 18.0915 15.0157 9.46485 0 21.2701 12.1343 9.73992 0 20.7804 15.2053 7.22146 0 23.954 12.3754 6.97643 0 24.0441 15.3377 9.42542 0 26.8552 12.8223 10.0173 0 26.8237 15.1451 6.7574 0 1.63954 17.776 6.94527 0 0.969297 21.4199 10.7481 0 3.61753 18.5959 10.4529 0 3.79787 21.2919 6.92494 0 7.0099 17.8974 6.38316 0 6.68606 20.9996 9.78566 0 9.4 18.4809 9.98443 0 9.60741 20.59 7.39745 0 12.052 18.0937 7.11434 0 13.0175 20.9029 9.81545 0 14.9986 17.6525 9.78952 0 15.7399 20.8101 6.99314 0 17.9923 18.0302 7.5655 0 18.5895 20.7475 10.03 0 21.0638 18.5254 9.43973 0 21.1734 21.2772 6.93801 0 24.4278 18.8543 7.26187 0 24.2075 21.0639 10.5825 0 26.6644 18.5903 10.5425 0 27.6252 20.6457 7.38591 0 1.62286 23.7283 7.08202 0 1.06133 26.4848 10.6749 0 3.79449 23.8454 10.0765 0 4.08388 26.079 6.98503 0 7.17364 23.3703 6.79191 0 7.29979 26.0854 9.10395 0 9.90449 23.8053 9.66472 0 10.364 26.1879 6.6113 0 12.6053 23.3522 7.09687 0 13.1446 26.3533 9.41849 0 15.5789 23.7037 9.46928 0 16.2777 26.4754 6.65472 0 18.307 23.3244 7.10522 0 18.6003 26.1689 9.74779 0 21.2385 23.1877 9.77142 0 21.0908 25.4088 6.76028 0 24.3969 23.2224 7.44119 0 23.5291 26.441 10.0379 0 26.2715 24.1019 10.6221 0 26.535 26.1283 6.84579 
0 1.34022 0.979532 13.1702 0 0.832046 4.51389 15.2055 0 4.14403 2.36793 15.0638 0 3.69058 4.47778 12.2526 0 7.00618 1.62722 12.5149 0 7.62715 4.60582 15.5963 0 10.1873 1.71614 15.3834 0 9.66224 4.12068 12.6201 0 12.4521 1.00245 12.0326 0 13.0428 3.96349 14.976 0 15.9029 1.69066 15.1853 0 15.7593 3.6314 11.9154 0 18.1677 1.2713 12.4928 0 18.4841 4.21011 14.6233 0 20.9269 1.52797 15.2534 0 21.2803 3.72734 12.3889 0 23.8497 1.01298 12.7373 0 23.5401 4.515 15.2689 0 26.2138 1.80163 15.5096 0 26.7443 4.04063 12.5349 0 0.864099 7.07096 12.5468 0 1.08011 9.69325 15.8255 0 4.15091 7.29364 15.5411 0 4.05786 9.51309 12.4346 0 6.94524 6.91382 12.5744 0 6.95876 9.7349 15.4868 0 9.98839 7.09109 15.0459 0 9.25647 9.47377 12.3788 0 12.5937 6.10933 12.3166 0 12.3757 9.60775 14.9305 0 15.7291 6.48316 14.9324 0 15.0169 9.69849 12.3527 0 18.9485 7.37702 12.5281 0 18.0415 10.0763 15.3534 0 20.4229 7.31929 15.6885 0 21.136 9.87076 12.9498 0 24.0379 7.53262 12.3174 0 23.5894 10.3136 15.6687 0 26.1513 7.14728 15.0923 0 26.305 10.1162 13.2928 0 1.35376 12.8188 13.32 0 1.43723 15.7221 16.0168 0 4.1527 12.6056 15.4863 0 3.77057 15.2429 12.9984 0 6.55463 12.3174 12.8613 0 6.62676 15.6249 15.1544 0 9.92664 12.5936 14.9891 0 9.79615 15.5471 12.7422 0 12.7115 12.2921 12.6135 0 12.6942 15.3184 15.2189 0 15.1764 12.5712 15.2237 0 15.3191 15.2119 12.4973 0 18.2002 12.2145 12.2873 0 18.1441 15.2891 15.054 0 20.9064 12.9297 15.421 0 21.1554 14.9962 11.9035 0 24.2694 12.885 12.6951 0 24.0541 15.2345 15.617 0 26.5752 12.3354 16.0144 0 26.682 15.8818 12.9672 0 1.99722 18.6858 13.7591 0 1.73436 21.3046 16.0263 0 4.95867 18.5476 15.8179 0 4.28771 21.4066 12.8117 0 6.96772 18.7822 12.3604 0 7.75693 21.5314 15.6394 0 9.65046 18.4379 15.0025 0 9.68631 21.4267 12.401 0 12.2246 18.4857 12.4269 0 12.8855 20.8365 15.3877 0 15.1804 17.862 15.2341 0 15.6704 20.767 12.6275 0 18.3556 17.9839 12.7859 0 18.4721 20.8331 15.3547 0 21.3052 18.2414 15.4617 0 21.2622 20.4764 12.6816 0 23.4958 17.3007 12.545 0 23.7985 21.4028 15.6969 0 26.7945 18.2579 15.8781 0 26.8736 21.3222 13.8318 0 0.924732 24.2851 13.4065 0 1.74515 26.2196 15.8597 0 4.59831 23.8548 15.3139 0 4.37442 26.6895 13.0184 0 7.30958 24.0519 12.3708 0 7.42635 26.2577 15.9118 0 10.4034 23.9901 15.4013 0 9.96022 26.5356 12.6797 0 13.0094 23.4052 12.5061 0 12.7695 26.6312 15.1827 0 15.2158 24.1426 15.6541 0 15.5987 26.0318 12.1756 0 18.2448 23.343 12.2161 0 17.9685 26.6421 15.2668 0 20.9006 24.1652 15.831 0 21.062 26.5608 12.7567 0 23.7994 24.1853 13.227 0 23.2266 26.5716 15.9797 0 26.3655 24.0743 15.9645 0 26.0996 26.7324 13.5843 
0 1.2077 2.0085 18.0673 0 1.72878 4.56318 20.6648 0 3.91352 1.66434 20.9001 0 4.53049 4.07612 18.08 0 6.80522 1.4004 18.5329 0 7.18573 3.97698 21.0717 0 9.91254 1.36363 21.5285 0 9.96305 3.56838 18.6545 0 12.871 1.76194 17.9504 0 12.6259 4.34292 21.6104 0 15.2643 1.98781 20.7411 0 15.8657 4.56528 17.8239 0 18.5634 1.4797 17.885 0 18.1865 4.34462 21.1624 0 21.0164 1.68624 21.2905 0 20.6255 4.38493 17.4067 0 23.0925 1.37766 18.3077 0 23.3748 4.38544 20.7124 0 26.5278 2.20503 20.7115 0 26.3552 4.85609 17.918 0 1.44555 7.08814 18.1315 0 1.4794 9.92496 21.4853 0 4.7546 6.8982 21.0894 0 4.31139 9.42049 18.5587 0 7.14182 6.60085 18.6329 0 7.38367 9.74323 20.5817 0 10.0902 7.04789 20.5776 0 10.0279 9.60875 17.7742 0 12.5735 7.18061 17.6525 0 12.5212 9.75096 20.3869 0 15.3472 7.04361 20.8264 0 14.8995 9.96009 17.8871 0 17.7858 7.28223 17.9662 0 17.4932 10.0464 20.5673 0 20.7285 6.89454 20.4727 0 20.4476 9.78386 18.3896 0 23.3964 7.38552 17.9229 0 23.6508 10.227 21.0501 0 26.975 6.75362 20.9118 0 26.5301 10.0374 18.6745 0 1.94991 12.5304 18.5504 0 1.89046 15.7776 21.0858 0 4.75645 12.227 21.1783 0 4.58525 15.6253 18.4244 0 6.62829 12.4978 18.0643 0 7.09419 15.4023 21.5245 0 9.90083 12.626 20.5201 0 9.16372 15.0408 18.0152 0 12.1977 12.7309 17.9281 0 12.442 15.1005 20.8998 0 15.3431 12.685 20.7775 0 15.4969 15.2135 17.8573 0 18.4003 12.8443 17.926 0 17.8924 15.6686 20.7259 0 20.4976 12.8889 20.8388 0 21.2686 15.5493 17.9302 0 23.7716 13.0794 18.7631 0 23.8352 15.7914 20.8945 0 26.7884 12.8533 20.9564 0 26.925 15.7852 18.5839 0 1.46616 18.3214 18.1978 0 1.4024 21.1117 20.7065 0 5.25047 18.5654 20.5104 0 5.03073 21.0861 18.2001 0 7.84582 18.2527 18.1752 0 8.15041 20.8164 21.6696 0 9.55486 17.7453 21.2458 0 10.303 20.9329 18.1876 0 11.7118 17.6567 18.2751 0 12.091 21.044 21.0557 0 14.8765 18.0779 20.0854 0 16.0902 20.9677 17.8669 0 17.9834 18.0305 17.4607 0 18.4682 20.3453 20.9492 0 21.0361 18.0062 20.6384 0 21.07 20.9555 17.8581 0 24.2607 18.3774 18.2455 0 24.1237 20.652 20.7199 0 26.9765 18.2597 20.9145 0 26.6298 21.2652 18.3391 0 1.34323 23.8838 18.4606 0 0.799272 26.8228 20.772 0 4.79429 23.7261 20.347 0 4.18811 26.6936 18.3639 0 7.97837 23.4131 18.8383 0 6.9745 26.5124 20.867 0 10.0255 24.1436 21.6616 0 9.99414 27.0827 18.2301 0 12.151 24.2849 18.5864 0 13.1775 26.7449 21.4691 0 15.127 23.6579 20.9238 0 15.2264 27.1694 18.0449 0 18.8729 23.7364 18.5979 0 17.5337 26.4474 20.7073 0 21.0994 22.6907 21.2725 0 20.9909 26.6197 19.1639 0 23.4849 23.654 18.7242 0 23.569 27.193 21.4362 0 26.1399 24.3368 20.695 0 26.3432 27.1423 17.8861 
0 1.06788 2.12507 23.6514 0 0.702532 4.3926 26.5549 0 3.97137 1.13747 26.6371 0 3.88824 4.42008 24.0777 0 6.18109 1.45648 23.8861 0 6.91969 4.52692 26.7456 0 10.0538 2.12343 27.5169 0 9.37434 4.09054 23.8872 0 13.2726 1.45996 24.1572 0 12.7123 4.51453 27.2776 0 16.1192 1.71876 27.2373 0 15.9724 4.6588 23.7428 0 17.5903 1.37538 23.6967 0 18.5255 4.52325 26.1729 0 20.7357 1.6477 26.4563 0 20.7246 4.29657 23.5624 0 23.7751 1.53839 24.3263 0 23.4876 4.68803 26.0865 0 27.0959 0.882213 26.3601 0 26.1576 4.41462 23.7335 0 1.04589 6.67276 24.0778 0 1.00028 9.29494 26.5051 0 3.95232 6.86173 26.6338 0 4.15045 9.69507 23.6626 0 7.45145 7.07385 23.5308 0 6.72694 9.54251 26.6785 0 9.49386 7.03074 26.6408 0 10.1158 9.47881 23.6114 0 13.1455 7.307 23.4339 0 12.3898 9.73016 26.3087 0 15.3721 6.99675 26.8732 0 15.1787 10.2232 23.6623 0 18.1255 7.52769 23.4339 0 18.2214 10.0622 26.5622 0 21.0736 7.54415 26.5714 0 20.6219 10.1142 23.3741 0 23.4752 7.20532 23.2432 0 23.3634 10.3968 25.5928 0 25.7331 7.42421 26.7296 0 26.5968 9.81735 23.751 0 1.09171 12.4998 24.0584 0 0.772841 15.2944 26.3691 0 3.995 12.431 26.2101 0 3.92665 15.4388 24.1708 0 7.92383 12.4033 23.5889 0 7.3083 15.5624 26.0486 0 10.1735 12.5225 26.1107 0 10.1876 15.3726 23.4915 0 12.4354 12.4304 23.3158 0 12.8416 15.3549 25.9932 0 15.2861 12.3275 26.5982 0 15.0164 14.9841 23.2898 0 17.9326 12.5207 23.6394 0 17.5463 15.2129 26.1854 0 21.2026 13.4057 27.0439 0 21.0127 15.9157 23.6882 0 23.533 13.2619 23.4963 0 23.7203 16.395 26.8648 0 26.2042 13.0322 26.2015 0 26.3202 15.8767 23.3676 0 1.47208 18.5143 23.6398 0 1.77524 21.3351 26.3028 0 4.42993 18.168 26.4469 0 4.32537 21.2125 23.1315 0 6.84424 18.3554 24.0151 0 7.18717 20.9326 26.3226 0 10.0636 17.895 26.3719 0 10.3709 21.0845 24.3049 0 12.7861 17.8563 23.164 0 13.0587 20.5767 26.5109 0 15.6214 18.2897 26.3362 0 15.3165 20.4164 23.7214 0 18.0725 17.8242 23.4248 0 18.0894 20.7692 27.0637 0 20.1306 17.4888 26.6397 0 20.415 20.405 24.083 0 23.7218 18.4365 23.7544 0 23.4393 20.4458 26.81 0 26.8717 18.5361 26.4206 0 27.3301 21.1724 23.5405 0 1.50746 23.808 23.6075 0 1.37004 26.3107 26.3296 0 4.15872 24.2305 26.1044 0 3.65711 26.9383 23.5279 0 7.23075 23.8982 24.2058 0 7.14843 26.6436 27.2169 0 10.0949 23.9646 26.4684 0 10.3764 27.3737 24.5958 0 12.7573 24.0987 24.1636 0 13.073 26.5023 26.8124 0 15.7629 23.48 26.0803 0 15.7663 26.3234 24.1034 0 18.1334 22.791 23.5903 0 18.8596 26.5081 27.135 0 20.4705 23.4941 26.1803 0 20.0128 26.2769 23.5868 0 23.795 23.1721 23.6966 0 24.0756 26.2911 26.0827 0 26.5554 23.5444 26.0659 0 26.8363 26.3595 23.4465 

-0.250918 1.64847 1.85907 -0.169274 1.76128 -0.871488 -2.20662 -1.88095 -0.610595 -0.0119064 1.73625 -0.804611 -0.121633 -1.1854 2.5175 -2.45834 3.55698 1.71777 -0.584483 0.234227 3.20469 0.941239 0.656625 -2.03275 0.644118 0.117193 -2.02395 0.637523 -0.279469 1.34674 1.92489 0.737427 1.51322 0.282347 2.09955 0.529977 1.04054 -0.443588 0.201401 -0.559679 -1.57948 1.71821 -0.942958 -0.784879 0.989416 -2.22824 0.099888 -1.24645 -0.66616 0.53415 -2.02785 0.420524 -0.185853 -0.183095 -1.61776 1.68878 0.687154 0.488843 -0.36416 -2.17838 1.22393 -1.24756 1.58589 1.56867 -0.354515 2.14563 -1.02549 -0.569228 -0.691638 -1.67739 1.54598 -1.19108 1.0837 2.73367 -1.23731 1.003 -0.443861 -1.26071 1.72597 -1.64322 1.03104 1.65335 0.215005 1.17011 -1.25952 -1.32694 0.380132 0.525806 -1.59382 0.189189 -2.1482 -0.438089 0.199074 0.170281 -0.34901 -1.94921 -0.412824 -1.85027 2.13777 -1.36788 1.5678 1.58803 -0.948377 0.622754 0.135889 0.984204 0.823069 -0.467517 1.26409 0.651333 -1.31305 2.14878 1.49529 -1.24573 -0.118605 -1.12816 0.965718 1.0752 -0.260501 -0.98341 -0.170126 -0.972975 2.20615 0.293202 1.09173 0.0248101 0.0243661 1.37755 0.574343 -0.250467 -0.640704 2.52154 0.595666 1.33267 1.62229 1.29707 0.789271 0.715982 -0.502645 0.569752 -0.0239892 -0.451843 -2.44717 -0.339969 0.713645 -1.18824 -0.855826 -1.27578 -1.29509 -0.232536 1.23575 -0.361473 2.75065 -0.356494 -0.705699 -0.469626 -1.39166 0.745907 -1.47199 -1.14662 1.51059 1.15458 0.568043 1.10325 0.859695 -0.181507 0.00499115 -1.01028 -1.1763 -1.08182 -0.0394295 -0.413556 -0.543057 -3.82065 0.346748 0.376957 0.655642 0.0872784 1.01695 -0.51274 1.02252 -0.322305 -2.78677 1.44095 -1.03117 0.667538 0.283493 0.619742 -1.9217 0.0763725 -0.835672 -2.08957 0.681153 -1.53213 -1.48274 0.846172 0.0955277 1.80639 0.751755 0.904535 2.57249 0.483311 -0.358448 0.507467 0.240947 -1.3082 -0.596603 0.422133 0.569619 0.72479 0.665413 -0.862338 0.479259 0.431856 -1.38652 -0.390065 -1.92182 0.218243 2.53818 0.498879 0.0250869 2.50063 1.04878 -2.52269 -1.86805 1.01983 -2.83904 1.90165 -3.07972 0.77436 0.564405 0.577419 -1.26587 0.630716 1.827 0.519249 -1.21266 1.28443 -0.185589 -0.629174 0.96765 0.380955 -0.950582 -0.282609 2.33186 -0.987065 -1.69962 -0.231226 1.03519 0.624468 0.0208999 0.637165 0.406143 -1.34844 -0.15198 3.11308 1.04109 0.176221 -2.12889 2.64332 -0.483779 -0.34799 -1.20285 2.53445 0.702861 -0.70424 0.390243 -2.3976 -0.525832 -2.1936 -0.329401 -0.126699 1.14152 0.169567 -0.279147 -0.0763843 0.528612 -1.33853 1.19156 -1.3613 0.125743 0.214709 3.10759 1.60607 -1.87975 0.154306 0.211981 -1.90829 -2.58351 -1.62771 0.0776675 1.07968 -2.01274 2.36096 0.709648 1.34028 -0.078953 0.00805451 2.16906 0.317329 
0.634283 -3.51026 -0.100068 1.0274 -1.35705 -1.96569 -0.570646 -1.76147 3.00552 -1.24002 0.177569 1.27701 -0.05697 1.20036 -0.569888 -0.560722 1.14767 -1.15732 0.27024 0.86478 -0.0871542 0.446746 0.558168 -1.21291 0.366683 -3.63651 -0.25796 -0.498598 -2.10979 -2.18712 -0.90702 0.331103 1.2327 -0.658539 1.42733 -1.63865 -0.836265 2.0875 -1.47246 0.351596 0.0823855 -1.34714 -1.29723 -0.990864 0.446893 1.50656 -0.182979 -0.0511589 -0.798641 1.57459 -0.999749 0.716264 1.0319 -0.909529 -1.62886 0.247224 1.39532 0.0685756 -1.01043 -1.70062 -1.72048 1.04909 0.587316 0.384174 -0.637669 -0.525959 1.93487 0.4548 -0.894173 -0.711798 0.936852 -0.925523 -0.200258 -3.05769 -0.528227 -0.561759 -0.759087 0.545126 0.808624 0.0675248 2.27708 0.682447 0.0874993 0.854794 -0.170372 -0.186535 2.37583 1.34922 0.521905 -1.45752 -0.717168 0.816877 0.883408 -0.88462 0.246304 -0.350578 1.32037 0.594037 -1.13318 -0.398312 0.842855 -0.180073 -1.54108 -2.05278 1.68825 1.11714 1.17089 -0.328533 -1.62767 0.138503 -1.10082 -0.383494 -1.36297 1.00342 -0.563388 -3.23404 -2.08761 -0.646792 0.311413 -0.0750062 -1.44463 2.76559 0.500403 2.03549 0.492984 -0.406789 1.79167 0.949264 0.556077 1.40185 -2.75703 1.24611 0.740684 -1.84262 -1.68048 0.118674 -0.36109 -2.2396 1.42878 2.52763 0.767294 -0.833333 -1.30396 0.52512 0.82187 -1.62584 0.841551 0.640317 -1.26788 -0.794456 -2.24146 -0.8281 -1.88565 -1.62213 0.712196 0.468424 0.0732842 0.206237 1.63344 -1.02207 0.945292 2.23812 0.679842 0.362153 1.20415 -2.23164 0.777673 -0.19961 0.9598 -0.532462 -0.376775 -1.51701 1.07694 0.527088 3.30397 0.631615 1.12591 -0.44833 1.75054 0.394867 -2.84378 1.74895 -1.0782 2.00316 -0.620604 1.2162 -1.10213 2.2991 2.18853 -0.279829 -0.24069 1.70672 -2.02053 1.28991 -0.985966 0.0228548 0.77309 -0.204214 -0.378071 0.669838 1.58557 0.563251 1.90963 1.38348 1.37028 -2.37006 1.67362 -0.257741 -1.47421 0.59471 0.445558 0.377156 1.07974 0.108412 0.301993 0.117223 -0.565297 1.62175 -2.35231 -1.38478 1.19678 0.104932 0.455731 0.614638 0.0691171 -3.10033 0.477334 -0.471832 1.18634 1.16268 -0.296499 1.05723 -0.239774 0.0881321 1.00746 0.13167 -0.678657 0.644879 -2.19487 -1.51065 -0.873002 0.44171 3.71362 2.25317 0.221169 1.09018 0.839624 0.296328 0.366765 0.948324 -0.320815 -0.349429 0.453651 1.89336 -0.0961471 1.9056 1.91009 -1.02278 -0.290319 0.824863 -0.700004 -0.275418 1.32012 -1.3615 -1.36694 1.13732 -1.48425 1.91192 -1.87776 -1.76334 -1.40486 0.101279 1.65443 0.49413 0.69814 0.862255 1.40397 -1.29468 -0.195835 0.0658039 1.69714 0.911779 0.402461 1.85057 -0.112616 -0.595972 1.09398 2.46001 1.44487 -0.67361 1.95398 -0.998534 -0.880012 0.348969 1.56385 0.17079 -1.10062 -0.544598 1.22988 0.267764 
0.320443 2.5512 -0.655521 -0.0765666 -1.34308 -0.387564 1.68295 1.18944 -0.00904383 -0.849266 2.93648 0.00203864 -1.01309 -0.817881 -1.77864 1.34167 -0.611733 -1.47575 -0.606831 -0.963679 -1.20067 0.161034 0.744557 0.543859 1.77289 -2.68775 -1.38594 -1.20788 -0.331801 -0.168426 -0.337187 0.728572 2.44244 -0.519673 0.0578478 -2.20551 -0.28676 3.34726 -1.55157 -0.0116327 1.77228 -0.975188 -1.31018 -1.11173 0.702524 -0.67831 1.60664 0.620717 -1.41367 1.29806 0.440907 -0.657876 -1.80082 -0.16749 2.79756 -1.66054 -0.459719 1.30134 0.0139008 2.05563 1.79781 -0.650178 -1.62935 -1.71803 -0.128101 0.871028 2.08767 -2.23794 -0.450658 -0.192475 -1.31261 1.89687 2.29035 -0.994598 0.706908 1.96758 -0.864977 1.04715 0.626394 1.08902 -0.382935 0.0881545 -1.83345 2.3961 -1.10535 -0.147615 -1.11431 -0.345533 -0.881629 -1.08354 0.00932207 -2.12077 -0.440027 -1.7734 1.44857 -2.34463 -1.98636 -0.314148 -3.23263 -1.37157 -1.52612 -0.0675374 1.5444 -0.774507 1.58844 -0.0578279 1.27056 0.119503 -1.3514 -0.490323 -0.874481 1.55742 1.24555 -0.265977 -1.77107 2.454 -0.340991 0.0119701 -1.20413 -0.322857 0.0784168 0.707819 -3.65601 0.875588 0.149225 -0.547538 0.624652 -0.254412 -1.79807 0.37311 0.463254 0.439538 0.552957 -0.19589 0.297507 1.5265 0.521028 -2.41131 -0.46997 -0.160259 -0.037073 0.706017 -0.357035 1.47594 0.576152 -0.634101 1.05056 -1.40308 1.79894 1.46893 1.98843 0.618531 -2.43635 0.393352 -0.440737 0.0448746 1.1353 -1.2204 0.463833 -1.31352 -0.821118 -0.636914 -0.52193 1.4888 -0.731128 0.6261 0.816813 3.90031 -0.857928 -1.71017 1.55634 1.00127 -0.191976 0.684593 -1.02671 1.02743 -0.960851 -0.614039 0.580919 -0.292944 -0.605808 0.621908 0.58882 -1.20904 -0.358747 0.259452 -0.0411208 -0.872331 0.776083 3.128 -0.204147 -0.462729 1.22257 -1.19768 -1.83011 -1.0631 -1.51568 -0.416441 0.573197 0.639005 -0.290938 -0.0391431 -0.683257 -1.4339 1.55571 -1.95639 0.009568 0.031499 2.76236 1.43714 2.21302 -1.10256 -1.80388 -1.81734 0.170724 -0.389893 -1.03859 -0.423811 -0.688896 1.89903 0.704852 0.655341 0.37536 1.35548 0.300065 -0.93438 3.50843 -0.4518 0.39724 0.733083 0.260456 0.133406 -1.73852 -2.24547 -1.09501 0.310139 2.53392 -1.60027 -2.4822 0.171152 -0.0222863 -1.06832 2.50422 -0.0965271 -0.600905 0.497516 -0.959304 1.97922 0.549445 0.140717 -0.387206 -0.327291 -2.22246 0.301142 0.548278 0.617691 1.9374 -1.39162 -2.26333 -1.91211 0.924678 -0.211686 -1.0584 -1.68032 1.46597 -1.60323 -0.610375 -2.45084 -0.182052 -3.04926 -1.87601 -1.88923 -1.4997 -0.339433 -2.16955 -0.469848 -1.77316 -0.444389 2.05405 0.284127 0.72725 -0.232697 1.89609 0.831529 0.533283 -3.20244 -0.0684553 -1.80979 -0.723341 -0.0556312 2.36369 1.23263 -0.0413643 0.233606 -2.08311 1.20533 -0.601882 1.99155 -1.16517 -0.995554 
1.03073 0.412263 2.5088 -2.36577 -0.777651 -0.160345 -0.941733 1.67407 -0.860696 0.367117 0.340099 1.1686 -0.309335 1.0991 -0.331448 0.361561 0.715282 -1.29913 -2.20358 -0.664008 0.667006 0.415268 -1.43354 -1.378 -1.39604 -2.31734 -0.254647 3.75817 1.15764 1.67131 -0.895754 1.21301 -0.261611 -0.517846 0.487901 -1.9948 0.0671401 -1.18698 -0.787218 -0.0199036 -0.512962 3.42604 0.242807 1.69272 -1.39206 2.58695 1.49485 0.162864 -0.0694116 1.54086 1.22232 0.458578 -2.69018 -1.38828 -1.13352 -0.990261 0.446311 -1.139 2.14312 -0.139999 -0.378258 0.232246 -0.673217 -1.50185 1.01232 -0.235371 2.01555 0.179918 1.41119 -0.185832 0.0768592 -0.487823 -2.68631 0.252221 -1.30152 -1.51378 -0.986093 0.553474 1.7313 1.38405 2.6127 0.042593 -0.439976 -0.0461146 -1.00679 -2.64911 -0.761302 -0.389334 -1.17887 0.985532 -1.05113 -0.0100044 -0.9539 0.272906 3.08864 -2.28099 1.65827 -0.454259 -0.437333 1.031 2.54136 0.593711 -1.43137 2.09553 2.38372 -2.15435 1.64395 -2.8411 -1.25742 1.19829 -0.272315 1.39868 0.444042 2.57515 -1.69646 -0.535913 -0.597205 0.40802 0.880706 0.109966 -0.678055 -0.421434 -1.47528 -0.96096 0.333217 0.70044 1.12919 -2.16117 -0.482384 1.50565 1.09813 1.13838 0.590164 1.18822 -0.971395 1.13463 -0.12348 -1.73418 0.757937 0.11814 -0.685727 -2.43888 0.979163 2.74556 -2.35264 -0.44654 0.955856 -0.419301 1.01173 1.99218 -1.47744 0.180992 0.961026 -0.0817843 1.16957 -1.29245 -0.0610624 -0.131801 -0.990836 1.61738 -0.601648 -1.05668 1.41472 1.54501 -1.34613 -0.415213 0.415523 -0.504133 -0.196501 0.704698 -0.481846 -0.304574 -1.48637 -1.08234 0.41364 1.30322 2.94121 0.816486 2.15027 -0.899246 1.42878 0.546786 0.382656 0.333459 1.19158 1.41907 -0.45745 -1.31431 -2.56437 1.74 -0.488681 3.38783 0.766923 -0.700129 2.23698 -1.00343 3.19144 0.374398 -1.75845 -1.9073 0.360933 -0.230345 -1.69657 -2.1771 4.03321 0.0791823 0.746479 -0.0248627 -0.785808 1.05902 0.324909 1.77264 0.874142 -0.673208 -2.57424 0.0888124 -0.402291 -0.822565 -0.464045 -0.2706 0.225269 1.60941 -1.12005 -0.995441 0.945635 1.46635 -0.748727 0.927856 0.638147 0.0127827 -1.30259 0.688231 -0.965577 -0.645006 0.233241 1.45018 -1.79035 -1.8884 -1.02704 0.279675 -1.37786 1.27204 1.82048 -0.146025 -1.19041 -0.213833 0.0562127 -1.12873 -1.14813 0.689383 -0.394836 1.43305 0.366575 -1.96241 -0.544932 1.3083 1.68006 -1.94901 -0.00200945 -2.4195 -1.57399 -0.433188 0.537929 1.84786 0.498455 -0.28249 0.654559 1.92097 -0.943383 -0.931287 0.391821 -0.776009 -0.577953 -0.103072 0.788069 -1.53639 -0.245828 -0.307647 -1.73419 0.843809 0.546657 -1.0514 -1.49101 0.521587 -0.711382 -1.14016 -0.411293 0.922263 -0.466326 -1.92855 1.33395 1.10382 -2.3976 -0.345632 -3.10587 -0.319495 -0.315579 1.38006 -2.86813 -1.27938 
-0.598183 -0.0230387 1.05693 -0.352752 -1.08786 -0.652797 -1.36246 -1.32128 -0.985566 0.215074 -0.551982 1.19979 1.94947 0.702547 2.09792 -1.8447 2.21837 0.841975 -1.34218 1.0563 0.573463 -1.47582 0.999061 0.379154 -1.27051 -0.170601 -2.92218 1.09651 -0.029204 -0.178493 -0.302164 -0.493905 -0.321695 -1.03166 1.54722 -1.02031 -0.104511 -1.66225 -0.307906 -0.749525 -1.33887 -0.923464 0.731527 1.36086 0.579111 -0.614985 1.29497 2.32432 1.0834 -2.32927 3.14952 -1.23682 0.560967 1.98291 -0.950629 -2.19858 0.656882 1.46473 -1.24346 -2.70567 3.04576 0.608288 -2.6994 2.63742 0.705537 1.25126 2.17884 1.43955 1.03064 -1.90817 -0.727738 -1.8787 0.715889 -2.82554 -1.29041 -0.777271 -1.10492 -1.1458 -1.39668 2.20813 2.22775 1.64364 -1.28895 -1.83579 0.465657 0.887149 -1.21722 0.285676 -1.96368 -2.30622 0.080551 1.73244 -0.912764 0.857356 0.408835 1.64663 3.04934 0.926668 -0.559812 0.514791 1.0617 2.61668 -1.05476 0.776411 -0.599844 -0.976867 0.666803 0.678198 -0.459381 -0.489537 -2.21007 1.28382 0.516376 0.761112 1.79408 1.28917 -0.691047 -1.18769 -1.46413 2.3653 1.02082 -1.15028 -0.118023 -1.53442 0.110696 -0.408809 -0.277271 0.43326 1.64974 0.902101 2.98291 1.74546 0.464354 -0.348992 0.554044 0.871563 -0.257214 2.32853 -1.68432 -0.926187 -0.981197 -1.1533 1.75486 -1.93763 -3.2982 -0.984882 -0.0922766 -1.84979 -1.05196 2.557 -0.534105 0.0229507 1.32983 -0.71596 -0.663476 -1.32822 1.12718 1.35381 0.364842 1.98191 -1.25488 -0.346599 0.341871 -2.84383 1.0729 -2.08331 -0.852326 -0.0913347 -1.7629 1.42746 -1.88286 -3.52258 -1.39563 -1.30148 0.544309 -0.0131433 0.599042 1.98343 -1.50813 -0.314718 0.128576 -0.950409 -0.926387 0.455776 0.323576 -0.0457751 -0.150426 0.957138 1.27827 0.876177 1.45992 1.13358 -0.144065 -1.90812 -2.03787 0.364573 0.765673 -0.0669179 -1.20338 0.78805 1.72211 -0.143029 0.926113 0.558437 -2.30116 0.718431 -2.51895 -1.19634 0.938478 -0.273057 0.201241 -2.82142 0.793919 -0.425349 -1.164 0.885487 -0.265912 0.861475 -0.93974 1.63222 0.0219694 1.43242 2.40689 -1.08053 -0.93763 0.259425 -0.524941 -2.6863 -1.47565 0.784477 -4.20722 1.49765 0.479181 -0.0505827 0.00208766 -0.202658 -2.45724 -0.423212 2.1123 0.762772 1.79611 -1.13727 -2.53437 2.31645 -0.217558 2.84825 1.91535 -1.06668 1.37616 0.351267 0.246863 0.0921952 0.886799 0.00333287 -1.56994 -1.36647 0.00178198 1.68916 -0.414724 -0.198127 1.77705 -1.08713 3.65868 -0.0752437 0.892807 -0.781664 1.05888 -1.40232 0.090987 -2.13424 1.43746 0.146364 1.5723 1.04148 -0.997607 -1.00878 -0.800566 0.0120792 -1.28843 -1.74015 -0.27441 0.124915 0.820076 -1.7702 -0.105866 1.57095 0.756561 1.148 -0.391658 0.0818898 -0.932122 1.54712 1.04613 2.3112 -1.70031 -1.0387 -1.46014 -0.238735 -0.853107 0.208179 
