500 101.001
27.6174 27.6174 27.6174 
14 14 14 
1 1 1 1 1 1 1 1 1 1 1 1 1 1 1 1 1 1 1 1 1 1 1 1 1 1 1 1 1 1 1 1 1 1 1 1 1 1 1 1 1 1 1 1 1 1 1 1 1 1 1 1 1 1 1 1 1 1 1 1 1 1 1 1 1 1 1 1 1 1 1 1 1 1 1 1 1 1 1 1 1 1 1 1 1 1 1 1 1 1 1 1 1 1 1 1 1 1 1 1 
1 1 1 1 1 1 1 1 1 1 1 1 1 1 1 1 1 1 1 1 1 1 1 1 1 1 1 1 1 1 1 1 1 1 1 1 1 1 1 1 1 1 1 1 1 1 1 1 1 1 1 1 1 1 1 1 1 1 1 1 1 1 1 1 1 1 1 1 1 1 1 1 1 1 1 1 1 1 1 1 1 1 1 1 1 1 1 1 1 1 1 1 1 1 1 1 1 1 1 1 
1 1 1 1 1 1 1 1 1 1 1 1 1 1 1 1 1 1 1 1 1 1 1 1 1 1 1 1 1 1 1 1 1 1 1 1 1 1 1 1 1 1 1 1 1 1 1 1 1 1 1 1 1 1 1 1 1 1 1 1 1 1 1 1 1 1 1 1 1 1 1 1 1 1 1 1 1 1 1 1 1 1 1 1 1 1 1 1 1 1 1 1 1 1 1 1 1 1 1 1 
1 1 1 1 1 1 1 1 1 1 1 1 1 1 1 1 1 1 1 1 1 1 1 1 1 1 1 1 1 1 1 1 1 1 1 1 1 1 1 1 1 1 1 1 1 1 1 1 1 1 1 1 1 1 1 1 1 1 1 1 1 1 1 1 1 1 1 1 1 1 1 1 1 1 1 1 1 1 1 1 1 1 1 1 1 1 1 1 1 1 1 1 1 1 1 1 1 1 1 1 
1 1 1 1 1 1 1 1 1 1 1 1 1 1 1 1 1 1 1 1 1 1 1 1 1 1 1 1 1 1 1 1 1 1 1 1 1 1 1 1 1 1 1 1 1 1 1 1 1 1 1 1 1 1 1 1 1 1 1 1 1 1 1 1 1 1 1 1 1 1 1 1 1 1 1 1 1 1 1 1 1 1 1 1 1 1 1 1 1 1 1 1 1 1 1 1 1 1 1 1 

0 1.44249 1.55945 1.61897 0 1.22809 4.27295 4.28796 0 4.19085 1.61007 4.25619 0 4.89906 4.16939 1.54076 0 7.32399 1.58524 2.00889 0 7.25643 4.58347 4.15111 0 10.1804 1.6226 4.20692 0 10.071 4.51082 1.78912 0 12.6221 1.41363 1.51361 0 12.7203 4.55393 4.35996 0 15.2645 1.38415 4.44567 0 15.4765 4.66152 1.80458 0 18.3291 1.67679 2.00618 0 18.2044 4.44267 4.5153 0 20.6982 2.02543 4.92979 0 20.9655 3.97717 1.52582 0 23.7547 1.48144 1.61611 0 23.8096 4.54883 4.29888 0 26.0589 1.83775 4.23685 0 26.439 4.29717 1.47997 0 1.51296 6.65082 1.32322 0 1.6436 9.58574 4.45068 0 4.26352 6.94883 4.4408 0 3.61255 9.88194 1.50075 0 6.85682 7.52789 1.29049 0 6.78889 9.85752 4.36395 0 9.75404 7.0702 4.53725 0 9.62636 10.5706 1.45195 0 12.5391 7.45225 1.79063 0 12.4692 9.7096 4.43426 0 15.5219 7.2271 4.71405 0 15.782 9.89005 1.68219 0 18.387 7.17753 1.16053 0 18.2674 9.82984 4.43966 0 21.2066 7.44679 4.69003 0 20.9591 9.59978 1.63367 0 23.8319 6.79941 1.47249 0 23.9761 10.1933 3.63804 0 26.4322 7.23201 4.14218 0 26.5207 9.76959 1.21799 0 1.23782 12.5201 1.39013 0 1.66952 15.6176 4.51899 0 3.7549 13.0138 3.92502 0 4.22587 15.6555 1.21582 0 6.54522 12.1839 1.60941 0 7.26859 15.0454 4.34744 0 10.3698 12.8183 4.75843 0 9.72737 14.8031 1.61462 0 13.0704 12.8239 1.68815 0 13.2035 15.199 4.52872 0 15.49 12.219 4.17169 0 15.4273 15.6549 1.92711 0 18.2268 12.5006 1.89549 0 18.4076 15.2014 4.61579 0 21.1854 12.3727 4.27081 0 21.0897 15.0681 2.05712 0 23.5962 12.627 1.29263 0 24.1329 14.9904 4.55569 0 26.6754 12.3453 4.07111 0 26.4493 15.1229 1.61433 0 1.49319 18.5429 1.73439 0 2.14968 21.0467 4.30669 0 4.39929 17.9787 4.2511 0 4.2981 20.9087 1.38724 0 7.0546 17.9343 1.74785 0 6.91741 21.0439 4.26063 0 9.74327 17.4693 4.40092 0 9.61835 20.5738 1.20089 0 12.2719 17.7363 2.3024 0 12.744 20.9605 4.25955 0 15.9369 17.8972 4.65645 0 15.6099 20.647 1.99724 0 18.184 18.256 1.94586 0 18.3 20.6659 4.61946 0 21.014 18.2623 4.55094 0 20.5485 21.0446 1.28266 0 23.7111 18.0319 2.11599 0 23.4658 21.2286 4.40394 0 26.683 18.1003 4.51334 0 26.4983 21.3976 1.35194 0 1.56165 24.0236 1.49424 0 1.88093 26.5057 4.52214 0 4.50978 23.8481 4.1487 0 4.28101 26.4032 1.58651 0 7.01855 23.6099 1.35825 0 7.55159 26.2135 4.04524 0 10.0066 23.1478 4.06429 0 9.80848 26.216 1.15521 0 12.8067 23.2657 1.64156 0 12.2149 26.344 4.19519 0 15.7078 23.4965 4.44648 0 14.9977 26.3838 1.55711 0 18.0022 23.8219 1.19625 0 18.1486 26.6156 4.28424 0 20.5435 23.4913 3.88744 0 20.767 26.7829 1.70149 0 23.5334 23.8543 1.58644 0 23.6735 26.3587 4.58007 0 26.6219 23.8955 4.28074 0 26.4218 26.1959 1.64705 
0 1.29739 1.73273 6.87501 0 1.76424 4.05822 9.82793 0 4.29395 1.40003 9.25055 0 3.93183 4.27609 6.99649 0 7.13314 1.47582 6.20995 0 7.32392 4.05747 9.75051 0 9.60673 1.64512 10.0628 0 10.4111 3.99258 7.04205 0 12.5133 1.18114 7.34957 0 13.2645 4.59131 10.0439 0 15.3706 1.65963 10.0935 0 15.4719 4.42391 7.05794 0 17.9141 1.16332 7.64583 0 18.0312 4.33158 9.90806 0 20.6914 1.21471 9.65886 0 21.3682 4.73107 7.35551 0 24.0544 1.85024 7.32913 0 24.1139 4.06649 10.4844 0 26.6773 1.1982 9.67948 0 26.4898 4.38408 7.21757 0 1.46255 7.03092 7.17364 0 1.31199 9.82856 9.56447 0 4.05417 6.817 9.60881 0 4.13316 9.67671 7.47469 0 6.99817 7.23201 6.94868 0 6.86106 9.89792 9.76615 0 9.77607 6.80446 9.52609 0 9.78747 9.9133 7.3135 0 12.6368 7.27263 7.23974 0 12.2417 9.65023 10.0922 0 15.9267 7.3963 9.45098 0 15.3982 9.89998 7.10623 0 18.7134 6.88166 7.14134 0 18.7685 10.0125 10.0708 0 21.5858 6.9938 9.65711 0 21.187 10.2534 7.15974 0 23.9561 7.55197 6.81775 0 24.0799 10.142 10.355 0 26.6195 6.76328 9.8712 0 26.4358 10.4492 6.89503 0 1.85157 12.6888 7.25547 0 1.55314 15.0553 9.77209 0 4.36483 12.5738 9.9792 0 4.33794 15.4584 6.83886 0 6.80999 12.4897 6.94091 0 6.68901 15.0249 9.88841 0 9.74877 12.4908 9.79172 0 9.89145 15.4036 7.31163 0 12.8118 12.8619 7.30852 0 12.7262 15.6535 9.44781 0 15.538 12.7313 9.77259 0 15.8496 15.2249 7.05191 0 18.2396 12.1677 6.97931 0 18.0967 15.3396 9.65842 0 21.3709 12.9001 10.1583 0 21.3779 15.6415 7.23882 0 23.8731 13.0895 7.43315 0 24.034 15.8538 10.3613 0 26.5585 12.7404 9.96982 0 26.6725 15.1065 7.01243 0 1.44803 17.8998 7.32879 0 1.49024 20.8263 9.67624 0 4.49748 18.0184 9.71323 0 4.34526 21.1378 7.23036 0 7.20121 18.4323 7.15551 0 7.02926 20.7353 9.77219 0 9.99633 17.9038 9.94749 0 9.85086 20.7981 6.67025 0 12.5127 18.1509 6.72518 0 12.5364 20.4676 9.98027 0 15.4529 18.476 9.54643 0 15.3475 20.8154 6.75883 0 18.1689 18.299 7.30879 0 18.3422 20.7964 9.80303 0 21.2614 18.1006 9.99827 0 20.9266 21.2511 7.18098 0 23.9806 18.2131 7.01267 0 24.1126 21.1209 10.0109 0 26.1738 18.4387 9.74692 0 26.7106 20.9997 6.84627 0 1.77968 23.5069 7.21872 0 2.04587 26.1326 9.98208 0 4.69923 23.7066 10.155 0 4.70615 25.9371 7.28611 0 7.25589 23.2032 6.94137 0 7.08215 26.5874 9.52919 0 9.93662 23.099 9.75973 0 9.82718 26.3416 6.9579 0 11.9533 23.7164 7.04906 0 12.1545 26.3063 9.80359 0 14.8608 23.4108 9.25043 0 15.2938 26.6474 7.39613 0 18.4572 23.7604 7.4745 0 17.9299 26.3076 10.1494 0 21.0786 23.5891 10.0088 0 21.0926 25.9855 6.94953 0 23.8048 23.3456 7.30003 0 23.5047 26.417 10.0378 0 26.5476 23.8188 10.1848 0 26.178 26.2987 7.38661 
0 2.16271 1.30951 13.07 0 1.78479 4.19547 15.6328 0 4.4853 1.6304 15.8381 0 4.50221 4.23672 12.3176 0 6.57882 1.58526 12.5847 0 7.06204 4.62157 15.4206 0 9.54578 2.07575 15.3014 0 10.2556 4.40367 12.3877 0 12.1196 1.43544 13.0187 0 12.4361 4.74144 15.1594 0 14.9904 1.20138 15.2994 0 15.4327 4.41762 12.8571 0 17.8231 1.29649 12.7665 0 18.3153 4.30045 15.1477 0 20.7866 1.82252 15.2166 0 21.1626 4.03273 12.7074 0 23.8842 1.18274 12.3336 0 23.7655 4.17488 15.1366 0 26.7898 1.34826 15.6784 0 26.7885 3.80956 12.8517 0 1.73383 6.91108 12.4916 0 1.84311 9.842 15.4035 0 3.88682 7.26811 15.7569 0 4.43583 9.85917 12.203 0 6.89934 6.87781 12.5816 0 6.83942 10.0515 15.896 0 9.48298 7.29226 15.317 0 9.74373 9.45772 12.5923 0 12.6952 7.03794 12.4905 0 13.2189 9.54301 15.3605 0 15.5364 6.76745 15.5789 0 15.7091 10.2131 12.9621 0 18.5478 7.21728 12.5784 0 18.014 9.82909 15.6411 0 21.0295 7.12313 15.2695 0 21.0921 10.2013 12.7266 0 23.7201 7.10556 12.5128 0 24.0791 9.81195 15.2987 0 26.9927 7.15133 15.297 0 26.5787 9.58068 12.6625 0 1.29562 12.3329 12.6432 0 1.77585 15.7219 15.2398 0 4.02044 12.8022 15.16 0 4.25096 15.1172 12.4733 0 6.96546 12.6723 12.574 0 7.01221 15.2704 15.1737 0 9.70617 12.2445 15.3454 0 10.2607 15.674 12.6747 0 12.3354 12.6335 12.9955 0 12.7689 15.6934 15.157 0 15.163 13.0696 15.0345 0 15.8051 15.4895 12.6923 0 18.2402 12.784 12.9274 0 17.9222 15.5148 15.2804 0 20.8875 12.5489 15.4312 0 20.714 15.5571 12.5231 0 24.1056 12.9188 13.4164 0 23.3517 15.6077 15.659 0 26.8933 12.7867 15.5914 0 26.6914 15.1511 12.6575 0 1.79394 17.8737 12.131 0 1.81102 20.8605 15.2811 0 4.31832 18.0487 15.2673 0 4.70127 20.5634 12.6541 0 6.90094 17.6603 12.5036 0 7.19922 20.3316 15.2899 0 10.0636 18.2608 15.4046 0 9.95448 20.3891 12.5221 0 13.0608 17.9951 12.5185 0 12.7296 20.9968 15.0071 0 15.3094 18.7038 15.1519 0 15.2345 21.3372 12.155 0 18.0596 18.3434 11.8417 0 18.0662 20.8104 15.0704 0 20.4322 17.9829 14.7891 0 21.1098 20.6142 12.5349 0 23.9046 18.3412 13.0157 0 23.8756 21.038 15.6885 0 26.2808 17.9299 15.5592 0 26.8227 20.532 12.5377 0 1.55431 23.1392 12.5923 0 2.03986 26.4287 15.3971 0 4.22391 23.2771 15.4893 0 4.65307 26.1304 12.6764 0 7.51258 23.3906 12.4677 0 7.24154 26.5857 15.7767 0 9.95733 23.7294 15.1252 0 9.29064 26.455 12.7594 0 12.2571 23.375 12.3835 0 12.1863 26.7281 15.5547 0 14.979 24.1519 15.1766 0 15.0804 26.0752 12.2097 0 18.3459 23.8871 12.8134 0 17.904 26.5409 15.4514 0 20.8803 23.8133 15.1261 0 20.8498 26.5404 13.0733 0 23.603 23.215 12.5914 0 23.777 26.7625 15.1022 0 26.4809 23.6071 15.0287 0 26.8369 26.736 12.9688 
0 1.55352 1.57711 18.1604 0 1.73795 4.04452 20.9712 0 3.99978 1.54626 20.8714 0 4.27893 4.18008 18.4677 0 7.1598 1.43567 18.8071 0 7.1944 4.33037 20.9711 0 10.1685 2.0112 20.7784 0 9.33868 4.3807 18.2859 0 12.1709 1.97817 17.8612 0 12.529 4.42776 20.9768 0 15.367 2.04925 20.6816 0 15.6575 3.72544 17.5753 0 18.1086 1.65012 18.2972 0 18.8605 3.70067 20.9406 0 21.2722 0.938262 20.8692 0 21.1418 4.38968 17.638 0 23.6167 1.27798 18.2618 0 23.5078 4.16621 20.7837 0 26.6293 1.55286 20.3898 0 26.2075 4.74607 18.4199 0 1.3569 7.18565 18.4779 0 1.48002 9.91334 21.0489 0 4.11426 6.97204 20.8892 0 4.45596 9.76555 18.7388 0 6.74458 7.12882 18.0879 0 7.05846 10.1152 21.3748 0 9.15816 7.28985 20.7941 0 9.62521 10.4113 18.3521 0 11.9568 7.21693 18.0529 0 12.2279 9.70384 21.0034 0 15.7161 6.74193 20.4274 0 14.7694 9.82748 18.5684 0 18.3914 6.63277 17.7748 0 18.132 9.61552 19.8771 0 20.8242 6.81867 20.8164 0 20.9168 9.92689 17.9158 0 23.6865 7.19591 18.1885 0 23.5006 10.2993 20.6729 0 25.9519 7.54433 20.9527 0 26.3489 9.87127 18.2857 0 1.5186 12.7461 18.7717 0 1.58717 15.4815 20.984 0 4.17545 12.4904 21.1331 0 4.45867 15.5542 18.4456 0 6.875 12.7225 18.2603 0 7.35414 15.1422 20.9751 0 9.90398 12.7201 21.2557 0 10.4863 15.3404 18.2252 0 12.449 12.5198 17.8235 0 12.8313 15.9297 21.0535 0 14.9687 12.7117 20.7522 0 14.8735 16.0895 18.27 0 17.8836 13.1086 18.018 0 17.9154 15.7247 20.8588 0 20.8577 12.663 20.8542 0 20.4341 15.143 18.1761 0 23.6631 12.8096 17.7481 0 23.3775 15.0896 21.1963 0 25.893 12.7417 20.608 0 26.5189 15.2935 18.2081 0 1.22503 18.0982 18.0768 0 1.65632 21.2535 20.6913 0 4.68078 18.0869 20.7362 0 4.48317 20.51 17.9263 0 7.67024 18.0532 18.0707 0 7.07213 20.7018 20.8329 0 9.80349 18.5539 20.9828 0 10.3283 21.4365 17.9951 0 12.4251 18.6497 18.0634 0 12.8014 21.0252 20.9514 0 15.5963 18.7516 20.8943 0 15.6339 21.2017 17.7691 0 18.089 18.3812 17.8328 0 18.1804 21.0699 20.3876 0 20.7849 18.3659 21.0998 0 20.7837 20.4893 17.9261 0 23.1783 17.9185 18.3211 0 23.372 20.8018 20.6302 0 26.0004 17.8191 20.9763 0 25.9355 20.54 18.354 0 1.23472 23.4687 17.9537 0 1.13842 26.1161 20.7714 0 4.63183 23.4606 20.6253 0 4.41305 26.4758 18.0049 0 7.14485 23.1769 17.663 0 7.02944 26.8397 21.5985 0 10.0003 24.0831 21.3284 0 10.0807 26.199 18.7198 0 12.9537 23.9875 18.3066 0 13.0796 26.8896 20.9443 0 15.7845 23.7348 20.5403 0 15.0756 26.7854 18.2763 0 18.7344 23.9303 18.0341 0 17.7633 26.6316 20.9 0 20.4822 23.7627 21.0121 0 20.7595 26.6346 17.8895 0 23.326 23.6135 17.8884 0 24.1883 26.2118 20.9131 0 25.9692 23.2505 20.8333 0 26.3616 25.8887 18.0786 
0 1.23409 1.6563 23.6122 0 1.33092 4.0855 26.5783 0 4.07731 1.59891 26.5693 0 3.74812 4.23993 23.7956 0 7.06926 2.04202 23.6367 0 6.78907 4.20882 26.423 0 9.66069 1.72191 26.763 0 9.47322 4.62217 23.7376 0 12.8037 1.81746 23.6667 0 12.1567 4.30563 26.3958 0 15.3834 1.68703 26.408 0 15.9209 4.39525 23.6579 0 18.1697 0.994333 23.6504 0 18.0419 4.00051 26.8245 0 20.729 1.35208 26.6584 0 21.2127 3.32681 23.4122 0 23.9787 1.18763 23.4931 0 23.7804 4.01913 26.4036 0 26.3197 1.33486 26.7097 0 26.1917 4.27771 23.2134 0 1.50327 7.06245 23.5842 0 1.25742 9.58546 26.0587 0 4.14335 7.21103 26.5096 0 3.86505 9.95371 23.6722 0 6.17436 7.05439 23.637 0 6.77007 9.96599 26.3984 0 9.26775 7.26034 26.0335 0 9.80074 9.95314 23.7081 0 12.0492 7.01469 23.3846 0 12.0924 9.62754 26.3843 0 15.6673 6.95599 26.3569 0 16.2949 9.61174 22.9069 0 18.8111 7.25513 24.1876 0 18.1196 10.1075 26.5538 0 21.3307 6.70495 26.32 0 20.9378 10.0881 23.8132 0 23.5824 6.5388 23.7178 0 24.2737 9.69333 26.437 0 26.2606 6.83549 26.1955 0 26.5637 10.0604 23.4936 0 1.25531 12.8921 23.57 0 1.26043 15.8297 26.6762 0 3.76068 12.8778 26.4493 0 4.0036 15.5034 23.8247 0 6.67628 12.6584 23.9784 0 7.0032 15.4995 26.2714 0 9.71342 12.8651 26.1019 0 9.99021 15.8569 23.5345 0 12.4912 12.4943 23.7403 0 12.1937 15.6808 26.615 0 15.1529 12.6089 26.3658 0 15.46 15.7144 23.5327 0 18.0801 13.4351 23.5447 0 18.1653 15.0869 26.8878 0 20.8644 12.6152 26.5077 0 21.1104 15.8328 23.8618 0 23.8107 12.2704 23.985 0 23.5072 15.2747 26.7655 0 26.644 12.7318 26.2944 0 26.0695 15.7147 24.0336 0 0.892873 18.4045 23.575 0 1.48796 20.6504 26.3464 0 4.42181 18.2878 26.2854 0 4.08609 21.0188 23.3714 0 7.14788 18.2011 23.7991 0 7.07866 21.3366 26.2763 0 9.56744 17.8342 26.7346 0 9.41826 21.0653 23.6137 0 12.6366 18.2864 23.7344 0 12.4334 20.8881 26.367 0 15.1054 18.4971 26.1488 0 15.2989 21.2645 23.4416 0 18.322 18.3348 23.5053 0 17.8138 20.7551 26.3991 0 20.5994 17.7319 26.8444 0 20.9434 20.9874 23.7674 0 23.2121 18.3217 24.5721 0 23.6549 21.5141 26.5333 0 26.1641 18.3461 26.8889 0 25.9419 20.809 23.5052 0 1.48084 23.4763 23.6844 0 1.67493 26.4801 26.7571 0 4.20916 23.6754 26.3601 0 4.21547 26.2086 23.4757 0 6.83472 23.6294 23.3534 0 7.16859 26.7249 25.6952 0 9.72688 23.7454 26.0347 0 10.453 26.9925 23.3759 0 12.6842 23.9219 23.5445 0 12.7207 26.5357 26.2959 0 15.3263 23.6732 26.222 0 15.2841 26.3533 23.6699 0 17.8884 23.8262 23.4813 0 17.8513 26.6013 26.818 0 20.8854 23.6888 26.6442 0 20.9105 26.0374 23.422 0 23.95 23.6932 23.8791 0 23.4899 26.4959 26.2519 0 26.4488 23.7597 26.4863 0 26.5612 26.1828 23.7501 

2.27238 -1.69527 -0.327562 1.30656 -1.13946 -2.76595 1.07521 -1.00345 2.30664 -3.06884 1.81202 -1.41561 1.68745 1.76188 -0.981399 0.139154 2.11051 0.461622 0.937677 0.0390481 -2.1504 -1.09823 1.56132 -1.15372 -0.05971 1.39739 1.97866 -0.535835 0.0616108 -1.0194 -0.420182 0.00166755 0.0990431 1.84048 1.08369 0.0387438 1.06108 1.60755 -0.962454 -0.542246 1.09618 -0.272867 -2.54321 -0.558173 0.297679 -0.200033 0.47222 0.0454994 -1.36387 -0.576188 -1.72624 -1.28019 0.271615 0.0228146 1.4325 0.88525 -0.2145 -1.72958 -0.549692 0.798261 -0.157587 -0.15827 -0.353116 -1.22204 -1.19218 -0.435373 -0.877634 -1.49836 -1.05127 -2.18185 0.157374 0.866591 1.51824 -0.540222 0.0983408 -0.635947 0.790437 1.38193 -0.670262 1.22712 -0.533556 -1.01464 0.279563 0.76035 0.465034 0.353177 0.601808 0.436972 -1.37433 2.70166 0.193279 -1.38896 -1.76928 -1.9965 -1.10871 0.588251 0.119199 0.260733 -2.76105 -0.250856 2.22413 -0.351215 -2.90109 0.64991 -1.5887 0.340722 1.03457 0.212349 -1.81363 2.11109 -1.91854 -0.592044 0.18077 -0.523043 -0.0230815 -0.137476 -0.256932 -0.948629 -0.859297 -1.38414 -0.138871 2.13764 0.873022 -1.56194 1.18512 0.556725 2.53622 -1.79506 -1.67622 0.332102 -1.46869 0.521382 2.36767 -2.34519 1.54339 0.621111 -0.707976 -0.219981 0.445655 0.840873 0.644478 2.67107 -1.22571 -0.030834 0.348009 1.26176 -0.79955 -2.01884 -0.65855 1.53946 -1.95012 -0.72203 0.646417 -1.65485 1.29484 -1.92166 0.289105 1.0304 -0.10422 -1.27204 0.0718417 0.0973117 -0.756376 -0.868157 -0.515633 -1.97495 -2.3773 1.72973 1.68082 0.312684 1.49474 -0.169028 1.92694 -0.787683 -2.26169 2.47416 -2.24797 0.837181 0.412601 0.706737 -0.687601 1.37414 -1.52367 -0.776553 -0.0267393 2.50785 -1.03472 -1.27459 1.96002 0.306816 0.261251 -0.0160511 2.44583 2.03251 1.07444 -3.62914 -0.152658 -0.956226 0.396725 -1.55512 0.748022 -1.19394 -0.948633 -0.242364 0.023071 -1.30239 0.457155 0.765589 -2.91679 -1.75181 0.478238 0.0527713 -1.99431 -1.7477 0.529274 0.639505 -0.190604 0.352695 -1.05409 2.53077 1.05004 0.370076 -1.55004 1.94224 -0.194816 1.12446 1.40651 0.703366 0.494252 -0.223183 0.400651 -2.08148 1.02361 -1.43487 -0.0143903 -0.451541 0.40074 1.09821 0.321566 1.09334 0.116929 0.325005 -0.944304 1.76829 0.970835 1.38118 -1.29555 1.75634 -0.00512063 1.81031 0.0967725 1.32259 1.92641 -0.788431 0.482528 -0.668234 -1.42128 1.29768 -1.65879 1.18745 1.85781 -3.13486 1.8167 -0.119758 -1.67503 -0.372068 1.06646 0.337159 -1.26883 -1.50395 -0.124196 1.56467 -0.113739 0.816313 -0.806896 1.8477 -0.165387 -0.0998827 1.38642 0.713792 1.71138 1.96687 -0.684746 -1.06228 0.395499 0.660097 2.0842 -0.463311 1.31892 -0.303819 0.277353 -1.66949 -1.764 0.813787 1.69746 1.61222 -0.893351 0.474262 1.8237 2.82265 
1.44723 -2.84892 -0.603291 0.31299 0.111214 0.247774 0.891349 -0.137865 -0.368684 -0.201972 1.15786 -1.28031 -1.08853 2.54576 0.0493563 1.14995 0.689596 -0.574248 0.993567 0.0226601 -1.91183 1.3735 -1.03001 -0.00430771 0.725995 0.24869 -2.23119 0.269881 -1.74822 2.84452 -1.39695 0.299623 -0.972859 -0.915688 1.06262 2.27835 -0.0182548 -0.240522 -1.20159 2.41387 -0.0392979 -0.915538 -0.0474311 -3.34398 2.58301 -0.428578 0.268941 -3.36934 0.243594 -2.51071 2.1162 -1.83945 -0.399361 -0.773808 -0.492708 -1.99077 -0.864537 -0.881468 -0.786947 -2.35039 -2.35916 1.01857 -1.25747 1.61486 -0.851965 0.591937 -2.01932 -0.183995 -1.13652 -0.809307 0.77098 0.0407577 0.673944 0.443497 0.647581 1.03002 0.0219097 1.69772 -0.249788 -0.290094 0.867638 -2.3983 -0.450131 0.476964 -1.09186 0.101738 -0.494011 0.578077 -1.18468 -0.131302 -0.170939 -0.934089 0.132803 0.957447 -0.86251 0.108346 0.813554 0.954847 -0.0824704 -1.21809 0.9021 -1.42205 1.15963 -1.62967 -0.633298 2.55548 0.217913 2.95122 -1.96185 1.1172 -1.72337 0.54813 0.293942 1.41662 -0.974079 -2.31729 1.99982 1.26114 0.776434 -1.32152 -0.434924 -1.84025 -0.181423 1.06875 1.61221 -0.203417 0.656609 0.4423 -1.10944 -2.15219 1.0353 -2.49962 0.984804 0.559275 -0.48359 1.05382 -0.284527 -1.13176 -1.89979 1.078 1.67452 1.09394 -0.929594 0.482376 -2.14972 -1.8948 0.466807 1.25228 -0.851742 1.12762 -0.793763 -0.744923 0.943652 -1.77073 -1.79077 0.985388 -0.848487 1.785 -0.178252 0.811849 0.0745752 -0.395028 2.33436 -1.36864 -0.970357 0.0595755 -1.15717 1.09979 -0.59368 1.11359 -0.800298 -1.50057 0.665057 1.08337 1.3246 -1.08001 -0.212468 0.478522 -0.932419 -0.232908 1.62189 0.757837 -0.749791 0.971682 1.29573 -0.41638 -0.0242235 0.214154 0.530901 -0.800621 -0.0455307 0.22732 -0.146491 -1.06214 0.781426 2.4465 -1.04891 -0.316893 -0.740412 -1.33099 -3.18346 0.962762 0.780359 -0.00437165 -2.01275 -0.459294 0.935025 -0.913777 -0.628558 -1.33283 -0.669924 1.46997 1.62336 0.540323 -3.30804 -0.317305 -2.46726 0.80828 2.40285 -2.41667 -0.0237246 1.11549 -0.413285 -0.822809 -0.34177 0.762056 1.38174 -1.28181 0.944114 0.189682 0.407472 0.576258 -2.08573 -0.365815 -2.11002 -1.78709 0.523788 0.440083 1.88917 0.0121306 0.282868 2.40311 1.45195 0.0299667 0.0718056 0.762637 -0.856701 -0.688455 -1.05324 -2.92904 1.32502 1.01427 0.845427 1.95088 0.529496 -2.03507 -0.308643 1.84377 -0.219437 1.02808 1.2314 0.932704 1.03239 -0.215113 2.03254 -0.313952 -0.716283 -0.556989 1.20625 0.358781 -0.0833064 0.279987 -1.59151 3.08742 1.69472 -1.78678 1.83811 -0.856339 -1.70564 -0.423139 -0.876538 -0.299819 -0.756283 -0.87745 0.539413 -1.33485 -1.21358 0.602487 1.14256 -1.51203 -0.388633 -1.7803 0.30409 0.725002 0.7855 -1.46767 1.64303 0.8266 -1.95508 1.73698 
1.40499 -0.0183877 -0.292308 1.72553 -0.582832 -0.104164 2.14415 2.49592 -1.16668 -0.117299 -0.305004 -0.927306 -0.83265 -0.508346 1.97896 0.595945 -1.7197 2.45389 -1.06303 -2.628 -0.287842 1.90448 0.215616 -2.22563 0.751995 0.143193 -0.2472 -0.445531 0.31712 -1.69839 -2.12012 2.32293 0.925126 1.30787 -0.0700984 1.69038 -2.49633 1.21625 0.387239 1.40478 -1.33166 0.413694 2.31761 -0.355288 -0.165955 -1.1849 -0.884844 1.0218 -0.232515 -0.487634 -0.271147 0.095927 -0.860007 0.176462 1.52079 -1.21348 1.34929 -0.719582 0.557065 1.2212 -0.782823 0.64794 -0.388573 2.04505 -0.540314 -0.225987 0.130399 -0.922856 0.444996 -0.641745 1.39595 0.765206 0.797102 0.846871 1.36652 -0.144845 4.11564 -1.12257 0.583241 1.77405 1.19826 -1.40365 -0.316622 -0.554646 -0.858304 -0.0211296 -0.0601733 -0.627684 -2.64302 1.9704 -0.32121 -1.10514 0.433144 -2.57361 -2.37238 1.63414 -1.11691 0.403971 0.554022 1.65022 -1.33194 -1.37489 0.38153 0.136518 -0.487939 -1.33115 0.99625 0.825164 1.44998 -0.435011 -0.0659268 0.17066 0.893291 0.571553 -0.899035 2.66583 1.20377 -0.380685 2.00608 0.26119 0.916247 -0.0914151 -0.330299 -3.21343 0.939726 -0.176175 1.93962 1.39495 -0.116387 1.14475 0.309249 2.74827 3.32715 -1.2178 -0.702447 -1.35762 -1.13549 -2.62673 -1.5152 -0.0938223 0.541032 -0.700728 -0.550203 -0.194865 -0.796076 -0.397204 -2.07606 1.31454 2.48646 -1.86036 1.47569 0.648125 -1.26413 -0.210227 0.49472 0.264027 0.160146 -0.711161 0.692849 0.390866 -0.602767 0.0969961 -1.56837 -0.975148 -0.0719533 -3.08363 0.711558 2.0629 0.135392 -1.30646 0.791539 -1.57896 -2.02413 -3.65716 0.457308 -0.695245 3.15534 0.241885 0.191164 -0.453141 0.619988 -0.87809 1.05723 0.726027 -0.920068 1.33426 1.82593 0.368686 0.485807 -1.30373 1.02488 -2.54039 -2.16546 0.0951118 -0.492871 -0.666504 3.57168 0.278854 0.121981 1.12742 -0.519662 1.08183 0.941717 1.33143 0.78588 0.816011 0.166513 -2.19168 -1.45767 -1.14499 -0.00295429 0.0724964 -1.11684 0.344806 2.23116 0.386376 0.339761 0.228514 0.47667 0.660437 0.721057 1.50891 0.501801 1.58615 0.209619 0.425474 -0.696651 2.23477 -1.04568 1.11872 -1.18967 0.542399 0.784769 -1.74386 2.7114 3.18522 1.19191 -1.03022 -0.445942 -1.33884 -0.331783 0.293214 0.747394 1.52548 -1.47927 1.2059 1.98812 -0.655711 1.76626 0.308042 -0.11417 -2.21855 2.1882 -0.29747 -0.185476 -0.70973 0.955042 1.13946 -2.62071 0.172637 -0.502264 1.51427 0.601688 -1.42242 -0.638459 -0.682521 -1.15298 -0.164399 -0.622721 -1.37554 -0.153699 -1.87742 -1.93684 -0.579405 0.260159 -1.08897 0.0415698 0.702606 1.64847 -1.16086 0.877292 -0.74307 -0.66326 0.0385578 -0.504993 -0.175171 0.744334 1.02235 1.73864 -0.693897 -0.205216 -1.4463 0.556648 -0.10093 -0.595119 1.20836 0.435533 -0.621319 -0.996911 -1.92774 
-1.00415 0.44109 -0.85443 0.0107543 1.00252 0.453649 1.2134 2.05606 0.423827 -0.637063 -0.894423 1.07909 -1.44219 -1.16735 0.328911 0.567183 0.889317 -1.05827 -0.532053 -0.706484 -1.07441 -0.709756 -1.95502 -2.47409 1.61359 0.703994 2.00987 -1.0232 0.871866 -1.12042 1.09101 0.175798 -0.780215 -0.469309 -1.36929 1.67384 -2.5509 -0.868386 -1.02594 -0.770701 -0.841763 0.630391 1.59679 0.0909943 1.26637 1.92613 -1.98836 -0.277148 1.1897 -0.611402 -0.556961 1.50827 1.00015 -2.56066 -1.58155 -1.94723 0.255464 -0.686229 -0.710634 -1.21339 -0.503417 -0.329185 2.73366 -0.641862 -0.158526 0.991061 -1.76428 -0.101652 1.87005 -0.192041 -1.43744 -1.13369 0.590388 -0.447929 -2.02016 -2.27345 0.0282195 2.25334 0.498086 1.73315 -0.444135 0.737735 1.02213 -2.01585 0.356005 0.966352 -0.641213 -0.628838 -1.61296 0.116927 1.67985 -0.0163419 0.46764 0.216898 0.932428 1.00729 0.239947 -0.179983 0.101916 0.484155 1.94648 2.24647 -1.82122 -1.50901 -0.906336 0.584057 -0.789434 0.0446993 3.46136 1.52791 -0.161727 0.786475 -1.70699 0.64003 0.00636686 -0.0459302 1.68315 1.21477 0.971011 -0.337563 1.24852 0.387458 -2.2642 2.40048 0.979476 -0.532958 0.0584035 -2.17681 1.32541 0.453492 -0.750543 -0.970636 -0.486139 -1.05784 -0.857928 0.954702 0.919098 -0.70977 -0.91181 0.0735328 0.818781 1.41051 1.88814 -1.75996 -0.680031 -0.509152 0.340387 -1.29523 -0.386131 -0.562835 -0.565382 0.294803 -2.11664 0.874726 -1.96703 0.463206 0.893788 2.11397 -1.50405 1.23286 2.08413 -0.261514 -0.361823 -2.51088 0.90972 0.842579 -0.0619217 -1.69026 -0.107832 0.354148 -0.570674 0.874191 0.768988 0.356412 -2.1121 -0.442779 0.634786 -1.14445 -1.70296 0.101503 -2.84916 3.52692 1.01436 0.860278 -0.959799 -0.992043 0.836924 0.111843 -0.167791 -2.53936 0.644763 0.917874 -0.958336 0.845019 -0.355762 1.12342 0.597414 0.831985 -2.50581 -0.191935 -2.64942 -2.7238 -1.49425 0.773794 0.876936 1.47821 1.65809 0.335163 -1.03488 3.84442 -0.984678 2.21262 0.750949 -0.921064 0.904021 2.15421 0.633196 1.29537 0.18474 1.32338 0.36663 0.291434 -1.83176 -1.47351 0.257583 -1.04201 -1.14063 2.85391 0.959771 0.846448 -1.4465 0.141766 -0.861731 0.000938801 0.867366 -0.565689 -2.42768 1.3588 1.50113 1.34744 0.925416 1.78268 -0.44338 -0.49468 -0.621542 -0.814446 1.73961 -1.71082 -1.32808 -0.145471 -0.391431 1.22104 0.182345 0.403153 -0.189789 1.65962 -1.28366 0.255763 -1.20805 -2.56133 -0.222563 0.822965 0.748528 1.80061 -3.33203 1.08701 2.21932 -0.0527848 0.321225 -0.555683 -0.12442 -0.246574 0.713404 0.656825 0.580075 -1.74088 0.40345 0.937599 2.15281 0.0672177 -0.43794 0.0931355 -2.61026 -1.21425 -0.107257 -0.465704 -1.83797 1.4201 -0.0668758 0.25909 0.393762 -0.693139 -2.36017 -2.40829 0.252953 0.0863459 0.00152355 -0.453834 -1.10677 0.211997 
-1.93887 1.51234 -1.40243 1.9953 0.455136 0.639709 -2.33379 0.952365 -0.154286 0.913065 0.200824 -0.224397 -0.538105 0.00642385 -0.887526 0.940068 -1.32118 0.458103 -0.479449 -0.187451 0.442242 -2.41053 -1.13694 1.0014 -0.667283 -1.06182 0.518749 -0.843419 1.80835 -1.22369 -0.534784 2.03044 3.76947 2.19321 1.20784 -0.835167 -1.23316 0.314012 -1.28641 0.734608 -0.418051 -0.0328419 -1.72361 0.950841 -1.124 2.79812 -3.09225 2.01542 -0.57888 -1.10705 -0.00922646 2.38821 -0.725358 -0.00214668 0.573489 -0.293024 0.560959 -0.385842 -1.02851 -2.65957 1.40661 -0.53074 0.515108 -0.2075 -2.36361 -0.744319 3.58708 1.17936 -0.762141 0.587494 -1.91169 2.01566 -0.561952 2.08695 -0.284406 0.568877 0.703543 -0.194388 0.802384 -1.28701 1.49555 0.189587 -0.109528 1.26307 1.71857 0.431176 -2.12433 -1.97875 -0.0350076 -3.95427 3.69836 0.425723 -1.83459 -0.803133 -0.684001 2.07852 0.198659 -0.243532 1.85012 1.49878 -0.0671945 0.641499 -1.51845 -1.7324 -1.71536 0.794749 0.336903 -1.16417 0.238784 0.713758 1.44193 0.627199 -3.05411 -1.2776 -1.57726 1.58615 0.286411 1.49113 0.0190961 -1.06568 0.28438 0.139665 1.36577 -0.13148 1.02638 1.00316 1.12409 0.0961275 -0.216239 1.33323 1.04131 -0.0235738 -0.205842 -0.0667599 -0.785382 2.33748 1.72581 -0.0957765 -0.263255 -2.63095 0.678673 -0.0319097 -1.68377 -0.795562 1.19646 -1.02572 -0.161036 1.15819 -0.596761 -0.764771 -0.282884 0.224624 -0.52575 -0.0485405 1.41715 0.00763575 1.73674 0.353297 -1.24504 2.58745 -0.934138 -1.10656 -0.204233 1.80894 0.577693 -0.29964 0.925016 -1.74897 -0.63475 0.147647 1.0444 1.22357 0.268243 0.798972 -0.818049 1.08659 0.801041 0.805087 2.31953 -0.209446 -0.242621 2.18791 0.665136 -0.410297 1.14492 0.14443 -1.53331 -0.318052 1.01416 -0.576268 -0.406419 0.627018 0.669155 -1.94567 0.112619 -0.935752 -1.02922 -2.24012 -0.0233645 -0.319331 0.864725 -1.82445 0.302448 0.251455 -1.09874 0.252159 -0.665149 1.85373 -0.519998 -0.896793 -0.868825 0.946087 -1.6237 -1.58104 -0.683281 0.552874 -0.935346 -0.105386 -1.365 -0.0332678 -1.54944 -1.04356 -1.13166 -1.31883 -0.469714 -2.0583 1.37622 -1.00227 1.12797 0.665243 -0.399026 -0.967318 -0.407808 -0.617804 -0.0629948 1.03783 -1.74372 1.20977 0.691283 1.13734 0.881872 -0.127511 -1.27153 0.565284 2.92085 -0.953424 -0.795967 0.0220964 2.58943 1.23066 -0.0192887 -0.696987 -1.47336 -1.42152 1.06461 1.80715 -0.542325 -0.95594 0.194905 1.30407 -1.82272 1.81306 -1.2258 -0.0657082 1.08356 1.71535 1.26146 2.64376 -2.50175 0.113587 3.18139 -1.21494 1.16794 1.27786 -1.1144 -0.705224 -0.222678 -0.672423 -0.348277 -0.732297 -0.66039 0.408576 -1.0483 -1.605 -1.04807 0.160443 -0.52897 1.90979 1.26456 -0.343371 -2.39848 1.65364 -0.321149 -0.2873 -0.0713581 -1.09521 0.302928 -0.919331 1.48387 3.06023 
