1372 1.00001
38.3965 38.3965 38.3965 
19.1345 19.1345 19.1345 
1 1 1 1 1 1 1 1 1 1 1 1 1 1 1 1 1 1 1 1 1 1 1 1 1 1 1 1 1 1 1 1 1 1 1 1 1 1 1 1 1 1 1 1 1 1 1 1 1 1 1 1 1 1 1 1 1 1 1 1 1 1 1 1 1 1 1 1 1 1 1 1 1 1 1 1 1 1 1 1 1 1 1 1 1 1 1 1 1 1 1 1 1 1 1 1 1 1 1 1 
1 1 1 1 1 1 1 1 1 1 1 1 1 1 1 1 1 1 1 1 1 1 1 1 1 1 1 1 1 1 1 1 1 1 1 1 1 1 1 1 1 1 1 1 1 1 1 1 1 1 1 1 1 1 1 1 1 1 1 1 1 1 1 1 1 1 1 1 1 1 1 1 1 1 1 1 1 1 1 1 1 1 1 1 1 1 1 1 1 1 1 1 1 1 1 1 1 1 1 1 
1 1 1 1 1 1 1 1 1 1 1 1 1 1 1 1 1 1 1 1 1 1 1 1 1 1 1 1 1 1 1 1 1 1 1 1 1 1 1 1 1 1 1 1 1 1 1 1 1 1 1 1 1 1 1 1 1 1 1 1 1 1 1 1 1 1 1 1 1 1 1 1 1 1 1 1 1 1 1 1 1 1 1 1 1 1 1 1 1 1 1 1 1 1 1 1 1 1 1 1 
1 1 1 1 1 1 1 1 1 1 1 1 1 1 1 1 1 1 1 1 1 1 1 1 1 1 1 1 1 1 1 1 1 1 1 1 1 1 1 1 1 1 1 1 1 1 1 1 1 1 1 1 1 1 1 1 1 1 1 1 1 1 1 1 1 1 1 1 1 1 1 1 1 1 1 1 1 1 1 1 1 1 1 1 1 1 1 1 1 1 1 1 1 1 1 1 1 1 1 1 
1 1 1 1 1 1 1 1 1 1 1 1 1 1 1 1 1 1 1 1 1 1 1 1 1 1 1 1 1 1 1 1 1 1 1 1 1 1 1 1 1 1 1 1 1 1 1 1 1 1 1 1 1 1 1 1 1 1 1 1 1 1 1 1 1 1 1 1 1 1 1 1 1 1 1 1 1 1 1 1 1 1 1 1 1 1 1 1 1 1 1 1 1 1 1 1 1 1 1 1 
1 1 1 1 1 1 1 1 1 1 1 1 1 1 1 1 1 1 1 1 1 1 1 1 1 1 1 1 1 1 1 1 1 1 1 1 1 1 1 1 1 1 1 1 1 1 1 1 1 1 1 1 1 1 1 1 1 1 1 1 1 1 1 1 1 1 1 1 1 1 1 1 1 1 1 1 1 1 1 1 1 1 1 1 1 1 1 1 1 1 1 1 1 1 1 1 1 1 1 1 
1 1 1 1 1 1 1 1 1 1 1 1 1 1 1 1 1 1 1 1 1 1 1 1 1 1 1 1 1 1 1 1 1 1 1 1 1 1 1 1 1 1 1 1 1 1 1 1 1 1 1 1 1 1 1 1 1 1 1 1 1 1 1 1 1 1 1 1 1 1 1 1 1 1 1 1 1 1 1 1 1 1 1 1 1 1 1 1 1 1 1 1 1 1 1 1 1 1 1 1 
1 1 1 1 1 1 1 1 1 1 1 1 1 1 1 1 1 1 1 1 1 1 1 1 1 1 1 1 1 1 1 1 1 1 1 1 1 1 1 1 1 1 1 1 1 1 1 1 1 1 1 1 1 1 1 1 1 1 1 1 1 1 1 1 1 1 1 1 1 1 1 1 1 1 1 1 1 1 1 1 1 1 1 1 1 1 1 1 1 1 1 1 1 1 1 1 1 1 1 1 
1 1 1 1 1 1 1 1 1 1 1 1 1 1 1 1 1 1 1 1 1 1 1 1 1 1 1 1 1 1 1 1 1 1 1 1 1 1 1 1 1 1 1 1 1 1 1 1 1 1 1 1 1 1 1 1 1 1 1 1 1 1 1 1 1 1 1 1 1 1 1 1 1 1 1 1 1 1 1 1 1 1 1 1 1 1 1 1 1 1 1 1 1 1 1 1 1 1 1 1 
1 1 1 1 1 1 1 1 1 1 1 1 1 1 1 1 1 1 1 1 1 1 1 1 1 1 1 1 1 1 1 1 1 1 1 1 1 1 1 1 1 1 1 1 1 1 1 1 1 1 1 1 1 1 1 1 1 1 1 1 1 1 1 1 1 1 1 1 1 1 1 1 1 1 1 1 1 1 1 1 1 1 1 1 1 1 1 1 1 1 1 1 1 1 1 1 1 1 1 1 
1 1 1 1 1 1 1 1 1 1 1 1 1 1 1 1 1 1 1 1 1 1 1 1 1 1 1 1 1 1 1 1 1 1 1 1 1 1 1 1 1 1 1 1 1 1 1 1 1 1 1 1 1 1 1 1 1 1 1 1 1 1 1 1 1 1 1 1 1 1 1 1 1 1 1 1 1 1 1 1 1 1 1 1 1 1 1 1 1 1 1 1 1 1 1 1 1 1 1 1 
1 1 1 1 1 1 1 1 1 1 1 1 1 1 1 1 1 1 1 1 1 1 1 1 1 1 1 1 1 1 1 1 1 1 1 1 1 1 1 1 1 1 1 1 1 1 1 1 1 1 1 1 1 1 1 1 1 1 1 1 1 1 1 1 1 1 1 1 1 1 1 1 1 1 1 1 1 1 1 1 1 1 1 1 1 1 1 1 1 1 1 1 1 1 1 1 1 1 1 1 
1 1 1 1 1 1 1 1 1 1 1 1 1 1 1 1 1 1 1 1 1 1 1 1 1 1 1 1 1 1 1 1 1 1 1 1 1 1 1 1 1 1 1 1 1 1 1 1 1 1 1 1 1 1 1 1 1 1 1 1 1 1 1 1 1 1 1 1 1 1 1 1 1 1 1 1 1 1 1 1 1 1 1 1 1 1 1 1 1 1 1 1 1 1 1 1 1 1 1 1 
1 1 1 1 1 1 1 1 1 1 1 1 1 1 1 1 1 1 1 1 1 1 1 1 1 1 1 1 1 1 1 1 1 1 1 1 1 1 1 1 1 1 1 1 1 1 1 1 1 1 1 1 1 1 1 1 1 1 1 1 1 1 1 1 1 1 1 1 1 1 1 1 
0 0.755496 1.54341 1.41592 0 1.45737 3.8345 4.13857 0 4.32267 1.28938 4.0123 0 4.07528 4.08044 1.13135 0 6.89518 1.06336 1.48127 0 6.71182 3.77847 3.81466 0 9.56141 0.924579 3.92132 0 9.89829 3.72113 1.35675 0 12.0424 0.835019 1.47743 0 12.3013 3.92818 4.10264 0 15.0655 1.09406 4.41814 0 14.9826 3.56902 1.33536 0 17.6467 0.727858 1.03715 0 17.8205 3.29445 3.87829 0 20.4001 0.78598 3.65608 0 20.3499 3.40689 1.16291 0 22.9407 1.20518 1.16871 0 23.2923 3.9631 3.77708 0 25.7484 1.57206 3.56959 0 25.9356 4.0401 1.06798 0 28.9696 1.37194 1.34705 0 27.9373 4.47188 4.17791 0 31.3191 1.61698 3.99313 0 31.5864 3.99542 1.03195 0 34.4613 1.32615 1.01505 0 33.7356 4.18369 4.1361 0 37.3246 1.22204 4.49398 0 36.8447 4.44858 2.04894 0 1.09508 6.42275 1.15761 0 1.66455 9.48799 4.3922 0 3.87345 6.40654 4.10022 0 4.35842 9.35407 1.75606 0 6.95472 6.31321 1.56012 0 6.97107 9.25168 4.1383 0 9.61377 6.18281 4.28382 0 9.69996 9.29489 1.30537 0 12.5585 6.43159 1.60868 0 12.1478 9.53639 3.67465 0 15.7392 6.73718 4.1028 0 15.2054 9.82903 1.54558 0 18.0469 6.3742 1.46758 0 18.1002 9.81129 3.98365 0 20.3471 6.38041 4.23004 0 19.9481 9.3782 0.991594 0 22.9946 6.91244 0.942399 0 22.4278 9.69463 3.77941 0 25.2018 7.31424 3.57813 0 25.3047 9.49851 0.858521 0 28.3957 7.12096 0.96329 0 28.2643 9.53305 3.86089 0 31.3015 7.17351 4.23604 0 31.5134 8.93844 1.04425 0 34.4869 6.78304 0.891486 0 34.4153 9.06003 3.90482 0 37.6921 7.05025 4.12724 0 37.236 9.45996 1.53989 0 1.59577 12.4362 1.28515 0 1.77174 15.3404 4.16144 0 4.12709 12.2782 3.72785 0 4.42287 15.0918 1.17632 0 7.07114 11.757 1.36233 0 7.00862 14.9219 3.86225 0 9.56678 12.0091 4.03399 0 9.50927 14.9235 1.47487 0 11.9556 12.2341 1.39165 0 12.5634 15.0389 4.43635 0 14.7085 12.2938 3.91908 0 15.094 15.3758 1.64695 0 17.4701 12.6763 1.31753 0 17.5283 15.2543 3.83581 0 20.1649 12.8524 3.76225 0 20.1463 15.6947 1.43328 0 22.9061 12.2405 0.959033 0 23.0781 15.2822 3.65008 0 25.4686 12.0394 3.40398 0 25.9187 14.4803 1.00492 0 29.1682 11.8714 1.19836 0 28.5915 14.4417 4.36618 0 31.3994 12.0347 4.4262 0 31.6849 14.7297 1.60687 0 34.1948 11.9328 1.89546 0 33.9677 15.0743 4.55053 0 37.2054 12.3698 4.33895 0 37.1479 14.643 1.01682 0 2.05085 17.8287 1.65554 0 1.62877 20.2057 4.47601 0 4.47803 17.6363 4.19201 0 4.34458 20.7921 1.5834 0 7.28473 17.921 1.36824 0 7.08504 20.6334 4.0857 0 9.86627 17.8852 4.19085 0 9.76577 20.6502 0.967412 0 12.0653 17.9213 1.32312 0 11.7755 21.0159 4.2659 0 14.4732 18.3176 4.00608 0 14.3333 20.9694 1.10406 0 17.362 18.3273 1.30848 0 17.3993 21.0712 3.83239 0 20.3291 17.6941 4.35467 0 20.4571 20.7492 1.62759 
0 23.2359 17.6831 1.17215 0 23.4594 20.2368 4.16831 0 25.809 17.3713 4.19083 0 25.704 20.4303 0.936819 0 28.4961 17.1155 1.69068 0 28.3365 20.4486 3.30769 0 31.1637 17.4949 4.13531 0 31.4612 20.2707 1.7262 0 34.148 17.5526 1.67326 0 34.3838 20.6337 4.14674 0 36.8671 18.0595 4.41471 0 37.126 20.5372 1.35631 0 1.71574 23.269 1.88024 0 1.57251 26.3304 3.74893 0 4.332 23.4364 4.39857 0 4.75065 26.055 1.40592 0 7.51106 23.8329 1.29018 0 6.81959 25.8561 4.38534 0 9.53659 23.5473 3.93874 0 9.48912 26.413 1.28119 0 11.9937 23.4841 1.06806 0 12.2759 26.153 3.7041 0 14.7867 23.4542 4.33093 0 14.7771 26.1034 0.954917 0 17.4411 23.5113 1.40435 0 17.6183 25.59 4.52418 0 20.524 23.4084 4.1424 0 20.8519 25.7662 1.40567 0 23.3782 23.0732 1.48582 0 23.6905 25.7297 3.96855 0 26.217 23.5154 4.00087 0 26.3627 26.6331 1.20397 0 28.299 23.2006 1.14749 0 28.8988 26.619 4.23374 0 30.8311 23.0798 3.89146 0 31.2642 25.8748 1.4262 0 33.7273 23.3349 1.43425 0 34.3564 26.046 3.77316 0 37.1192 23.1191 3.84205 0 37.1024 25.963 1.5403 0 1.59573 28.2987 0.932425 0 0.89434 31.6702 4.14039 0 4.11567 28.9417 4.07695 0 3.84994 31.909 1.56539 0 6.85399 28.9944 1.09608 0 6.31786 31.8837 4.09215 0 8.85362 29.2216 3.89389 0 9.61413 31.3239 1.31181 0 12.1418 28.9541 1.35756 0 12.1108 31.5567 4.10017 0 15.1359 28.5277 3.76576 0 14.7813 31.2747 1.52424 0 18.0524 28.3738 1.44673 0 17.9684 31.2536 3.77769 0 20.7352 28.7109 4.31467 0 20.6213 31.1711 1.36976 0 23.3107 28.3617 1.66831 0 23.0776 31.2703 4.1928 0 25.8353 28.5829 4.42647 0 25.8205 31.2084 1.37282 0 29.2995 28.7225 1.66632 0 29.0723 31.0524 4.48017 0 31.9655 28.7212 4.10194 0 31.5212 31.2418 1.75864 0 34.4775 28.8396 1.66233 0 34.9747 31.4291 4.15809 0 37.2252 28.6114 4.13705 0 37.3719 31.0169 1.07247 0 1.03765 33.8234 1.35622 0 1.63302 37.5354 4.0789 0 3.95355 34.3841 4.49455 0 4.28839 36.4204 1.40053 0 6.7963 34.2331 1.25108 0 6.96471 37.0402 4.00502 0 9.38941 34.1516 4.03768 0 9.53538 36.732 1.15629 0 12.1376 34.2363 1.17253 0 12.3655 36.4053 4.10295 0 15.3162 33.9754 4.00625 0 15.032 36.614 1.44012 0 17.5141 34.1353 1.17218 0 17.8076 36.516 3.8516 0 20.4331 33.9557 4.27002 0 20.4184 36.4965 1.27988 0 23.2999 33.7906 1.30435 0 23.1305 36.6938 3.63195 0 26.1225 34.2574 4.45286 0 25.9558 36.9242 0.865062 0 28.8039 34.1588 1.58802 0 28.5687 36.9705 3.66477 0 31.4671 33.985 4.30857 0 31.8474 36.8256 1.37839 0 34.4279 33.9516 1.79117 0 34.0226 37.3487 4.38898 0 36.5829 34.704 4.54368 0 36.6757 36.8229 1.44587 0 1.60507 1.25617 7.0865 0 1.09453 4.19495 9.90404 0 4.20713 1.95819 9.37268 0 4.22734 4.0579 6.4891 
0 7.03322 1.45609 6.75413 0 7.53973 3.83158 9.7484 0 9.57222 0.841541 9.27221 0 10.0666 3.79763 7.00963 0 12.251 1.06037 6.8623 0 12.3827 3.73135 9.88322 0 15.0137 0.957948 9.39173 0 15.3191 4.35506 6.53583 0 18.0937 0.861946 6.6505 0 18.0299 3.65205 9.24251 0 20.693 1.10745 9.63078 0 20.6811 3.65992 6.57222 0 23.1509 0.826496 6.21591 0 23.0388 4.17147 9.91754 0 25.8073 1.59121 9.46225 0 25.3811 3.94516 6.76616 0 28.1887 1.57566 6.7187 0 28.0645 4.24922 9.91609 0 31.0443 1.31316 9.49116 0 31.0546 4.40728 6.92505 0 33.6182 1.33033 6.65218 0 33.8481 4.02705 9.93218 0 36.4964 1.72428 9.72056 0 37.2486 3.95513 6.88213 0 1.43528 6.93428 7.03409 0 2.22803 9.67268 9.35056 0 4.65685 6.32899 9.67884 0 4.63266 9.29846 6.87962 0 6.8302 6.22944 6.71123 0 7.15425 9.45049 9.548 0 9.90396 6.80815 9.69263 0 9.73222 9.44915 6.62692 0 12.1795 6.72105 6.96631 0 12.3112 9.50453 9.47675 0 15.0956 6.30798 9.74571 0 14.8866 8.94334 6.64563 0 18.1167 6.46044 7.11582 0 17.802 9.18138 9.65989 0 20.3106 6.95621 9.93102 0 20.1242 9.40959 7.07121 0 22.6988 7.09858 6.68372 0 22.7964 10.0466 9.49526 0 25.6643 7.56388 9.08253 0 25.2762 9.75743 6.1304 0 28.3303 6.953 6.8458 0 28.8209 9.25764 9.58176 0 31.2374 6.81616 9.62129 0 31.4897 9.59394 6.85706 0 34.4996 6.66025 6.75493 0 34.4847 9.60133 9.49665 0 37.2255 6.76966 9.59029 0 37.3613 9.59585 6.79303 0 1.68822 12.5091 6.79325 0 1.56218 14.7349 9.58226 0 4.48665 12.2622 9.64942 0 4.57691 14.6907 6.58336 0 7.39872 12.3582 6.97359 0 6.95268 14.6709 9.54533 0 9.78024 12.2841 9.45564 0 9.65836 15.1832 6.84318 0 12.5655 12.0776 6.75168 0 12.4908 14.9661 8.94987 0 14.9994 12.1647 9.30831 0 15.3263 15.4618 6.71607 0 17.2573 12.2455 6.50547 0 17.7879 15.2155 9.18772 0 19.6492 12.309 9.57217 0 20.138 14.8056 6.88519 0 22.7934 12.1958 6.50451 0 22.8162 14.5989 9.58995 0 25.9784 12.145 9.59494 0 25.5693 14.9863 6.98313 0 28.5075 11.6496 6.84369 0 28.3064 14.9921 9.35098 0 31.2555 12.3543 9.22805 0 30.9154 15.0397 6.83927 0 34.5722 12.1721 6.33547 0 34.0585 14.3095 9.08486 0 37.5035 12.0739 9.1206 0 36.9989 15.0962 6.98083 0 1.9502 17.4861 6.93224 0 1.08331 20.4213 9.58775 0 4.35416 17.4953 9.49904 0 4.12499 20.3831 6.86076 0 6.80211 17.9173 6.9749 0 6.34664 20.5718 9.80659 0 9.57999 17.3065 9.53463 0 9.4099 20.1666 6.84758 0 12.1379 17.8418 6.74605 0 12.1803 20.6186 9.63052 0 14.8143 17.8608 9.20744 0 14.5298 20.7354 6.45377 0 17.2636 18.2502 6.33403 0 17.4116 20.962 9.5293 0 20.6325 17.6612 9.3493 0 20.4151 20.9303 6.51387 0 23.3698 17.8308 6.95246 0 23.1195 20.452 9.4888 0 25.9684 17.8324 9.35784 0 25.7291 20.3594 6.55785 
0 28.414 17.4098 6.64688 0 28.4938 20.6993 9.08544 0 31.254 17.9983 9.18709 0 31.0592 20.3249 6.35706 0 34.3103 17.6782 7.06067 0 34.099 20.4936 9.12649 0 37.0866 17.8231 9.30706 0 37.139 20.5563 6.76093 0 1.2289 23.4232 6.42218 0 1.23164 26.3363 9.27802 0 3.75927 23.1941 9.35941 0 3.70791 25.8884 6.74276 0 7.23619 22.9884 6.81199 0 6.49747 25.9099 9.58172 0 9.13753 23.092 9.97984 0 9.5388 26.3783 7.09153 0 11.8981 23.4022 6.96904 0 12.1415 26.5924 9.47539 0 14.7047 23.8957 9.66416 0 14.9697 26.6106 6.82699 0 17.6562 23.0169 6.77225 0 17.5172 25.9167 9.34244 0 20.2835 23.4807 9.52752 0 20.3576 25.9971 6.7789 0 23.252 23.2991 6.90082 0 23.1329 25.7828 9.55021 0 25.9486 23.1846 9.51449 0 26.1715 26.1074 7.20336 0 28.4105 23.4183 6.92139 0 28.9104 26.0357 9.67118 0 31.7441 23.2119 9.06491 0 31.3001 26.0397 6.73816 0 33.7843 23.439 6.01505 0 34.4534 25.7652 8.90744 0 36.9088 23.1849 9.4041 0 36.9386 25.8231 6.40704 0 1.63366 28.7641 6.82839 0 1.27404 31.6051 9.47785 0 4.05136 28.9441 9.56782 0 3.87271 31.5243 6.66837 0 6.59735 28.6836 6.62123 0 6.59787 31.881 9.58968 0 8.94551 29.1127 9.42956 0 9.32216 31.5504 6.28502 0 12.122 28.5552 6.42732 0 12.1469 31.3562 9.15353 0 14.9661 28.9319 9.15318 0 14.8692 31.6238 6.82995 0 18.0182 28.6893 6.89501 0 17.9299 31.2671 9.72953 0 21.0205 28.7132 9.52968 0 20.6691 31.2065 6.93912 0 23.3837 28.5836 6.93269 0 23.6361 31.6157 9.7542 0 25.7403 28.7236 10.105 0 25.7029 31.4546 6.89307 0 28.8129 29.0075 7.40446 0 28.216 31.4006 9.98842 0 31.5796 28.7696 10.0485 0 31.6241 31.3139 7.47169 0 34.5875 29.1036 6.54863 0 34.2607 31.6462 9.83883 0 36.7843 28.8092 9.07311 0 36.7409 31.9163 7.2272 0 1.29363 34.4385 7.12927 0 1.4577 37.4734 9.79597 0 3.64217 34.8389 9.85067 0 4.37071 37.2591 6.86323 0 6.9337 34.2225 7.04734 0 6.60552 37.0874 9.62026 0 9.6009 34.504 9.15126 0 9.63349 36.9233 6.51249 0 12.3325 34.0216 6.85116 0 12.5659 36.9133 9.23691 0 15.1931 33.8988 9.3418 0 15.0052 36.8197 6.57284 0 18.0464 34.0384 6.87194 0 17.8653 36.5673 9.39103 0 20.8881 34.0465 9.43507 0 20.7386 36.9217 6.56261 0 23.2555 34.3406 6.81802 0 23.4399 36.8235 9.65546 0 26.2148 34.1774 9.09821 0 25.728 36.8503 6.92171 0 28.8524 33.8399 6.82864 0 28.7985 36.9278 9.69948 0 31.193 34.3815 9.56181 0 31.1353 36.7666 6.26708 0 33.8941 34.2928 7.15812 0 33.9087 37.5738 9.46267 0 37.0995 34.3437 9.83579 0 37.2087 36.9769 7.67943 0 0.694543 1.75871 12.4951 0 1.09996 4.42397 15.2862 0 3.50286 1.52961 15.5365 0 4.14404 4.06367 12.5492 0 6.98226 1.30483 12.2007 0 6.90179 3.93609 15.1185 0 10.3246 0.795907 15.2816 0 9.87502 3.74006 12.7034 
0 12.838 1.00657 12.3921 0 12.8057 3.98143 14.58 0 15.5333 1.07991 14.9296 0 15.7461 3.85932 12.1444 0 17.7584 0.828582 11.9431 0 17.8877 3.81174 15.0991 0 20.3803 1.27287 15.2612 0 20.2781 4.06679 12.5443 0 23.0023 0.92784 12.2343 0 23.1146 3.76706 14.9465 0 25.9246 1.24042 14.9816 0 25.6788 4.3197 12.3253 0 28.5688 1.58086 12.5001 0 28.6856 4.40686 15.2515 0 31.1364 1.61429 15.2803 0 31.076 4.08348 12.0861 0 33.7717 1.77824 12.6811 0 34.2414 4.34738 15.3152 0 36.7178 1.4939 15.0896 0 36.5502 4.64266 12.6467 0 1.2352 7.12143 12.3497 0 0.943184 9.55005 15.1612 0 3.693 7.13544 15.0402 0 4.17662 9.72623 12.3406 0 6.72779 6.62719 12.6369 0 6.36176 10.3063 15.0012 0 10.1164 6.7255 15.4836 0 9.14008 9.49552 12.4428 0 12.2962 6.64561 12.4335 0 12.56 9.3191 15.3702 0 15.1786 6.91879 15.3116 0 15.1679 9.41656 12.1977 0 17.6856 6.86535 12.964 0 17.984 9.61614 15.4039 0 20.5953 6.64953 15.2377 0 20.0193 9.67028 12.1342 0 22.9475 6.86615 12.2628 0 22.8071 9.86182 15.2531 0 25.6321 6.60332 15.1763 0 25.6958 9.22449 12.1917 0 28.7352 6.96688 12.516 0 28.662 9.55076 15.0571 0 31.4793 6.74305 15.3243 0 31.492 9.90962 12.2536 0 34.1045 7.24441 12.4647 0 34.1403 9.66042 15.1122 0 36.3922 7.17274 15.5601 0 37.0713 9.34295 12.0216 0 1.38464 12.2666 12.0182 0 1.02136 14.8194 14.4947 0 3.41119 12.2384 15.0522 0 4.1314 14.8394 12.1627 0 6.99309 12.3948 12.1012 0 7.03222 15.0763 14.8085 0 9.23307 12.069 15.3561 0 10.1683 15.027 12.153 0 12.2604 12.1197 12.3062 0 12.8806 14.9301 14.8438 0 15.1715 12.2197 14.783 0 15.1615 15.1486 11.8774 0 17.5535 12.4334 12.573 0 17.7385 15.597 14.924 0 20.4409 12.473 15.1025 0 20.1607 15.6256 12.2131 0 23.3026 12.0683 12.3931 0 23.2054 14.9465 14.6686 0 25.8347 12.7954 15.1057 0 26.1283 15.1427 12.0804 0 28.3895 11.9764 12.2864 0 28.6709 15.525 14.4454 0 31.0696 12.4319 14.9684 0 31.6372 14.7576 11.8482 0 34.1852 12.3239 12.1805 0 34.0127 15.1487 14.9216 0 36.6688 12.0983 14.543 0 36.9565 14.9271 11.8406 0 1.04921 17.5439 11.8257 0 1.05715 20.3975 14.6538 0 4.15313 17.2007 14.8672 0 3.78918 20.3039 11.9187 0 6.79824 17.4658 12.1779 0 6.32626 20.129 14.5779 0 9.87424 17.3372 15.0483 0 9.39651 20.2694 12.4406 0 12.3773 18.0584 12.2388 0 12.2369 20.8504 15.4524 0 15.1101 18.2487 15.2196 0 14.723 21.2406 12.0297 0 17.4041 18.3689 11.8739 0 17.7794 20.5589 14.8822 0 20.2325 18.0706 15.0119 0 20.1157 21.1432 12.2486 0 23.1563 18.0756 12.581 0 22.9434 20.8482 14.7153 0 26.0403 17.7752 14.7102 0 26.005 20.5255 11.8422 0 28.9156 18.1345 11.763 0 28.6043 20.4924 14.8914 0 31.3674 18.0754 14.5896 0 31.3063 20.5465 11.7426 
0 34.1873 17.5071 11.6717 0 34.074 20.4654 14.4924 0 37.0678 17.6966 14.9219 0 36.5653 20.3424 11.855 0 1.25036 22.9213 12.1683 0 0.683077 25.7687 14.3033 0 3.87283 22.9266 14.8216 0 3.96728 25.9687 12.2609 0 7.01081 23.4057 12.7437 0 7.09963 26.6572 14.6685 0 9.70072 23.4661 14.7077 0 9.42186 26.3814 11.772 0 12.1567 23.6837 12.413 0 11.9622 26.6093 14.5941 0 15.0614 23.5487 14.9224 0 14.9821 26.5404 11.9944 0 17.458 23.4992 12.1901 0 17.8832 26.2083 14.8188 0 20.6011 23.5146 15.129 0 20.5391 26.2254 12.2707 0 22.9059 23.4655 12.0299 0 23.4101 26.0522 14.8831 0 26.5088 23.3803 14.4204 0 25.8189 25.6596 11.922 0 28.8852 22.9015 11.7442 0 28.7152 26.2886 15.1145 0 31.3096 23.2023 14.6709 0 31.2684 25.808 12.5714 0 34.0865 23.4392 11.796 0 34.0279 25.8054 14.7759 0 36.647 23.1809 14.6879 0 36.6983 26.0018 11.8056 0 1.47344 28.5541 11.8805 0 0.754208 31.7788 15.0136 0 3.78101 28.9124 14.6084 0 3.48768 31.3599 12.0466 0 6.59745 29.1239 12.2642 0 6.76029 31.5578 14.7849 0 9.79185 29.4967 15.0243 0 9.35266 31.8793 11.9355 0 12.4426 29.3216 12.1386 0 12.7128 31.7569 15.1021 0 15.0257 29.0424 14.6779 0 15.0987 31.5864 11.9981 0 18.0373 28.6514 12.2037 0 17.9296 31.36 14.6994 0 20.659 28.9679 14.9396 0 20.7741 31.4282 12.3141 0 23.2842 28.7349 12.5192 0 22.9795 31.5572 15.1847 0 25.8693 28.8615 15.286 0 25.8738 31.3841 12.5376 0 28.3916 28.6804 12.604 0 28.5883 31.3435 15.0588 0 31.3163 28.5546 15.2342 0 31.3302 31.4688 12.155 0 34.1768 28.8916 12.2801 0 33.9073 31.7798 14.9708 0 36.9451 28.8247 14.9984 0 36.8697 31.5791 12.1376 0 1.4292 34.3727 12.5911 0 1.17117 37.2276 14.9038 0 3.99636 34.4072 15.2648 0 3.95994 37.5641 12.8426 0 6.23577 34.2745 12.6063 0 7.14685 36.6125 14.7651 0 9.84366 34.4861 14.5545 0 9.1218 36.7115 11.9247 0 12.2486 33.8956 11.5747 0 12.7934 36.6323 14.6591 0 15.5197 33.8081 15.0047 0 15.24 36.3026 11.8827 0 18.0747 33.9335 12.071 0 17.9276 36.8687 14.6523 0 20.3265 34.0661 14.9995 0 20.6621 36.6186 12.0791 0 23.4173 34.0304 12.2568 0 23.374 36.7473 14.9555 0 25.8645 33.7916 15.0974 0 26.0436 36.4957 12.3224 0 28.8953 34.2227 12.5526 0 28.9007 37.1243 14.9298 0 31.6154 34.4413 15.1665 0 31.7225 37.3241 12.3824 0 34.0986 34.5044 11.792 0 33.6419 37.7139 15.4965 0 36.6069 34.4067 15.1962 0 36.6428 37.4519 12.2467 0 0.943455 1.43586 17.8004 0 1.40073 4.5456 20.6855 0 3.93557 1.38846 19.6549 0 3.78744 4.69373 17.6631 0 7.08453 0.873283 17.2687 0 6.99626 4.00933 20.0337 0 9.9792 1.36424 20.4837 0 9.81135 3.64954 17.5816 0 13.0149 1.44096 17.8538 0 12.216 4.01222 20.4107 0 15.2415 1.2588 21.0397 0 15.0951 4.42457 18.3256 
0 17.3603 1.49643 18.1682 0 17.4959 3.97432 20.9645 0 20.5971 1.43783 20.7966 0 20.3428 3.71712 17.9864 0 23.2277 1.40572 17.9501 0 23.0959 3.87834 21.0917 0 25.6156 1.34153 20.8271 0 25.7923 4.12899 18.0575 0 28.3913 1.50788 17.9247 0 28.3125 4.81875 21.2312 0 31.2271 1.53291 20.5303 0 31.089 4.46832 18.2297 0 34.1016 2.01236 17.7536 0 33.6913 4.15451 20.9208 0 36.704 1.78058 20.7922 0 36.7874 4.45423 18.1695 0 1.17326 6.92867 18.0138 0 1.08597 10.1861 20.4911 0 3.89835 7.50027 20.7935 0 3.68929 9.93747 17.7281 0 6.72055 7.42854 17.4318 0 7.09643 9.75035 20.8971 0 9.33868 6.69892 20.2508 0 9.78147 9.54731 18.1094 0 12.4921 7.25765 18.2354 0 12.7152 9.52032 21.0703 0 15.4045 6.87755 20.866 0 15.4428 10.1388 17.5301 0 18.013 6.90054 18.1639 0 17.941 9.89872 20.2539 0 20.7685 6.6508 20.5342 0 20.6228 9.19713 17.7109 0 23.2516 6.6427 17.8815 0 23.2815 9.90303 20.6681 0 25.3545 6.98912 20.8283 0 25.8701 9.86318 17.4778 0 28.5345 6.80731 18.0772 0 28.8245 9.59155 20.8328 0 31.3912 6.92193 20.6541 0 31.0152 9.49599 17.7049 0 34.0369 7.27637 18.1115 0 33.9823 9.89023 20.5571 0 37.3077 7.08515 20.9076 0 36.8457 9.86068 18.1358 0 1.07284 12.5855 17.469 0 0.962352 14.8322 20.6906 0 3.86468 12.4693 20.2693 0 3.80919 15.0349 17.4102 0 7.07212 12.6536 18.1367 0 6.84343 15.1758 20.5397 0 9.72462 11.8493 20.7111 0 9.80216 14.8672 17.8654 0 12.9644 12.5413 17.7549 0 12.1676 14.7856 20.8306 0 15.0758 12.7684 20.5941 0 14.9397 15.3607 17.9244 0 17.7402 12.9846 18.1947 0 17.6006 15.3173 20.7452 0 20.3829 12.3906 19.9735 0 20.8117 15.283 17.2422 0 23.2654 12.2757 17.6224 0 23.5576 15.0749 20.6137 0 26.3283 12.4539 20.4119 0 26.1404 15.0131 17.8025 0 28.6035 12.4569 17.6662 0 28.6544 15.3154 20.2108 0 31.2878 12.2698 20.6466 0 31.0793 15.1514 17.2215 0 34.0524 12.4839 17.2673 0 34.2175 14.9841 19.8546 0 36.7935 12.3764 20.7242 0 36.5912 15.1918 17.3969 0 1.27332 17.8504 17.3704 0 1.24595 19.9699 20.5661 0 3.78516 17.627 20.2944 0 3.94422 20.1177 17.3066 0 6.5327 17.7751 17.4036 0 6.28106 20.1735 20.1311 0 8.95508 17.9794 20.3456 0 9.55473 20.2687 17.6377 0 12.1384 17.532 18.2578 0 12.2446 20.419 20.8354 0 14.6699 17.8186 20.5336 0 15.2019 20.6537 17.8169 0 17.6885 17.6086 17.6401 0 18.0339 20.6634 20.4315 0 20.5676 18.0283 20.4 0 20.4832 20.4668 17.4168 0 23.1942 17.3981 17.6015 0 23.2963 20.5123 20.1519 0 25.7072 18.0646 20.5425 0 25.6112 20.6742 17.3839 0 28.3596 18.3193 17.6833 0 28.6773 20.711 20.43 0 31.379 17.7243 20.3226 0 31.309 20.799 17.5654 0 33.7922 17.9543 17.587 0 34.0549 20.6655 20.4952 0 36.3321 17.8377 20.0563 0 36.7171 20.5356 17.2986 
0 0.992102 22.901 17.4633 0 1.28407 25.579 19.9429 0 4.14398 22.8935 19.7958 0 4.18248 26.058 16.8972 0 6.90155 23.2379 17.1169 0 6.72971 25.7712 20.3095 0 9.4066 22.9109 20.2387 0 10.0679 26.4096 17.7552 0 12.4341 23.0422 17.9022 0 12.2045 26.0728 20.469 0 15.185 22.9894 20.9287 0 15.2789 26.4373 17.504 0 18.0298 23.3889 17.7847 0 17.2266 26.0705 20.3075 0 20.2691 23.3433 20.4763 0 20.1871 26.1224 17.9308 0 23.2727 23.2057 17.8119 0 23.1311 26.1349 20.1979 0 25.9063 23.2365 20.7165 0 25.9079 26.0669 17.5168 0 29.0017 23.3776 17.3561 0 28.5298 25.8992 20.1833 0 31.4484 23.259 20.1852 0 31.5418 25.6315 17.4793 0 34.3147 23.3823 17.6971 0 34.0913 25.6345 20.8722 0 36.8422 22.5726 20.6546 0 36.7055 26.0566 17.4726 0 1.1257 28.48 17.2398 0 0.969381 30.6133 20.6299 0 3.81291 28.1893 20.5658 0 4.02071 30.641 17.8734 0 7.28539 28.9767 17.4879 0 7.05024 31.582 20.1111 0 9.41011 28.5034 20.7113 0 10.2119 32.0345 18.0084 0 12.5784 28.8578 17.7333 0 12.3915 31.1859 20.7565 0 14.9281 28.8005 20.4545 0 15.1985 31.7256 17.8595 0 17.7798 28.9278 17.9531 0 17.7529 31.3494 20.7071 0 20.2449 28.7119 20.3454 0 20.3631 31.813 17.9588 0 23.2909 29.0781 17.802 0 23.2902 31.9278 20.6313 0 26.1 28.8134 20.2995 0 25.7915 31.4633 17.9515 0 28.9353 28.9685 17.8668 0 28.6193 31.6809 20.3053 0 31.5062 28.3456 20.3325 0 31.0938 31.8296 17.8079 0 34.0477 28.3453 17.3501 0 34.2239 30.7533 20.7121 0 36.7966 28.2921 19.9353 0 36.6813 31.419 17.5634 0 1.25563 33.7799 17.9158 0 0.937104 37.2929 19.9447 0 4.19328 33.3106 20.6937 0 3.96267 36.4738 18.0391 0 6.77492 33.996 17.6435 0 6.77307 35.9275 20.5936 0 9.98191 34.0616 20.7744 0 10.0473 36.6594 17.8813 0 12.8935 34.5694 17.6866 0 12.5651 37.0658 20.4922 0 15.1475 34.0232 20.4569 0 15.6243 37.0135 17.5326 0 17.8007 34.2707 17.8333 0 17.6216 36.8894 20.4479 0 20.0356 34.3666 20.578 0 20.4695 36.7614 17.6474 0 23.2387 34.1359 17.5603 0 22.8571 36.9899 20.4616 0 26.0499 34.1849 20.6416 0 25.8169 37.0784 17.9309 0 28.3638 34.4474 17.9744 0 28.7878 37.6807 20.6011 0 31.1577 34.4501 20.7443 0 31.1256 36.9881 17.8395 0 33.9792 34.4166 17.9308 0 34.7604 37.3065 20.1955 0 36.8802 33.6121 20.0804 0 36.8929 36.9436 17.4386 0 1.3976 1.54123 23.5975 0 1.65528 3.99129 26.4936 0 4.25503 1.17646 25.718 0 4.19945 4.29078 23.2319 0 6.52267 1.19104 22.4758 0 6.87237 4.2409 25.7242 0 9.2032 1.49188 25.4712 0 9.35128 3.89677 22.9709 0 12.2894 1.64919 23.1203 0 11.9749 4.34888 26.0006 0 14.8841 1.10852 26.0389 0 14.8441 4.09894 23.4562 0 17.6256 0.849936 23.6481 0 17.6368 3.91511 26.3263 0 20.3733 1.01144 26.4292 0 20.2624 3.74032 24.0762 
0 23.0818 0.883296 23.5097 0 23.4103 3.89884 26.5652 0 25.7029 1.11283 26.3738 0 25.5495 4.0021 23.6635 0 28.6427 1.855 23.7953 0 28.7473 4.25052 26.4141 0 31.471 1.51447 26.229 0 31.3461 4.24496 23.9006 0 34.4007 2.01952 23.9003 0 34.1381 4.43391 26.4407 0 36.9642 2.17477 26.4357 0 36.7816 4.55126 23.5312 0 1.40084 7.33158 23.3232 0 1.5536 9.67629 25.8145 0 4.06122 6.73084 25.9204 0 4.5717 9.48727 23.6369 0 7.21444 7.16474 23.6454 0 6.98048 9.75788 26.3355 0 9.74558 7.273 26.2573 0 9.66025 9.65516 23.4421 0 11.7395 6.3953 22.9095 0 12.5658 9.76588 26.4015 0 14.5006 7.00396 25.5728 0 15.5991 9.70015 23.2944 0 18.0698 6.7446 23.527 0 17.762 9.89944 26.2132 0 20.2332 6.25542 26.6593 0 20.2029 10.2827 23.0809 0 22.752 6.58877 23.8027 0 22.8595 9.09155 26.2422 0 26.001 6.67878 25.9134 0 25.814 9.78212 23.2614 0 29.0201 7.17882 23.6473 0 28.969 9.5602 26.0636 0 31.4717 6.90886 26.5932 0 31.4694 10.5448 23.4114 0 34.0782 7.1983 23.0799 0 34.1101 9.4212 26.1392 0 36.9304 6.75004 25.8988 0 36.9069 9.82336 23.5098 0 1.35495 12.2027 23.3531 0 1.1811 15.6647 26.3111 0 4.23096 12.1907 26.0866 0 3.7175 14.7924 23.2638 0 6.80736 12.6639 23.1261 0 6.74501 14.737 26.4737 0 9.68451 11.9213 26.3582 0 9.65992 14.5928 23.5795 0 12.6641 12.1806 23.4183 0 12.1241 14.8467 26.0059 0 15.196 12.3881 26.4875 0 14.8285 15.086 23.3333 0 17.4556 12.5764 23.5957 0 17.9316 15.0476 26.1352 0 20.6525 12.5246 25.9096 0 20.6184 15.327 23.0052 0 23.1813 12.4614 23.3055 0 23.5943 14.7411 25.9622 0 25.6014 11.8682 25.94 0 25.7193 15.2963 23.2088 0 28.4431 12.5232 23.3103 0 28.8416 14.9678 26.1452 0 31.8378 12.6072 26.304 0 31.6999 15.1551 23.2742 0 34.3449 12.6677 23.3787 0 33.8944 15.5233 26.097 0 36.8306 12.6471 26.3087 0 36.8448 15.0286 23.5 0 0.902517 17.4748 23.0704 0 1.8639 20.4301 26.3736 0 3.98095 17.4654 25.884 0 3.85108 20.3211 23.3258 0 6.71167 17.242 23.4472 0 6.7646 20.2993 25.7892 0 9.34007 17.3642 26.266 0 9.34478 20.282 23.0263 0 12.1235 17.6767 23.325 0 12.118 20.3219 25.8183 0 14.8176 17.4161 25.9685 0 14.9935 20.3621 23.6803 0 17.9636 17.9406 23.5456 0 18.238 20.7876 25.9999 0 20.5909 17.8706 25.8083 0 20.7129 20.6487 23.1131 0 23.0521 18.0282 23.2435 0 23.5243 20.5364 25.9538 0 26.0135 17.7712 26.1168 0 25.9348 20.7259 23.2565 0 28.5831 17.5984 22.8555 0 28.4835 20.4563 25.8984 0 31.3276 18.2847 26.1878 0 31.116 20.0637 23.1701 0 34.1562 18.2756 23.0352 0 33.832 20.5385 25.8532 0 36.9694 18.0015 26.3423 0 36.9792 20.7485 23.5327 0 1.56628 23.2866 23.0262 0 0.85823 25.7078 25.9078 0 4.3521 23.39 26.0809 0 4.11722 26.017 23.6248 
0 6.21035 22.9112 23.1274 0 6.81893 25.8459 26.0917 0 8.97242 23.1834 25.6666 0 9.1695 25.5387 23.076 0 12.0998 23.2481 23.3977 0 12.1242 26.2376 25.7072 0 15.4673 23.1999 25.9787 0 15.065 26.0968 23.2817 0 17.9093 23.414 23.6018 0 18.2153 25.8479 26.303 0 20.9125 23.3792 25.7708 0 20.8714 26.0099 23.4218 0 23.3411 23.5861 23.1959 0 23.6279 26.1448 25.9048 0 26.5494 23.822 25.3675 0 25.7266 26.2541 22.7949 0 28.9709 23.0923 22.9508 0 28.8094 26.3759 25.7123 0 31.2152 23.4035 25.8457 0 31.2568 26.1052 23.0824 0 33.9143 23.3101 23.4554 0 33.9898 25.9119 25.8037 0 36.5653 23.3158 26.1324 0 37.3222 25.4622 22.8363 0 0.894779 28.242 23.2133 0 1.30108 31.2847 26.6762 0 3.17087 28.3219 26.1352 0 3.83041 31.3383 23.4831 0 6.88918 28.5424 23.1432 0 7.02134 30.9613 26.041 0 9.57249 28.6137 25.9875 0 9.3717 31.5593 23.0632 0 12.0733 28.4922 23.139 0 12.3509 31.6407 25.9737 0 15.0649 28.4998 26.2696 0 15.2286 31.8338 23.611 0 17.5147 28.7908 23.3424 0 17.8254 31.6772 25.6568 0 20.686 28.7664 25.98 0 20.7289 31.3573 23.0266 0 22.8646 28.7598 22.7711 0 23.4418 31.5242 25.7272 0 25.7843 28.9497 25.3535 0 25.6272 31.5382 23.054 0 28.9467 28.7366 22.7689 0 28.8628 31.4016 25.4398 0 31.8146 28.7104 25.3911 0 31.3994 31.6521 22.7495 0 34.4607 28.4294 23.217 0 33.9712 32.0006 25.8665 0 36.8967 28.4415 26.0007 0 37.3052 31.2443 23.7752 0 0.864826 34.3409 22.8365 0 0.819179 37.1698 25.8846 0 3.78128 33.8926 25.8298 0 3.83741 36.9099 23.17 0 6.85591 33.9848 23.7621 0 6.86311 36.7714 25.9489 0 9.77758 33.8908 26.0388 0 9.0823 37.0699 23.2712 0 12.4717 34.282 23.2415 0 11.7658 36.904 25.5481 0 15.1118 34.5172 26.0753 0 14.7451 37.0154 23.2145 0 17.8223 34.5166 23.138 0 17.7499 36.7967 26.3531 0 20.5633 34.0562 25.9673 0 20.5699 37.1969 23.622 0 23.2002 34.9056 23.5635 0 23.2283 36.9506 26.3736 0 26.1969 34.4467 25.8998 0 26.023 37.259 23.631 0 28.5944 34.2684 23.1636 0 28.6989 37.0701 26.3409 0 31.5834 34.4742 25.692 0 31.9155 37.122 22.7367 0 34.3336 33.7036 22.8211 0 34.1304 36.9614 25.7815 0 36.9745 34.3025 26.0664 0 36.9215 37.6421 23.2397 0 1.34663 1.123 28.6775 0 1.73684 3.73522 31.3079 0 4.34682 1.22651 31.417 0 4.62519 3.53901 28.7134 0 7.121 1.09465 28.1603 0 6.70077 3.75676 31.6517 0 9.1755 0.672821 31.3875 0 9.20519 3.7331 28.5734 0 11.8862 1.43158 28.1352 0 12.6386 3.79673 31.1672 0 15.0199 1.32276 31.4747 0 15.0638 3.70269 28.6447 0 17.8072 1.09383 28.6582 0 17.4448 3.88083 31.7238 0 20.441 1.2068 31.6094 0 20.6143 3.9267 28.9515 0 23.1937 0.92908 28.8382 0 23.7587 3.9587 31.2538 0 26.1666 1.30273 31.7748 0 26.1433 3.8802 28.8262 
0 28.8561 1.37969 28.8083 0 28.916 4.09727 31.9263 0 31.6079 1.07934 31.8553 0 31.5294 4.16484 28.9979 0 34.2104 1.14535 28.529 0 34.3342 3.96536 31.8711 0 37.2032 1.39286 31.3729 0 37.0196 4.37172 29.2524 0 1.71276 6.67809 28.503 0 1.24771 9.8788 31.3681 0 4.17221 6.52835 31.3047 0 3.82065 9.62547 28.9649 0 6.57008 6.77607 28.691 0 6.51441 9.07059 31.5199 0 9.38512 6.53226 31.6015 0 9.28555 9.26985 29.2155 0 11.7394 6.57507 28.939 0 12.2762 9.665 31.8799 0 14.8612 6.8718 31.6893 0 15.1671 9.54116 29.0554 0 17.4254 6.45712 28.8587 0 17.6586 9.62367 31.5613 0 20.2317 6.99658 31.3242 0 20.2165 9.40451 28.9114 0 23.2662 6.79655 29.0862 0 23.3149 9.69078 31.6894 0 26.2053 6.67483 31.7299 0 26.4855 9.2141 29.1624 0 28.9575 6.90307 28.9671 0 28.8526 9.805 31.6685 0 31.9298 7.07238 31.3692 0 31.7828 9.9861 29.0534 0 34.5143 7.03212 28.8135 0 34.4763 9.55319 31.5322 0 37.5141 6.96197 31.4273 0 37.1825 9.92193 28.6591 0 1.02409 13.0254 28.694 0 1.7651 14.9617 31.7805 0 3.94164 12.3657 31.8162 0 4.12631 14.7682 28.7628 0 6.67814 12.2029 29.3651 0 7.03482 15.0572 31.4845 0 9.50417 11.8788 31.8308 0 9.58817 14.8892 28.694 0 12.4063 12.3154 29.292 0 12.2147 15.1122 31.6006 0 14.8937 12.1941 31.4078 0 14.6944 15.2019 28.6832 0 18.2255 12.462 28.8576 0 17.2926 15.5583 31.1789 0 20.7468 12.3647 31.3382 0 20.5972 15.278 28.6584 0 23.6039 12.7639 28.9908 0 22.8976 15.4687 31.6829 0 26.3787 12.6286 31.1608 0 26.1444 15.2482 28.5901 0 29.0787 12.1758 28.7678 0 28.5136 15.6327 31.1151 0 31.8224 12.1908 31.9736 0 31.7305 15.1075 29.2635 0 34.337 12.8217 28.8628 0 34.2799 15.3687 31.5978 0 36.8882 12.5815 31.5116 0 36.9302 15.5499 28.9447 0 1.1019 17.842 29.1115 0 0.956704 20.3547 31.5891 0 4.61609 17.3882 31.3361 0 3.99908 20.9232 29.3103 0 6.59117 18.0572 28.5214 0 6.88144 20.4718 31.4226 0 9.63241 17.6657 31.5096 0 9.42581 20.2921 28.6449 0 12.3414 17.9905 28.5619 0 12.3631 20.7413 31.2732 0 14.8242 17.9649 31.3891 0 14.8 20.6536 28.5963 0 18.0682 17.717 28.2389 0 17.7975 20.9089 31.3146 0 20.2025 17.7731 31.2291 0 21.0237 21.0942 28.7857 0 23.5484 18.0569 28.6585 0 23.87 20.5441 31.4931 0 25.8357 17.8306 31.5061 0 26.1003 20.7462 28.937 0 28.8219 18.1439 28.7011 0 28.5088 20.1638 31.7345 0 31.4279 17.895 31.7644 0 31.3563 20.858 28.9142 0 33.6364 18.2261 28.6419 0 33.9796 20.5498 31.5093 0 36.8143 18.2335 31.6751 0 36.6871 20.7393 28.6327 0 1.05167 23.1683 28.7712 0 1.40282 25.3964 31.5084 0 4.16637 23.2647 32.3248 0 4.09197 25.0442 29.0132 0 6.92177 22.7572 28.5624 0 6.62058 25.7914 31.4808 0 9.14328 23.3005 31.3052 0 9.39939 25.5301 28.5237 
0 12.2709 23.1584 27.9965 0 12.1567 25.9398 30.9516 0 14.7949 23.2822 31.3194 0 15.0328 25.7363 28.6028 0 18.6951 23.6698 28.7881 0 18.0185 26.2188 31.3389 0 21.1665 23.0429 31.7358 0 21.201 26.1689 28.5419 0 24.0714 23.574 28.4037 0 23.5629 25.8732 31.4108 0 26.5042 23.4481 31.3116 0 25.9584 26.4435 28.2621 0 28.6928 23.69 28.2582 0 29.0198 26.0482 31.3417 0 30.8659 22.9996 31.9531 0 31.427 26.3133 28.753 0 34.024 23.8295 28.952 0 34.3134 25.4458 31.7873 0 36.7495 23.1282 31.5413 0 36.7175 25.8066 28.9974 0 1.11053 27.9033 29.1819 0 1.68662 31.1216 30.8564 0 4.01044 28.4486 31.3878 0 4.36516 31.4209 28.3438 0 6.36703 28.1084 28.5418 0 6.6883 31.0765 31.5191 0 9.37013 28.5012 31.367 0 9.73239 31.2423 28.7074 0 12.3248 28.5666 28.7006 0 12.2929 31.5291 31.4632 0 15.2196 28.8723 31.0663 0 14.9048 31.5035 28.3888 0 18.2151 28.7912 28.8414 0 17.8781 31.6464 31.5346 0 21.2938 28.6247 31.5823 0 21.0559 31.3371 28.6747 0 23.383 28.9037 28.3808 0 23.6683 31.1585 31.5534 0 26.4717 28.3986 30.9849 0 26.2649 31.4052 28.1484 0 29.2878 29.1055 28.1841 0 29.0227 31.1988 30.9117 0 31.5288 28.8185 31.3157 0 31.7226 31.8368 28.5869 0 34.0958 28.8972 28.5828 0 34.1857 31.1909 31.2558 0 36.7593 28.4988 31.2521 0 36.9018 31.2861 28.8141 0 1.42215 34.0105 28.5737 0 1.45117 36.8063 31.1224 0 4.30974 33.6985 31.0172 0 4.26969 36.8907 28.6193 0 7.12073 33.7666 28.7686 0 6.8339 36.4208 31.1506 0 9.33707 33.9602 31.7163 0 9.46903 36.7026 28.7058 0 12.1448 34.1815 28.9447 0 12.1345 37.0604 31.1569 0 15.4167 33.7555 31.5616 0 15.2021 36.8063 28.9369 0 17.9892 33.5567 28.6133 0 17.9715 36.2988 31.5855 0 20.6477 33.8133 31.3721 0 20.4669 36.5513 28.907 0 23.7581 34.1063 28.4569 0 23.2897 36.6007 31.6057 0 26.5247 33.9723 31.2614 0 25.9178 37.1332 29.1298 0 28.844 34.1854 28.6541 0 28.7238 36.7015 31.558 0 31.4994 34.2335 31.3554 0 31.3772 36.6675 29.0442 0 34.4387 34.3448 28.3637 0 34.3946 37.1589 31.7534 0 36.6907 33.6862 31.3011 0 37.0894 36.8881 28.8808 0 1.10956 0.965534 34.3566 0 1.31739 4.00433 36.6438 0 3.87115 0.987933 36.895 0 4.21699 3.79212 34.6661 0 6.90786 1.09718 34.6434 0 6.87204 3.73702 36.9512 0 9.48255 1.12968 36.8791 0 10.2594 3.80387 34.0136 0 12.7895 1.01524 34.0898 0 12.1231 3.36829 37.0812 0 14.872 0.535574 37.0605 0 15.2745 3.8012 34.8241 0 17.6749 0.949658 34.5151 0 18.1292 4.12016 36.6862 0 20.759 0.768415 36.811 0 20.4862 3.46268 34.075 0 23.8997 0.926655 34.2752 0 23.2933 3.76979 37.0518 0 25.8328 0.976931 37.0448 0 26.2641 3.76914 34.221 0 28.5421 1.23 34.5539 0 28.4375 4.07269 37.1049 0 31.9975 1.15121 36.8353 0 31.1951 3.96773 34.0817 
0 34.1904 1.16657 34.2835 0 34.809 4.1094 36.8948 0 37.053 1.03953 37.0024 0 37.3835 3.72734 33.9568 0 1.45069 6.85348 34.0377 0 1.71373 9.35243 37.1276 0 3.89248 6.70191 37.0139 0 4.10101 9.39851 34.0929 0 7.00107 6.52847 34.2033 0 6.73354 9.31436 37.1379 0 9.67452 6.12792 37.0695 0 9.43929 9.32894 34.9204 0 12.2484 6.74335 33.9603 0 12.5363 9.51975 37.3449 0 15.1461 6.44046 37.5668 0 15.0896 9.88711 34.5006 0 17.2927 6.85154 34.424 0 17.2873 9.24755 37.0771 0 20.5686 6.58438 36.6157 0 20.1 10.1947 34.1423 0 23.1761 6.61803 33.652 0 22.5193 9.90105 36.5673 0 25.6429 6.80181 36.3438 0 26.4876 9.90779 34.0189 0 29.0131 6.84777 34.2339 0 28.7348 9.73072 36.6889 0 32.0701 6.47212 36.8324 0 31.7677 9.18228 34.3231 0 34.8971 6.67203 34.3115 0 34.2733 9.5998 37.108 0 37.3391 6.76381 36.7956 0 37.3118 9.56635 34.4916 0 1.47298 12.3523 34.3349 0 1.54578 15.1901 37.2575 0 4.31653 11.8939 36.7447 0 4.18725 15.2824 34.6148 0 6.86729 12.3704 34.2121 0 6.94748 14.2803 37.0474 0 9.6414 12.1967 37.0741 0 9.3796 14.7526 34.0952 0 12.2433 12.3499 34.2442 0 12.252 15.6656 36.8913 0 15.036 12.556 37.1851 0 15.1308 15.255 34.1738 0 17.643 12.4962 33.6893 0 17.4834 15.3416 37.0791 0 19.9885 12.9042 36.9162 0 20.1223 15.4203 34.5087 0 22.9583 12.6984 34.0019 0 23.2605 15.2141 36.7801 0 25.8186 12.2125 36.5517 0 25.7127 14.9921 33.9335 0 28.7076 12.5064 34.4447 0 29.162 15.0617 37.4271 0 31.6278 12.4263 36.9005 0 31.3693 15.0546 34.1003 0 34.8547 12.5988 34.3711 0 34.1906 14.9965 36.6715 0 37.0648 11.8863 37.1858 0 37.3765 15.437 34.1864 0 1.26173 18.1117 34.2493 0 1.22084 20.7339 37.2608 0 4.47826 17.8676 37.602 0 4.00799 20.4788 34.5593 0 7.01181 17.7478 34.67 0 6.91789 20.5157 36.7824 0 9.82634 17.9991 36.8712 0 9.68091 20.5206 33.7781 0 12.3467 18.0145 34.3204 0 11.8432 20.9958 36.4125 0 14.6488 18.1825 37.1327 0 14.9651 20.3361 34.2019 0 17.6143 17.8706 34.5219 0 17.6616 20.6913 37.0337 0 20.7075 17.9808 37.0515 0 19.9314 20.6334 34.2445 0 22.881 18.302 34.2264 0 22.9227 20.66 37.0688 0 25.9482 17.6001 37.0703 0 25.725 20.692 34.4941 0 28.5243 17.7335 34.2753 0 29.0101 20.0686 37.4651 0 31.5367 17.3601 36.96 0 31.4457 20.434 34.7161 0 34.3382 18.063 34.4449 0 34.0009 20.3877 37.154 0 36.9195 17.967 37.2655 0 36.7264 20.7678 34.3988 0 1.33126 22.8945 34.2297 0 1.60984 25.6539 37.1312 0 4.33098 23.215 37.2524 0 4.23749 26.2304 34.4182 0 7.12727 23.3528 34.568 0 7.1463 26.3302 36.8711 0 9.59944 23.6208 36.9839 0 9.74489 25.8969 33.8181 0 12.0921 23.52 33.778 0 12.6825 26.2482 36.4946 0 14.4866 23.2353 36.9983 0 15.1465 25.6981 33.8639 
0 18.0171 23.4329 34.014 0 17.629 26.0536 36.874 0 20.086 23.3368 36.8508 0 20.9403 25.9497 34.1795 0 23.9091 23.5856 34.4128 0 23.5179 26.215 36.8754 0 25.6085 23.2705 37.2557 0 26.643 26.2922 34.2137 0 28.3569 23.0415 34.4718 0 28.9949 26.086 37.1086 0 31.2835 23.062 37.3208 0 31.3375 25.5205 34.5466 0 33.943 23.1048 34.8502 0 34.3964 26.0594 37.6112 0 37.0986 23.5491 36.9626 0 37.287 25.8388 33.9511 0 1.45483 28.3644 34.0697 0 1.20844 30.9402 36.6267 0 4.2003 28.6281 36.8197 0 4.19692 31.1989 34.1366 0 7.16424 28.7778 34.2783 0 7.03182 31.4214 37.1052 0 9.78161 28.5238 36.4251 0 9.54041 31.3242 34.2135 0 12.4289 28.2978 33.5383 0 12.3057 31.4129 37.0458 0 14.8869 29.0275 37.0737 0 14.8679 31.3843 34.0554 0 17.4855 28.6519 34.0372 0 17.912 31.1911 37.0418 0 20.3389 28.4341 36.9253 0 20.5273 31.1197 34.5898 0 23.9777 28.65 34.0905 0 23.4894 31.4532 36.8736 0 26.5445 29.0921 37.1736 0 26.8046 31.2874 33.4822 0 29.3265 28.8157 33.9328 0 29.4079 31.1734 37.0106 0 31.9697 28.5484 37.4648 0 31.3876 31.734 33.8847 0 34.1053 28.3939 34.4278 0 33.8987 31.2379 36.9941 0 37.2907 27.8257 36.6545 0 36.8035 30.7489 33.9615 0 1.3951 33.8735 33.3895 0 1.27322 36.6108 37.2705 0 3.92062 33.8453 36.9343 0 3.86543 36.1354 33.7187 0 6.81877 33.9306 34.4399 0 6.62407 36.695 36.7526 0 9.54922 33.9468 36.8711 0 9.34035 36.6415 34.0576 0 12.2279 34.3373 33.8505 0 12.0433 36.5052 36.8937 0 15.2946 33.9618 36.9044 0 15.3593 36.7447 33.9514 0 17.8024 33.7242 34.4314 0 17.9381 36.4984 36.9485 0 20.4483 33.7911 36.9194 0 20.4329 36.3574 34.5153 0 23.7454 34.0225 34.333 0 23.503 36.6955 36.8994 0 26.1957 33.6927 37.194 0 26.0421 36.6876 33.9086 0 28.958 33.9539 34.6317 0 28.9392 36.8949 36.9474 0 31.6992 33.9298 36.862 0 31.6269 36.9012 34.5544 0 34.2963 33.8287 34.3798 0 34.4221 36.2557 37.3125 0 37.2758 34.0247 36.7731 0 37.3778 36.6488 34.2888 
0.710011 0.651942 -2.23668 -0.28518 -2.32941 3.39259 -2.40132 -0.364183 0.469587 -0.348525 0.0223168 0.127863 0.675389 1.27434 1.32324 0.958444 -0.236542 -2.16934 -0.471807 1.94336 1.97715 -0.418821 2.52325 0.492213 0.785046 -0.771255 0.50636 -0.835171 0.0338395 -0.752144 -0.55482 1.00535 -0.262922 1.14283 0.0848274 -1.14888 -2.57321 -0.944275 -2.0632 -0.425593 -0.855149 0.951017 0.764659 0.758054 -1.8808 1.04372 -0.622702 0.640331 1.39712 0.747025 0.834116 -0.612163 0.665519 0.818224 -0.780261 2.74577 -0.581589 2.54192 -1.14942 -0.944251 0.0401458 -0.346249 -1.93843 -0.1321 0.536004 -1.36825 1.58658 0.653203 0.590151 1.10849 -0.367671 0.861711 -0.842872 -0.831164 -0.204209 0.470596 -0.271529 -1.85001 1.84834 -0.541035 -0.966095 2.16404 -1.20597 -0.430968 -0.598204 -0.00222464 -0.0777999 -2.71702 2.50057 1.29673 -0.572284 -0.251609 1.15556 0.616485 2.11943 -0.975151 -0.546323 -0.0502668 -0.736912 0.160407 1.25809 1.12874 -0.140044 0.107677 2.80066 -0.80983 1.22903 -0.149501 -1.10861 1.14353 0.0332163 2.21786 -0.531073 -0.264721 0.0690502 -1.09119 -0.992238 0.904484 1.08286 0.777089 0.482395 1.83874 0.721164 -0.824255 1.0306 0.169175 0.0210454 -1.87924 1.11223 1.50303 -0.104888 -0.549361 -1.1466 -0.44946 -1.451 1.27224 -0.270371 -1.07058 2.17114 -0.690158 -0.31485 -0.50286 1.10522 0.187169 -0.523777 0.459446 -2.09331 -0.31364 -0.606955 1.58527 0.342679 1.85236 2.29957 0.400574 -0.0148804 -1.17795 -2.72979 -1.0709 0.144827 -0.0650264 2.25531 -0.134084 -0.0234772 0.976958 1.45704 0.457263 -0.419707 -1.15428 0.0368732 -3.73888 -0.533643 -1.02331 -1.05279 0.0018155 -0.560448 -0.0359997 1.1811 0.536294 -0.817626 1.76754 -1.508 0.891595 -0.125333 -0.123903 -0.902679 1.62341 1.07251 1.90933 -0.00460589 0.624679 -0.273989 -0.532305 0.0583253 -1.07506 0.235266 -0.157801 1.98511 1.1769 0.725647 -0.0686915 -0.465134 2.44921 -0.937133 -0.125531 -0.0785677 0.655153 1.80895 -1.73965 0.714993 -0.0437884 -0.0684873 0.120625 -1.46065 -1.88904 0.642926 -1.8144 0.769235 -0.284867 -1.59139 -0.975171 -0.213192 -1.96565 -0.298585 1.26048 -1.37957 2.3832 1.35079 1.26519 -2.62996 -0.991391 -0.635445 0.0758362 1.39693 1.04406 1.70094 -1.36178 0.348695 0.268301 0.109014 -0.716031 0.654005 1.33995 3.01704 -3.41012 -0.817434 -0.635867 -0.177823 1.03828 -0.0721815 1.42934 0.339497 -0.17469 -0.740842 -0.925241 0.213113 0.779562 -1.03805 0.972775 1.28353 -0.270036 -1.73225 0.985709 -1.28871 0.0330517 0.21509 -0.836301 -0.25807 1.54089 1.35474 -0.237483 -1.65785 1.25284 0.610367 1.43209 0.873871 -1.46509 0.405642 1.37406 -0.984687 -1.94323 0.483415 -0.305519 -3.18214 0.0283102 2.55302 -0.0488614 -0.992642 -1.04443 -0.20032 -0.656367 2.14609 0.906649 -0.900791 -1.33921 -0.919618 -0.0878317 0.640152 -0.199008 -0.974654 2.77953 
1.34294 -0.584036 3.77626 -1.86817 1.39886 -0.411206 0.472833 1.32967 1.93849 -0.890123 -0.405645 -0.634056 1.45719 0.557579 1.40637 2.11835 0.708235 0.483912 2.11624 0.0339415 -0.213929 1.06754 -0.726169 -2.38584 1.80742 1.0447 -0.220956 -0.689518 -0.18679 0.675706 0.108287 -2.13628 2.14596 0.68681 0.10456 0.442317 -2.25689 0.101215 1.90848 -0.238585 1.04366 0.699566 -1.19834 -0.146776 0.40611 0.344245 -1.08478 0.642519 0.924055 0.075729 0.00976306 0.199965 0.0665645 0.903952 -1.70219 0.910229 2.46644 0.298042 -1.20297 -1.12936 0.327503 0.333514 -0.719425 1.5702 0.952387 -1.51157 1.03878 1.12503 -2.08497 2.95464 -0.523004 0.259065 -0.809491 0.708904 -1.52603 2.22697 0.111151 0.857827 0.169406 0.57809 0.475845 -1.62074 1.60906 -1.14742 -2.07555 -0.988543 -0.0609363 0.706369 -1.06101 -0.366271 -0.9132 0.122912 1.22085 1.30332 -0.41152 -1.58569 -0.8056 -1.48667 -2.00224 2.17027 -0.862181 1.54051 -0.227552 0.961233 -3.4179 0.412193 0.748997 -3.49862 1.6819 -1.40297 1.26554 -0.734762 -0.858173 -0.661913 -1.13459 -0.0480918 -0.570092 0.302504 -1.16514 -0.452633 1.84401 -2.47473 -1.31198 0.32047 -1.06263 -0.436739 0.905316 1.13234 1.23944 -1.08366 -1.70461 1.01272 -0.311151 0.93664 -1.33057 -0.991426 -0.738467 0.7861 1.48762 -0.0492026 -0.18981 -1.0623 -0.750295 0.281222 0.666064 2.45917 1.79731 0.606216 0.2717 -1.21467 3.08947 -0.517966 -0.68439 0.373527 0.421344 0.463675 1.0841 -0.0487897 -0.256423 0.632806 -0.196621 1.45916 1.90475 0.472816 2.61263 1.30063 0.814846 -1.21922 -1.17236 -0.17379 -1.08455 1.83639 -1.72592 -2.34622 1.93905 -0.818576 0.868463 0.704033 2.17379 0.847633 -1.1886 1.35183 -1.80329 0.141438 -0.531832 -1.02061 0.754006 0.745772 2.59894 -2.883 -0.485909 -1.11491 0.963469 -0.408062 0.485661 -1.17864 -0.136843 -1.09467 0.278881 -0.732341 -0.417948 -0.445016 -1.16781 -1.51698 -0.621969 2.28017 0.167479 -0.221765 -0.728997 -1.62089 1.05795 1.07899 -0.760773 0.625264 1.57948 0.45375 -1.77952 -0.866528 -1.27771 -0.725302 -0.930639 0.357897 -1.74354 0.105126 -0.659132 0.917167 -0.260187 2.46203 1.13074 0.0912425 -1.60997 -1.81113 -0.198015 -0.238349 -0.157641 -1.05282 0.67922 -2.89036 -1.78689 -0.855202 0.179749 1.27799 -1.02673 -1.48277 -0.816524 -0.948373 -2.14956 -1.906 -2.38412 0.0381213 -0.902149 -1.891 -1.33194 0.213892 0.258535 -0.139795 -1.00099 -1.36629 -2.82004 -0.0398182 0.353163 -0.374205 3.67539 -2.27278 0.492023 0.339837 2.18599 -1.5487 -0.204698 2.02227 -1.13849 -1.56762 -0.00170372 0.44263 2.79452 -1.23335 -0.504647 -1.36433 -0.947068 -1.90453 0.494765 -0.122229 -1.24002 0.927962 1.99601 0.0640205 1.95705 0.956343 -2.52489 1.92245 0.589219 0.909377 1.85737 2.64683 -1.5461 -1.6623 1.34429 -0.318237 1.33431 -0.784968 
0.137836 -1.9804 -0.948785 -1.24167 -1.27414 -2.35733 2.43945 -2.05915 2.60985 -0.213022 0.61141 0.555655 0.583378 1.69915 -1.90601 0.995163 1.92951 -1.27362 -0.22716 0.766205 0.2773 -1.40188 1.13013 -0.364073 -0.266844 0.0465919 -0.794339 1.10807 -1.40101 -1.03772 -1.61371 1.60736 1.47792 -2.13573 0.42527 0.186769 0.368685 0.926886 0.185282 -0.73033 -0.284588 -0.211568 0.48889 0.479719 0.454922 1.37626 -2.49445 2.32742 -0.58379 0.73043 1.74304 1.18863 0.559689 -0.571644 -0.835002 1.42946 -0.142814 0.373659 0.0263933 -0.977865 -0.634343 -2.5388 -1.35944 -1.16541 -0.709613 -0.346791 1.7534 1.09017 1.14804 -0.249039 -2.44526 0.27601 0.801516 -1.49138 -2.06027 0.0865802 -0.702707 1.42789 1.08474 0.870274 3.88467 0.497111 0.953787 -0.581716 1.45464 1.00999 -0.967991 -0.813702 0.368879 -0.788077 0.235253 -2.20677 0.527272 -0.45582 1.04451 -1.41491 2.07827 0.543579 0.408038 -0.852837 -2.4081 0.872959 -0.0254622 2.3421 -0.189294 -1.45124 -0.702198 -1.07109 -1.61969 1.64608 0.88145 -0.523689 -1.4854 -0.69759 1.09975 0.568647 0.843945 0.905099 -2.60425 -0.789438 -0.292683 0.579355 -0.670409 -0.164649 -1.37128 0.561477 0.0387928 1.2218 0.523238 1.04369 0.0556262 -0.92222 0.686715 0.402845 -1.16104 -1.02079 1.80612 1.1594 -0.597349 1.27626 -0.0975504 1.95551 0.915891 1.02727 -0.773427 -1.52825 0.137006 -3.64562 1.03354 -2.34419 -0.854399 -0.562334 -0.244497 0.69103 0.0598564 -0.765828 0.640745 0.107784 -0.321658 -1.07778 -2.20916 -1.29049 -0.131015 -1.60773 -0.598773 -1.4283 1.57471 -1.91016 0.346932 -2.23948 -0.283662 -1.76141 0.915341 1.93401 1.86695 -0.386095 -0.131109 0.165108 1.84693 -1.31847 0.0758087 -0.646021 0.298118 0.810066 0.62883 0.633144 -2.20973 -0.162219 0.16435 -0.137996 -0.180289 1.00315 1.2785 -2.22588 2.12338 0.238027 0.391367 0.775224 -0.560016 -1.49509 -0.640773 -0.221114 -0.79676 0.517347 0.359254 -0.0447079 0.0709415 -2.85137 0.598441 0.606115 1.96567 0.412875 -1.36361 -1.17271 2.99704 0.0113787 2.50892 -1.34862 -1.1424 -0.592925 -2.58016 1.58705 -2.35832 -1.38801 -1.59607 -2.44986 1.51871 -0.223551 -0.204538 -1.38722 -0.443938 -1.74832 -0.939043 -3.68098 -0.413933 -0.671533 -0.776332 2.57062 -1.86568 -1.00659 -0.668595 0.42249 -0.38867 1.35404 -0.481071 0.170355 -0.317655 -2.02764 0.772736 -2.20388 -1.99895 -0.144043 -1.37884 -3.32744 -0.816795 0.781743 0.88703 1.45991 -0.292827 0.642605 -2.38571 -1.28215 0.200454 -0.322786 -1.89088 1.94369 -2.12963 0.777233 0.354904 -1.34641 -1.61386 -1.49047 1.58464 -1.21025 0.08399 -0.878184 0.184084 0.306317 1.19243 -1.16789 0.137623 -0.24884 -0.390088 -2.39759 0.841918 -1.84567 0.467562 -1.72391 -0.479558 0.155897 -1.07186 1.88513 0.161579 -2.51489 1.25395 -1.11351 -0.994157 0.348196 -0.684764 0.031543 
0.667724 -1.76717 0.217339 0.923583 0.176583 0.153581 -0.446385 -0.875528 0.748863 -1.16067 -0.785336 -0.929259 -0.894624 -2.45701 -0.849849 1.97915 0.371797 -0.124753 2.37301 -0.553423 0.885227 -0.993381 -0.451 -0.705164 0.757188 1.9443 -1.30749 0.491718 -1.01547 -0.59177 1.21416 1.32008 1.25488 -0.481566 2.25852 -0.707351 0.593898 0.550546 0.329539 1.34055 1.90906 -1.16694 1.31153 -0.0487328 -0.611378 2.15026 2.72658 0.883881 2.2275 -1.2725 -3.91314 -1.00368 -0.311264 -0.506189 -0.411064 -1.2106 0.636819 -0.805216 -0.050016 -0.612367 0.102648 -1.36176 -2.6704 -1.26063 -1.09043 -0.0349549 -0.902278 -0.123787 0.663377 0.385878 -1.06805 0.158211 -1.58075 -2.60916 -0.694693 1.03854 -1.44114 0.713905 -0.875132 -0.449769 0.00209885 -0.294089 -0.388028 -1.09442 0.979018 -0.66585 0.75953 -0.91647 -1.20909 0.675316 0.254853 -0.837769 0.7964 1.54388 1.50588 -2.63146 1.31473 0.947714 -1.22621 -0.392341 -3.69237 0.910457 1.193 0.320107 0.749617 2.00841 1.15314 2.96168 -1.05941 0.911061 0.87809 -0.294995 -1.5067 1.58052 0.957441 0.893597 -0.0962099 1.07968 0.454725 1.16145 -0.824847 -2.04047 -0.111572 0.519898 -1.05343 -2.42178 0.0537552 -0.327009 1.16569 0.128603 0.279574 0.913503 -1.08968 0.905304 0.253407 -1.95613 0.491253 0.291397 -1.37234 -0.577651 1.38278 1.32826 0.729383 -2.02331 0.958218 0.00977174 0.97962 0.237519 -1.06087 0.4169 1.50462 -0.628828 1.69653 0.0952062 1.01649 -3.25981 -2.93612 0.335445 1.28372 0.00887646 3.47107 -2.41757 -2.02998 -1.12678 0.715723 0.560537 -1.06132 0.0549416 1.81103 1.14512 -3.02171 0.462215 -1.07754 -1.88827 2.37117 0.291102 0.313026 1.02127 0.199996 -0.252574 1.0011 0.777311 1.08908 -0.892862 -1.80797 -0.209798 0.735318 -0.798099 3.16488 -0.976198 -1.03433 -0.458355 1.20405 -1.38017 0.838707 -0.431936 -0.214879 -1.68786 1.99527 0.159163 -0.244906 1.31106 -0.428016 -0.573405 1.0065 -0.845893 -0.272924 0.151117 1.35301 -0.707403 0.862169 0.67754 0.954427 -1.28345 0.402625 0.551802 0.850551 -2.33023 0.38793 -0.163003 0.176723 -0.617551 0.0716295 -0.926408 -0.0935908 -1.50173 -0.801641 -1.73192 -0.92474 0.0701505 -0.27481 -2.39321 0.538968 0.925953 0.534076 1.71303 2.17884 2.6952 -1.44066 2.35004 -0.240039 1.4654 0.673174 0.116714 -0.406173 -2.18187 -0.118121 0.0908196 2.00711 1.56759 0.823683 -1.38286 -0.61727 -1.81549 0.721838 0.857734 0.794398 -0.172926 -1.63816 -1.90119 -1.13016 -0.864735 1.91473 1.90517 -0.956227 -0.446294 0.569851 1.62234 0.691822 -1.05047 -3.1729 -1.57899 -0.968653 1.35512 -1.76111 0.700481 0.715569 4.24703 -1.77678 -0.501981 -1.18918 -0.57013 0.275595 1.65277 -0.934791 2.61275 -1.05447 -0.216333 -0.503658 0.388844 0.767683 0.720974 -1.77319 0.655627 0.442606 1.24151 -0.434773 0.647885 1.72391 -2.93456 
1.74669 1.01981 3.45085 1.97604 0.5008 0.239384 1.18116 -2.12328 0.126194 -0.481445 -0.242704 -0.546839 0.984418 0.256751 0.109077 -1.10721 4.02997 -1.75111 0.584564 0.0569274 1.36846 1.61659 1.21694 0.605096 0.498898 -0.35108 1.19375 -1.75577 0.566783 0.203539 1.10413 -1.38831 -0.124675 -1.34769 0.366474 1.45971 1.38544 0.0521789 -0.0990912 1.38306 0.376827 0.380308 0.909839 -2.81741 1.76299 3.41992 0.760156 -0.966352 -0.133097 -2.69307 0.129067 1.44805 3.93322 0.143074 2.03651 -1.44296 -0.185591 1.82736 0.740099 0.0145114 -0.264516 1.47682 -0.165406 0.451424 0.13961 0.532345 -2.39782 -0.874228 -0.732792 -1.76751 -0.885875 0.800417 -0.87501 0.532231 1.95208 0.184833 0.566181 0.343087 1.28726 0.766953 1.80415 0.712245 0.50728 -0.13637 0.0531392 0.421251 0.906437 0.52088 1.8705 -0.568027 -1.638 -0.685932 2.99206 0.214064 1.35467 0.663746 -0.909772 1.06013 -1.63755 1.06441 0.748678 0.438343 -0.663671 0.917022 0.886732 -0.3733 0.00519075 0.664749 1.0401 0.808263 -1.19479 -2.65919 1.64126 -0.661291 -2.01675 -0.402669 -0.609153 0.948087 0.400713 1.14471 -0.628084 0.114671 -1.74296 -0.632708 0.494788 -0.447693 -3.3837 1.79665 1.36172 -1.15124 1.24674 -1.30589 0.69038 -0.774528 -1.03487 -0.670175 0.877331 -2.77822 0.141959 -1.20039 -1.48 -0.281801 -0.678141 0.0117429 0.808331 -3.4159 1.00031 -0.271799 -1.38274 -1.03964 2.55334 0.356901 -0.853714 0.877563 -1.38267 -1.59812 -1.24383 -1.17807 -1.17665 -0.203195 0.399222 -0.948238 -0.220079 -0.0732044 -0.674448 3.72984 -2.16687 0.565594 -1.70535 1.15081 0.503076 -1.08237 -2.35052 -1.04759 -0.169852 0.13075 -0.116183 0.67126 -0.0838679 -1.66547 -0.0880821 -0.0381841 -0.956794 0.201072 -0.392441 -0.712127 -0.745776 -2.11166 -1.44947 0.379012 -1.56582 -1.17703 -1.56713 1.52425 0.627808 0.233981 0.924763 -0.789381 1.89134 0.243953 3.35 -2.12715 -1.755 -2.11314 -1.89138 -0.942294 -0.31042 -3.63439 0.315981 -1.3103 -1.5235 3.1589 2.5699 0.503683 -0.89643 1.39275 2.01549 1.21693 -2.40544 -0.752739 0.281006 0.455545 -0.0891405 -0.596181 0.75515 0.0284268 1.20761 0.230381 0.731072 0.403262 -0.910659 0.0951849 0.793506 0.585887 -0.645839 0.0659567 0.944312 0.610893 2.33073 0.656616 1.99957 0.366128 1.93427 0.0653406 -0.21211 -3.26688 0.589036 -0.869858 -0.0310527 0.953174 0.000478061 0.166582 -2.03051 0.888293 0.898926 -1.18133 -0.138798 1.28841 -1.76804 -0.689848 1.37087 -2.19921 1.46167 -1.35419 1.68767 -0.49887 0.899385 -1.06982 0.399399 1.57957 0.908616 -0.974302 0.957615 -0.746166 3.35553 -1.17438 -0.0974273 -0.652437 -2.17232 -0.32774 0.399765 -1.10831 -1.04879 -0.956283 -1.31937 1.52171 0.289771 0.0869627 -0.545306 -1.3925 1.75258 0.713109 -0.624546 -0.943628 -3.79911 -0.776671 -0.6681 -0.581363 0.803077 -0.199811 
-1.76923 1.76589 1.84625 -1.29026 1.86785 -1.51732 -1.1807 0.75699 -1.07403 -0.798597 0.700586 0.274552 0.540048 -1.21884 1.48927 0.685153 0.602572 -0.184197 -0.080132 -0.878602 1.49784 -1.128 0.920036 1.5438 -0.766665 1.51158 -1.76553 -1.08747 -0.924351 -0.603472 -0.43663 -0.106016 0.236105 -0.190324 0.508355 0.66954 -1.34744 -0.879991 -1.33616 1.92929 -2.37269 -0.492469 0.186417 -1.37734 1.42068 0.174509 0.488838 -0.785519 -0.369774 -2.20245 0.0784103 -0.163524 1.91982 -1.81696 2.19696 1.67456 -1.12319 -2.55944 -0.333468 -0.0424272 -0.991652 -0.257535 -1.01363 -1.31831 -0.00282649 -0.264547 2.00394 -1.17538 0.91416 -1.23782 0.312599 1.38669 0.689411 -0.00179362 0.888194 -1.667 -0.510644 -0.59017 0.327776 -0.750823 1.97044 1.16766 0.276254 -0.336496 0.434456 0.655471 -0.74898 -0.939058 1.38327 -1.49158 0.654045 -0.624355 1.39353 1.31642 -0.502501 -1.17665 -2.02038 0.355761 0.0554744 2.012 -0.224772 1.2927 0.0701126 -0.622075 0.244374 -0.535309 1.51294 -0.456611 1.81875 -0.251044 -1.12787 0.525073 0.820723 -2.50455 -0.150343 -2.54994 1.45924 -1.35677 -0.804323 0.756195 -1.76328 0.844471 -1.10471 -3.0305 -1.80839 -0.392026 0.126442 0.567094 1.26607 -1.10529 -1.33254 -0.6925 -0.648907 0.845583 1.21333 0.735228 -1.85818 3.68303 1.05802 2.14114 1.88092 0.405227 2.61579 1.96785 0.348939 -1.07906 -0.856764 0.153915 1.24324 0.473017 0.250757 -0.185765 1.91139 -1.36997 0.681977 1.34721 -0.353295 -0.712805 0.852253 0.236129 4.30339 -0.15068 -1.14236 0.514068 0.605432 -2.56974 -0.0433073 0.684352 -0.0054531 -1.76725 -0.152474 2.76885 1.03107 -2.39616 0.665873 -1.07949 -0.286723 0.75469 -1.40558 -0.062755 -1.38876 2.36392 -0.616556 1.89336 0.459116 0.259434 0.42909 -0.719677 0.6611 0.105391 0.134469 -0.830519 1.86833 1.138 1.7336 0.340889 -0.633967 -0.30034 0.698077 2.16093 2.19132 -0.745712 -0.35707 -0.00563347 -1.57131 -0.91131 1.96295 -0.225479 0.786351 1.53101 0.260365 -1.62142 1.42209 1.64411 0.0288109 1.19283 0.406693 -1.10411 -1.86275 0.764527 -1.30025 2.65404 -2.31141 -1.26282 0.940872 -2.37449 -1.05222 1.43767 0.464912 2.66187 1.38666 0.338643 0.238458 -0.253854 -0.0652527 -0.911578 0.476138 0.507794 0.901357 -3.48132 -0.685524 1.6935 1.33583 0.0622247 0.535917 0.644472 1.38644 0.554704 -1.56035 -0.649692 -0.760942 -0.575982 -3.09837 -0.990112 -0.491411 0.199146 -0.876068 1.83039 -2.38016 -0.980488 -0.241617 -2.08447 -0.172737 0.661199 0.37572 -0.385235 -1.20959 0.67137 0.931928 2.12875 -1.8885 -0.060999 -1.21481 -0.873468 -0.0707648 1.19491 -1.516 -0.227391 -1.81341 -1.50265 -2.69242 2.14223 1.21928 0.240629 0.377061 0.376722 1.31732 -0.285706 1.63907 0.832833 0.50521 3.40889 -0.265638 1.05556 -0.239624 0.740372 1.10629 1.72119 2.06835 -1.34169 
-0.231324 2.81676 -0.391081 -1.33805 0.0468565 -0.458675 -0.0231873 -0.688075 -1.71528 -0.6875 0.278885 0.0654473 0.66376 0.279953 -0.204621 0.883364 1.02167 -0.306528 0.160974 0.293549 -0.102586 -0.971931 0.757832 2.89197 0.718017 -1.72802 1.41501 0.684368 0.20717 -0.203158 0.237192 -0.605985 -0.599234 -1.55877 1.2609 -1.37591 -0.954086 -0.249737 -2.1651 1.62942 0.794006 -0.24825 0.528892 3.41676 0.0518437 0.996281 -1.0208 0.291477 1.0529 0.961148 2.00531 0.751114 0.182624 -0.625996 0.978382 1.08829 1.3822 0.541535 -1.50804 0.352827 3.90176 1.43887 0.555423 1.29378 0.791708 0.164898 -0.731787 -2.95368 0.342412 2.62117 -0.992878 -0.720729 -0.522675 -0.216761 0.161631 -0.985978 0.220502 -0.646892 -0.668952 -1.31721 0.2294 -1.34132 -1.26572 -0.690127 -0.982934 -2.70024 2.28526 -0.272416 0.0771144 1.32581 -0.717968 0.405666 1.10731 -1.16895 -3.01471 1.41004 -0.23902 -1.1994 1.41748 -2.2266 3.24388 0.747885 1.99143 0.413286 1.46012 -0.239413 0.218665 -2.51625 -0.707642 -1.39446 -0.521252 -0.977264 -0.197538 2.08018 0.744287 0.145081 0.931427 0.426033 0.0859346 0.766159 0.246768 0.9958 1.63005 -0.199951 0.466059 -0.551176 -0.692379 -1.11169 -0.909327 0.941834 -0.557987 -1.08535 1.76305 -0.160997 0.249083 -0.61895 0.673708 -1.66787 -1.59734 0.298633 -0.449891 0.722319 1.48215 -1.34093 3.21433 0.82523 2.49674 -0.06204 -0.216689 -1.31819 -0.0458445 0.852945 -0.0156314 1.34655 0.924401 2.3199 1.06407 -1.65076 -0.82194 -1.79031 -0.274562 0.804459 -0.188228 -0.576574 -1.16711 -0.89938 -1.81966 1.46509 -0.417928 0.24035 1.88368 0.498907 -1.04428 0.596063 -2.22384 -0.774887 1.40222 0.428459 3.76635 -1.19739 -0.458918 1.39423 1.51082 -0.516168 1.6195 1.17035 -0.424959 -0.405002 -0.263337 -0.718597 -0.80117 0.221434 0.914057 -1.96667 -1.11322 -0.849275 -0.674243 0.546243 0.101027 0.808126 -0.984104 -0.52946 0.07845 0.130956 -0.639111 -1.27981 0.298868 0.0861033 -1.50696 0.197982 -0.494886 1.07067 0.129119 -2.64011 2.00547 0.555437 0.257276 -0.158032 0.463783 -2.10976 -0.933179 -1.04228 0.330078 -1.13934 -0.73769 -0.673453 2.99288 0.348827 -1.94076 -0.901354 -0.659711 -0.844239 0.0335227 0.289714 0.769765 0.799429 -0.847544 2.75881 -0.943884 0.566686 0.818339 -0.401536 -0.320477 1.30378 -1.74115 -0.892799 0.231193 0.0273323 0.682627 0.0461273 -1.19647 -1.8708 -0.448051 -1.31878 -0.287902 2.19761 0.162644 -1.80419 -0.76899 -0.768872 -1.30803 0.499439 -0.612529 -1.32408 0.873863 -0.292202 1.39924 0.274465 1.88344 -1.90715 0.631151 0.65343 -0.8411 -1.04988 2.14569 -1.42001 -2.10433 1.67924 -0.370609 0.399408 -1.00175 1.02417 0.773472 -3.03716 -1.28064 0.318764 -0.199722 -0.792089 -1.11038 -0.92776 2.71403 1.68369 0.042759 0.897684 -0.741053 0.449187 -0.627226 -0.89616 -0.390142 -0.0463697 
0.976836 0.0598736 -2.05759 -2.07195 -0.29498 -1.85107 2.10969 -1.24974 0.707104 2.03912 1.48584 2.27067 1.45418 2.47718 1.36525 2.99841 1.69149 -2.04279 -2.29921 0.272905 -1.27469 1.00413 0.290129 -1.58629 1.10893 0.233904 0.0415147 -1.29412 0.535264 -1.7256 0.608831 1.28246 1.31446 -0.778678 1.96533 0.352177 -0.806958 -0.979874 -0.456964 0.915107 -0.0819399 0.343389 -0.364565 -0.0977567 -1.90704 1.68186 1.72905 0.522024 -0.546423 -0.450928 1.13175 -0.0745592 -0.208706 -0.846907 1.22668 2.29394 2.21114 0.898689 -1.04174 1.67645 1.48801 -0.494565 -0.85029 0.470874 3.01808 -0.477235 2.30066 1.45522 -1.58717 -2.95946 -0.949286 -1.56519 2.71915 -0.419821 -0.741064 -1.37759 0.775659 -0.552264 -2.25032 1.91701 -0.763075 0.687213 -1.4425 0.548975 -2.63528 0.766441 -1.81102 0.602493 -0.582441 -1.11546 0.450433 -2.27359 2.25813 -1.60256 -0.555286 1.67992 -2.00983 -1.96401 0.811861 -2.76353 1.65031 0.0252173 -0.5045 0.44673 1.44548 0.0191331 -1.55717 2.00415 0.0755096 -0.0246316 0.601456 -1.56076 0.805222 0.103903 0.42487 0.062654 -1.00018 -1.47649 -1.99506 -1.38672 -1.03985 1.01411 2.48841 -0.063464 1.26889 2.21625 -1.56251 -1.08055 1.42094 0.382879 -1.49542 1.49255 3.00145 -0.848591 -0.0780258 -2.13806 1.84756 2.39479 0.395862 2.00264 1.13227 -0.139742 0.865688 0.450677 0.863162 1.53727 -0.852011 0.974767 -0.105382 1.86555 1.97601 -1.03965 -0.528406 -1.23095 0.653116 -0.924344 0.966021 0.260561 2.14907 0.107823 2.48462 -1.39018 3.17631 0.652554 0.677972 1.04227 -1.1605 0.444953 -0.461536 -1.1128 -1.32774 0.377258 0.302127 0.173471 -0.428292 -0.981826 -1.08163 1.16076 0.873723 0.439589 -1.86727 0.952413 2.21112 -0.327437 -0.816704 0.567603 -2.42938 -1.23347 -0.736512 -0.692135 -1.32063 0.672629 -0.726646 -0.266093 0.820465 -2.7975 -1.04867 -1.44178 0.529634 0.68465 3.31464 -0.993858 1.42055 1.02034 -2.80904 -0.83794 0.789898 0.269908 -0.892544 -0.643887 -0.334941 -1.45126 1.18088 1.02356 -0.602899 -1.84111 1.03 -0.579326 1.89123 0.468404 0.270186 0.0138635 0.98797 1.01754 0.028156 0.355311 -0.911731 -0.598034 0.350742 -0.346525 1.54443 -1.28214 0.344186 -2.17181 -1.32706 -0.711122 2.61933 -2.11287 1.42701 -1.07439 -1.09896 0.854608 -0.340954 -0.351135 -0.984373 0.495488 -2.04721 0.655347 0.151748 2.67071 -1.52549 0.265687 -1.25254 -0.584879 0.123304 0.143133 0.604321 0.156009 0.375217 0.106078 -1.93608 0.60842 1.17504 -1.2089 0.893631 -0.156466 -0.44119 1.28676 -0.6662 -0.143562 0.237687 0.715607 0.988246 -1.02644 -0.427876 -1.38121 -0.264546 1.16069 0.856786 1.27077 -0.120148 1.44772 -0.442276 -0.345337 0.286659 1.93844 1.45177 0.060079 -0.70467 1.58828 -0.586531 -0.927427 1.99486 -1.57348 -1.1729 -0.0610024 -2.10909 0.169807 1.27159 -0.346994 
0.321445 1.1284 -0.990277 -0.126591 -0.0146874 2.9586 1.52929 -0.413168 -1.3897 -1.02528 2.97899 -0.928673 -0.458176 -2.05554 0.900136 -1.78765 -0.250746 0.935811 -1.34278 0.502866 0.271988 0.272748 1.41445 -0.980866 0.381936 -1.35449 0.662607 -1.17076 -1.13058 -0.60533 2.11256 0.340915 -0.642351 1.90425 0.943252 -0.468493 0.139021 -0.0360893 -0.272943 1.08384 0.135273 1.08497 -0.136136 -1.24899 -0.0685828 -0.377587 -0.573422 -1.13732 1.76855 0.32939 0.733814 -0.305389 -0.900316 -0.993078 3.19132 1.68485 1.6011 -0.953004 0.384841 -0.261989 0.188983 1.84937 3.17655 0.506664 2.16339 -0.515571 0.467101 2.33912 1.27449 -1.79956 0.223804 -0.409097 0.426319 1.44461 -0.942021 -0.408578 0.792872 1.08563 -1.04899 2.31115 0.0792376 0.905756 -1.35407 1.92331 1.1255 -0.0739259 -0.927913 -0.266733 2.92367 2.38243 -1.01458 -2.09901 -1.28045 0.294016 0.190604 1.63424 -0.959095 -1.56427 -1.00448 -1.07485 -1.49328 2.24509 -1.6932 2.22876 0.701749 2.99849 -0.320643 1.46674 0.498232 0.350142 1.38212 -1.84162 0.34994 0.729159 -0.105458 -0.0986412 1.07286 0.156747 -1.75358 -1.15547 0.845386 -0.473109 0.525757 -2.80881 -1.02152 -0.46089 0.736534 0.893703 1.27412 -0.956756 -0.544722 -0.62053 -1.14123 0.57555 0.273773 2.09599 -1.30127 2.85474 0.357884 0.971847 -0.279238 -0.403985 -2.7503 -1.46737 -0.581744 2.74163 1.42925 0.12977 0.0955402 -0.161435 -1.80217 0.58967 -0.403205 0.586582 0.157258 0.197307 -1.20976 -2.1134 -0.0208766 1.1956 -0.883801 -0.289348 -1.28928 1.03604 0.704276 -0.0215351 -1.997 0.835209 -2.48787 1.01194 0.764079 -1.17166 -1.1085 2.51714 0.0153326 -0.64907 0.298855 -1.38564 2.9114 1.15311 -1.90384 -2.1416 1.81762 -1.40451 -0.085642 -0.552135 -1.04667 -2.32694 1.53622 -1.34851 -0.476222 -1.13394 0.847782 -1.08332 1.29855 1.93162 -0.477252 -0.830351 -1.02423 -0.426205 -0.295909 -1.5005 -1.13181 -1.00886 1.23501 -1.18156 0.189098 -0.321779 1.03768 0.311287 -1.93516 -1.22822 1.38185 0.948988 2.12075 0.819768 -0.227009 0.54159 -0.769251 0.607547 -0.0297869 1.1114 1.47477 -0.242583 -0.990364 -1.68628 0.474636 0.632642 -0.738189 0.618286 0.792154 0.622858 1.36712 0.118943 0.160192 1.33291 -0.22272 0.0280017 0.962242 -1.33681 1.32641 -2.16393 3.04722 0.066324 1.6595 1.60716 -1.34556 0.596965 -0.640384 1.91926 0.60798 -1.43523 0.540451 -0.386599 -0.162173 0.0729307 -0.225351 0.897405 -0.144635 -2.45221 -0.443935 -1.6487 1.38415 0.365831 -2.81678 -1.11861 0.848906 1.66101 -1.61044 0.670613 -1.82178 0.473053 1.68891 0.0757451 -0.751996 -0.0582473 0.35703 0.0650288 0.935853 -0.371399 0.78072 -0.816069 1.41953 0.735028 0.355786 1.57917 0.193735 -1.43417 -1.06707 -0.816409 1.62337 -0.79707 1.52915 0.701978 0.824884 0.378737 1.39535 2.21794 -0.723639 0.125856 
2.21947 0.574754 -0.0417912 2.02012 0.297251 -1.4894 0.354539 1.43912 -2.49145 -0.909804 -0.258508 1.82003 -0.52567 -1.07693 -0.710339 1.32248 -2.10856 1.50661 0.0203219 -0.264371 -0.175337 0.714363 -1.11878 -1.02967 0.356551 0.422757 0.804682 -0.228367 -0.720205 0.312411 1.78893 -0.945084 0.610854 -0.010239 -2.05106 -0.0527971 -0.287059 -0.872222 -0.422891 -0.277674 0.0892148 -1.61717 1.77692 -2.38503 1.42331 0.541629 1.80356 -1.2827 -0.760605 -0.978503 -3.2925 -0.552824 -0.565394 1.50208 0.756195 1.04839 0.249662 0.516463 2.37199 0.383321 0.419873 -1.07033 -0.771513 -3.24728 0.367394 0.628373 0.071167 -0.359319 0.171604 2.19537 -1.77792 0.735452 -0.545889 -0.854386 -0.597368 -2.63387 0.402718 -0.675908 -1.14212 -0.126583 -1.02135 1.99637 -0.0248591 0.370633 -0.202642 0.990138 -0.390511 -0.661441 -0.566631 2.11006 1.07211 -0.577398 0.781748 0.490033 1.12584 -0.1764 1.34598 -0.336789 1.86447 -0.0705595 2.13014 -0.522355 -1.19778 0.0364533 1.89074 -0.821964 1.52358 -2.3242 -3.52211 4.62286 -0.894518 -1.21815 0.59241 -1.21148 1.33762 2.26301 1.05828 -0.547843 -0.335419 -0.450233 1.82666 2.46356 -2.60345 0.479433 -2.13873 1.15843 3.171 1.14559 0.177242 -0.438572 0.765934 0.350071 1.8737 0.554497 1.62567 -0.886775 -2.12018 -0.565416 0.184925 -0.418734 0.844247 -0.458461 -0.99012 0.766161 -1.91466 -0.520652 -1.14184 -1.50046 0.731478 -1.62462 -1.91507 0.694564 -2.54677 -2.37362 0.719356 -2.77457 -0.399083 -2.83202 -1.45068 -1.62507 0.280554 -1.70086 1.05 2.22613 -0.524713 0.64092 -2.17041 1.35649 -0.861381 0.393302 -5.23403 0.366747 -0.579826 -0.281269 0.90846 -4.73365 0.341925 -1.64555 1.48052 0.253131 1.25628 -1.76066 2.06222 0.725865 0.105532 -0.698627 -3.66982 2.31089 -0.604123 0.612674 -0.228712 -0.337663 0.883954 -0.189716 -0.757648 0.219049 0.543187 0.0549426 0.866455 0.173643 -0.726042 1.17362 -0.61628 -1.02065 2.05107 -1.87652 -1.11056 0.395 0.74565 0.95113 1.11821 -1.83931 1.30122 1.40627 -0.830929 -0.45061 0.399284 -1.14393 0.113571 2.64595 -1.12341 0.158361 -0.157863 1.23383 1.66121 0.633852 1.25381 0.394718 1.27307 1.12394 1.41905 -0.270756 -1.5502 -0.718563 -0.680255 -0.0147394 0.390943 -0.108092 1.34281 0.139694 -0.427452 -0.79339 0.763127 1.15398 -0.354688 -1.62552 1.13283 0.775262 -0.289942 1.1188 0.963768 0.434557 0.736972 1.74819 0.267538 -0.706948 -1.47394 -0.179962 1.50378 1.61094 1.64644 1.53287 -0.393628 -0.164419 0.155877 1.11302 0.65557 1.12088 0.0364765 0.372692 0.0781206 -0.483355 -0.288894 1.4443 0.353337 0.718268 0.154783 -0.0971297 -1.42805 0.354275 -0.502876 -0.808468 1.3943 -0.340542 -0.0272972 1.30143 -1.19678 -1.95276 -1.03484 0.986651 0.645066 0.277563 0.102315 -0.734385 -0.480947 -1.02035 0.927123 1.33437 1.32196 -1.98391 
0.861303 0.470514 -0.592215 -0.171537 -1.818 0.685594 -0.465434 -2.42543 -1.2878 -1.11023 -0.848877 1.54264 0.357539 -0.311426 0.366406 2.02895 1.81321 -1.28752 3.02814 1.51201 -1.3963 0.305914 0.695385 0.171805 2.62319 -0.348051 -0.75632 0.213909 1.93261 -0.988653 -0.0414268 -2.00236 -0.0289981 1.00022 1.03342 0.102314 1.15052 2.85608 -0.737353 0.838217 0.173376 -3.06129 -0.162743 -0.176129 -0.621448 0.638639 -0.406405 -1.11507 -0.0717839 -0.480435 0.528749 1.29875 -1.20632 -0.702812 -0.552086 -0.671427 1.52027 -1.23044 -0.262701 0.191238 2.5049 -2.67116 -0.363939 0.729987 -1.56831 1.42333 0.0477931 1.13414 -1.2869 1.39985 0.983833 -1.38908 0.729796 -1.19062 -0.775826 2.92583 0.575204 0.875992 -0.164952 0.0813393 0.430865 1.03681 -0.353922 1.03649 0.286804 -1.51326 -0.243675 -1.45238 -0.774925 -1.15349 0.597551 -0.265445 -1.23424 -0.275568 -1.31275 -0.107321 0.539392 0.617107 0.768204 -1.26852 1.23952 -0.666556 1.61779 0.187311 2.06533 -0.591139 -0.942869 -0.154036 -0.634935 1.23157 0.0244799 -1.20399 0.623 -0.911607 -0.350476 -0.37034 0.646273 0.951501 1.05401 -0.710968 -0.632028 1.17609 -2.37268 -0.361204 -1.3263 0.205326 1.12392 1.27162 -1.63519 -1.37827 -0.738349 -1.56311 -1.88511 1.35347 0.596729 1.33825 1.0612 0.0438071 -0.914607 -0.00444641 0.478159 0.52819 -2.03522 -3.37513 -0.46073 -0.0894658 2.50982 0.883614 0.914948 0.141235 0.74321 -2.68054 0.315054 -1.11851 -0.503059 -1.33906 0.171903 2.62437 -0.348138 1.19978 0.655898 -1.46068 1.56364 -1.09586 -1.9505 0.485133 1.52455 -0.980456 -1.04498 -0.0512034 -0.838406 -0.329529 -0.772499 -0.281564 -2.21561 -0.540628 0.933002 0.120335 -0.480423 -0.63474 -0.818747 0.153954 0.493659 0.285529 0.63424 1.5136 -0.100177 1.23581 1.87718 0.879363 -2.2519 1.83241 0.37188 0.167959 0.379434 2.07386 0.355092 -1.72135 2.75727 0.943139 2.8583 0.193957 -1.13457 -1.3168 1.04753 0.0761975 -1.33977 -0.390312 -0.753779 0.123828 -0.875765 0.289455 0.305286 0.424364 -0.555272 1.4867 -0.824805 -0.737372 0.820395 0.868576 0.304633 1.50952 -1.66218 -1.38602 0.149879 1.31888 2.02856 -0.149363 0.293049 -0.47 0.166741 -2.48275 -0.629534 -2.285 -2.51626 -1.16041 -0.0529292 0.379757 0.735382 0.213572 0.453014 -0.0393644 -1.71695 0.892157 1.26056 0.941513 0.734078 -0.876104 1.49666 0.605203 -1.80845 -1.68578 -0.306678 -0.662097 0.532431 -1.33056 -1.31028 -0.0368606 -0.495201 2.49753 -0.759036 -1.14874 -0.178555 -0.118985 0.866146 0.581589 1.11914 -0.125946 1.15627 -0.01786 1.45385 -0.431819 0.849071 -0.338442 -0.0103524 -0.967965 -0.709947 0.778314 -0.249746 1.3552 0.140474 -0.0277461 -2.41537 0.982475 -2.20602 2.62475 3.76416 -0.194523 0.0542482 -0.347546 1.04065 -0.00899165 -1.4302 1.32297 -2.18033 0.714367 -0.383969 0.816681 0.285716 0.327726 
0.889153 -0.801295 -0.912003 -2.36331 0.172238 -1.17439 0.703884 1.22603 1.34226 -1.50699 -0.355313 -1.46993 -0.521241 -0.487981 -0.259011 0.322303 -1.47517 -1.44234 -0.0378676 -2.86679 0.662069 1.05916 -0.195652 0.887896 -0.169615 -0.00106396 0.0191214 -0.0204379 -0.856922 -1.53863 -0.0325924 0.693681 0.988964 0.848107 1.55766 -1.46621 -1.87515 -1.05217 0.0800349 1.09939 0.916201 0.332366 0.887748 -0.724846 -1.2423 0.959901 -0.556217 -0.213076 2.64462 0.0460987 0.942919 -0.121509 0.00746382 -0.617135 1.26635 -2.74653 0.0375464 -0.754127 0.0934673 -0.210904 -1.39905 2.23673 -2.58749 -1.13303 -0.80084 -0.388703 2.30402 -0.416483 0.994315 -0.782386 0.398975 -1.01019 1.10754 0.170282 2.40454 -0.367071 -0.631043 1.13163 1.20828 -1.632 -0.720218 -3.83916 -0.62636 -0.904743 0.112083 1.69937 -0.41143 -0.624433 1.33549 -0.395086 0.680103 -1.65078 -1.94706 1.092 -0.10941 -1.28009 -1.38079 0.0166545 -1.92125 -0.630633 -0.424766 -1.61071 -1.93064 -0.277062 1.15863 0.977771 0.440794 -0.0190409 -0.219949 -1.29209 1.1954 0.758622 -0.239454 1.44805 -1.75265 -1.95599 -0.123601 -0.377183 2.24993 0.00362851 -0.173662 0.551854 0.216868 2.65065 1.80515 0.0839627 1.42042 1.01362 -1.29981 -0.311942 -3.17695 -0.0124331 0.127588 -1.22188 -2.13387 0.714274 -0.119501 -0.848576 0.219374 0.45493 0.877932 -0.136752 -0.457505 0.0330858 -1.37811 0.737743 0.565333 -0.903498 -0.519533 1.00822 -0.885877 0.643135 -2.35879 -1.396 -1.24575 -2.18206 -1.64038 -1.61594 0.29099 -0.22914 -0.610085 1.55879 -0.0781616 0.173956 -2.66171 0.537717 -0.0211885 1.36033 -1.27167 0.451316 -1.26923 -1.02386 -1.04613 -0.0156864 1.53147 -1.209 0.964279 0.884632 0.31041 -0.709236 -0.589735 -1.61715 -0.523923 0.762286 -0.182903 -0.758986 -0.739408 0.8816 3.33641 -0.656782 0.98964 -0.425509 -0.24221 -0.778094 0.781889 0.696148 0.0705705 1.55764 0.883846 2.73637 -1.11912 1.89447 1.04072 0.197864 0.442164 -0.778308 2.18118 -0.584936 -0.90987 0.494503 -1.31421 0.497774 1.33377 0.785753 -1.8668 -2.51482 -0.558547 0.29334 -1.99935 -0.818428 -1.89987 1.2984 0.857811 1.52922 -0.258235 0.31854 -0.331857 -0.166201 -1.15999 -1.03157 1.20362 0.0705332 -0.0344205 0.715772 -0.78039 1.09679 -0.888406 -1.24562 1.07168 -0.0884763 0.576286 -1.38914 -0.0917949 0.678226 0.466854 -0.078946 0.796742 0.666386 1.75269 -1.26583 -0.0640729 0.12282 -2.97067 -1.31644 -1.82536 -0.509672 -0.816517 -1.7826 0.0945796 -0.598542 1.44039 -0.723535 2.62492 0.751435 0.585574 -1.10916 0.82234 -0.575871 -3.24463 -1.24464 2.65886 1.04465 -1.76219 0.483009 -1.74436 -0.0777379 -0.140093 0.959312 -0.170561 -1.69822 -1.10881 1.08089 1.29311 -0.474196 0.648288 -0.223131 0.908969 0.219819 0.917925 -1.29522 -2.75177 -0.284891 1.28486 0.839572 1.85123 0.889656 -2.2692 1.10408 0.0367282 -1.72656 
-0.174919 2.32601 0.871835 -1.15623 -1.53813 0.774885 1.33119 2.2685 -1.39926 -0.837009 -0.723036 -0.611607 0.503913 -0.250194 0.326899 2.10225 0.0801221 0.162463 2.26788 -1.43977 -0.301736 -0.512526 -0.412936 -1.26993 2.38281 -0.56161 -0.6463 -1.07392 0.856029 -1.5511 0.413437 2.58471 0.12631 -0.699765 0.777288 -0.614621 -0.531664 0.65721 1.06564 3.12802 -1.14026 -2.88854 -0.447569 -2.44105 -0.844282 1.43158 0.656664 -0.861471 -0.859987 1.14424 0.858737 1.31426 -0.336927 0.265675 -1.66201 0.125502 2.64758 -1.0149 -0.328767 0.198938 0.192111 1.57084 -1.1418 -0.704074 0.677457 0.182744 0.826046 1.91641 0.0463623 -0.819565 -0.342186 -0.631435 -0.492985 -1.6287 1.25527 -1.03995 1.87921 1.31742 -1.76121 1.25169 -0.0987639 -0.225306 -0.218384 -1.03362 -2.27554 1.26127 0.651732 -1.50623 0.0899464 1.10071 0.15052 1.6639 -0.533815 -0.107018 -1.70145 -0.0123869 -0.863145 -0.727604 1.44887 -0.241393 1.18178 0.288398 2.77573 -0.978695 -0.463987 0.846194 0.0497789 0.43655 1.2147 0.419698 0.386249 1.4409 -1.18258 0.422047 2.06851 -0.548267 -0.0566192 2.08932 -0.344628 1.39753 2.37016 -0.97324 -0.899065 -1.83662 1.03632 -0.990675 0.746952 -0.593616 -2.45168 -0.321934 0.173074 -0.621826 -0.720612 -0.184325 1.2334 -0.81584 0.778066 -0.102892 -1.06893 -2.19058 -0.12498 -0.826191 -0.880241 -0.248968 3.0252 -0.974717 -0.31464 -0.9703 -0.975782 -0.234706 -0.692109 -0.790308 1.50066 0.856875 -0.384951 1.86109 1.63691 0.03862 -0.345417 1.1345 -0.811747 -0.796013 0.687509 -0.600911 0.416844 -1.8307 -0.334799 0.103276 -0.234789 1.76063 1.16316 0.405548 -2.08665 2.63201 -3.55806 -0.289441 0.48776 0.906439 0.513615 0.396231 -3.44842 -1.05822 0.858352 -0.125025 0.863938 -0.962546 -0.76091 0.677366 -0.794929 -1.2914 1.38659 -1.00312 -0.393281 1.39573 -0.871007 -0.742474 -0.0319691 1.1098 -1.89321 -0.497757 0.65753 -0.80474 0.400213 1.59516 -0.554783 0.17917 -0.832464 1.01977 0.710142 3.51278 -0.320567 -2.5488 -0.865391 -1.41522 0.111763 -3.87047 0.914456 -1.09279 -2.83789 -1.27691 2.10256 0.986163 0.0852429 -1.02573 0.788795 -0.72602 0.859166 -0.793178 -0.0408081 -0.819819 1.6312 -2.85491 3.38303 0.990064 -0.882316 -0.353348 1.78747 -0.86432 0.348119 0.55004 -2.6027 1.34771 -1.0167 -1.95338 -0.660763 -0.0913229 -0.950226 -2.43443 -0.596734 0.969021 3.75985 0.456119 -0.420141 -2.80867 0.572111 -2.95646 -0.825415 1.76086 2.67733 1.84601 0.916455 0.169463 0.841715 -0.0820514 0.225327 0.144208 0.969387 1.0941 -2.04162 -0.243803 -0.761588 -1.50845 1.07173 1.58869 -0.160916 -0.766682 1.93579 -3.79861 2.64225 1.84175 -0.0688128 0.42899 0.159722 -0.897989 3.08051 1.22553 -0.667168 -0.47142 -0.156868 -0.0436803 2.38641 0.846317 -1.11467 1.54735 2.27427 2.12929 0.75541 -1.13558 0.354979 -1.20327 
-1.77337 -0.321342 0.545984 0.896452 -0.224799 -0.0375939 -0.591191 0.503083 1.044 0.708602 -0.799617 0.585392 0.52017 -1.0725 -1.4442 -0.0601873 0.00424991 0.638448 -1.36955 3.09248 0.0587729 2.23327 1.19453 -0.974878 -0.381752 0.611429 -1.13078 1.42803 1.9004 1.57825 -0.0308735 1.65214 -0.891405 -0.310185 -1.18761 0.172954 -0.667642 0.285465 0.695535 -2.00829 0.373788 -0.652053 1.33526 -0.674293 0.477556 1.60563 -2.05941 -1.48846 -0.320435 0.709162 -0.688053 0.600398 3.55892 -1.44878 -0.140994 2.3837 1.49998 -0.684446 0.702553 -1.39631 1.69064 -0.122345 2.08584 0.100677 0.210092 -2.26543 -0.282883 -1.53431 0.13195 1.24433 -0.178619 0.584728 2.30138 -0.645493 0.998723 1.43729 0.444563 1.72416 1.01237 -1.65246 1.67055 -0.560897 0.973029 -2.42463 -1.48684 0.766151 -0.811767 -0.878144 -0.186349 -0.236055 -0.164065 -1.97266 1.44818 0.756773 -2.04793 0.121425 -0.397047 -1.35166 -1.09168 -0.310799 0.548525 1.90593 1.62404 -0.985049 -1.13954 -1.23271 -0.54625 1.95449 2.97544 -0.157067 -0.903602 -1.98341 1.35175 -0.0409537 0.942194 -1.55 -1.34167 -1.31567 -0.612582 -1.34297 -1.64467 -0.217843 -0.0466049 -0.425421 1.75736 -0.910508 0.891683 0.759258 -0.387823 -0.448357 -1.39232 -1.80758 -0.354377 0.686639 -1.66121 0.0673089 1.97585 -0.594187 -0.167591 1.09443 0.235077 -0.941938 -2.10856 0.259467 0.756789 -0.53173 2.24414 -0.375306 0.96366 -0.944623 -0.859755 0.662229 -0.592896 0.148655 -1.15249 1.6268 -0.410202 0.465267 -0.695011 -0.238683 -0.33523 -0.828342 -0.684402 -1.22398 0.0813112 3.39298 1.38357 1.13487 1.16818 -1.94477 -0.172143 -0.989114 -0.650577 -0.143953 0.286363 -1.07397 -1.87413 -2.51363 0.174879 -1.46998 -1.39981 1.98033 1.70125 0.382022 1.42984 -2.75311 1.99196 -0.562244 -0.442186 0.233982 0.744191 0.682683 2.05613 0.0765086 -0.726622 0.372966 3.78728 1.41664 -0.395081 -0.851579 1.44732 0.892109 -0.0095991 0.417053 -1.42218 -1.27888 1.53936 -1.51783 -0.311168 -0.188762 -1.77975 0.626512 0.925403 -0.624323 0.536414 0.78773 