500 101.001
28.1131 28.1131 28.1131 
14 14 14 
1 1 1 1 1 1 1 1 1 1 1 1 1 1 1 1 1 1 1 1 1 1 1 1 1 1 1 1 1 1 1 1 1 1 1 1 1 1 1 1 1 1 1 1 1 1 1 1 1 1 1 1 1 1 1 1 1 1 1 1 1 1 1 1 1 1 1 1 1 1 1 1 1 1 1 1 1 1 1 1 1 1 1 1 1 1 1 1 1 1 1 1 1 1 1 1 1 1 1 1 
1 1 1 1 1 1 1 1 1 1 1 1 1 1 1 1 1 1 1 1 1 1 1 1 1 1 1 1 1 1 1 1 1 1 1 1 1 1 1 1 1 1 1 1 1 1 1 1 1 1 1 1 1 1 1 1 1 1 1 1 1 1 1 1 1 1 1 1 1 1 1 1 1 1 1 1 1 1 1 1 1 1 1 1 1 1 1 1 1 1 1 1 1 1 1 1 1 1 1 1 
1 1 1 1 1 1 1 1 1 1 1 1 1 1 1 1 1 1 1 1 1 1 1 1 1 1 1 1 1 1 1 1 1 1 1 1 1 1 1 1 1 1 1 1 1 1 1 1 1 1 1 1 1 1 1 1 1 1 1 1 1 1 1 1 1 1 1 1 1 1 1 1 1 1 1 1 1 1 1 1 1 1 1 1 1 1 1 1 1 1 1 1 1 1 1 1 1 1 1 1 
1 1 1 1 1 1 1 1 1 1 1 1 1 1 1 1 1 1 1 1 1 1 1 1 1 1 1 1 1 1 1 1 1 1 1 1 1 1 1 1 1 1 1 1 1 1 1 1 1 1 1 1 1 1 1 1 1 1 1 1 1 1 1 1 1 1 1 1 1 1 1 1 1 1 1 1 1 1 1 1 1 1 1 1 1 1 1 1 1 1 1 1 1 1 1 1 1 1 1 1 
1 1 1 1 1 1 1 1 1 1 1 1 1 1 1 1 1 1 1 1 1 1 1 1 1 1 1 1 1 1 1 1 1 1 1 1 1 1 1 1 1 1 1 1 1 1 1 1 1 1 1 1 1 1 1 1 1 1 1 1 1 1 1 1 1 1 1 1 1 1 1 1 1 1 1 1 1 1 1 1 1 1 1 1 1 1 1 1 1 1 1 1 1 1 1 1 1 1 1 1 

0 1.21045 1.42578 0.505636 0 1.84433 4.56673 4.66206 0 4.77613 1.19368 4.51325 0 4.15892 3.72298 1.4061 0 7.02373 1.05022 0.638225 0 6.74049 4.1421 4.19641 0 9.45269 1.46709 4.72462 0 9.71221 3.72228 1.05051 0 12.8611 1.93009 1.08325 0 11.9009 3.72734 3.97779 0 15.2572 2.16588 4.36728 0 15.9133 4.34418 1.52693 0 18.3609 1.55777 1.36402 0 18.2652 4.15311 4.57136 0 21.0251 1.76444 4.00873 0 20.4369 4.53862 1.41777 0 24.0672 1.59788 1.4971 0 23.6255 4.2556 4.01564 0 26.8526 1.42244 4.10453 0 26.5632 4.27049 1.376 0 1.46469 6.22998 1.37603 0 1.66568 9.65204 4.2107 0 4.63657 7.26018 3.94238 0 3.84037 9.45203 0.838605 0 7.51436 6.79473 1.424 0 6.506 10.2527 3.73569 0 10.067 6.71108 3.94245 0 10.121 9.48249 1.51454 0 12.9525 6.74271 1.86598 0 12.6322 9.68766 4.21402 0 14.9933 6.08232 5.32695 0 15.7436 9.54989 2.12363 0 18.5702 7.42741 1.93104 0 18.0804 9.59647 5.33991 0 21.3502 7.44347 4.32575 0 21.3224 10.0788 1.46638 0 23.5693 7.25212 1.60914 0 23.9471 10.3661 4.25543 0 26.7324 6.71528 4.60451 0 27.1687 9.58295 1.17235 0 1.41334 13.0314 1.54793 0 1.12863 15.5665 3.92761 0 4.06019 13.3685 3.57876 0 4.12532 15.8289 0.665163 0 6.94915 12.7769 1.54268 0 6.81565 15.9546 3.30984 0 9.88405 12.1849 4.2769 0 9.95032 15.0173 1.51133 0 13.0454 12.7289 1.5798 0 12.6392 15.3445 4.17239 0 15.2778 12.1215 4.78828 0 15.3248 15.7666 1.39822 0 17.9188 12.6494 2.01983 0 18.3229 15.5387 3.94185 0 20.6546 12.3295 4.31386 0 20.9236 15.9232 1.57741 0 23.5385 13.2999 1.83836 0 23.6008 15.3856 4.58917 0 26.6528 12.6585 3.90601 0 26.2902 15.5609 0.834804 0 0.92523 17.8428 1.05698 0 1.63599 21.278 4.92694 0 3.88171 18.0437 4.63871 0 4.81666 20.6834 0.0723833 0 7.3033 17.5362 0.183825 0 5.99531 20.2732 3.70614 0 9.67291 17.9313 3.77995 0 9.17464 20.6182 1.32041 0 12.491 18.2327 1.23614 0 11.9506 20.4543 4.9546 0 15.6047 17.5465 4.58711 0 14.9101 21.1867 2.14109 0 17.9153 18.2603 1.16948 0 18.5522 20.8755 3.7401 0 20.9057 18.0915 4.55629 0 21.5353 21.231 1.58837 0 23.4886 18.1554 1.34313 0 24.1293 20.7217 3.74388 0 26.5714 17.5953 4.12796 0 27.0444 20.7575 1.35805 0 2.13688 23.0328 1.12795 0 1.84206 27.0932 4.12217 0 4.69817 23.6665 4.02202 0 4.33571 26.5445 1.4074 0 6.78282 23.5841 1.42102 0 7.30255 26.5715 4.07552 0 9.29603 23.2884 4.59977 0 9.94288 26.856 1.9471 0 11.9096 23.637 2.46955 0 12.7489 27.3844 4.16348 0 15.3623 24.713 4.40001 0 15.2558 27.6683 1.51638 0 17.923 24.7233 1.72369 0 18.265 27.0852 4.57248 0 20.8365 23.8576 4.16826 0 21.0749 26.631 1.58266 0 23.9783 24.1503 1.96796 0 23.4563 27.4135 4.379 0 27.3325 23.9117 3.64022 0 26.7323 27.1683 1.39157 
0 2.12471 1.42212 6.89776 0 1.98121 4.22311 9.93984 0 4.16236 1.15842 9.91186 0 4.60058 4.03001 7.14988 0 7.10363 1.1871 7.26355 0 7.00214 3.56966 10.2413 0 9.93222 0.844857 10.1566 0 9.81931 4.01293 7.18024 0 12.5275 1.01389 7.45542 0 12.0254 3.76683 9.98132 0 15.4681 0.651566 10.4567 0 15.3916 3.93478 8.13217 0 18.3389 1.87007 7.61492 0 19.0645 4.76999 10.4079 0 21.3448 0.777958 10.0434 0 21.3318 4.11354 7.14277 0 24.2769 1.58368 6.8171 0 24.2113 4.4546 9.68801 0 27.5706 1.47158 9.34291 0 27.8272 3.98614 7.23873 0 1.25412 7.3586 7.19589 0 1.23551 10.1715 9.91698 0 4.4481 6.89506 9.8091 0 4.00782 9.48343 7.63589 0 6.85106 7.00877 6.73264 0 6.95171 10.1271 9.69316 0 9.6489 6.69959 9.8239 0 9.38552 9.35421 6.63479 0 12.5598 7.24436 7.82256 0 12.8028 10.3701 9.76124 0 15.6375 7.15141 9.93743 0 15.4338 9.52989 7.4962 0 18.5359 6.69157 7.04696 0 18.7358 9.51483 9.5537 0 21.738 7.00329 9.57364 0 21.5524 9.56966 7.36421 0 24.167 6.58468 7.03295 0 24.6133 9.55586 9.07513 0 27.1791 7.15089 9.74299 0 26.9005 10.2363 6.2724 0 1.18848 12.7646 6.37645 0 1.09184 15.652 10.208 0 4.0173 13.0306 10.0562 0 4.08927 15.0559 7.09958 0 6.49449 12.3 6.5383 0 7.25372 15.3706 9.67792 0 9.63349 12.5782 8.99831 0 8.67869 15.5183 6.33454 0 12.69 12.2857 7.02009 0 12.4612 15.1804 9.84405 0 15.8802 12.3082 9.71846 0 15.6057 15.3727 8.1228 0 18.4767 12.7655 7.02032 0 18.2329 14.8531 10.318 0 20.5035 12.3987 9.99577 0 20.6623 15.4449 7.3878 0 23.5182 12.2256 7.04815 0 23.6607 14.7631 9.3596 0 26.777 12.6425 9.0723 0 26.4065 15.4178 6.72372 0 1.17293 17.7546 6.87124 0 1.3872 21.597 9.71652 0 3.72912 17.8951 9.527 0 4.42179 20.9241 7.4877 0 6.6224 18.3592 7.31922 0 7.27828 21.1084 9.95578 0 10.0732 18.0771 9.24841 0 8.9962 20.6339 6.6786 0 12.7378 17.4355 7.06675 0 12.4734 21.488 9.27852 0 15.2081 19.3477 9.3641 0 15.1155 21.5385 6.14933 0 17.9189 18.245 7.02803 0 18.51 20.9877 9.58491 0 21.0633 18.1389 9.49075 0 21.1129 21.1265 6.78862 0 24.2871 18.2136 6.76384 0 24.0015 20.9905 9.25137 0 26.9959 18.5462 10.2857 0 26.8445 20.978 7.11695 0 1.28504 24.2917 6.79686 0 1.67692 26.7634 9.71819 0 4.18255 23.9434 10.1198 0 4.25413 26.491 6.73715 0 6.83609 23.7628 7.10496 0 7.49579 26.6386 10.0988 0 9.66297 23.5472 10.0296 0 9.86091 25.995 7.2112 0 12.7286 24.3408 6.97527 0 12.6286 26.2642 10.1317 0 15.6091 23.564 9.44246 0 15.4279 27.2298 7.03197 0 18.2846 24.2007 7.17092 0 18.0884 26.9467 9.41845 0 21.6718 23.7821 9.18343 0 21.1176 26.9175 6.92905 0 24.3988 24.1781 6.74362 0 24.1955 27.3619 9.00973 0 26.8648 24.5487 9.45744 0 26.8131 27.0027 6.658 
0 1.46581 1.72745 12.3635 0 0.717061 4.2849 15.9437 0 3.196 1.03094 15.541 0 4.19021 3.81935 13.0365 0 7.07222 0.898338 12.7409 0 6.8659 3.70856 15.5921 0 9.76175 1.26088 15.2503 0 9.13703 4.24916 12.8224 0 12.778 1.30258 12.8076 0 12.2334 4.5867 15.2046 0 15.7102 1.21403 15.1321 0 15.5827 4.37398 12.86 0 18.6676 1.24908 12.5598 0 18.0791 3.81941 15.2664 0 21.0724 1.56178 15.4133 0 21.53 4.25891 13.0346 0 24.1879 1.85528 12.7637 0 23.8545 3.94535 16.0449 0 26.687 1.40504 15.5068 0 27.0238 4.41607 12.1673 0 0.721736 7.2344 12.8255 0 1.43433 9.61998 15.5191 0 4.36187 7.06389 15.238 0 3.77414 9.4629 12.2854 0 6.82138 6.74794 12.5382 0 6.74908 10.1267 14.6403 0 9.18485 7.5502 15.3945 0 9.79738 10.0679 12.1665 0 12.6244 7.10829 12.3813 0 11.8509 9.45688 15.5562 0 15.1447 6.90781 15.594 0 15.2487 9.44165 12.6835 0 18.0068 7.54794 13.0257 0 18.1978 9.77205 15.7354 0 20.658 6.84919 15.5973 0 21.1222 9.5436 12.2729 0 24.1329 7.28805 12.4322 0 23.6976 9.31446 15.7333 0 26.2454 6.96033 15.1313 0 26.5309 10.2354 13.3357 0 0.650934 13.0829 12.6492 0 2.66645 15.467 15.969 0 3.85648 12.6667 14.2967 0 4.14882 15.7445 12.336 0 7.14229 13.0182 12.4023 0 6.40203 15.6347 15.681 0 9.37469 13.0745 15.0687 0 9.79767 15.9885 12.2433 0 12.1676 13.0002 12.7873 0 12.6231 15.4239 15.5117 0 14.8239 11.9687 15.7437 0 15.3061 14.9765 12.3762 0 17.8373 12.1235 12.903 0 18.8147 15.5602 15.1329 0 21.5101 13.0024 14.7958 0 21.078 15.8272 12.1432 0 24.0687 12.7027 12.1591 0 23.5073 15.9292 15.0278 0 26.2372 13.386 15.6196 0 26.6638 15.8152 12.722 0 1.22403 17.812 13.7948 0 1.66433 21.5325 15.2564 0 4.5272 18.6621 15.548 0 3.77579 20.5583 12.4672 0 6.91588 18.6812 12.3368 0 7.40267 20.8754 16.4353 0 9.99001 18.1916 15.8886 0 10.2127 20.6631 12.5498 0 13.2192 17.9671 12.433 0 12.381 21.1168 15.1729 0 15.6822 18.222 14.8635 0 15.5461 20.7858 12.3448 0 17.7187 18.0456 12.097 0 18.4705 20.8914 14.5129 0 21.283 18.6457 15.2651 0 21.1115 21.0802 12.0073 0 24.0388 18.418 12.4399 0 23.3945 21.6788 15.5428 0 26.3877 19.093 15.0593 0 26.6199 21.3722 12.3099 0 1.07645 24.2081 12.6115 0 0.876377 26.672 15.4515 0 4.52577 23.437 14.8636 0 4.03279 26.6364 12.5583 0 7.31761 23.8437 12.889 0 7.41413 26.5658 15.5729 0 10.0217 23.7381 15.4304 0 9.87966 26.5374 12.8277 0 13.0004 23.8436 13.1751 0 12.8619 26.7249 15.2879 0 15.7396 23.521 15.2323 0 15.7192 26.144 12.8036 0 18.6607 24.5265 12.021 0 18.4235 26.783 15.5525 0 20.7756 24.0851 14.9645 0 21.2787 26.4506 12.1985 0 23.7768 23.8215 12.2907 0 24.4064 26.821 15.04 0 26.6372 23.7367 15.4415 0 26.8309 27.5099 12.325 
0 1.17143 0.67754 18.4287 0 1.33839 4.32236 21.0663 0 3.88083 1.34783 20.8329 0 4.05839 4.0616 18.1878 0 6.68167 1.0498 17.9547 0 7.15054 3.70023 21.1619 0 10.2022 1.34225 21.2991 0 9.38953 3.51648 18.0255 0 12.793 1.34535 17.5615 0 12.7799 4.29786 21.0989 0 15.7602 1.24258 21.3378 0 15.2982 4.11024 18.3539 0 18.0282 1.56064 18.2847 0 17.8299 4.30399 20.6624 0 21.7489 1.60259 21.1204 0 20.6318 4.12922 18.2086 0 23.948 0.889659 18.3595 0 24.114 4.59921 20.9223 0 26.5343 1.56856 20.9304 0 26.2997 4.05486 18.3532 0 1.71032 6.98555 18.3155 0 0.916705 9.83402 21.2567 0 4.19312 6.5212 21.485 0 3.96403 9.48899 19.2037 0 6.65486 6.84317 18.2679 0 6.91118 9.23188 21.7088 0 9.48971 6.57792 21.6088 0 9.07734 9.41372 18.615 0 12.1225 6.69794 18.3691 0 12.3431 9.26391 20.9428 0 15.3114 6.84153 21.466 0 15.0961 9.45425 18.1676 0 18.0314 7.4318 18.1874 0 18.2937 9.64725 21.2479 0 20.5569 6.75407 20.6391 0 20.8629 9.42301 18.0556 0 23.3297 7.09 18.4066 0 23.2839 10.415 20.4487 0 26.6336 6.75973 20.4176 0 26.4669 9.85265 18.2064 0 1.61651 12.3938 18.0467 0 0.788367 15.7349 20.7385 0 4.68886 12.4975 21.6313 0 4.72795 15.3516 18.8445 0 6.61765 12.1114 18.0263 0 7.17357 15.4777 21.9831 0 9.30865 12.4916 21.1926 0 9.40449 14.7003 18.4588 0 11.6714 11.5076 18.4725 0 12.6992 15.0354 19.7538 0 15.459 11.7611 20.891 0 15.8195 15.4995 17.6566 0 17.8996 12.7605 17.7851 0 17.7594 15.5811 21.2757 0 20.4435 12.6355 20.36 0 20.6465 15.6469 18.3258 0 23.6466 12.4831 17.3903 0 23.5574 14.8213 21.2012 0 26.4839 12.6076 20.3145 0 26.501 15.9644 17.9446 0 0.983313 18.3088 17.93 0 0.701494 20.6241 20.8187 0 3.6701 18.3013 20.9619 0 3.76324 20.9897 18.9175 0 7.15186 17.7991 18.8658 0 7.14689 21.0611 20.6792 0 10.4725 18.6244 20.5227 0 10.5336 21.3089 18.4906 0 13.1953 18.2031 17.6749 0 13.2721 21.6051 20.8242 0 14.9617 18.0513 20.9147 0 15.4201 20.8719 17.5955 0 18.1728 18.4268 17.7799 0 17.421 20.7405 20.8962 0 20.6289 18.2128 21.3839 0 21.1253 20.5817 18.9155 0 23.3889 17.7055 18.193 0 23.6787 21.0382 21.4369 0 25.9787 18.129 20.5272 0 26.2747 21.1286 18.341 0 1.10599 23.5384 18.1603 0 0.983982 26.4488 21.2636 0 3.9091 23.9748 20.9507 0 4.43221 25.7785 17.8022 0 7.55091 24.0568 18.1311 0 6.83654 26.7988 20.8212 0 9.65144 24.5366 21.2009 0 10.1823 26.7378 17.9713 0 13.1916 24.0442 17.6568 0 12.967 26.4648 20.8764 0 15.7424 24.363 21.2155 0 15.4928 26.6774 17.9709 0 18.4702 23.4788 18.2703 0 18.4024 26.9606 20.7623 0 21.4005 23.7057 20.8944 0 21.4151 26.6172 17.6522 0 23.9991 24.283 18.0743 0 23.772 26.4673 20.7759 0 26.6778 23.8686 21.3745 0 26.6841 26.1687 18.4275 
0 1.17439 0.965354 23.9011 0 1.09532 4.6288 26.2482 0 3.98 1.01945 26.4939 0 4.16207 3.51527 23.6281 0 7.10547 1.0991 23.9403 0 6.99532 4.2346 26.1658 0 10.0405 0.980398 26.2301 0 10.1925 4.10397 24.2306 0 12.8354 0.344431 23.4554 0 13.1578 4.66046 27.035 0 15.594 1.35928 26.2135 0 15.8416 4.48681 24.4225 0 18.8961 1.5148 23.3737 0 18.3815 4.06396 26.8111 0 21.1332 1.22137 27.0717 0 21.5202 4.20981 23.8154 0 22.791 0.456361 24.0371 0 24.1141 3.5761 26.3294 0 26.7641 1.35572 26.4131 0 26.7574 3.81298 23.7205 0 0.873354 6.86789 23.5423 0 0.709573 9.7887 25.409 0 4.29768 6.17923 26.7515 0 4.05732 9.64764 23.676 0 6.71465 6.69432 23.9642 0 7.27145 9.82217 27.4101 0 9.7904 7.14153 26.6963 0 10.0233 9.78883 23.6343 0 12.6142 7.66056 24.6416 0 13.3823 9.9275 27.196 0 15.709 6.96716 27.0623 0 15.6146 9.66189 23.8927 0 18.8366 6.92608 23.9184 0 18.3509 10.1504 26.7264 0 21.3851 7.42455 26.8858 0 20.6334 10.6827 23.5697 0 22.6344 7.85618 23.5831 0 24.365 10.4025 27.4228 0 26.2866 6.63711 26.1611 0 25.6181 9.32708 23.2817 0 0.685967 12.5467 23.3644 0 1.24791 16.3055 26.0145 0 4.22141 12.5619 26.7993 0 3.67364 15.3024 23.914 0 7.06054 12.1138 24.5813 0 7.68495 15.4696 25.9069 0 9.72308 12.382 27.0623 0 10.8882 15.3422 23.0382 0 12.6585 12.0125 23.6862 0 12.5187 14.8798 26.5799 0 15.9116 12.3347 27.3884 0 15.0662 15.7218 23.766 0 17.3277 12.7146 24.3089 0 18.6087 15.6091 26.7394 0 21.1867 12.5659 26.9552 0 20.31 14.6172 23.6035 0 23.5026 12.5942 24.3566 0 23.2215 15.7554 26.343 0 26.965 12.6725 26.8378 0 26.4002 15.4142 23.5624 0 0.48561 18.1424 23.2503 0 1.59588 20.3313 25.9653 0 4.459 18.4834 25.6771 0 3.80452 20.9321 23.4291 0 7.32101 18.6367 23.2611 0 7.48477 21.2913 25.7735 0 9.99943 18.1887 25.9603 0 10.255 21.5671 23.109 0 13.0052 18.3778 24.0353 0 12.5985 21.2888 27.6967 0 15.2598 18.5223 26.534 0 15.0173 21.2325 24.2567 0 17.9244 18.3016 23.7236 0 17.6494 21.5352 27.9223 0 20.2066 19.197 26.5998 0 20.6534 21.2274 23.6236 0 23.4441 18.2831 23.8863 0 23.73 20.733 26.7581 0 25.8579 18.1724 26.3723 0 26.1917 20.6933 23.6056 0 1.07876 23.5176 24.6882 0 1.24022 26.4118 26.7838 0 4.42751 23.6971 26.1804 0 3.5668 26.6615 23.7349 0 6.73769 23.898 23.3098 0 6.95467 26.1525 26.4928 0 9.52567 23.6428 27.0019 0 9.96442 26.4178 24.0105 0 12.6284 23.8439 24.3605 0 12.7311 26.7183 26.7469 0 15.5593 24.1306 26.1864 0 15.7404 26.6511 23.9083 0 18.1274 23.8044 23.9949 0 18.4585 26.8665 26.3813 0 20.8366 23.7089 26.979 0 20.6907 25.7929 23.8887 0 23.8289 23.6526 23.7771 0 23.9428 26.6413 27.261 0 26.6873 23.8644 27.5909 0 26.2774 26.8108 24.0437 

1.57125 0.108937 2.08521 1.16417 0.831308 -1.84186 0.731228 0.108088 2.28085 1.67856 0.775172 0.239777 1.88795 3.566 -1.19493 -0.507455 0.4126 1.58119 2.17788 0.365601 -1.30377 -1.66101 -2.40232 -1.4915 1.14495 -0.145252 -0.903792 1.99646 0.747124 0.321453 -0.0637412 0.504361 1.15193 2.25267 2.05619 -1.81098 -0.0491939 1.17078 2.1881 1.75317 -0.944759 -0.459822 0.357577 0.323391 -0.834582 1.80201 1.50759 0.0362769 2.17366 1.57445 -0.0112465 1.27141 -0.863158 -2.07463 0.593891 0.812811 -1.02058 -0.493286 -1.02679 0.0965518 0.403234 0.231081 0.769712 2.2191 -1.69346 -0.644331 1.12411 -0.24327 -1.98152 0.0496286 1.52561 1.36472 0.233928 0.195741 3.56139 -0.794589 -1.27838 -0.509004 1.23765 -1.62032 1.25815 -0.761301 0.574608 -0.76995 -0.0963488 -1.74248 4.15052 0.206507 -0.0135823 0.0228942 -2.12307 0.233033 -0.313004 0.954044 -1.20377 0.628254 -3.70621 1.01751 -0.248356 -0.754258 0.226611 2.11725 -2.11962 0.0190819 0.901398 -0.0105384 3.016 1.98908 0.0690422 -1.71514 0.457136 0.612864 1.55618 -1.14434 0.426127 -0.231999 -0.496826 -0.827671 -0.597038 -1.16462 -0.878603 0.524994 -0.250507 -0.229026 -1.51745 0.549874 0.316618 0.40176 1.54569 0.305146 0.626717 0.158118 0.753021 0.541122 -1.18133 -1.7839 -1.41117 2.63635 0.939811 0.514695 0.196628 -1.26491 -1.45702 -1.34057 -1.99514 1.62131 -0.259934 1.60528 0.142089 1.10899 0.19232 2.32858 1.88353 1.55243 -0.378652 -1.63862 -0.35292 0.963408 0.813383 -0.682192 -0.218597 0.318411 0.71141 -1.34538 1.05718 1.99774 1.74693 1.56308 0.477385 -0.35686 -0.64492 0.213904 2.0565 1.339 0.778342 0.0249147 0.0492406 -1.98109 0.446688 -0.978135 1.50041 -3.27452 -1.26096 0.962832 -0.0336393 -1.35412 -2.31864 1.55996 -2.45557 -1.9613 1.49856 0.350758 -1.26834 -0.115436 1.15234 -0.401764 -1.07706 -0.46748 -0.821412 0.124253 2.53915 -0.40909 -0.686775 0.016487 -1.2504 -0.505973 -1.33059 0.560503 2.33491 0.200035 -0.657982 -0.284156 -0.033653 0.0332772 0.890257 -0.163815 -2.38225 1.39012 -2.24426 0.637929 -2.1867 -2.58528 0.525673 0.42237 -0.039426 0.169907 3.42544 0.400675 -0.561014 0.51008 -0.571684 -1.55193 1.56259 -0.682816 -0.870112 -1.31676 -2.42019 -1.42612 1.57362 0.731385 0.105629 -0.0933834 0.854651 -2.26942 -0.3975 -3.64359 0.525412 0.100945 -0.399306 0.948657 -0.107355 0.802968 -1.83949 0.000899949 1.50107 -0.629 1.38336 2.73385 -1.63986 -1.19797 -0.485356 2.17874 0.842601 -2.13814 -0.167679 -0.605777 -0.386228 -0.929137 -0.163775 -1.79075 -3.34126 -0.93495 0.936529 -2.0135 2.6456 -0.385827 0.339116 0.900908 0.801999 0.192011 0.335439 -0.0906442 -1.73705 -1.92633 -0.175368 1.15654 1.01208 -1.71791 -0.00931725 -2.75517 0.493958 2.36033 -0.0466643 -0.361684 -1.35326 1.01714 -1.2586 0.941936 1.20653 1.70978 
-0.450836 3.26287 0.549874 -0.672753 -0.464242 -2.04115 1.05816 -0.985671 -1.99531 -1.28284 0.345675 -0.976483 -1.82104 -1.34703 0.0342647 0.266465 -1.12919 -0.639811 0.650848 -1.26639 -0.451532 -2.91187 1.89462 1.28398 0.475407 -1.70769 -0.170398 0.733772 0.752246 -1.49895 1.15236 -0.700527 0.998224 -0.238703 0.909152 -0.166059 -0.178727 -0.777937 0.980026 -1.94826 0.819757 2.08609 -0.670869 0.262942 -0.281391 -0.940319 1.02529 -1.8734 -1.93324 3.0892 -1.55481 -0.727643 -0.447347 -1.17874 -1.01355 1.16307 -0.336359 -1.11172 1.45038 -0.592357 0.152287 -0.486108 0.153363 -1.01399 -0.321348 -1.76968 0.039 -0.249871 -0.504754 -0.205332 -0.877786 -0.598472 1.36628 0.0766415 -1.33501 -0.653862 -2.5402 0.191519 -0.691087 0.70559 -1.08281 -2.92272 0.192519 1.3312 1.85754 -1.95157 0.0443742 0.876855 -0.778242 2.70154 -1.00202 1.15328 -2.81678 0.067325 -1.02117 -1.62991 3.74475 0.503405 0.759591 -1.25642 2.47403 0.328599 1.48654 1.00683 -1.23461 -2.1976 -0.484203 -2.04783 -0.106595 -2.89513 -2.50576 1.34577 0.460347 -1.5049 2.28728 -2.06459 0.307533 1.63319 -1.73263 -0.569754 0.57874 2.10345 1.75821 1.38163 -1.11013 0.50253 2.00418 -2.89573 -0.0250643 -0.2665 -0.5606 -1.48611 0.469103 0.148206 0.82554 -1.92584 0.403708 2.08661 -0.788866 -1.03271 -2.03679 1.18541 0.868984 -0.771024 -0.519632 1.67291 0.563827 -0.816972 0.13655 -1.77584 -3.11202 -0.0124647 -1.22513 0.142429 0.137576 1.37949 -0.0917884 -0.706695 0.379335 -0.1279 2.33447 0.876463 0.224504 1.68952 -0.972388 -1.73845 0.821444 -0.22299 0.378927 0.082882 -0.757765 -0.544781 -0.664555 0.380076 0.445031 1.8822 0.958807 1.77088 0.378711 -1.27285 1.15117 -0.713359 2.40894 0.277186 -3.93434 0.807828 2.28515 -1.82241 -0.790216 -0.614246 -1.18478 -2.57676 -0.335649 1.45327 -1.70912 -0.700895 0.682803 -0.0453531 1.00149 -0.0819256 -0.132286 0.391724 -2.21555 0.665316 -1.62822 -1.05241 0.665843 2.93069 -2.02404 1.87587 0.936951 1.82283 -1.67666 0.629079 0.482292 -0.0406674 -0.949979 -0.777063 0.43865 0.670069 0.0664498 -0.0878409 1.21598 -0.462805 0.130425 -1.39693 -0.441621 1.62233 -0.462795 0.798457 -0.608629 -1.48011 2.19004 -1.39627 1.78673 -1.51287 0.416197 0.741381 -0.765268 -0.209106 -0.148148 0.355782 -1.23056 1.28503 3.1847 1.4603 -1.49554 0.591219 0.109804 -1.07371 -2.0162 0.339059 -1.90224 -1.72185 0.846113 -0.804479 0.256562 -1.18572 -0.377291 -1.92535 0.351592 -2.50629 -0.333847 0.827839 0.937216 1.37138 -0.196263 -0.629666 1.87102 -2.27912 -2.06259 3.12929 -0.888531 0.221015 2.95184 0.0393842 -0.400602 1.57204 -1.29352 -0.519057 0.218389 0.0129245 -0.850433 -1.09286 -0.2662 -1.18585 -1.16849 0.629723 -0.999895 0.706786 0.491684 1.16063 1.72094 0.485057 1.70815 -1.0743 -0.173664 0.159984 0.0421179 0.891951 
1.19327 0.974417 -1.68023 2.28427 -1.0184 -1.42445 2.43513 -0.812042 1.77579 -1.17865 -2.90573 0.903464 2.41875 -0.558466 -1.06512 0.213193 1.06022 1.55581 1.14801 -2.67789 1.46548 1.16198 -0.367642 -0.337604 -0.797156 0.114913 1.98962 0.685331 -0.0302291 1.08232 -0.761576 -1.05299 2.73806 -0.0714726 -3.25052 -1.08712 -0.620456 0.632597 -0.271728 -0.829583 -1.40192 0.0626053 -0.28715 0.631967 -0.243235 0.926894 0.15042 -0.618785 2.08838 1.12457 0.157382 -1.80777 -0.724552 -1.2357 2.15116 -0.948661 0.805845 0.381565 -0.920154 0.253308 -1.9678 -1.24499 -0.0588856 -0.0022945 -0.123984 -1.08328 1.75464 -1.67638 2.31447 -1.39339 -0.0911018 -1.60119 -0.515563 1.04285 -0.686022 -0.233949 -1.22814 -0.191389 0.0382496 1.13249 0.0957106 0.246022 -0.548438 2.08645 0.370828 -0.656885 1.2149 -0.539134 0.408363 0.00428639 -2.07291 -0.260802 -1.15401 -1.29149 -0.063965 1.81861 -1.73899 0.547698 -2.19637 1.99611 -0.494345 -0.998944 1.32063 -0.585486 -0.764654 2.70058 1.72882 1.54422 0.952241 1.62202 0.996319 1.68535 -0.440994 2.11026 0.377431 -0.56294 -0.976557 1.3752 -0.527729 -0.0969806 -0.769528 0.313393 0.0979297 -1.43921 0.0463546 -0.156732 -1.04081 0.337126 0.191598 0.594895 0.82358 0.625272 -2.249 1.95816 -2.40291 0.864307 -1.56549 0.589629 0.823324 -1.12633 -2.49923 1.42998 -0.45435 1.7013 1.03441 0.408356 -0.858571 -1.53452 0.750273 -0.479038 -1.7294 -1.89554 -0.465553 -0.431164 0.436939 -1.12246 0.81491 0.498733 -0.28956 1.37427 -1.93272 -0.910941 -2.46097 0.150513 1.02347 -2.56384 0.396394 0.431619 -2.44167 1.45367 -1.91907 1.17047 0.285205 0.212653 -0.958513 -0.99898 -1.77363 1.26412 0.253498 0.868724 1.99828 1.19783 1.72138 1.37115 2.24715 -0.708016 -0.396901 2.13039 0.552514 -0.481074 -0.260451 0.595536 -0.577508 0.806556 -2.12922 0.905255 1.92612 0.284277 -0.229528 -1.66924 0.392997 -0.697066 0.464476 -2.2542 -0.461336 0.0899051 -0.205652 -0.296475 1.116 -0.851794 0.146347 0.336924 -0.649924 1.22161 -1.20868 -1.02467 0.146423 -2.56513 -1.51601 -0.815976 -0.75027 -0.799554 -0.952068 -1.47919 -0.17384 -1.24432 -2.31264 -0.429406 0.439771 -1.64387 -0.137467 0.539327 -0.819153 -1.41887 -0.290364 0.291215 -1.87272 -1.39886 -1.47557 0.379596 -0.90171 0.617513 0.933168 0.383487 3.40574 0.44338 0.520383 0.162244 0.201377 -2.23316 1.80228 3.40844 -2.90053 1.4196 -0.0341019 -2.73791 -0.113883 -1.10664 4.26894 -1.51877 0.0049347 -0.123372 -0.344602 -2.40953 -1.90499 1.66363 2.52318 1.52758 0.382334 2.15701 0.607741 -0.900698 1.99292 -0.228418 -1.02394 -0.169267 -0.249903 -1.29089 -0.88656 1.70671 0.726874 0.244237 0.693684 -3.10751 1.06643 -0.107701 0.694734 0.0808021 1.62059 -1.69678 -0.873735 0.0169639 -3.67816 -1.85097 -0.278214 -0.640446 0.397718 0.849718 -0.787288 2.11108 
-1.52952 -3.97234 -0.0820527 -0.402252 -1.39997 -0.703563 -0.711623 -2.04053 -0.539395 -1.34285 0.290721 0.970688 0.0482173 -1.83005 -0.287897 0.539301 -1.10911 0.944066 2.26691 -0.370338 0.0684425 -0.355841 -1.94558 -1.13021 1.24293 -1.93573 -0.327422 0.849544 -0.941308 -2.21647 -0.762935 -0.894087 -1.40034 2.2478 -1.36201 0.379087 0.449334 -0.325114 -1.23605 2.4455 0.822832 -0.845181 -0.792364 1.11488 -1.0037 -0.209783 1.71397 -1.82027 1.71104 -2.41084 1.25131 0.543619 -0.552709 0.614201 -3.53223 0.19338 1.21347 -0.291671 -1.19618 0.374541 -1.31483 0.0435932 0.206236 2.0032 -0.298986 1.1171 1.71162 2.06534 1.43186 0.394798 -1.57856 2.64265 -1.93161 -0.460708 0.910536 -1.37442 2.77512 -0.484648 1.87557 0.634638 -0.991328 -0.24281 -1.17962 -1.34732 2.50333 0.136508 -1.11762 1.51004 0.973421 0.986653 -0.968418 0.882184 -0.223333 -0.233967 1.10672 1.59818 0.948722 0.442915 0.814495 -3.54879 0.776702 -0.519989 0.0905481 1.47132 1.29999 1.05791 -1.0071 0.64553 -1.17943 0.578313 -0.0244994 2.33583 0.424145 0.602878 1.10296 -0.169997 -0.265878 0.989188 0.556749 -0.0792104 -0.264568 0.540575 -0.140653 -1.3466 -0.87975 -0.592618 1.3176 0.920111 0.0429967 1.23036 -0.720066 0.380329 -0.415207 0.431827 -2.36894 0.971845 -0.395695 -1.15938 0.355175 -2.12073 -0.0531825 -1.84338 -1.36249 1.81643 -0.325786 1.55763 1.50035 0.0610827 -3.05284 0.214056 2.757 -2.52473 2.13132 -0.853438 1.52855 -0.0877045 -2.7147 0.0901095 -0.979677 -2.40101 0.343506 0.413344 0.313963 -0.333105 1.84323 0.562546 -0.236425 -0.129158 -0.617936 -0.862652 1.26266 -0.916597 -1.94413 -1.02844 -2.20976 -0.479757 -1.77539 -0.901297 3.06469 -0.530235 0.284519 1.68139 1.47285 1.74722 -0.971337 1.79402 0.959616 0.971402 -1.39779 -0.00980515 0.171245 0.364888 0.93099 -1.43521 -1.63772 -1.50794 1.4992 0.901465 0.25161 -0.47046 3.64555 -0.658934 1.17843 0.61801 -0.125021 -4.11073 2.80756 -0.165596 -0.885979 -1.11628 2.22666 0.0599586 1.14893 -0.411487 0.0523218 0.344735 2.40358 1.22698 -0.630905 2.34896 0.0307568 2.59893 -3.03904 1.081 -1.00453 -0.644132 -0.270649 -0.515303 -1.38465 0.0764873 0.97478 -0.411514 -1.12987 1.83769 0.88026 0.0132112 0.222244 -1.02196 -2.79678 -0.153303 1.15009 1.85702 0.435176 -4.04616 2.9693 0.306467 2.05864 -0.0968021 -1.93219 -0.315029 0.563527 -1.56712 0.108961 -1.28667 0.898796 -1.12001 -2.38563 -0.144675 0.0591067 -1.71877 -0.0884067 -2.5409 1.69758 -0.83699 -0.420481 -0.428563 -0.539016 -1.26514 -0.811679 0.527041 0.343205 -0.730169 2.29643 -0.471348 1.28632 -1.78859 -1.6984 -0.0072302 -0.107256 0.29674 2.92558 -1.90465 0.315714 -1.03751 -1.81894 -1.37204 -0.535517 -0.346477 -0.755227 -0.915062 2.90772 -0.139915 -1.04275 0.14328 1.46204 1.28312 -0.424431 1.72371 0.902833 -1.07635 
1.9445 -0.168596 -1.3623 1.38489 0.552267 0.105494 -2.9328 2.48761 2.91362 0.371097 0.175549 0.91922 -0.997384 0.932999 0.3585 -0.846706 0.535776 -0.274327 -1.91746 -0.501852 -1.70789 -0.480267 0.922715 1.06351 -0.0274748 0.441374 1.40412 0.639113 0.626451 0.707948 1.84991 -1.82189 -0.155815 -2.57741 -2.18176 -2.471 0.600882 0.854289 -1.02383 0.832169 -0.515137 1.28619 0.337317 -0.277871 -2.69154 1.5715 2.50071 -0.119947 1.18644 -0.0646211 0.111654 -0.288807 -0.00215481 2.7772 2.18838 0.304449 -1.17581 -1.39709 3.23045 3.13836 0.875263 0.578605 -0.45845 -0.697054 -0.248497 0.0687073 2.26078 -2.13511 -0.613013 -3.13644 -2.10182 -0.728824 1.84126 -0.67488 2.08358 -1.04517 -0.908042 0.749507 2.95907 -0.83312 1.65814 0.714559 0.188117 1.09033 0.508357 -0.431591 0.112497 -0.82638 -0.403704 2.82802 -1.80987 1.91227 -1.0773 -0.87587 1.55475 1.63259 1.61332 1.64477 -1.24142 -1.11411 -0.973664 0.891166 -3.15267 -0.215396 0.0417711 -1.75089 -0.90515 1.68921 -0.370601 0.549173 -1.31087 -1.30898 1.18985 1.0466 -2.63896 -0.784477 -1.78425 0.459766 -1.26859 1.35376 0.812136 0.862637 1.59591 -0.679744 0.751108 -0.966648 -2.09918 1.58452 -3.35462 -1.3722 0.776891 0.137908 -0.0205696 1.34597 0.616735 0.923006 -2.51107 0.372187 -1.11684 0.263811 1.9982 1.64288 -1.02064 1.16148 1.00824 1.83533 -0.0413002 1.24039 -1.11307 1.55994 -1.00636 2.27108 2.26764 1.57876 -0.346478 -0.14565 0.144642 1.91846 1.50799 -0.832755 0.872455 -0.195563 0.64696 -0.55311 0.198583 0.727047 -1.82248 -1.79962 0.292746 0.627523 0.980759 2.05589 0.874046 1.2123 -0.627462 2.17341 -2.11209 2.44306 2.3346 -0.0206071 1.57154 -2.8503 0.193675 -0.371326 2.0067 -1.73217 1.85704 1.19338 0.383359 -2.03489 -1.11147 -0.490772 -0.533893 -0.133034 1.64739 -0.741536 -0.549129 0.175305 -0.206994 -0.357934 1.35453 2.18001 1.66631 0.566684 2.79915 0.347454 -1.29515 0.871095 0.46596 -2.86425 -1.13945 1.91833 -0.782928 -1.14219 -0.922847 -0.653255 -0.800372 -0.577401 3.28173 1.18067 -2.20289 -0.329582 0.766679 0.590776 2.05335 1.83338 1.62764 -1.39149 1.01413 1.16041 -0.877881 -1.51165 -0.0804786 -0.868222 1.37089 0.553418 0.00888558 -1.1131 0.428463 -2.66767 1.6244 1.19725 -1.6527 -1.08488 -0.354344 0.433513 0.657937 0.966161 -0.0494846 -0.404845 -1.92329 2.18072 0.613579 -1.3887 2.08563 1.30178 0.256315 1.35878 -2.43609 2.41412 -2.07016 -0.990099 -0.177614 0.760058 0.198893 -0.636346 1.32854 -0.369666 0.567118 -0.867147 2.01772 -0.502707 0.0850301 1.70737 0.291386 2.6315 2.98135 -2.71079 1.1919 0.380977 2.26667 -1.22269 1.08162 0.603591 0.302214 -0.465396 -0.214466 -3.22369 1.42042 -0.0935267 -0.565849 -0.499323 -1.53792 1.06516 -1.03613 1.89478 -0.827444 -1.17389 -1.521 -1.89904 
