500 1.00001
27.9988 27.9988 27.9988 
14 14 14 
1 1 1 1 1 1 1 1 1 1 1 1 1 1 1 1 1 1 1 1 1 1 1 1 1 1 1 1 1 1 1 1 1 1 1 1 1 1 1 1 1 1 1 1 1 1 1 1 1 1 1 1 1 1 1 1 1 1 1 1 1 1 1 1 1 1 1 1 1 1 1 1 1 1 1 1 1 1 1 1 1 1 1 1 1 1 1 1 1 1 1 1 1 1 1 1 1 1 1 1 
1 1 1 1 1 1 1 1 1 1 1 1 1 1 1 1 1 1 1 1 1 1 1 1 1 1 1 1 1 1 1 1 1 1 1 1 1 1 1 1 1 1 1 1 1 1 1 1 1 1 1 1 1 1 1 1 1 1 1 1 1 1 1 1 1 1 1 1 1 1 1 1 1 1 1 1 1 1 1 1 1 1 1 1 1 1 1 1 1 1 1 1 1 1 1 1 1 1 1 1 
1 1 1 1 1 1 1 1 1 1 1 1 1 1 1 1 1 1 1 1 1 1 1 1 1 1 1 1 1 1 1 1 1 1 1 1 1 1 1 1 1 1 1 1 1 1 1 1 1 1 1 1 1 1 1 1 1 1 1 1 1 1 1 1 1 1 1 1 1 1 1 1 1 1 1 1 1 1 1 1 1 1 1 1 1 1 1 1 1 1 1 1 1 1 1 1 1 1 1 1 
1 1 1 1 1 1 1 1 1 1 1 1 1 1 1 1 1 1 1 1 1 1 1 1 1 1 1 1 1 1 1 1 1 1 1 1 1 1 1 1 1 1 1 1 1 1 1 1 1 1 1 1 1 1 1 1 1 1 1 1 1 1 1 1 1 1 1 1 1 1 1 1 1 1 1 1 1 1 1 1 1 1 1 1 1 1 1 1 1 1 1 1 1 1 1 1 1 1 1 1 
1 1 1 1 1 1 1 1 1 1 1 1 1 1 1 1 1 1 1 1 1 1 1 1 1 1 1 1 1 1 1 1 1 1 1 1 1 1 1 1 1 1 1 1 1 1 1 1 1 1 1 1 1 1 1 1 1 1 1 1 1 1 1 1 1 1 1 1 1 1 1 1 1 1 1 1 1 1 1 1 1 1 1 1 1 1 1 1 1 1 1 1 1 1 1 1 1 1 1 1 

0 1.46568 0.955804 1.28812 0 2.02364 3.7672 3.54115 0 4.63217 1.05518 4.20927 0 4.01352 3.90834 0.786377 0 7.14396 1.51565 1.88859 0 6.74767 4.46718 4.50643 0 9.6391 1.82248 4.26848 0 9.95991 4.87786 1.76688 0 13.156 1.54667 1.41893 0 12.8639 4.54117 3.54014 0 15.4635 1.88847 4.51047 0 15.7628 4.72868 1.48045 0 18.822 1.70178 1.64516 0 18.2407 4.7267 4.17796 0 20.7556 1.44343 4.98808 0 20.8956 4.2748 1.55988 0 24.66 1.89904 1.14265 0 23.5919 4.41337 4.15945 0 27.1846 0.934712 4.268 0 26.1199 4.83272 1.62261 0 1.537 6.8358 1.4275 0 1.41384 9.55022 4.01022 0 3.81007 6.86282 4.15202 0 3.30412 10.3638 0.943893 0 6.41663 7.05133 1.45391 0 6.9899 10.8858 4.42729 0 8.76724 8.06449 4.04976 0 9.49072 9.8422 1.04129 0 12.2511 7.56247 1.1214 0 12.0608 9.93323 4.26686 0 14.781 7.50637 4.07477 0 15.513 9.83877 1.10284 0 18.4691 7.64411 1.58073 0 17.7603 9.79545 4.33457 0 20.9708 7.11963 4.2493 0 21.0179 10.0235 1.39487 0 23.541 7.29291 1.72986 0 23.9132 9.81781 4.33765 0 26.288 7.09661 4.47634 0 26.6863 9.75326 1.59613 0 1.25535 13.0962 1.01616 0 1.04868 15.8398 4.02518 0 3.79011 13.2864 3.92876 0 4.60004 15.1257 0.646056 0 6.63373 12.285 0.889564 0 6.85029 14.8129 3.32868 0 9.69849 12.7166 4.53295 0 9.67731 15.017 0.735481 0 12.4472 12.2274 1.60738 0 12.8494 15.1936 4.02105 0 15.6378 12.5735 4.37653 0 15.1993 14.8097 1.14194 0 18.3294 12.5028 1.63281 0 18.5382 15.2358 4.24752 0 20.871 12.7223 4.79504 0 21.1993 15.3522 2.03361 0 23.8454 12.7804 1.8234 0 23.8148 15.4554 4.7233 0 26.6223 12.5003 4.30886 0 26.1364 15.4695 1.28426 0 1.27299 18.4587 1.31429 0 1.31834 21.1832 4.01737 0 4.73878 17.9607 3.49585 0 4.08104 20.703 1.13207 0 7.03005 18.2374 0.819098 0 7.68779 20.5652 3.86237 0 9.57396 17.3787 3.59612 0 9.82589 20.7922 0.796695 0 13.0414 17.8985 1.20965 0 12.7692 20.7178 4.40982 0 15.4634 18.1236 4.52352 0 15.3013 21.0044 1.53075 0 17.4922 17.6526 1.64235 0 18.0402 20.4635 4.10158 0 20.5073 18.2196 4.35633 0 20.8125 20.6222 1.26149 0 23.5844 18.4023 1.81854 0 24.0799 21.6067 4.41162 0 26.7702 18.4249 4.08633 0 26.7288 21.3728 1.57019 0 1.2831 24.302 0.963231 0 1.76356 26.137 4.19057 0 4.66865 23.1151 3.8749 0 4.32041 26.2049 1.41296 0 7.38582 23.7226 1.44203 0 7.58451 26.5057 4.23755 0 9.83045 23.4396 4.17755 0 10.2394 26.7265 1.76788 0 12.6834 23.6331 1.80197 0 13.0071 26.847 4.148 0 15.1902 23.4725 4.39683 0 15.9094 26.8119 2.09938 0 18.4116 23.5247 1.70265 0 19.1361 26.567 3.56064 0 20.9013 23.2076 3.85266 0 21.7302 27.6385 0.953147 0 22.9793 23.5779 1.00238 0 23.6268 25.7088 4.20139 0 27.0241 23.8584 4.13618 0 25.8854 26.2323 1.47605 
0 1.70615 0.741478 7.50288 0 1.1934 3.49722 9.97319 0 4.15476 0.638455 10.0302 0 3.77871 3.42588 6.73193 0 6.74344 1.39963 7.08737 0 6.54777 4.02277 9.89862 0 9.51683 1.32747 10.05 0 9.43413 3.79654 7.12211 0 12.3306 1.0845 7.04495 0 12.8937 3.72479 9.58668 0 15.6248 0.781922 9.6863 0 15.6062 4.23832 6.89304 0 18.0278 1.45508 7.22777 0 18.6847 4.22903 9.77915 0 20.9837 1.36337 9.50097 0 21.0698 4.20398 7.13483 0 23.6639 1.08223 6.48309 0 24.1659 3.8684 9.67837 0 26.728 0.786887 9.63857 0 26.7975 3.58078 6.62784 0 1.18922 6.33022 6.58457 0 0.931413 9.9657 10.3999 0 3.41553 7.02956 9.5942 0 4.54951 10.185 6.95278 0 6.43734 7.14402 7.71603 0 6.50632 10.141 9.99247 0 9.63787 7.11246 9.76708 0 9.56014 10.0013 7.27908 0 12.2244 6.48465 7.32947 0 12.3185 9.03026 9.65419 0 15.6159 6.75299 9.68891 0 14.4814 9.92731 7.04437 0 18.2683 7.19708 6.7181 0 18.2579 9.57433 9.89306 0 21.3523 7.16361 10.0349 0 21.0945 9.90514 7.22618 0 23.6397 6.7212 7.0382 0 24.1369 9.95533 9.95999 0 26.3526 7.01826 9.40031 0 26.0634 9.66169 7.05584 0 1.18186 12.0383 7.00177 0 1.4803 15.7636 9.9095 0 3.65804 12.6038 9.60978 0 3.87197 15.0536 6.81717 0 6.88533 12.9896 7.56062 0 6.74311 15.5565 10.7543 0 9.44509 12.5008 10.2293 0 9.4735 15.4265 8.23694 0 12.1412 12.5627 7.53557 0 12.3432 14.9794 10.4027 0 14.9666 12.1018 9.7037 0 15.1427 15.1928 6.84416 0 17.9388 12.004 7.55706 0 18.0749 14.9721 9.43132 0 21.2929 12.1066 9.73177 0 20.7804 15.2088 7.2378 0 23.9771 12.3555 6.96586 0 24.0587 15.3678 9.39189 0 26.9137 12.8297 10.0055 0 26.8728 15.1455 6.72724 0 1.64007 17.7807 6.91188 0 0.916388 21.4424 10.7957 0 3.63457 18.5985 10.4656 0 3.78743 21.3005 6.92166 0 6.97236 17.8747 6.33469 0 6.65928 21.0383 9.76436 0 9.37135 18.4875 9.99868 0 9.55355 20.5646 7.38912 0 12.0431 18.0922 7.13399 0 13.0411 20.8864 9.80874 0 14.9897 17.6397 9.78545 0 15.7671 20.8072 6.98274 0 17.9902 18.0297 7.57611 0 18.6 20.7783 10.0381 0 21.0812 18.5518 9.41465 0 21.1675 21.3172 6.92698 0 24.4784 18.9037 7.26251 0 24.2411 21.0917 10.6091 0 26.6723 18.6076 10.5843 0 27.6709 20.6252 7.38069 0 1.60992 23.7275 7.12185 0 1.05678 26.5152 10.6784 0 3.76621 23.8425 10.0672 0 4.05703 26.0963 6.9839 0 7.18502 23.4039 6.77363 0 7.30042 26.081 9.0687 0 9.91273 23.7919 9.6572 0 10.372 26.172 6.60438 0 12.6079 23.3577 7.07286 0 13.1439 26.3582 9.39737 0 15.5589 23.7072 9.48708 0 16.3408 26.49 6.60078 0 18.3316 23.3103 7.08283 0 18.6152 26.1977 9.70238 0 21.2508 23.1978 9.77676 0 21.1003 25.3766 6.75432 0 24.4518 23.1891 7.45399 0 23.5122 26.4595 10.0241 0 26.2743 24.1656 10.6453 0 26.5337 26.1337 6.84428 
0 1.33848 0.958989 13.1776 0 0.824454 4.54199 15.1962 0 4.13521 2.38477 15.0839 0 3.64814 4.50094 12.2334 0 7.00953 1.60727 12.5329 0 7.63603 4.62437 15.5789 0 10.2021 1.72123 15.3866 0 9.65801 4.10436 12.6034 0 12.4707 0.957621 12.0074 0 13.0699 3.93571 14.9584 0 15.9441 1.68495 15.1966 0 15.7583 3.56937 11.8724 0 18.1718 1.244 12.4356 0 18.5078 4.19978 14.5379 0 20.948 1.50703 15.242 0 21.3211 3.72817 12.3648 0 23.8602 1.01926 12.6972 0 23.5168 4.53139 15.2379 0 26.1976 1.80181 15.5127 0 26.7578 4.04844 12.5393 0 0.831285 7.09975 12.5386 0 1.03699 9.67686 15.8519 0 4.15885 7.29074 15.5476 0 4.03077 9.50128 12.4269 0 6.90877 6.8936 12.5072 0 6.95601 9.7447 15.4976 0 10.0306 7.03938 15.043 0 9.2162 9.40967 12.3906 0 12.6122 6.0956 12.3204 0 12.3513 9.57493 14.8985 0 15.7243 6.46726 14.9514 0 15.0022 9.71876 12.3136 0 18.9706 7.3958 12.5305 0 18.0399 10.0861 15.3678 0 20.4378 7.32933 15.7431 0 21.1609 9.89425 12.9521 0 24.0695 7.56945 12.3095 0 23.6053 10.3272 15.6775 0 26.1231 7.14214 15.101 0 26.3286 10.1291 13.3105 0 1.33071 12.8215 13.3332 0 1.41345 15.729 16.0395 0 4.15394 12.5973 15.4785 0 3.72778 15.2258 13.0365 0 6.53239 12.3052 12.8557 0 6.6296 15.6326 15.1386 0 9.89931 12.5876 14.9325 0 9.82032 15.5458 12.7593 0 12.6987 12.2806 12.615 0 12.6955 15.3284 15.2273 0 15.1815 12.5658 15.1789 0 15.3233 15.219 12.5015 0 18.2433 12.2026 12.2705 0 18.1358 15.2611 15.0336 0 20.9151 12.9531 15.4368 0 21.1924 14.9764 11.8806 0 24.3032 12.8875 12.689 0 24.0867 15.22 15.6268 0 26.5979 12.3244 16.0464 0 26.7057 15.8876 12.9987 0 1.99079 18.7001 13.7869 0 1.72405 21.3286 16.0696 0 4.96034 18.5394 15.8292 0 4.2582 21.4173 12.7829 0 6.97663 18.8637 12.3436 0 7.77696 21.5867 15.6517 0 9.64671 18.4594 14.9757 0 9.67731 21.4416 12.4005 0 12.2191 18.5134 12.3954 0 12.8611 20.8714 15.3924 0 15.1941 17.8484 15.2924 0 15.668 20.7557 12.6121 0 18.352 17.9416 12.7759 0 18.52 20.8427 15.3466 0 21.3275 18.2293 15.4587 0 21.2866 20.4886 12.676 0 23.5214 17.2477 12.5336 0 23.8078 21.4135 15.7081 0 26.806 18.3163 15.8967 0 26.8791 21.3501 13.8825 0 0.896301 24.3097 13.4289 0 1.73508 26.205 15.881 0 4.58741 23.8847 15.284 0 4.38282 26.708 13.0539 0 7.30381 24.0968 12.3639 0 7.43786 26.2492 15.8743 0 10.4327 23.985 15.401 0 9.94407 26.5528 12.7091 0 13.028 23.3683 12.4708 0 12.7461 26.6831 15.1496 0 15.1964 24.1924 15.6524 0 15.573 26.0133 12.1734 0 18.2469 23.3585 12.217 0 17.9792 26.6663 15.261 0 20.8881 24.2135 15.8946 0 21.0672 26.5799 12.7438 0 23.7876 24.1957 13.2844 0 23.2254 26.5812 16.0155 0 26.3641 24.1584 16.0037 0 26.0887 26.737 13.6421 
0 1.13904 1.98933 18.0384 0 1.72059 4.55077 20.6737 0 3.90822 1.67345 20.8813 0 4.52721 4.06495 18.0903 0 6.78237 1.3703 18.5034 0 7.17732 3.94478 21.0376 0 9.87553 1.32087 21.5499 0 9.95983 3.5347 18.6758 0 12.84 1.77233 17.9523 0 12.6183 4.30948 21.6279 0 15.2399 2.01823 20.72 0 15.9158 4.5401 17.7756 0 18.5995 1.42548 17.8859 0 18.1995 4.32164 21.2043 0 21.0111 1.68684 21.3146 0 20.6122 4.36762 17.3673 0 23.0461 1.3781 18.3443 0 23.4146 4.39319 20.6994 0 26.5405 2.18412 20.7216 0 26.3602 4.87695 17.9245 0 1.44936 7.07199 18.1229 0 1.45273 9.93855 21.487 0 4.78877 6.89049 21.127 0 4.32063 9.39199 18.5711 0 7.1202 6.62328 18.6561 0 7.408 9.73952 20.5795 0 10.1155 7.06427 20.5869 0 10.0411 9.60232 17.7388 0 12.5862 7.15822 17.631 0 12.4876 9.74984 20.3802 0 15.3443 7.0058 20.7977 0 14.8499 9.97985 17.8825 0 17.7954 7.2812 17.9708 0 17.4683 10.0748 20.5646 0 20.7222 6.8969 20.4094 0 20.3919 9.82384 18.394 0 23.4051 7.39372 17.8971 0 23.6827 10.2065 21.0892 0 27.0168 6.72394 20.9199 0 26.5321 10.026 18.6975 0 1.95684 12.5102 18.5662 0 1.88919 15.7662 21.112 0 4.77645 12.1878 21.1988 0 4.58223 15.6416 18.4496 0 6.59468 12.5232 18.0592 0 7.07571 15.4079 21.5414 0 9.88436 12.6769 20.5064 0 9.12942 15.0162 18.0354 0 12.1604 12.7109 17.9082 0 12.4332 15.1056 20.9104 0 15.329 12.7028 20.7847 0 15.4894 15.2111 17.8504 0 18.414 12.8545 17.9167 0 17.8985 15.7191 20.6814 0 20.4826 12.887 20.8437 0 21.2974 15.5466 17.9434 0 23.7843 13.0799 18.7802 0 23.8581 15.7988 20.8855 0 26.8182 12.8645 20.9584 0 26.9324 15.8155 18.5919 0 1.44453 18.3367 18.1927 0 1.39248 21.1257 20.7273 0 5.31706 18.6111 20.5022 0 5.07241 21.0964 18.2182 0 7.8548 18.2775 18.1669 0 8.19425 20.8216 21.6998 0 9.55524 17.7171 21.3157 0 10.3045 20.9217 18.1621 0 11.6877 17.6706 18.3023 0 12.0712 21.037 21.0782 0 14.859 18.0863 20.0552 0 16.1413 20.9808 17.8479 0 18.0002 18.0156 17.4183 0 18.4644 20.3028 20.9649 0 21.0594 18.0078 20.632 0 21.0783 20.9539 17.8428 0 24.2973 18.3896 18.2348 0 24.1888 20.6569 20.7096 0 27.0127 18.2606 20.9191 0 26.6385 21.249 18.3494 0 1.30128 23.9095 18.4987 0 0.726868 26.8465 20.7346 0 4.79532 23.6968 20.2943 0 4.2197 26.6575 18.3632 0 8.04516 23.4075 18.8955 0 6.93186 26.5566 20.897 0 9.98684 24.2294 21.7032 0 9.97414 27.1181 18.2057 0 12.096 24.3058 18.6325 0 13.2332 26.7763 21.5217 0 15.0886 23.6502 20.8864 0 15.1684 27.2191 18.0531 0 18.9049 23.7118 18.6953 0 17.4998 26.4647 20.7161 0 21.1125 22.6437 21.316 0 21.0051 26.5978 19.2246 0 23.5228 23.6834 18.7719 0 23.6182 27.2243 21.4215 0 26.1248 24.3589 20.7329 0 26.3362 27.147 17.863 
0 1.03848 2.12702 23.6731 0 0.6574 4.36648 26.5844 0 3.97717 1.06159 26.6648 0 3.85993 4.42514 24.0916 0 6.13917 1.44267 23.9271 0 6.88794 4.53411 26.7819 0 10.0356 2.16593 27.5601 0 9.31322 4.05856 23.907 0 13.2825 1.44197 24.2162 0 12.6809 4.55469 27.3236 0 16.1889 1.68108 27.2713 0 15.9709 4.67342 23.7463 0 17.5732 1.34113 23.6821 0 18.5645 4.49438 26.1729 0 20.7644 1.60375 26.3859 0 20.7255 4.31779 23.5499 0 23.8087 1.51255 24.3558 0 23.4617 4.70891 26.0799 0 27.1169 0.847775 26.3926 0 26.1758 4.38084 23.7472 0 1.02899 6.66835 24.0976 0 0.955156 9.32161 26.5548 0 3.94081 6.85598 26.6688 0 4.10854 9.6335 23.6542 0 7.47566 7.06209 23.5149 0 6.6791 9.48937 26.7046 0 9.47077 7.02118 26.6743 0 10.1624 9.46997 23.6226 0 13.1838 7.30038 23.4043 0 12.3879 9.70573 26.3049 0 15.3646 6.97478 26.8829 0 15.1683 10.2426 23.6669 0 18.1372 7.53173 23.4235 0 18.2361 10.0656 26.5597 0 21.0902 7.58417 26.5899 0 20.598 10.1123 23.3552 0 23.4888 7.19955 23.2388 0 23.3778 10.4149 25.5632 0 25.7007 7.43466 26.7499 0 26.6145 9.81895 23.7721 0 1.06233 12.5167 24.0985 0 0.702331 15.3721 26.3342 0 3.99839 12.41 26.2049 0 3.88808 15.4633 24.2207 0 7.94862 12.3933 23.5823 0 7.3183 15.5617 26.0749 0 10.164 12.5133 26.1226 0 10.1734 15.3689 23.4908 0 12.4176 12.4432 23.3237 0 12.8373 15.3433 25.996 0 15.2792 12.302 26.6214 0 15.0317 14.9864 23.2615 0 17.9184 12.5255 23.6412 0 17.5504 15.1931 26.1835 0 21.2119 13.4342 27.0962 0 21.0113 15.9343 23.7033 0 23.5506 13.2915 23.4768 0 23.6989 16.4078 26.8618 0 26.1869 13.061 26.22 0 26.3185 15.9028 23.3781 0 1.47967 18.5114 23.6166 0 1.77895 21.3264 26.3268 0 4.43177 18.1842 26.4681 0 4.31444 21.2169 23.1372 0 6.84638 18.3638 24.0262 0 7.15514 20.9245 26.3515 0 10.0783 17.8953 26.3681 0 10.3791 21.0959 24.3551 0 12.8001 17.8694 23.1471 0 13.0606 20.54 26.5054 0 15.6502 18.2722 26.3788 0 15.3239 20.3845 23.7322 0 18.0682 17.8126 23.4324 0 18.1016 20.7914 27.0937 0 20.112 17.4898 26.6421 0 20.4154 20.3914 24.0634 0 23.7199 18.4683 23.7486 0 23.4268 20.4014 26.8571 0 26.8716 18.5757 26.4193 0 27.3706 21.1936 23.5455 0 1.47982 23.8003 23.5898 0 1.3751 26.3212 26.368 0 4.18612 24.2711 26.1107 0 3.58974 26.9814 23.5103 0 7.22732 23.9093 24.2463 0 7.14394 26.6555 27.2737 0 10.0977 23.9462 26.491 0 10.4504 27.4683 24.6999 0 12.77 24.0959 24.178 0 13.1339 26.5015 26.8384 0 15.7641 23.4635 26.0636 0 15.7901 26.3331 24.1354 0 18.1257 22.7656 23.5668 0 18.9205 26.517 27.2089 0 20.4395 23.4964 26.1644 0 19.9893 26.3105 23.5999 0 23.8272 23.1174 23.7413 0 24.0759 26.2709 26.1064 0 26.5698 23.5294 26.0607 0 26.8633 26.3803 23.4358 

-0.315394 1.55573 1.97073 -0.254192 1.83545 -0.659657 -2.37029 -1.96276 -0.64295 0.0606158 1.88401 -0.9561 -0.0591508 -1.16199 2.31764 -2.67145 3.65944 1.74638 -0.45251 0.250935 3.1746 0.560864 0.727175 -2.13334 0.672836 0.0674331 -2.16554 1.00596 -0.341907 1.53392 1.91282 0.763337 1.36554 0.313022 2.01696 0.534971 0.95471 -0.660378 0.300723 -0.815327 -1.71087 1.68001 -1.5098 -0.763536 0.873884 -1.94347 0.315467 -1.33662 -0.69798 0.0300857 -2.03442 0.542189 -0.344539 -0.249072 -1.63134 1.72684 0.686479 0.7837 0.119761 -2.21114 1.15328 -1.34241 1.67638 1.54685 -0.329083 2.22683 -0.951547 -0.680522 -0.724339 -1.72143 1.53034 -1.18253 1.00818 2.65244 -1.35388 0.617867 -0.213324 -1.00704 1.80287 -1.85134 1.1029 1.87217 0.374755 1.06594 -1.20946 -1.32285 0.595908 0.474729 -1.68108 0.261871 -2.24546 -0.422985 0.249958 0.164186 -0.40459 -1.92226 -0.38086 -2.14092 1.93268 -1.45806 1.81694 1.79566 -1.06574 0.806128 0.28878 1.12444 0.909622 -0.399529 1.36416 0.785254 -1.42737 2.05451 1.60651 -1.29722 -0.0620459 -1.11753 0.965521 1.05346 -0.274135 -0.938905 -0.182165 -1.13929 2.29682 0.384265 1.04292 -0.157643 0.117042 1.34932 0.239252 -0.319741 -0.613278 2.53908 0.573068 1.22202 1.66004 1.1306 0.768205 0.801544 -0.0639761 1.01528 0.0472225 -0.403144 -2.46249 -0.343941 0.756185 -1.16243 -0.929957 -1.43306 -1.29375 -0.284199 1.32766 -0.512735 2.79031 -0.418627 -0.852317 -0.547007 -1.40798 0.756234 -1.52987 -1.35318 1.53819 1.31991 0.604946 1.06084 0.877554 -0.116826 0.0883113 -1.06021 -1.36914 -1.34005 0.105932 -0.414634 -0.436679 -3.87471 0.433529 0.278363 0.63916 0.26867 1.23336 -0.619312 1.02015 -0.284003 -2.91108 1.39465 -1.01295 0.612698 0.166731 0.648437 -1.91577 0.0752741 -0.949837 -2.1778 0.869726 -1.57174 -1.45619 0.742837 -0.0132189 1.97625 0.770845 0.914725 2.6728 0.565381 -0.437131 0.360483 0.252576 -1.38496 -0.502042 0.45114 0.595658 0.711283 0.457972 -1.10143 0.566415 0.464728 -1.41366 -0.473233 -1.93953 0.168294 2.53125 0.45067 0.232029 2.38404 1.1746 -2.62209 -1.74529 1.0716 -2.97267 2.02365 -3.07846 0.961615 0.98557 0.533333 -1.12084 0.704904 1.81357 0.679115 -1.01582 1.40106 -0.308825 -0.657114 1.07832 0.352673 -0.968498 -0.308623 2.29609 -1.20869 -1.61555 -0.180272 1.04745 0.549524 -0.0798382 0.642504 0.504599 -1.33991 -0.196014 3.13581 1.15275 0.276652 -2.09053 2.71052 -0.387501 -0.346813 -1.24781 2.59983 0.642332 -0.743025 0.439674 -2.35964 -0.501947 -2.37841 -0.362939 -0.123473 1.15323 0.075639 -0.176545 0.160738 0.351547 -1.40818 1.17847 -1.1611 0.0179182 0.0829781 3.02273 1.71108 -2.0452 0.555141 0.385736 -1.72193 -2.73194 -1.62578 0.0289753 0.914919 -2.16778 2.36148 0.824886 1.59377 0.0121049 0.0984805 2.19561 0.364246 
0.523424 -3.50029 -0.34159 1.1083 -1.49074 -1.97961 -0.372878 -1.84432 3.28109 -1.38651 0.182371 1.1806 -0.0696702 1.01162 -0.530573 -0.551052 1.0389 -1.23499 0.371554 0.816992 -0.206294 0.416434 0.648188 -1.17487 0.391325 -3.84741 -0.297293 -0.602546 -2.23651 -2.26114 -0.918274 0.288221 1.17232 -0.599491 1.55994 -1.39336 -0.728607 2.27994 -1.50136 0.373094 0.119023 -1.32386 -1.35086 -1.15716 0.482364 1.68768 -0.164262 -0.174486 -0.319461 1.51376 -0.777453 0.768582 0.985667 -1.04527 -2.01034 0.25508 1.44844 -0.0790381 -1.17259 -1.7387 -1.76546 1.0505 0.556148 0.415407 -0.59809 -0.510319 2.04095 0.501281 -0.937267 -0.893279 1.0507 -0.997192 -0.242518 -3.25275 -0.423714 -0.50428 -0.867747 0.468303 0.527226 -0.343924 2.17613 0.707022 0.0771111 0.979633 -0.16165 -0.255099 2.4896 1.7381 0.79748 -1.51612 -0.759343 0.849299 0.924381 -0.833522 0.121291 -0.445619 1.36391 0.682047 -1.02452 -0.423735 1.06151 -0.271547 -1.57789 -2.13851 1.76916 1.10224 0.911788 -0.656485 -1.76326 0.0535282 -1.03446 -0.424444 -1.26828 0.940536 -0.528149 -3.37172 -2.14398 -0.358647 0.384163 -0.0262395 -1.52561 2.75113 0.463481 2.1481 0.619264 -0.475976 1.77438 1.02272 0.614563 1.26314 -2.88332 1.12078 0.590373 -1.73204 -1.57071 0.0982859 -0.225054 -2.21921 1.73505 2.56537 0.963017 -0.843078 -1.38313 0.545776 0.771221 -1.55088 0.877674 0.925087 -1.25302 -1.04992 -2.14644 -0.745801 -2.09921 -1.6614 0.75994 0.59952 -0.049586 -0.049836 1.67682 -1.11371 0.876767 2.39622 0.607801 0.563942 1.43205 -2.17108 0.879183 -0.240738 0.930299 -0.429316 -0.341936 -1.47039 1.12418 0.378741 3.29484 0.73577 1.10147 -0.462522 1.80802 0.579652 -2.87039 1.77471 -1.12248 2.07947 -0.574044 1.28946 -0.973191 2.28369 2.46803 -0.287246 -0.263062 1.73512 -2.11283 1.24735 -1.05528 -0.0246493 1.1132 -0.589485 -0.354521 0.546003 1.76636 0.431387 2.02686 1.12781 1.47925 -2.45616 1.76919 -0.237417 -1.56947 0.52881 0.386781 0.35652 1.07097 0.138397 0.340468 0.163211 -0.482106 1.74299 -2.36512 -1.50792 1.32879 0.184087 0.572975 0.619651 -0.0699273 -3.05321 0.144733 -0.575943 1.2038 1.21533 -0.276503 1.16258 -0.075255 0.00143496 1.02953 -0.0161169 -0.62213 0.712306 -2.25151 -1.58937 -1.02713 0.390186 3.97786 2.42379 0.120532 1.04924 0.85392 0.297916 0.314276 1.05646 -0.355564 -0.18996 0.465953 1.86669 -0.315727 1.97112 2.1083 -0.921708 -0.248597 0.828734 -0.785707 -0.255197 1.53537 -1.31221 -1.41176 1.16148 -1.49465 1.77104 -1.9391 -1.94808 -1.45977 0.113809 1.6974 0.533586 0.55054 0.726654 1.37999 -1.35712 -0.279552 0.0572796 1.8359 0.870325 0.443879 2.02221 0.0996294 -0.458573 1.19458 2.60629 1.57901 -0.877646 1.97924 -1.11248 -0.837942 0.216753 1.71359 0.25235 -1.07653 -0.47563 1.28642 0.277496 
0.411021 2.557 -0.65387 -0.122427 -1.30846 -0.405553 1.74601 1.20717 0.0330055 -0.855303 3.16688 0.000368344 -1.05842 -0.774004 -1.61957 1.31723 -0.636636 -1.56118 -0.714394 -0.93368 -1.32496 0.150775 0.809385 0.555296 1.87633 -2.68114 -1.43288 -1.19807 -0.423887 -0.153855 -0.340725 0.645606 2.48314 -0.695116 0.0772455 -2.19247 -0.189747 3.38263 -1.65122 -0.0731041 1.96001 -1.28986 -1.26763 -1.32614 0.631559 -0.686434 1.75975 0.493665 -1.45909 1.59163 0.124151 -0.676076 -1.76531 -0.170498 2.76784 -1.56475 -0.467849 1.36719 0.171857 2.23588 1.77226 -0.56135 -1.72565 -1.79938 -0.0552944 0.751702 2.13504 -2.33097 -0.514193 -0.331197 -1.35337 2.02265 2.21876 -1.11268 0.700233 2.04052 -0.872648 1.09317 0.676258 1.02705 -0.413843 0.155579 -1.78301 2.64053 -1.13219 0.0181301 -1.1512 -0.20546 -0.951014 -1.21322 -0.00218541 -2.0726 -0.556122 -1.82798 1.32696 -2.25734 -2.12088 -0.429427 -3.49424 -1.33512 -1.66312 -0.0470659 1.74466 -0.448533 1.601 0.0332016 1.29435 0.178505 -1.49238 -0.742294 -0.738125 1.56129 1.24643 -0.222522 -1.85771 2.56004 -0.263299 0.306125 -1.27178 -0.234657 -0.28151 0.482891 -3.74128 0.823559 -0.0240932 -0.802715 0.638075 -0.335043 -1.72817 0.420104 0.757804 0.359448 0.64453 -0.0902034 0.253039 1.60095 0.598647 -2.5153 -0.578926 -0.212168 0.058955 0.732984 -0.265922 1.59216 0.549583 -0.732777 1.11754 -1.48365 1.76049 1.57082 2.11433 0.617623 -2.47993 0.394819 -0.441931 0.0663035 1.17548 -1.31844 0.410101 -1.36402 -1.10001 -0.733855 -0.487466 1.55462 -0.7567 0.464368 0.675134 3.86637 -0.890512 -1.65598 1.43053 1.04882 -0.211634 0.749174 -1.07192 1.26038 -0.981633 -0.478146 0.383258 -0.329064 -0.644058 0.566609 0.528238 -1.19944 -0.256168 0.400772 -0.0775531 -0.996001 0.753673 2.98602 -0.336375 -0.712509 1.14808 -1.33205 -1.33514 -1.12814 -1.49141 -0.383526 0.527955 0.738525 -0.231252 0.0843776 -0.794384 -1.36401 1.63853 -1.99713 -0.0118274 -0.0727585 2.89318 1.365 2.18438 -1.17643 -1.85909 -1.84294 0.154738 -0.392636 -1.03713 -0.393272 -0.786539 1.87492 0.740849 0.51423 0.400354 1.33859 0.26477 -1.06018 3.65001 -0.450375 0.56486 0.863861 0.337298 0.174905 -1.77738 -2.23412 -1.06233 0.374625 2.65706 -1.62919 -2.6883 -0.0237478 -0.207078 -1.39947 2.07407 -0.0468443 -0.329001 0.923398 -0.948557 2.05774 0.706704 0.0630839 -0.203137 -0.403356 -2.3349 0.436887 0.560659 0.631404 1.93225 -1.56324 -2.27584 -2.15524 0.977945 -0.330321 -1.08862 -1.65673 1.45863 -1.66379 -0.614263 -2.35266 0.0243567 -3.11528 -2.05691 -1.87311 -1.52353 -0.354336 -2.20675 -0.37183 -1.87553 -0.520602 2.12196 0.324327 0.718471 -0.190661 1.70272 0.775009 0.756652 -3.39974 -0.054906 -1.86201 -0.729032 -0.00255716 2.57067 1.32379 -0.00997872 0.239032 -2.19047 1.46565 -0.345496 2.06885 -1.50828 -0.816466 
1.10121 0.332427 2.51566 -2.36752 -0.920384 -0.0774103 -0.94849 1.67527 -0.986716 0.398481 0.38185 1.16138 -0.335885 1.06957 -0.365319 0.279955 0.756103 -1.27585 -2.26061 -0.769108 0.673598 0.479612 -1.46939 -1.39866 -1.45483 -2.30024 -0.190065 3.79264 1.12985 1.69324 -0.872473 1.22576 -0.286403 -0.50217 0.0880112 -2.00685 0.151369 -1.3525 -0.690021 -0.132578 -0.511903 3.30202 0.098693 1.62259 -1.42974 2.63292 1.53374 0.45611 -0.17997 1.70691 1.28086 0.617242 -2.74309 -1.42169 -1.18775 -0.995908 0.470948 -1.17226 2.19545 -0.0899508 -0.32802 0.128293 -0.60415 -1.48257 1.111 -0.267678 1.90896 0.176723 1.63871 -0.14949 0.113264 -0.437837 -2.69904 0.21059 -1.5724 -1.5201 -1.00965 0.686384 1.8307 1.3813 2.61287 0.160213 -0.59476 -0.0727257 -0.996796 -2.56762 -0.809029 -0.453345 -1.29455 0.939771 -1.07334 -0.152491 -1.0834 0.335092 3.27851 -2.25552 1.76646 -0.197867 -0.366072 0.923879 2.53748 0.52433 -1.60329 2.10447 2.20963 -2.13464 1.65722 -2.86093 -1.15983 1.33269 -0.318114 1.51726 0.433702 2.70973 -1.88564 -0.512009 -0.639031 0.368934 0.641447 0.238401 -0.672624 -0.432601 -1.47683 -0.983784 0.300487 0.730683 1.10156 -2.32982 -0.458618 1.47731 1.16377 1.19802 0.618141 1.20535 -0.968971 1.08386 -0.1498 -1.74217 0.668964 -0.0500791 -0.468942 -2.61228 1.11746 2.50704 -2.44359 -0.393964 0.731517 -0.299241 1.14105 2.02571 -1.5207 0.233163 0.768102 -0.0866498 1.09847 -1.27602 -0.102978 -0.0448974 -0.949317 1.67776 -0.509611 -1.07333 1.42243 1.58505 -1.35541 -0.465723 0.471329 -0.441796 -0.172912 0.652052 -0.429883 -0.308201 -1.52059 -1.19024 0.522289 1.32556 2.95551 0.725733 1.96121 -1.08241 1.50367 0.80064 0.542875 0.504378 1.1054 1.33765 -0.33764 -1.36686 -2.43109 1.94055 -0.620891 3.06474 0.84781 -0.834943 2.34063 -1.22232 3.34457 0.176402 -1.93433 -1.77126 0.231068 -0.229303 -1.70811 -2.40105 4.34848 0.156292 0.656612 0.0452448 -0.725849 1.31344 0.35755 1.87044 0.757071 -0.557163 -2.66134 0.0141996 -0.269695 -0.697544 -0.323863 -0.354982 0.300226 1.61223 -1.10508 -0.993327 0.935185 1.59828 -0.843455 1.16427 0.586012 -0.0788121 -1.36315 0.733815 -0.911291 -0.455242 0.297015 1.68001 -1.66767 -1.88415 -1.122 0.125436 -1.29673 1.35728 1.83015 -0.213624 -1.1871 -0.314923 -0.0748045 -1.12109 -1.03227 0.787217 -0.465584 1.43436 0.348632 -2.06654 -0.635502 1.27316 1.95963 -1.86275 -0.0162334 -2.22798 -1.40499 -0.491344 0.708807 1.77914 0.445393 -0.256447 0.744651 1.99081 -0.873094 -0.923412 0.271229 -0.91198 -0.665513 -0.181179 0.846935 -1.52946 -0.28367 -0.327393 -1.68897 0.892184 0.631406 -0.961393 -1.47041 0.404191 -0.813517 -1.28593 -0.45499 0.957386 -1.00983 -2.03052 1.12677 1.56676 -2.49088 -0.334105 -2.67233 -0.18074 0.057746 1.33794 -2.82187 -1.24209 
-0.566937 -0.0844485 1.1078 -0.390024 -1.41904 -0.361354 -1.30302 -1.56768 -0.952481 0.194061 -0.656952 1.07397 1.99572 0.741962 2.08404 -2.16861 2.05755 0.894708 -1.4702 1.13393 0.695654 -1.67954 0.947063 0.468202 -1.05862 0.0104128 -2.89513 1.0846 0.0127143 -0.220576 -0.247007 -0.588703 -0.444314 -1.08424 1.57998 -0.845449 -0.081452 -1.74447 -0.345122 -0.842904 -1.40567 -1.04877 0.520042 1.52768 0.383489 -0.509712 1.49691 2.47502 1.23989 -2.61791 3.02432 -1.31496 0.691192 2.12513 -1.00826 -2.05203 0.709336 1.4284 -1.2021 -2.74545 3.10564 0.830611 -2.93991 2.57397 0.877548 1.3958 2.22376 1.50121 1.11198 -2.00215 -0.867277 -1.89148 0.586862 -2.88395 -1.45274 -1.01926 -1.21935 -1.23792 -1.07257 2.3711 2.38774 1.78926 -1.26082 -1.95418 0.322126 0.782668 -1.1716 0.529362 -2.04351 -2.42529 0.0769039 1.86763 -1.02347 0.928931 0.367326 1.66815 3.14478 1.03328 -0.592472 0.523245 1.09386 2.69906 -1.03474 0.768462 -0.634937 -1.06542 0.693531 0.545154 -0.40009 -0.430976 -2.26184 1.40292 0.4983 0.788516 1.84726 1.40517 -0.778567 -1.31158 -1.56462 2.3597 0.978761 -1.0118 0.14929 -1.74517 0.232078 -0.773821 -0.23793 0.313499 1.56636 0.878634 3.10934 1.83049 0.329295 -0.361026 0.526061 0.933759 -0.214419 2.26245 -1.76638 -0.840018 -0.953344 -1.01822 1.60015 -1.73233 -3.5113 -1.00874 -0.0989742 -1.99643 -1.09509 2.71438 -0.557057 0.151418 1.34378 -0.511103 -0.520064 -1.45046 1.29574 1.42039 0.341857 2.11335 -1.23528 -0.282125 0.35269 -2.90921 1.15211 -2.0266 -0.959319 -0.135567 -1.7762 1.54963 -1.95222 -3.56323 -1.62396 -1.54064 0.649069 0.0267713 0.506993 2.03665 -1.45679 -0.222192 0.25217 -1.13703 -0.831065 0.495677 0.253519 -0.106105 -0.336608 1.01631 1.33383 0.948734 1.48432 1.17092 -0.0363807 -1.89132 -2.21281 0.344509 0.791379 -0.0463845 -1.29011 0.886924 1.76493 -0.0456396 0.923305 0.6525 -2.56619 0.611813 -2.57057 -1.25585 0.974228 -0.314929 0.333905 -2.94008 0.715601 -0.302638 -1.3333 1.07697 -0.381734 0.708583 -0.91754 1.67 0.0451804 1.42471 2.33719 -1.05715 -0.995774 0.513264 -0.807911 -2.63207 -1.45338 0.950187 -4.38642 1.53487 0.453882 -0.19973 -0.134896 -0.0634312 -2.58008 -0.888113 1.95668 0.894528 1.77917 -0.741089 -2.88438 2.53344 -0.365812 2.8319 2.13366 -0.964211 1.56242 0.288543 0.224467 0.13363 0.954272 -0.0555524 -1.59512 -1.33745 -0.0356213 1.71675 -0.369418 -0.123125 1.91486 -1.26089 3.79563 0.0456913 0.918243 -0.856658 1.11747 -1.22616 -0.0247492 -2.0552 1.50626 -0.0430174 1.64363 1.10965 -0.962842 -1.06782 -1.07595 0.292696 -1.4891 -1.83764 -0.477091 0.198576 0.80707 -1.723 -0.176633 1.51372 0.803847 1.2532 -0.372151 -0.0551923 -0.833785 1.45735 1.03913 2.33628 -1.81531 -1.03432 -1.30001 -0.0550364 -0.950931 0.144422 
