500 1.00001
28.0181 28.0181 28.0181 
14 14 14 
1 1 1 1 1 1 1 1 1 1 1 1 1 1 1 1 1 1 1 1 1 1 1 1 1 1 1 1 1 1 1 1 1 1 1 1 1 1 1 1 1 1 1 1 1 1 1 1 1 1 1 1 1 1 1 1 1 1 1 1 1 1 1 1 1 1 1 1 1 1 1 1 1 1 1 1 1 1 1 1 1 1 1 1 1 1 1 1 1 1 1 1 1 1 1 1 1 1 1 1 
1 1 1 1 1 1 1 1 1 1 1 1 1 1 1 1 1 1 1 1 1 1 1 1 1 1 1 1 1 1 1 1 1 1 1 1 1 1 1 1 1 1 1 1 1 1 1 1 1 1 1 1 1 1 1 1 1 1 1 1 1 1 1 1 1 1 1 1 1 1 1 1 1 1 1 1 1 1 1 1 1 1 1 1 1 1 1 1 1 1 1 1 1 1 1 1 1 1 1 1 
1 1 1 1 1 1 1 1 1 1 1 1 1 1 1 1 1 1 1 1 1 1 1 1 1 1 1 1 1 1 1 1 1 1 1 1 1 1 1 1 1 1 1 1 1 1 1 1 1 1 1 1 1 1 1 1 1 1 1 1 1 1 1 1 1 1 1 1 1 1 1 1 1 1 1 1 1 1 1 1 1 1 1 1 1 1 1 1 1 1 1 1 1 1 1 1 1 1 1 1 
1 1 1 1 1 1 1 1 1 1 1 1 1 1 1 1 1 1 1 1 1 1 1 1 1 1 1 1 1 1 1 1 1 1 1 1 1 1 1 1 1 1 1 1 1 1 1 1 1 1 1 1 1 1 1 1 1 1 1 1 1 1 1 1 1 1 1 1 1 1 1 1 1 1 1 1 1 1 1 1 1 1 1 1 1 1 1 1 1 1 1 1 1 1 1 1 1 1 1 1 
1 1 1 1 1 1 1 1 1 1 1 1 1 1 1 1 1 1 1 1 1 1 1 1 1 1 1 1 1 1 1 1 1 1 1 1 1 1 1 1 1 1 1 1 1 1 1 1 1 1 1 1 1 1 1 1 1 1 1 1 1 1 1 1 1 1 1 1 1 1 1 1 1 1 1 1 1 1 1 1 1 1 1 1 1 1 1 1 1 1 1 1 1 1 1 1 1 1 1 1 

0 1.47378 0.93628 1.29454 0 2.01299 3.73345 3.53781 0 4.62028 1.04393 4.18434 0 3.9846 3.8814 0.753517 0 7.13176 1.50866 1.87431 0 6.74265 4.4769 4.50564 0 9.63338 1.81948 4.24717 0 9.95129 4.91385 1.76461 0 13.1677 1.5403 1.3888 0 12.8844 4.54173 3.51976 0 15.4709 1.90552 4.52028 0 15.7601 4.73104 1.47459 0 18.8437 1.69496 1.66864 0 18.2314 4.73638 4.16553 0 20.7507 1.41937 5.00413 0 20.8793 4.27864 1.56211 0 24.7171 1.89396 1.14114 0 23.6012 4.40233 4.15555 0 27.2056 0.895002 4.27067 0 26.1266 4.85117 1.60824 0 1.51997 6.82778 1.41922 0 1.39861 9.51432 4.00427 0 3.79359 6.85591 4.12828 0 3.27654 10.3694 0.935742 0 6.39519 7.05018 1.43612 0 6.9909 10.9455 4.4755 0 8.72692 8.10733 4.02719 0 9.50887 9.84829 1.00993 0 12.2449 7.56638 1.12345 0 12.0392 9.93594 4.27666 0 14.7534 7.51863 4.06907 0 15.518 9.8432 1.08137 0 18.4732 7.64512 1.55093 0 17.7654 9.78611 4.33049 0 20.977 7.11052 4.26411 0 21.0362 10.0282 1.38459 0 23.5695 7.30927 1.71964 0 23.9208 9.82114 4.3454 0 26.2826 7.09445 4.48505 0 26.6944 9.75467 1.59012 0 1.26301 13.1071 0.981194 0 1.04722 15.8584 4.00873 0 3.75851 13.2895 3.86925 0 4.59841 15.1167 0.616728 0 6.62626 12.2714 0.889822 0 6.83214 14.8207 3.29504 0 9.70558 12.7522 4.54567 0 9.67591 15.0182 0.704264 0 12.4417 12.2241 1.61083 0 12.842 15.1906 4.01185 0 15.6437 12.5642 4.38452 0 15.1909 14.7992 1.12388 0 18.3264 12.4919 1.63328 0 18.5468 15.2408 4.24265 0 20.8737 12.7271 4.81045 0 21.2219 15.3739 2.03508 0 23.836 12.7794 1.8462 0 23.8309 15.4555 4.72783 0 26.6438 12.4875 4.31102 0 26.1522 15.4753 1.26323 0 1.25013 18.4644 1.29699 0 1.31478 21.1843 4.02106 0 4.73009 17.961 3.47207 0 4.06276 20.6718 1.11184 0 7.02788 18.2331 0.80795 0 7.7085 20.557 3.85103 0 9.56648 17.3817 3.60343 0 9.82197 20.7946 0.772542 0 13.0517 17.887 1.20179 0 12.7842 20.7151 4.40751 0 15.4652 18.1124 4.52978 0 15.277 21.0212 1.50714 0 17.4669 17.6244 1.67854 0 18.0357 20.4445 4.0766 0 20.5048 18.2114 4.37371 0 20.8037 20.6284 1.26284 0 23.6141 18.4184 1.8283 0 24.0676 21.6442 4.39588 0 26.8114 18.4452 4.10717 0 26.751 21.3922 1.55029 0 1.26946 24.3094 0.949889 0 1.79781 26.128 4.15849 0 4.67015 23.0993 3.8625 0 4.32705 26.1971 1.403 0 7.41523 23.7338 1.45564 0 7.59307 26.5169 4.2384 0 9.82274 23.4401 4.18759 0 10.2594 26.7285 1.76623 0 12.6607 23.6294 1.80751 0 12.997 26.8825 4.15845 0 15.1873 23.4787 4.39025 0 15.9285 26.8346 2.14477 0 18.4036 23.5143 1.69411 0 19.1871 26.5618 3.51321 0 20.8894 23.2094 3.83145 0 21.7678 27.7079 0.935319 0 22.9508 23.5731 0.958491 0 23.6084 25.6899 4.17171 0 27.0402 23.8655 4.13779 0 25.8863 26.2436 1.46768 
0 1.69921 0.715039 7.49245 0 1.18946 3.44957 9.98398 0 4.15366 0.623149 10.0284 0 3.76543 3.39552 6.71754 0 6.72155 1.36823 7.06844 0 6.53739 4.00269 9.90284 0 9.4975 1.30423 10.0691 0 9.39442 3.7712 7.12858 0 12.3407 1.09788 7.00905 0 12.8897 3.70653 9.58294 0 15.6344 0.748938 9.67713 0 15.6288 4.22188 6.91431 0 18.0293 1.44493 7.21524 0 18.6896 4.22245 9.77771 0 20.9697 1.34021 9.5062 0 21.0742 4.18633 7.13689 0 23.6719 1.07941 6.46794 0 24.1831 3.85018 9.65339 0 26.711 0.77055 9.65592 0 26.8006 3.5634 6.61121 0 1.17695 6.2973 6.56547 0 0.911451 9.9809 10.4156 0 3.37445 7.04495 9.57829 0 4.5334 10.194 6.96412 0 6.43424 7.12741 7.71696 0 6.49333 10.1386 9.99934 0 9.64476 7.09574 9.76688 0 9.54416 10.0147 7.27227 0 12.2356 6.45387 7.32473 0 12.3206 9.0285 9.64618 0 15.6063 6.74806 9.69992 0 14.4526 9.92612 7.04297 0 18.262 7.19694 6.68513 0 18.2819 9.55611 9.88803 0 21.3767 7.1465 10.0461 0 21.0871 9.89262 7.20976 0 23.6486 6.70726 7.02889 0 24.1339 9.94639 9.95823 0 26.3677 7.0071 9.38506 0 26.0653 9.66414 7.05682 0 1.16872 12.0356 6.99469 0 1.46497 15.7861 9.90623 0 3.64259 12.6096 9.6039 0 3.83742 15.0368 6.75787 0 6.8831 13.0118 7.61239 0 6.72547 15.5904 10.7968 0 9.4725 12.4864 10.2549 0 9.47856 15.4247 8.25028 0 12.1449 12.5398 7.53827 0 12.3544 14.9745 10.4026 0 14.9508 12.0884 9.7064 0 15.1292 15.1898 6.83317 0 17.9195 11.9787 7.55205 0 18.0665 14.9465 9.41162 0 21.3057 12.0919 9.72771 0 20.7811 15.2119 7.24596 0 23.9908 12.3444 6.9616 0 24.0674 15.3856 9.37339 0 26.9459 12.8341 9.99702 0 26.9021 15.146 6.71012 0 1.64082 17.7791 6.88719 0 0.884555 21.4559 10.8247 0 3.65176 18.5954 10.4739 0 3.78186 21.3054 6.91914 0 6.9494 17.8601 6.30691 0 6.64305 21.0635 9.74794 0 9.35448 18.4906 10.0078 0 9.5197 20.5486 7.3816 0 12.0381 18.0919 7.14614 0 13.0546 20.8765 9.80294 0 14.9841 17.6324 9.78331 0 15.7834 20.8053 6.97722 0 17.9901 18.0294 7.58231 0 18.6058 20.7974 10.0422 0 21.092 18.567 9.40048 0 21.1642 21.3381 6.92049 0 24.5072 18.9316 7.2635 0 24.2619 21.1086 10.6227 0 26.6782 18.6162 10.6086 0 27.6981 20.6145 7.37932 0 1.60157 23.7272 7.1456 0 1.05442 26.5328 10.6799 0 3.74948 23.8403 10.0616 0 4.04134 26.1071 6.98522 0 7.19321 23.4238 6.76136 0 7.30018 26.0808 9.05079 0 9.91741 23.783 9.65214 0 10.3755 26.1628 6.60019 0 12.61 23.3618 7.05853 0 13.1425 26.3609 9.38503 0 15.5469 23.7086 9.49933 0 16.3777 26.4974 6.56546 0 18.3448 23.302 7.06698 0 18.6239 26.2155 9.67363 0 21.2584 23.2049 9.78143 0 21.1077 25.3599 6.7511 0 24.484 23.1679 7.46075 0 23.5 26.4719 10.0142 0 26.2759 24.2042 10.6603 0 26.5329 26.1377 6.84373 
0 1.33756 0.946642 13.182 0 0.820633 4.56006 15.1918 0 4.13123 2.39258 15.0979 0 3.62453 4.51551 12.2232 0 7.01178 1.59596 12.5467 0 7.63959 4.63721 15.5656 0 10.2097 1.72485 15.3879 0 9.65547 4.09546 12.5925 0 12.4819 0.932351 11.9938 0 13.0865 3.9188 14.9477 0 15.969 1.68029 15.2028 0 15.7559 3.53028 11.8478 0 18.1739 1.22557 12.4006 0 18.5231 4.19399 14.4845 0 20.9613 1.49284 15.2347 0 21.3462 3.73025 12.3495 0 23.8674 1.02425 12.6713 0 23.5026 4.54199 15.2194 0 26.1856 1.80359 15.5147 0 26.7669 4.05472 12.542 0 0.811558 7.11777 12.5334 0 1.01172 9.6678 15.8673 0 4.16316 7.28887 15.55 0 4.01351 9.49482 12.4225 0 6.88493 6.88112 12.4641 0 6.95463 9.75211 15.5046 0 10.0569 7.00807 15.0408 0 9.19173 9.37163 12.3993 0 12.6237 6.08955 12.323 0 12.3363 9.55562 14.8775 0 15.7198 6.46009 14.9626 0 14.9947 9.72866 12.2914 0 18.9835 7.40677 12.5316 0 18.039 10.0918 15.3771 0 20.4502 7.33597 15.777 0 21.1755 9.9089 12.9508 0 24.087 7.58807 12.3066 0 23.6141 10.3332 15.6815 0 26.107 7.1379 15.1062 0 26.3462 10.1365 13.3219 0 1.31374 12.8195 13.341 0 1.39876 15.7319 16.0514 0 4.15472 12.5916 15.4744 0 3.70343 15.2176 13.0603 0 6.51943 12.3004 12.8512 0 6.63254 15.6369 15.1298 0 9.87956 12.5839 14.8998 0 9.83313 15.5458 12.7684 0 12.6914 12.2729 12.6154 0 12.6964 15.3341 15.2318 0 15.1843 12.5627 15.1521 0 15.326 15.2233 12.5039 0 18.2691 12.1959 12.2613 0 18.1306 15.2404 15.0196 0 20.9205 12.9662 15.4464 0 21.2147 14.9641 11.8694 0 24.3216 12.8865 12.6843 0 24.1045 15.2108 15.6296 0 26.6109 12.3195 16.0649 0 26.7195 15.8862 13.016 0 1.98603 18.708 13.8027 0 1.71782 21.3437 16.0956 0 4.95899 18.5333 15.8344 0 4.23878 21.422 12.7636 0 6.9834 18.9114 12.3402 0 7.78845 21.6187 15.6593 0 9.64542 18.4711 14.9617 0 9.67362 21.4502 12.4025 0 12.2164 18.5305 12.376 0 12.8457 20.8922 15.3932 0 15.2008 17.8408 15.3301 0 15.6661 20.7482 12.603 0 18.3497 17.9166 12.7689 0 18.5469 20.8486 15.3391 0 21.3402 18.2221 15.4554 0 21.2975 20.5007 12.6754 0 23.54 17.2182 12.5269 0 23.813 21.4199 15.7162 0 26.8122 18.3533 15.9071 0 26.8832 21.3664 13.91 0 0.878392 24.322 13.4385 0 1.72701 26.1982 15.8971 0 4.58235 23.9016 15.2679 0 4.38728 26.7192 13.0755 0 7.29923 24.1234 12.3594 0 7.4453 26.245 15.8516 0 10.451 23.9804 15.4011 0 9.93349 26.5628 12.7275 0 13.0383 23.3463 12.45 0 12.7346 26.7161 15.13 0 15.1847 24.2225 15.6511 0 15.5572 26.0029 12.1743 0 18.2497 23.3689 12.2187 0 17.9868 26.681 15.2594 0 20.879 24.2407 15.9324 0 21.0704 26.5913 12.7369 0 23.7801 24.2007 13.3188 0 23.2236 26.5859 16.0363 0 26.3637 24.2118 16.0308 0 26.0815 26.7396 13.6772 
0 1.0979 1.97471 18.0183 0 1.71511 4.54426 20.6832 0 3.90691 1.67889 20.8709 0 4.52593 4.0596 18.0967 0 6.76831 1.35329 18.4829 0 7.17073 3.92619 21.0173 0 9.85402 1.29642 21.5632 0 9.9594 3.51582 18.6868 0 12.8225 1.77903 17.9544 0 12.6131 4.28877 21.6368 0 15.2265 2.0358 20.708 0 15.9469 4.52324 17.7472 0 18.6214 1.39244 17.8873 0 18.2054 4.30845 21.2275 0 21.0062 1.68483 21.3286 0 20.6036 4.35664 17.347 0 23.017 1.37947 18.366 0 23.4392 4.40032 20.6916 0 26.5489 2.17174 20.7282 0 26.3629 4.88971 17.9306 0 1.4521 7.06109 18.1191 0 1.43791 9.94739 21.4878 0 4.80757 6.88537 21.1505 0 4.32695 9.37449 18.5783 0 7.10863 6.63717 18.6673 0 7.42307 9.73767 20.5802 0 10.1287 7.07237 20.5922 0 10.0492 9.59865 17.7166 0 12.5971 7.1429 17.6169 0 12.4661 9.74919 20.3777 0 15.3415 6.98219 20.7811 0 14.8176 9.99035 17.8812 0 17.8032 7.28145 17.9729 0 17.4523 10.0911 20.5624 0 20.7177 6.89939 20.37 0 20.3591 9.84748 18.3982 0 23.4141 7.39813 17.8818 0 23.702 10.1927 21.1123 0 27.0393 6.70721 20.9243 0 26.5323 10.0178 18.7121 0 1.96136 12.498 18.5753 0 1.88798 15.7576 21.1285 0 4.78771 12.1634 21.2107 0 4.57954 15.6517 18.4646 0 6.57492 12.5391 18.0567 0 7.06472 15.4112 21.5489 0 9.87287 12.7058 20.5023 0 9.11026 15.0019 18.041 0 12.1392 12.6982 17.8956 0 12.4296 15.1095 20.9158 0 15.3206 12.7137 20.787 0 15.4848 15.2091 17.8482 0 18.4217 12.8617 17.9128 0 17.9028 15.7508 20.6552 0 20.4739 12.8879 20.8482 0 21.3151 15.5456 17.9514 0 23.792 13.0788 18.7896 0 23.8712 15.8028 20.8802 0 26.8354 12.8709 20.9591 0 26.936 15.8315 18.5952 0 1.43285 18.3475 18.19 0 1.38759 21.1335 20.739 0 5.35687 18.6385 20.4992 0 5.09758 21.1004 18.2252 0 7.85537 18.2932 18.1597 0 8.21834 20.8237 21.7149 0 9.55694 17.7028 21.358 0 10.3037 20.9157 18.1462 0 11.6761 17.6792 18.3188 0 12.0609 21.0314 21.0918 0 14.8489 18.0917 20.0387 0 16.1723 20.989 17.8368 0 18.0136 18.0087 17.3941 0 18.46 20.2773 20.9739 0 21.0728 18.0101 20.6285 0 21.0822 20.9525 17.8357 0 24.3184 18.3963 18.229 0 24.2257 20.6614 20.7042 0 27.0343 18.2617 20.9232 0 26.6445 21.2377 18.3531 0 1.27935 23.9243 18.5216 0 0.684972 26.8609 20.7112 0 4.79592 23.6808 20.2643 0 4.24025 26.6345 18.3596 0 8.08389 23.4055 18.9276 0 6.90523 26.5839 20.9187 0 9.96214 24.2869 21.732 0 9.96245 27.1396 18.1896 0 12.0621 24.318 18.6599 0 13.2662 26.7966 21.5533 0 15.0643 23.6457 20.8627 0 15.1326 27.2478 18.059 0 18.9222 23.6971 18.7546 0 17.4817 26.4755 20.7215 0 21.1209 22.6172 21.3434 0 21.0129 26.584 19.2598 0 23.5401 23.7017 18.7948 0 23.6499 27.2419 21.4119 0 26.1227 24.3724 20.76 0 26.3309 27.152 17.8502 
0 1.0212 2.12805 23.6879 0 0.630877 4.34755 26.605 0 3.98096 1.0156 26.6826 0 3.84354 4.42745 24.099 0 6.11428 1.43394 23.9505 0 6.86564 4.53485 26.8038 0 10.0239 2.1905 27.5849 0 9.27467 4.03945 23.9194 0 13.2919 1.43373 24.2525 0 12.6614 4.57883 27.349 0 16.2303 1.65763 27.2912 0 15.968 4.68169 23.748 0 17.565 1.32124 23.674 0 18.5875 4.47784 26.1741 0 20.7803 1.57387 26.3406 0 20.7266 4.33168 23.5425 0 23.8311 1.49559 24.3677 0 23.4474 4.72177 26.0773 0 27.1289 0.827331 26.4137 0 26.184 4.36107 23.7579 0 1.01852 6.66724 24.109 0 0.927439 9.33929 26.5842 0 3.93427 6.85231 26.6901 0 4.08369 9.5957 23.6501 0 7.48678 7.05563 23.5048 0 6.64999 9.45817 26.7204 0 9.46281 7.01822 26.6952 0 10.1897 9.46476 23.6296 0 13.205 7.29439 23.3883 0 12.3892 9.69143 26.3029 0 15.3594 6.96153 26.8881 0 15.1624 10.2544 23.6694 0 18.1435 7.5343 23.4166 0 18.2447 10.0672 26.5577 0 21.1007 7.60699 26.6006 0 20.5841 10.1113 23.3427 0 23.4971 7.19738 23.2374 0 23.3871 10.425 25.5463 0 25.6828 7.44 26.7603 0 26.625 9.81919 23.7843 0 1.04601 12.5281 24.1209 0 0.660939 15.4215 26.3129 0 4.00152 12.3957 26.2004 0 3.86622 15.4778 24.2504 0 7.96157 12.3874 23.5778 0 7.32611 15.5612 26.0903 0 10.1568 12.5089 26.1303 0 10.1647 15.3646 23.4924 0 12.4067 12.4516 23.3289 0 12.8332 15.3366 25.9983 0 15.2764 12.2874 26.6354 0 15.0432 14.9898 23.2438 0 17.9113 12.5293 23.6426 0 17.5554 15.1821 26.1828 0 21.2174 13.448 27.1267 0 21.0096 15.9449 23.7122 0 23.5625 13.3091 23.4669 0 23.6863 16.4112 26.8584 0 26.1761 13.0766 26.231 0 26.3165 15.9193 23.3854 0 1.48378 18.5076 23.6025 0 1.78094 21.3216 26.3403 0 4.43284 18.1946 26.4803 0 4.30906 21.2196 23.1404 0 6.84988 18.3694 24.0323 0 7.13528 20.9191 26.3693 0 10.0867 17.8963 26.3646 0 10.3844 21.1023 24.3857 0 12.8072 17.876 23.1382 0 13.0635 20.5172 26.5012 0 15.6683 18.2602 26.4052 0 15.3299 20.3674 23.7374 0 18.0653 17.8059 23.438 0 18.108 20.8056 27.1098 0 20.1012 17.4955 26.6447 0 20.4183 20.3818 24.0516 0 23.7187 18.4883 23.7449 0 23.4186 20.3755 26.8833 0 26.8682 18.601 26.4185 0 27.3901 21.2026 23.5506 0 1.46269 23.7999 23.5737 0 1.38011 26.3232 26.3876 0 4.20577 24.2976 26.1175 0 3.54925 27.0059 23.5003 0 7.22655 23.9147 24.2693 0 7.14154 26.662 27.3069 0 10.0993 23.9369 26.5041 0 10.4928 27.5208 24.7629 0 12.7766 24.093 24.185 0 13.1726 26.4994 26.8566 0 15.7637 23.4535 26.0539 0 15.8054 26.3396 24.1542 0 18.1203 22.7533 23.5538 0 18.9564 26.5193 27.2547 0 20.4208 23.5006 26.1563 0 19.9764 26.3298 23.6065 0 23.8479 23.0853 23.7686 0 24.0738 26.2578 26.1206 0 26.5763 23.5209 26.0612 0 26.8777 26.3969 23.4285 

-0.362097 1.47906 2.03333 -0.302923 1.88523 -0.543099 -2.46465 -2.0047 -0.647743 0.0838878 1.9674 -1.03572 -0.0181039 -1.14179 2.19726 -2.80352 3.71269 1.75781 -0.376941 0.267388 3.15052 0.350245 0.76423 -2.16885 0.686003 0.045113 -2.24925 1.19096 -0.388002 1.64114 1.90392 0.773114 1.2622 0.342378 1.96452 0.521245 0.863445 -0.811948 0.391549 -0.984188 -1.78627 1.64463 -1.87043 -0.749751 0.798538 -1.73862 0.466291 -1.39516 -0.704189 -0.298741 -2.02475 0.619457 -0.443963 -0.296725 -1.63323 1.74703 0.681061 0.954436 0.425132 -2.23025 1.10681 -1.40131 1.71615 1.51934 -0.297514 2.27443 -0.907247 -0.754795 -0.742286 -1.74082 1.51394 -1.18344 0.968884 2.59903 -1.41189 0.382466 -0.0875859 -0.837501 1.80862 -1.92654 1.13984 1.99735 0.469867 1.00202 -1.1629 -1.29901 0.730639 0.441534 -1.73221 0.301355 -2.29843 -0.409081 0.283719 0.163722 -0.453956 -1.8894 -0.361114 -2.29967 1.80275 -1.50745 1.96361 1.90227 -1.11261 0.918354 0.364615 1.19814 0.96003 -0.353713 1.38172 0.867659 -1.45378 1.99209 1.66879 -1.3303 -0.0167918 -1.11456 0.954354 1.04303 -0.280887 -0.907282 -0.208105 -1.22577 2.29977 0.430894 0.998549 -0.292984 0.189253 1.33638 0.0603155 -0.366393 -0.604186 2.54584 0.550957 1.15007 1.68183 1.03115 0.754673 0.850937 0.210669 1.28261 0.0787288 -0.362265 -2.45709 -0.325874 0.781244 -1.14607 -0.972811 -1.52149 -1.29008 -0.319327 1.37917 -0.600534 2.80486 -0.466372 -0.951459 -0.593226 -1.41897 0.760383 -1.56274 -1.46447 1.53451 1.42278 0.630696 1.02928 0.887365 -0.0838579 0.140925 -1.10099 -1.47531 -1.4844 0.199817 -0.411469 -0.373773 -3.90591 0.477634 0.215914 0.629813 0.360728 1.35628 -0.698556 1.0077 -0.257497 -2.98798 1.36329 -0.988965 0.574124 0.0942141 0.665531 -1.90731 0.0802573 -1.00528 -2.2147 0.983144 -1.59272 -1.43318 0.671193 -0.0786128 2.08065 0.789712 0.905757 2.72344 0.620043 -0.48461 0.261818 0.259301 -1.42826 -0.44362 0.464924 0.609662 0.704641 0.317492 -1.24573 0.646515 0.493987 -1.4291 -0.522629 -1.93343 0.129222 2.49014 0.426578 0.366256 2.30662 1.24131 -2.66823 -1.66298 1.10873 -3.05363 2.08406 -3.04528 1.05155 1.22885 0.509751 -1.02159 0.771426 1.7987 0.770064 -0.889932 1.46603 -0.389786 -0.669329 1.14482 0.340726 -0.975352 -0.329895 2.25937 -1.33948 -1.55118 -0.154759 1.04191 0.505244 -0.136602 0.645877 0.554021 -1.33622 -0.234174 3.1451 1.22677 0.342716 -2.0577 2.74438 -0.323909 -0.349211 -1.26795 2.63423 0.605512 -0.76774 0.469831 -2.32358 -0.493427 -2.49859 -0.383469 -0.125619 1.15749 0.0161404 -0.111815 0.312675 0.233177 -1.43263 1.1694 -1.03682 -0.0518273 -0.00830084 2.95696 1.76917 -2.14138 0.789454 0.523413 -1.62348 -2.80676 -1.62667 0.00746289 0.801272 -2.24908 2.34966 0.897356 1.73656 0.0731601 0.149936 2.20531 0.39147 
0.444533 -3.4772 -0.470504 1.14938 -1.57718 -1.98127 -0.259554 -1.88329 3.43122 -1.47423 0.176895 1.12175 -0.0808741 0.884135 -0.50882 -0.549714 0.962963 -1.2756 0.441523 0.780855 -0.278949 0.401405 0.691142 -1.15595 0.413257 -3.92561 -0.322052 -0.672137 -2.30577 -2.30337 -0.926279 0.252449 1.12701 -0.567963 1.64511 -1.23307 -0.657932 2.40087 -1.50925 0.387075 0.142453 -1.29637 -1.38386 -1.25052 0.503169 1.79776 -0.16254 -0.264255 0.000646334 1.47762 -0.62856 0.794448 0.955814 -1.12805 -2.2194 0.248049 1.47658 -0.170057 -1.27172 -1.75762 -1.78138 1.05312 0.525767 0.450151 -0.586429 -0.496384 2.10043 0.528465 -0.958968 -1.00334 1.09585 -1.03423 -0.265778 -3.35463 -0.366323 -0.464152 -0.934553 0.409942 0.365074 -0.590553 2.10744 0.727199 0.0686087 1.06587 -0.150022 -0.287577 2.55772 1.95835 0.956128 -1.53995 -0.784262 0.864154 0.945833 -0.778386 0.0299682 -0.507339 1.37982 0.735036 -0.918304 -0.445023 1.19683 -0.336684 -1.59667 -2.19343 1.81409 1.09624 0.778541 -0.834285 -1.84391 0.00374269 -0.979611 -0.440111 -1.19538 0.876898 -0.506817 -3.45044 -2.18008 -0.170102 0.414641 0.0107359 -1.57204 2.74222 0.441695 2.21465 0.704472 -0.520995 1.75703 1.06716 0.654873 1.17063 -2.93846 1.04156 0.490431 -1.65625 -1.49097 0.0783018 -0.133378 -2.18621 1.92353 2.57495 1.07418 -0.837576 -1.4298 0.554783 0.72153 -1.47903 0.902926 1.09656 -1.23895 -1.20491 -2.0821 -0.665896 -2.26291 -1.68106 0.788155 0.683479 -0.118735 -0.212903 1.70505 -1.15952 0.842893 2.48708 0.556883 0.676945 1.54566 -2.12758 0.947377 -0.266156 0.903171 -0.346391 -0.311884 -1.43605 1.13933 0.284669 3.25749 0.814744 1.07813 -0.473433 1.84132 0.687863 -2.86726 1.76771 -1.14423 2.11796 -0.537329 1.32135 -0.878631 2.25346 2.62731 -0.312974 -0.246906 1.74679 -2.16968 1.21702 -1.09134 -0.0563238 1.31717 -0.836048 -0.339599 0.466877 1.87144 0.344694 2.08508 0.963614 1.54121 -2.49604 1.82556 -0.224032 -1.6191 0.464711 0.353255 0.346464 1.06459 0.156978 0.362171 0.190868 -0.427692 1.80867 -2.36588 -1.57768 1.40834 0.230895 0.634353 0.631717 -0.14225 -3.00108 -0.0685007 -0.63256 1.20355 1.24202 -0.262435 1.2237 0.0261602 -0.0527617 1.04324 -0.114959 -0.586398 0.765545 -2.28293 -1.62194 -1.0993 0.348548 4.12082 2.52142 0.0634776 1.03124 0.863839 0.302776 0.282961 1.12269 -0.3871 -0.0848159 0.472607 1.82681 -0.46247 2.01053 2.24575 -0.835228 -0.229674 0.836075 -0.84761 -0.2521 1.66054 -1.27527 -1.43132 1.17011 -1.49397 1.68445 -1.9777 -2.05477 -1.47149 0.114703 1.71377 0.559569 0.452109 0.628786 1.33146 -1.37758 -0.327094 0.0565044 1.91297 0.84263 0.472244 2.12018 0.226617 -0.366969 1.26671 2.68764 1.65575 -1.00967 1.97462 -1.18984 -0.809092 0.128418 1.79284 0.295233 -1.04998 -0.438683 1.31304 0.288038 
0.463868 2.55335 -0.649788 -0.150044 -1.28269 -0.414219 1.78243 1.21408 0.0477896 -0.847552 3.30386 0.0148282 -1.09361 -0.738511 -1.50495 1.28256 -0.64964 -1.60661 -0.786747 -0.909977 -1.41016 0.147494 0.847187 0.559224 1.91791 -2.68078 -1.46336 -1.18943 -0.487026 -0.146228 -0.332289 0.595325 2.49069 -0.802938 0.0853453 -2.18216 -0.141427 3.398 -1.68984 -0.103489 2.06741 -1.47921 -1.23602 -1.44859 0.580897 -0.690509 1.84869 0.415687 -1.4507 1.73587 -0.059905 -0.691157 -1.74555 -0.166952 2.72774 -1.5136 -0.476431 1.4133 0.269384 2.33443 1.7487 -0.509717 -1.7714 -1.84691 -0.00798512 0.681289 2.16013 -2.38257 -0.554482 -0.420106 -1.37504 2.09573 2.15548 -1.18757 0.679848 2.07921 -0.867771 1.12223 0.720899 0.984497 -0.428806 0.201825 -1.74677 2.78615 -1.14763 0.116225 -1.17716 -0.112039 -0.988178 -1.29449 -0.0163166 -2.02601 -0.635515 -1.85565 1.22177 -2.17614 -2.18112 -0.48561 -3.62221 -1.30804 -1.75017 -0.0379993 1.86457 -0.240814 1.60017 0.0818073 1.30118 0.199391 -1.57512 -0.914843 -0.635 1.56402 1.24474 -0.202847 -1.88913 2.6193 -0.232405 0.495225 -1.32675 -0.167689 -0.514889 0.320978 -3.78348 0.787968 -0.132139 -0.956869 0.635965 -0.394031 -1.68618 0.469019 0.963003 0.301683 0.695724 -0.0193492 0.224958 1.64047 0.646171 -2.57119 -0.653251 -0.250246 0.129632 0.744035 -0.203461 1.64908 0.532284 -0.791564 1.16035 -1.52699 1.73751 1.62756 2.18399 0.61954 -2.49942 0.396056 -0.440342 0.078663 1.19404 -1.38071 0.377907 -1.39746 -1.27263 -0.796571 -0.462279 1.58476 -0.771187 0.365085 0.586298 3.85277 -0.919682 -1.60493 1.35234 1.06445 -0.229141 0.785984 -1.10195 1.39875 -0.997041 -0.391552 0.258734 -0.349436 -0.671315 0.535765 0.499493 -1.1944 -0.190979 0.479894 -0.109755 -1.07529 0.734448 2.89158 -0.41368 -0.849808 1.09837 -1.41979 -1.01041 -1.17339 -1.47599 -0.363877 0.509474 0.78841 -0.187457 0.167222 -0.84041 -1.31381 1.68021 -2.02883 -0.0156508 -0.130024 2.95985 1.31374 2.12769 -1.20751 -1.89913 -1.85267 0.14401 -0.396105 -1.02986 -0.364944 -0.841598 1.83987 0.754538 0.405763 0.417887 1.33158 0.231699 -1.14286 3.73285 -0.44503 0.657693 0.947807 0.387675 0.210924 -1.79204 -2.21441 -1.03188 0.391029 2.72167 -1.64843 -2.76486 -0.122274 -0.321309 -1.58027 1.81453 -0.00953797 -0.16798 1.18109 -0.936736 2.07454 0.809839 0.0119534 -0.0779572 -0.453528 -2.39608 0.507268 0.563888 0.645802 1.93124 -1.65511 -2.26702 -2.2897 1.01373 -0.396998 -1.09809 -1.6431 1.44983 -1.69719 -0.608408 -2.27787 0.138552 -3.14683 -2.17075 -1.85518 -1.53624 -0.366551 -2.22256 -0.305971 -1.92983 -0.566729 2.15651 0.35208 0.717254 -0.169714 1.57286 0.722503 0.893367 -3.51344 -0.0429203 -1.88462 -0.724034 0.0177707 2.6807 1.37181 0.0177505 0.24146 -2.24245 1.51277 -0.213801 2.08316 -1.64913 -0.734884 
1.14587 0.280006 2.51331 -2.35197 -1.00809 -0.0227934 -0.942576 1.67412 -1.05249 0.422666 0.420315 1.15626 -0.35486 1.05182 -0.385023 0.227352 0.78476 -1.25668 -2.29125 -0.819539 0.680526 0.512208 -1.48103 -1.41605 -1.4714 -2.28266 -0.150614 3.80283 1.11859 1.71021 -0.846632 1.22689 -0.298105 -0.473864 -0.148311 -1.9997 0.205927 -1.45507 -0.627331 -0.229224 -0.506429 3.19778 0.0227397 1.55019 -1.44791 2.64223 1.55018 0.627446 -0.255531 1.7972 1.3047 0.701941 -2.75967 -1.43837 -1.21732 -0.991917 0.483573 -1.1876 2.22522 -0.0587898 -0.292134 0.0623637 -0.550863 -1.46759 1.17093 -0.281352 1.82783 0.167374 1.76298 -0.125949 0.132577 -0.402613 -2.68768 0.171448 -1.7439 -1.5209 -1.01017 0.766984 1.876 1.36006 2.60479 0.23336 -0.700926 -0.0809478 -0.978521 -2.50674 -0.842139 -0.487462 -1.35479 0.905991 -1.0836 -0.242807 -1.15699 0.34839 3.37953 -2.22999 1.81137 -0.0499256 -0.321785 0.84218 2.52728 0.48169 -1.69999 2.10723 2.10124 -2.1045 1.63933 -2.8692 -1.0802 1.4083 -0.338055 1.58138 0.430339 2.78171 -2.01424 -0.483353 -0.659173 0.346865 0.501276 0.320244 -0.664592 -0.437612 -1.48116 -0.997319 0.272645 0.751784 1.08264 -2.43517 -0.446681 1.45795 1.20756 1.22942 0.63608 1.204 -0.945658 1.06317 -0.16355 -1.7486 0.624568 -0.193989 -0.298111 -2.70305 1.25217 2.29067 -2.49995 -0.355639 0.606287 -0.21964 1.21988 2.05103 -1.54088 0.25024 0.638941 -0.0849524 1.04935 -1.24946 -0.135546 0.0237364 -0.91956 1.71336 -0.450427 -1.07093 1.42535 1.62097 -1.3545 -0.491002 0.512871 -0.408542 -0.15673 0.619132 -0.395203 -0.314206 -1.5425 -1.25567 0.585088 1.33364 2.95613 0.674632 1.84102 -1.20072 1.54061 0.953059 0.638052 0.60879 1.05261 1.26421 -0.276357 -1.40591 -2.32847 2.0611 -0.75018 2.80871 0.872907 -0.918582 2.36922 -1.34895 3.42867 0.0586769 -2.03756 -1.63473 0.130707 -0.221788 -1.69396 -2.51165 4.53312 0.183335 0.610652 0.0925846 -0.699708 1.44256 0.377313 1.92433 0.6899 -0.490296 -2.708 -0.0306034 -0.158298 -0.614435 -0.226239 -0.402556 0.344416 1.61019 -1.09747 -0.987483 0.929585 1.6696 -0.90332 1.31394 0.540281 -0.134324 -1.38275 0.731901 -0.875473 -0.330848 0.334607 1.82089 -1.59078 -1.8509 -1.14814 0.00912575 -1.2436 1.39104 1.83502 -0.260193 -1.19052 -0.35071 -0.133498 -1.06 -0.914528 0.843284 -0.50248 1.40581 0.319692 -2.13633 -0.704582 1.23227 2.11334 -1.8086 -0.0203362 -2.07712 -1.28044 -0.521114 0.807109 1.73343 0.402802 -0.23914 0.795787 2.03195 -0.827457 -0.918706 0.198592 -0.986539 -0.718658 -0.219728 0.865827 -1.512 -0.309711 -0.332965 -1.66612 0.915692 0.675156 -0.92159 -1.43632 0.349452 -0.880125 -1.37524 -0.471521 0.974147 -1.36549 -2.09454 0.959173 1.83783 -2.5298 -0.324391 -2.36316 -0.104639 0.321574 1.3026 -2.73727 -1.19591 
-0.548986 -0.12165 1.1458 -0.4102 -1.61538 -0.190818 -1.26593 -1.7134 -0.918563 0.183606 -0.715894 1.00222 2.01032 0.758428 2.06068 -2.35866 1.95661 0.922939 -1.54284 1.17901 0.78045 -1.80653 0.914349 0.512323 -0.870008 0.162203 -2.88266 1.07883 0.0233281 -0.254054 -0.210509 -0.643996 -0.511045 -1.11066 1.58567 -0.745152 -0.0711332 -1.77923 -0.367734 -0.887701 -1.45177 -1.12907 0.391766 1.59601 0.248021 -0.42221 1.63171 2.59412 1.34558 -2.79165 2.93017 -1.34416 0.753702 2.19826 -1.02273 -1.98075 0.741704 1.39412 -1.16057 -2.75297 3.1298 0.972473 -3.05693 2.52914 0.96297 1.46092 2.24185 1.52831 1.15555 -2.06271 -0.93843 -1.89312 0.524726 -2.90335 -1.53733 -1.15496 -1.27027 -1.2831 -0.878843 2.47002 2.46767 1.84961 -1.24747 -2.03428 0.231361 0.722204 -1.13524 0.686824 -2.08881 -2.47561 0.0728627 1.9474 -1.08626 0.961296 0.334069 1.67952 3.18997 1.09098 -0.615941 0.526198 1.11377 2.74259 -1.0189 0.758525 -0.658152 -1.10924 0.709209 0.468644 -0.363337 -0.390422 -2.289 1.46729 0.481259 0.801112 1.89709 1.48016 -0.846449 -1.37939 -1.6273 2.35249 0.95458 -0.920064 0.308546 -1.86708 0.254592 -0.957771 -0.212172 0.234252 1.51075 0.868243 3.17778 1.8827 0.242672 -0.378689 0.515715 0.971159 -0.179935 2.20435 -1.81432 -0.792208 -0.945166 -0.922727 1.4508 -1.56961 -3.63666 -1.01602 -0.10404 -2.07722 -1.1206 2.79404 -0.567378 0.237776 1.33565 -0.397884 -0.412765 -1.50201 1.4071 1.45775 0.327855 2.20386 -1.21646 -0.238221 0.356748 -2.94375 1.21523 -1.98883 -1.01728 -0.153269 -1.77864 1.62363 -1.98793 -3.57484 -1.76414 -1.6472 0.726441 0.0580004 0.445998 2.05814 -1.41749 -0.167841 0.314397 -1.23447 -0.773147 0.512941 0.228327 -0.162371 -0.44321 1.04263 1.35427 0.992624 1.50153 1.19062 0.0358873 -1.87548 -2.30724 0.333603 0.801652 -0.0371297 -1.34097 0.941703 1.78639 0.00256449 0.909526 0.688323 -2.72623 0.533364 -2.59251 -1.27543 0.98371 -0.349276 0.412887 -2.98829 0.658848 -0.214274 -1.42414 1.20933 -0.453418 0.615223 -0.900953 1.67806 0.0609045 1.40237 2.28671 -1.054 -1.03882 0.65908 -0.997074 -2.56547 -1.43922 1.04904 -4.49423 1.54124 0.448804 -0.303421 -0.236042 0.0331646 -2.64692 -1.19203 1.80371 0.995406 1.83375 -0.454505 -3.06395 2.65742 -0.468588 2.79564 2.21414 -0.888284 1.65704 0.25969 0.212203 0.164373 1.0128 -0.101195 -1.61941 -1.30567 -0.0615298 1.73107 -0.337066 -0.050557 1.99817 -1.42891 3.81901 0.120064 0.919644 -0.897184 1.14743 -1.10937 -0.1021 -1.99386 1.54715 -0.15414 1.67916 1.15571 -0.948618 -1.09743 -1.24049 0.467164 -1.60998 -1.89444 -0.613855 0.255059 0.799328 -1.68278 -0.218549 1.48421 0.821484 1.31378 -0.365958 -0.138942 -0.783305 1.39983 1.03288 2.34557 -1.88425 -1.0258 -1.18829 0.0566207 -0.979235 0.0899461 
