500 101.001
27.6776 27.6776 27.6776 
14 14 14 
1 1 1 1 1 1 1 1 1 1 1 1 1 1 1 1 1 1 1 1 1 1 1 1 1 1 1 1 1 1 1 1 1 1 1 1 1 1 1 1 1 1 1 1 1 1 1 1 1 1 1 1 1 1 1 1 1 1 1 1 1 1 1 1 1 1 1 1 1 1 1 1 1 1 1 1 1 1 1 1 1 1 1 1 1 1 1 1 1 1 1 1 1 1 1 1 1 1 1 1 
1 1 1 1 1 1 1 1 1 1 1 1 1 1 1 1 1 1 1 1 1 1 1 1 1 1 1 1 1 1 1 1 1 1 1 1 1 1 1 1 1 1 1 1 1 1 1 1 1 1 1 1 1 1 1 1 1 1 1 1 1 1 1 1 1 1 1 1 1 1 1 1 1 1 1 1 1 1 1 1 1 1 1 1 1 1 1 1 1 1 1 1 1 1 1 1 1 1 1 1 
1 1 1 1 1 1 1 1 1 1 1 1 1 1 1 1 1 1 1 1 1 1 1 1 1 1 1 1 1 1 1 1 1 1 1 1 1 1 1 1 1 1 1 1 1 1 1 1 1 1 1 1 1 1 1 1 1 1 1 1 1 1 1 1 1 1 1 1 1 1 1 1 1 1 1 1 1 1 1 1 1 1 1 1 1 1 1 1 1 1 1 1 1 1 1 1 1 1 1 1 
1 1 1 1 1 1 1 1 1 1 1 1 1 1 1 1 1 1 1 1 1 1 1 1 1 1 1 1 1 1 1 1 1 1 1 1 1 1 1 1 1 1 1 1 1 1 1 1 1 1 1 1 1 1 1 1 1 1 1 1 1 1 1 1 1 1 1 1 1 1 1 1 1 1 1 1 1 1 1 1 1 1 1 1 1 1 1 1 1 1 1 1 1 1 1 1 1 1 1 1 
1 1 1 1 1 1 1 1 1 1 1 1 1 1 1 1 1 1 1 1 1 1 1 1 1 1 1 1 1 1 1 1 1 1 1 1 1 1 1 1 1 1 1 1 1 1 1 1 1 1 1 1 1 1 1 1 1 1 1 1 1 1 1 1 1 1 1 1 1 1 1 1 1 1 1 1 1 1 1 1 1 1 1 1 1 1 1 1 1 1 1 1 1 1 1 1 1 1 1 1 

0 1.45988 1.76809 1.75254 0 1.68236 3.93734 4.81164 0 4.40131 1.70402 4.99265 0 4.16155 4.58251 2.13399 0 6.60564 2.07466 1.91928 0 7.43329 4.57151 4.76157 0 9.83635 1.8738 4.21496 0 10.27 4.7039 1.69465 0 12.6774 1.42657 1.93058 0 12.8579 4.63668 4.06766 0 15.3825 1.17714 4.59211 0 15.8609 4.40982 2.27739 0 18.0604 1.23126 1.92637 0 18.3404 4.13488 4.72701 0 20.8793 1.1744 4.66605 0 21.0999 4.11564 2.08253 0 24.1826 1.42637 1.79866 0 24.2276 4.27144 4.28961 0 26.8221 1.23201 4.71477 0 27.0448 4.32757 1.44815 0 1.52909 7.04282 0.840232 0 0.849435 9.60881 3.81427 0 3.68428 7.16865 4.62164 0 4.61799 9.88442 1.58289 0 7.14183 6.85322 1.41145 0 6.96551 10.0266 4.40459 0 9.95463 7.24987 4.21199 0 9.70659 10.0586 1.8572 0 12.6674 7.18195 1.50986 0 12.621 10.2689 3.88306 0 15.4769 7.45596 4.2056 0 14.9254 9.70256 0.710828 0 18.4165 6.65406 1.74794 0 18.0437 10.3186 4.03816 0 20.9124 6.63274 4.68804 0 21.1147 9.54387 1.29709 0 23.5536 7.03041 1.48947 0 23.6491 9.57988 3.81118 0 26.7833 6.84421 4.29711 0 26.0705 10.1704 1.09661 0 1.14956 11.9584 0.781747 0 1.42596 16.0212 4.16496 0 3.36085 12.1914 3.87702 0 4.15964 14.7973 1.18145 0 7.05122 12.6015 1.22517 0 6.79162 15.4551 4.64654 0 9.75053 13.429 4.14022 0 9.35627 15.4237 1.4348 0 12.8042 12.4986 1.38098 0 13.2587 15.39 4.39672 0 15.1615 12.563 4.49342 0 15.6293 15.8543 1.47765 0 17.8175 12.8901 1.53332 0 17.7186 15.4697 4.41644 0 21.3511 12.6448 4.19073 0 20.992 15.1994 1.12929 0 23.4509 12.6937 0.87265 0 23.8515 15.508 4.73806 0 26.2304 12.5129 3.73233 0 26.547 15.115 1.22996 0 1.86494 18.2007 0.909999 0 1.75386 20.4185 3.87227 0 4.32289 18.0926 4.33872 0 4.33738 20.7837 1.23692 0 6.81826 17.8254 1.61291 0 6.70383 21.2799 4.1349 0 9.41853 18.0753 4.29826 0 9.20859 20.5649 1.49805 0 11.9957 18.1792 1.90431 0 12.5655 20.7469 3.81845 0 15.7588 18.4782 4.48412 0 15.5723 20.8812 1.63308 0 18.4523 18.7027 1.50828 0 18.3703 21.0981 4.35621 0 21.2412 17.917 4.31169 0 21.0053 21.1481 1.95839 0 23.9615 18.1841 1.41738 0 23.764 20.8809 4.4922 0 26.1914 18.2687 4.14263 0 26.6331 20.6586 1.37546 0 1.30072 23.4921 1.85206 0 1.52261 26.5303 4.57509 0 4.17771 23.7352 4.15773 0 3.88456 26.5591 1.43249 0 6.45813 23.8536 1.13939 0 6.52157 26.3645 3.62565 0 9.33891 23.9115 3.85201 0 9.47206 26.9538 1.6453 0 12.1016 23.6691 1.86922 0 12.526 26.332 4.32515 0 14.9817 23.5564 4.09457 0 15.4073 26.1289 1.85152 0 18.49 23.539 1.82024 0 18.2232 26.4886 4.94856 0 20.9579 23.5702 4.75706 0 20.7675 26.3339 1.32485 0 23.6235 23.7323 1.68602 0 23.8365 26.4755 4.32236 0 26.102 23.9469 4.3856 0 26.3567 26.0553 1.35186 
0 1.54125 1.51684 7.64412 0 1.63282 4.34226 10.1856 0 4.47249 1.5887 9.70327 0 4.4715 4.70828 7.19812 0 7.26495 1.97124 7.23985 0 7.19911 4.65293 9.88282 0 10.0537 1.72425 9.89946 0 10.2258 4.38762 7.43012 0 12.4771 1.21011 6.95496 0 12.7929 4.49297 10.0709 0 15.3611 1.80962 9.59991 0 14.8659 3.82154 6.53671 0 18.1882 1.54616 7.43623 0 18.4552 4.70144 9.64706 0 21.5657 1.56098 10.249 0 21.6334 3.6232 7.16988 0 23.7353 1.00947 7.15531 0 23.9903 4.39244 9.82778 0 26.6297 1.88451 9.74217 0 26.3275 4.05868 7.03206 0 1.40253 7.09431 7.09312 0 1.28984 9.80925 9.77396 0 4.06731 7.1431 9.55926 0 4.18728 10.2343 7.13058 0 6.76869 7.5494 7.28828 0 7.56209 10.0559 9.93471 0 9.92216 7.20962 9.62797 0 9.93825 10.0914 6.89192 0 12.6453 7.53049 6.34223 0 12.5232 10.2681 9.72962 0 15.2826 7.28456 10.0164 0 15.1921 9.91223 7.07516 0 18.1301 7.20433 6.88526 0 18.3024 9.90829 9.19687 0 21.0634 6.8894 9.90116 0 20.8802 9.89843 6.68918 0 23.6435 7.24073 6.73018 0 23.618 10.0457 9.53154 0 26.347 7.31292 9.61736 0 26.7501 9.85537 6.831 0 1.10716 12.7358 7.0713 0 1.55724 15.9245 9.90555 0 4.26742 12.9933 10.1373 0 3.91227 15.3707 7.06336 0 6.87425 12.3187 7.26311 0 7.39876 15.2973 10.2447 0 10.1157 13.2014 9.84454 0 10.1233 15.581 7.06984 0 12.6994 12.6915 7.19431 0 12.7845 15.7182 9.35622 0 15.4783 12.6048 9.87925 0 15.8568 15.2631 7.41882 0 18.4858 12.5958 6.7656 0 18.0972 15.8795 10.1957 0 20.6116 12.6941 10.1612 0 20.777 15.7363 7.66853 0 23.5553 12.9087 7.27115 0 23.5944 15.1531 10.2301 0 26.5276 12.4897 9.9097 0 26.2846 15.5105 7.72946 0 1.14497 18.1154 6.84563 0 1.27421 20.5054 9.67932 0 4.13873 18.3963 9.75523 0 4.23232 20.7182 7.11986 0 7.08503 18.2139 7.14318 0 6.77565 21.0382 9.87058 0 9.57881 18.1135 9.65991 0 9.70828 21.1123 6.19704 0 12.5977 18.4735 6.76939 0 12.072 21.0969 9.41943 0 15.0744 18.2773 10.0057 0 16.081 20.9984 7.02738 0 18.7296 18.4833 7.62707 0 18.0606 20.8842 10.2367 0 21.5198 18.4298 10.1241 0 21.1468 21.0492 7.74025 0 23.8603 18.1678 7.11858 0 23.811 21.5115 10.5356 0 26.2784 18.1725 10.4431 0 26.421 20.6664 7.05009 0 1.68078 23.3746 6.55886 0 1.54818 26.1476 9.74464 0 4.09195 23.6001 9.7738 0 4.54995 26.0872 7.23659 0 6.97425 23.9617 6.78932 0 7.36794 26.9431 9.98219 0 9.72923 23.9285 9.30226 0 9.39719 26.7774 6.59973 0 12.4237 23.4648 6.88859 0 12.7155 25.9033 9.42308 0 15.0732 23.3495 9.86681 0 15.5685 26.6152 7.38274 0 18.2375 23.9537 7.35965 0 18.7269 26.1299 10.212 0 20.9867 23.5379 10.2798 0 20.8633 26.7641 7.65079 0 23.8823 23.7412 7.38432 0 24.1056 26.3496 10.1386 0 26.8862 23.3514 10.0275 0 26.4283 26.2236 7.08211 
0 1.95634 1.49684 12.2951 0 1.7229 4.37642 15.4811 0 4.26435 1.7293 15.5751 0 4.52646 4.53872 13.4349 0 6.70488 1.70408 12.5114 0 7.28011 3.94563 15.9781 0 10.1752 1.14729 15.3729 0 9.6284 3.70008 12.737 0 13.1233 1.6127 12.2424 0 12.4147 3.78765 15.5236 0 15.8942 1.33493 14.8896 0 15.5476 4.63131 12.6164 0 18.075 2.02878 12.1309 0 18.3274 4.69806 15.4063 0 21.2171 1.47655 15.7337 0 21.0759 4.42965 12.7218 0 24.1965 1.21072 12.7789 0 23.8657 4.31577 15.1748 0 27.1719 1.4958 15.1047 0 26.4504 4.40871 12.2799 0 2.11728 6.80081 12.636 0 0.925941 9.91639 15.1743 0 3.89882 7.57419 15.4797 0 4.47989 9.71226 11.9401 0 7.41266 6.79009 12.9635 0 6.82641 9.88877 15.4892 0 10.0242 6.61787 15.6474 0 9.83701 9.97146 12.7027 0 12.2783 7.36428 12.7067 0 12.3997 9.77443 15.5609 0 15.368 7.12027 14.945 0 14.8533 9.91411 12.7209 0 18.1432 7.65913 12.3797 0 18.3269 9.96633 15.6909 0 20.9783 7.03696 15.3302 0 20.7382 9.98317 12.9417 0 23.6856 6.98599 12.1755 0 23.5467 10.0217 15.1449 0 26.4084 6.9521 15.3063 0 26.0227 10.0222 12.4936 0 1.40712 12.5434 12.2159 0 1.30605 15.6595 15.2627 0 4.13654 13.0848 15.2818 0 3.83023 15.7874 12.7343 0 7.28289 12.5768 12.4845 0 7.56686 15.5256 15.1819 0 9.79557 12.3399 15.3307 0 10.4262 15.6085 12.7207 0 12.6743 12.9021 12.5262 0 12.8776 15.1317 15.7174 0 14.9758 12.3868 15.2998 0 15.4357 15.497 12.9837 0 17.9338 12.2395 12.626 0 17.9934 15.1512 15.7703 0 20.7885 13.0278 15.7309 0 20.8172 15.902 13.1244 0 23.6617 12.9586 13.0819 0 23.4366 15.5567 15.6461 0 26.5397 12.7086 15.4835 0 26.5644 15.2524 13.1311 0 2.14134 18.6225 12.7647 0 2.06543 20.839 15.6053 0 4.59253 18.1716 15.418 0 4.20322 21.0627 12.1494 0 6.73961 17.979 12.1564 0 7.20888 21.2016 15.0548 0 9.85123 18.141 15.3441 0 9.54404 20.5753 12.3787 0 12.5123 18.4855 13.1045 0 12.651 20.9977 15.9172 0 15.2078 17.9768 16.0522 0 15.3291 20.9893 12.9005 0 17.9898 18.2914 13.3689 0 17.9374 21.1212 15.512 0 20.7724 18.5484 15.7281 0 20.9063 20.6379 12.8488 0 23.5644 18.0393 12.7525 0 23.7126 21.0109 15.1909 0 26.2893 18.3588 15.3264 0 26.5526 20.9942 12.7797 0 1.97086 23.5338 12.6449 0 1.70695 26.6674 15.5712 0 4.54853 24.0046 15.5195 0 4.396 26.4015 12.3908 0 7.28027 23.8261 12.8122 0 7.40237 26.4343 15.2781 0 9.87419 23.6688 15.441 0 10.0319 26.8924 12.3555 0 12.3163 23.3204 12.7429 0 12.6511 25.9981 14.9089 0 15.3419 23.6991 15.8785 0 15.5625 26.4948 11.6441 0 18.0503 23.4918 13.2117 0 18.2205 26.0079 15.4138 0 20.8317 23.6623 15.458 0 21.4033 26.5383 13.1396 0 23.6386 23.8654 12.9712 0 24.2035 26.5153 15.4669 0 27.1414 23.8051 15.6868 0 26.6017 25.9743 12.7896 
0 1.45224 2.11939 18.3238 0 1.59466 4.53825 20.808 0 4.44344 1.68018 20.4288 0 4.43612 4.684 18.194 0 7.56926 1.17298 18.4141 0 6.91947 4.23509 20.9921 0 9.88307 1.36405 21.5052 0 9.89751 4.20786 18.6662 0 12.8144 1.34217 18.0477 0 12.4728 4.12056 21.4006 0 15.4526 1.66951 20.9892 0 15.6981 4.87261 18.148 0 18.1869 1.09645 18.0851 0 18.3888 4.09789 20.4921 0 21.7362 0.929884 20.7238 0 21.1097 4.21628 18.1166 0 24.0752 1.74017 17.8302 0 23.8141 4.293 20.2656 0 26.5811 1.46308 20.6412 0 26.6176 4.23081 17.9964 0 1.22281 7.26822 17.9753 0 1.19088 9.94614 20.193 0 4.53355 7.87965 20.0385 0 3.76219 10.5216 17.761 0 7.33043 7.34281 18.3982 0 6.93538 10.4328 20.0327 0 9.87705 7.08216 21.2059 0 10.1841 9.72649 18.1806 0 12.6067 6.73557 18.0651 0 12.7432 9.43327 21.0373 0 15.532 6.75779 21.2213 0 15.0197 9.52083 18.2829 0 18.5598 7.24103 18.2228 0 17.8594 9.78914 20.5059 0 20.8531 7.17196 21.2341 0 21.1701 9.74924 17.9923 0 23.7257 7.51883 17.9066 0 23.1502 10.0124 20.9042 0 25.7231 7.51052 21.0254 0 26.3495 9.62941 18.0345 0 1.28704 13.2575 17.7958 0 0.799052 15.3119 21.0814 0 4.17023 12.6743 20.427 0 4.3301 15.8431 18.1816 0 6.70262 13.1849 17.8725 0 7.08613 15.3433 20.9344 0 9.8387 12.7139 20.5999 0 10.0092 14.9946 18.117 0 12.7152 12.3821 18.6281 0 12.6347 15.3902 20.8458 0 15.3048 12.2704 21.3068 0 15.3691 14.8051 18.5655 0 17.6542 12.4523 18.3788 0 18.0976 15.2807 20.7774 0 20.8574 12.4871 20.9634 0 20.787 15.4943 18.3748 0 23.5268 12.3912 17.9833 0 23.4115 14.9645 21.0291 0 26.1097 12.5654 20.4968 0 26.345 15.7323 18.1058 0 1.74287 18.0833 18.0185 0 1.1327 20.7785 21.0212 0 3.60161 17.7482 21.1453 0 4.51383 20.839 18.4601 0 7.02076 18.3738 18.0995 0 7.31535 21.1331 21.1076 0 10.023 18.0523 20.7749 0 9.85533 20.9492 18.2305 0 12.239 18.0183 18.2977 0 12.3818 20.5732 21.0266 0 15.4398 17.7406 20.6496 0 15.3336 20.6942 18.5412 0 18.2982 18.379 18.6468 0 18.4351 20.926 21.2715 0 21.5121 18.3246 20.8768 0 21.0238 20.9794 18.003 0 23.6119 18.3719 17.7806 0 23.8895 21.3657 20.9637 0 25.8469 17.8311 21.1194 0 26.9728 20.7081 18.0863 0 2.0619 23.2867 18.4107 0 2.06906 26.3764 20.4617 0 4.93942 23.8763 21.0329 0 4.73963 26.2906 18.0555 0 7.28388 23.6753 18.1129 0 6.93565 26.747 21.0854 0 9.6465 24.104 20.7185 0 10.1007 26.4933 18.0088 0 12.9202 23.1635 18.6033 0 12.9585 25.8851 20.9902 0 15.1905 23.2998 21.463 0 15.3599 26.8736 17.7394 0 18.4011 23.911 18.4333 0 18.4301 26.4401 21.2095 0 20.8864 23.9887 21.092 0 20.9094 26.0284 18.419 0 24.0816 23.807 18.1051 0 24.0888 26.0423 20.9884 0 27.1026 23.8197 20.7576 0 26.533 26.7084 18.2657 
0 1.5678 1.54801 23.153 0 1.53995 4.56893 25.7533 0 4.02278 2.06452 26.7063 0 4.38286 4.50766 23.4507 0 6.3762 1.6262 23.4295 0 6.81038 3.93608 26.321 0 9.79628 1.83265 26.6746 0 9.61163 4.19745 23.5589 0 13.0393 0.861511 23.5443 0 12.8992 3.93569 26.9687 0 15.3625 1.30184 27.1181 0 15.6258 4.00825 23.6156 0 18.4571 1.32439 23.6215 0 18.1796 4.15922 26.1639 0 21.1853 1.89308 26.5363 0 20.8676 4.22344 23.4776 0 23.8219 1.42057 23.6459 0 23.9466 4.04911 26.6204 0 26.7393 1.39674 26.1858 0 26.5848 4.17113 23.0948 0 1.49081 6.96829 23.0011 0 1.5694 9.32266 25.7819 0 4.53526 6.76127 26.2948 0 4.36399 9.53429 23.1993 0 6.96428 6.90309 23.3347 0 7.59868 9.61617 26.7836 0 9.64146 6.51972 26.0625 0 9.43063 9.58318 23.5461 0 12.8669 6.35098 24.3041 0 12.0311 9.49501 26.0412 0 15.3728 6.6154 26.5464 0 15.296 9.71261 23.7076 0 18.0799 6.78096 23.6262 0 18.1557 9.25026 26.3707 0 20.557 6.61756 26.1661 0 20.3272 10.0988 23.5152 0 23.4118 6.6385 24.0395 0 23.4015 9.45106 26.2493 0 26.23 6.93004 26.2735 0 26.4093 10.047 23.5376 0 1.13685 12.3713 23.4834 0 1.78909 15.2399 26.4683 0 4.36974 11.8592 25.837 0 4.13561 15.0341 23.3931 0 7.25392 12.523 23.5842 0 7.14693 14.8579 26.1128 0 9.92419 12.415 26.6576 0 9.95084 15.503 23.5546 0 12.21 12.4492 23.5524 0 12.4924 15.6013 26.7091 0 15.1779 12.8903 26.1868 0 15.5193 15.5448 23.5877 0 17.8724 12.6162 23.583 0 18.0982 15.5 26.5231 0 20.1964 12.0179 26.4559 0 20.8248 15.2979 23.487 0 23.6319 12.2198 23.5603 0 23.4801 15.3135 26.0976 0 26.1621 12.5844 26.0685 0 26.1036 15.1879 23.6242 0 0.844442 18.0571 23.46 0 1.55297 20.6013 25.6658 0 4.33562 18.3322 26.262 0 3.98549 20.9028 22.9685 0 7.4562 18.2703 23.3668 0 7.26158 20.8365 26.2876 0 9.37861 17.7609 26.5948 0 9.97507 21.2703 23.753 0 12.8632 18.0953 23.4791 0 12.2736 20.4638 26.5006 0 15.5133 18.2884 26.6299 0 15.3602 20.5194 23.7259 0 18.2872 18.2165 23.9056 0 18.3225 21.1801 26.7236 0 20.8887 18.3239 26.5592 0 20.9837 20.9161 23.92 0 23.5145 18.2477 23.7608 0 23.8432 21.0536 26.961 0 26.3832 18.0469 26.4382 0 26.0244 20.8587 23.7345 0 1.46861 24.1705 23.5546 0 1.54609 26.5965 26.2877 0 3.98022 22.9483 25.9843 0 4.34741 26.3257 23.5691 0 6.93868 23.8334 23.8932 0 6.93 27.6446 26.6617 0 9.71673 23.7376 26.8372 0 9.33422 26.5654 24.0467 0 12.3134 24.2495 23.9676 0 12.2115 26.4355 26.8119 0 15.6444 23.8747 26.9903 0 15.4769 26.0616 24.0059 0 17.8668 23.4598 24.0854 0 18.2489 26.7264 26.5681 0 20.7545 23.9764 26.3477 0 21.22 26.6217 23.5821 0 23.6131 23.5525 24.381 0 23.4264 26.455 26.6221 0 26.6514 23.5649 26.0897 0 26.4638 26.5822 23.6419 

-1.51331 0.557213 0.623011 -0.175446 -1.70593 1.33592 -0.877389 -0.938367 -0.442949 0.164479 -0.214273 -2.19635 0.575243 -2.20941 -0.0895243 0.149745 -2.75403 0.686769 0.413511 -3.14197 -0.710871 -0.581665 -0.18884 -1.45239 0.414449 -0.282664 -2.57839 -0.998728 0.564283 -0.44944 -1.30435 -0.335344 -1.16594 -0.381798 1.35573 1.33601 -1.08978 1.3416 -1.3152 -0.105289 1.1617 -0.586967 1.02467 -1.39429 0.91485 -1.0863 0.4473 -2.24061 1.81645 -1.28618 0.124845 -1.27951 -0.0551522 -0.123621 -1.29044 1.21962 1.89578 1.55261 1.49583 0.873044 0.925327 -0.00434374 0.202881 2.00635 0.110145 -2.41103 1.46464 1.15946 -1.31825 -0.766553 0.810103 -0.229025 -2.78507 1.18603 0.202612 -0.862781 0.376137 -0.00348432 -1.04183 -1.17345 -1.33809 0.16973 2.76876 0.186612 -0.284578 -0.364465 -1.05392 0.804096 -0.1734 2.03711 -0.87788 -0.563739 0.371402 -0.292628 1.94016 0.205195 -1.34033 0.0556513 1.00484 -0.252381 -2.99894 1.39673 -0.364093 1.01804 1.66064 -2.90151 -2.7585 0.606933 -0.144705 -1.59271 0.213811 -0.0691677 -0.0229432 -2.06599 -1.66263 -1.00174 0.125783 1.11242 -0.807538 1.00383 0.410001 -0.799764 -2.61393 0.682449 -1.78415 0.525894 -0.185441 0.754456 -2.03907 -1.9799 0.987155 -1.85954 -0.733116 0.412864 0.588096 -0.593387 -2.42609 -0.876056 -1.43421 -0.324008 1.34895 0.293262 -0.658706 4.02021 -0.760207 -1.53701 2.22451 1.70672 0.706959 -0.652898 -0.0146265 -0.306503 0.0720976 2.27231 -0.0759412 -1.18574 1.11217 0.136213 -1.84824 0.784022 -1.97975 2.02545 0.75888 1.00436 0.949531 0.285184 -0.318762 1.24121 1.93767 0.0879451 0.437 -0.939275 1.24509 -0.77955 1.17047 -0.582761 0.197839 -2.04664 -0.437519 1.29785 -0.248222 -1.93683 -1.50982 1.32224 0.439198 3.00381 0.5228 -1.32763 -1.69742 1.0134 1.32255 0.349853 1.11433 1.07062 1.74067 0.0835423 -1.01051 1.2967 -0.635321 0.234724 -0.461228 0.202581 -0.536903 1.88415 -0.277307 1.75531 1.05951 1.24021 2.50194 2.12294 -0.794745 0.71503 -2.45667 -0.693636 2.56821 -0.778034 -1.75946 -0.148321 1.1209 -1.85514 2.14442 -0.56952 -0.517 -0.527439 -2.00585 1.57793 -1.51163 -2.9886 -0.502494 1.59775 -0.873889 1.80231 -0.390256 0.752096 -1.22472 -0.466886 -0.859064 0.0985497 -1.09242 -0.87215 0.122533 1.51718 -0.143832 1.33245 0.250869 0.235389 1.06328 -1.8989 0.148988 0.275085 0.243743 -1.49672 0.691965 0.496096 1.49525 -0.0617882 -0.337531 1.1586 1.35844 -0.301752 1.04991 0.461724 0.728524 0.71196 3.52508 1.71012 -0.287696 -0.524256 0.214219 1.54865 0.632304 2.63219 -1.37624 2.9404 2.14188 -0.427206 -1.5727 -0.264461 -1.65251 -0.911952 0.181828 1.10373 -0.216614 -1.83755 0.412714 -0.833303 -0.672255 1.06446 0.228371 2.23298 -1.33409 -1.32962 -1.27764 3.57178 -0.225384 0.508088 -0.2819 -2.71753 -0.79015 1.85266 
-0.403426 1.08352 2.42374 0.476886 -0.511485 -0.408448 0.0215811 -1.16304 -1.04663 0.868743 -0.170458 -0.808011 1.44562 -0.0150567 0.866398 0.0160926 0.398113 2.72648 1.33601 3.77714 -1.74257 -1.15331 -1.38808 0.154777 -1.1868 -2.56939 -1.1631 0.470096 1.07381 0.278152 -0.0325641 0.824722 -0.5276 0.611255 -0.496109 -2.79658 -1.24732 0.279129 0.134724 0.25169 0.958783 -0.29442 -0.366934 1.12148 0.612287 -0.551262 1.0427 1.62587 -1.60613 -0.918279 0.595623 -1.97523 0.91362 -1.5027 -0.558374 0.111447 0.156079 0.646744 -0.0144748 -1.64046 0.971888 -1.05473 -0.168702 2.00352 -0.677435 2.02788 0.391669 -0.0604227 -0.1906 -2.74154 0.276004 -0.335292 -1.13065 0.253413 -0.198801 -0.0166145 1.35753 1.6677 0.976514 -1.19128 0.554565 -1.40203 -0.145157 -0.490198 -1.43785 0.0595195 -1.98104 -1.84299 0.6544 0.971281 2.0716 -2.55384 -0.123601 -1.65536 0.546585 -0.563635 0.622995 -2.40614 -0.329719 0.126617 -1.37897 -0.216562 0.0514434 -1.26679 1.8106 0.391899 0.00999418 -1.57221 -1.01003 -0.321048 -2.22364 -3.29079 -1.53933 0.734641 0.115598 0.777659 -2.5742 0.029564 1.95367 -1.20952 1.13416 0.190708 0.593939 -0.628796 1.08098 -0.0101731 -0.727643 -1.96642 0.878275 -1.35598 -1.68836 -1.5184 -0.985189 -0.548638 1.81389 -0.596876 1.17563 -0.561266 2.52531 0.0502818 -0.639674 -0.682518 0.804957 -0.131857 -0.19178 0.0270727 0.318623 1.63554 1.44941 1.63492 1.93847 0.784562 1.09597 -1.38347 -2.0136 0.570966 -0.360133 -1.84378 0.00905868 -1.18342 0.252556 -0.582403 0.0187428 -0.627649 1.3299 0.23805 -2.14563 -1.76942 -0.113155 0.213898 -1.49063 -0.754536 1.92912 1.02871 -0.339892 0.833566 -2.21331 -0.591533 -0.366796 -0.613209 1.83674 0.347091 -3.158 -1.21377 -2.08547 -0.954138 -1.23543 -1.37851 0.0750065 -1.60215 -1.75778 -1.37589 -1.49086 2.65488 -0.864998 -1.02878 0.376563 2.04286 -0.541788 0.762522 0.386123 -1.04657 -1.36512 0.877483 0.0507644 1.12228 -0.477289 -1.53083 -0.419869 0.0434637 -0.364724 0.0154245 -0.0819779 -0.000595958 -0.0829909 -1.08544 -0.418996 0.19749 1.84144 0.369312 -0.766076 -0.125276 0.19897 -0.288947 -0.305688 -0.0843414 -2.38354 0.976245 0.715453 0.272486 1.11098 -0.424677 -0.572226 1.93143 2.06832 0.747919 0.686185 -1.15698 0.369271 0.0118398 1.32127 -2.27468 0.369331 -0.0312189 1.46529 -0.493494 -3.01745 -0.644641 -0.133228 0.17199 -0.517676 -0.479739 -0.999526 0.93532 -1.47482 -0.622561 -2.24742 -0.41689 -1.2303 1.41614 -0.253846 1.3251 1.03668 2.66125 0.846165 -1.19124 1.56063 1.28518 2.05472 0.0571604 1.18216 0.463176 -1.13767 -0.626487 0.866116 0.858503 -0.911151 -0.543339 -0.194446 0.485859 -0.467006 -1.65565 1.44232 -1.95872 -0.613084 -0.274411 -0.408816 0.785526 0.74438 -0.540981 -2.2796 0.0730651 0.423515 3.83894 -0.780356 0.786963 -1.94821 1.2139 0.952191 0.263172 
-0.980854 -1.25698 0.16539 0.276343 -1.15582 -0.156768 0.939888 -0.702067 -1.24998 1.60904 -0.677027 -0.896939 2.33484 -1.02354 -2.54979 -0.354601 -0.574282 -1.27529 -0.223532 -0.785867 0.785774 1.6091 -0.649178 -0.968907 -0.400481 -1.40597 -0.228113 1.21577 2.66605 -1.47857 -0.461961 -0.748691 1.6882 0.276429 -1.10268 -2.53413 0.601982 -1.08366 0.317979 2.66278 -0.200072 0.515814 0.255685 -0.197271 -1.14871 -0.948905 1.25142 1.68699 -0.0725107 0.558804 -0.600358 -1.06423 -0.103261 0.113983 1.16169 -1.34144 -0.969439 2.79569 -0.892751 0.647864 -0.464581 -1.64497 -0.572266 0.850793 -0.673048 0.800565 -0.752577 3.42579 1.07359 0.299259 1.51082 -0.0856874 1.82356 1.28083 -0.760642 1.46874 1.90044 0.746892 -0.713585 2.04884 -0.234894 2.0334 -2.44346 0.131905 -0.726824 -1.477 0.085101 0.485817 -0.303481 0.388991 -0.506829 -1.70575 0.728646 2.71765 -0.00485509 -1.16104 -0.223707 1.64514 1.04613 -0.0784048 0.249815 -1.09801 1.19059 0.540805 3.4875 -0.477946 0.0549158 0.764877 1.2499 -0.00407918 -2.08969 -2.37754 1.4994 2.91186 0.436321 0.940231 -0.665734 0.75886 -1.12719 -0.431451 1.05663 1.5084 0.317999 1.46432 -1.14399 2.18466 0.961156 0.505081 -2.09157 -0.554852 1.66317 1.65932 1.71926 0.828698 2.32202 -0.161466 -1.65048 1.0545 0.465774 0.818087 -2.46587 -0.427587 1.33219 -1.80444 -1.48673 -0.154202 -1.65141 0.119022 -0.951629 1.09014 3.46624 0.731787 1.34328 -1.88889 -0.148859 -2.76761 0.291072 -0.679849 0.537727 1.13206 2.16392 -0.208765 -1.11584 -1.26513 1.7633 -0.951116 -1.08616 -0.281708 -0.79653 1.56788 -0.306215 -1.73214 1.37652 -0.677737 1.49765 -0.470277 -0.254575 -3.03495 1.00695 1.44635 -1.325 2.13881 -1.69075 0.981574 -0.609154 -0.259892 0.640165 -1.14268 0.960542 0.077988 -1.89867 1.11651 0.363218 0.147113 0.328751 -1.50186 -0.0501285 0.64307 -1.37949 0.885869 1.37856 -0.209421 -0.763367 -0.61565 -0.143907 -1.41386 0.156973 2.52487 1.4021 0.0943683 1.36392 -0.0314768 -0.556043 -0.918748 -1.1672 0.298892 0.537133 -1.53486 0.760498 -1.06791 -0.967267 0.132615 -0.149772 -1.28938 2.69297 1.03878 0.423089 -1.10506 0.853352 2.5213 -0.400201 2.40024 -0.358624 -0.81785 -2.08791 -0.123021 -0.220315 0.382602 2.02504 1.95371 0.71424 1.39538 -1.05468 1.71375 -2.152 -0.542011 0.0326299 0.983125 0.188189 -0.527343 0.0286579 1.84868 0.302899 -0.0540834 0.266651 -0.0519816 -0.298231 -0.979761 -0.411634 0.297881 0.271231 -1.44673 1.92308 -0.0485763 -1.32236 -1.45456 -1.40387 0.981192 -0.450453 -0.249199 -0.364715 -0.45583 -1.51146 -0.276998 2.57791 -1.93832 -0.651719 -1.29732 1.85106 0.833953 0.872914 -0.670662 -1.05961 1.00566 -0.622836 0.926398 -0.590955 -1.02624 1.27962 -1.57792 1.66787 -0.179342 -1.25316 -1.95008 -0.326587 -1.51849 0.403514 -2.59812 1.07565 -2.17603 
1.57168 -2.33851 0.00998532 -1.39001 -1.39887 0.104008 0.926411 -2.05881 1.29135 -2.25806 0.478397 1.19222 -1.13333 -0.172126 0.480692 0.12761 -2.03469 -0.96631 1.17612 -0.874007 2.46994 -1.22225 -1.84911 0.0535198 -0.330662 0.840103 -0.63377 -0.380685 2.04382 -0.0838715 0.936934 0.0940121 -1.98773 -1.11249 1.83678 -0.155102 1.70925 -0.107772 -1.01285 -1.15523 0.573448 -0.286411 -1.29234 0.233506 -1.03066 -1.8099 -1.26254 0.227545 0.762611 -0.114972 -0.433664 -0.272743 -0.618156 0.775747 0.527255 1.62722 -1.81132 -1.172 -1.47301 -1.60101 -0.623338 0.588177 -2.11099 -1.03176 0.929326 -0.369179 -0.971648 1.23351 -2.01962 1.02338 -0.335064 1.29455 0.357198 -0.972592 -0.215212 -0.514505 3.69688 1.4429 0.616108 -0.322401 0.240541 -1.65566 0.528733 1.5594 -0.927811 -2.14195 1.05599 0.661989 -0.15881 -2.20928 1.66944 1.23001 0.144581 1.92829 -0.1311 -1.06261 1.69967 0.363452 0.172552 -0.633989 -0.908402 -0.81268 1.6665 -1.24949 -0.62498 0.392262 1.28239 -2.63344 2.19558 1.30809 -0.656477 1.76378 1.93742 0.130377 -0.170854 -2.83038 -0.427531 -0.16375 0.0596621 -0.641571 1.40121 0.526519 -1.56487 -1.03812 1.05606 3.49922 0.558604 1.16794 -1.6666 -2.02703 -0.235025 1.08314 0.614047 0.664955 -1.92407 0.63007 -1.96064 2.50718 -0.551647 -0.540884 -0.161815 3.00008 -1.88269 -2.186 -1.6418 0.965771 -1.83313 -2.77174 1.06657 -1.66297 0.338124 -0.457156 0.242615 -0.497526 1.36919 1.11098 0.600669 2.12877 0.444674 0.327111 0.403677 1.33238 0.189387 0.904545 -2.47536 -2.3087 -1.06569 1.66396 0.70143 0.428416 0.736666 -1.32786 -1.69642 0.753617 -1.60632 1.41662 -1.37691 -1.61195 0.0896533 0.326103 -1.56399 -0.0461602 0.334784 -1.19745 1.10017 0.19336 0.768715 -1.73511 1.61092 1.78681 -1.70342 -0.613191 0.173018 -0.0270627 -0.431059 -0.357851 2.36975 -0.283615 -0.902876 2.47962 -0.0801655 0.951084 -0.378041 -0.0709237 -0.946301 -1.3066 -1.15444 0.736231 0.218819 0.680606 0.0421777 0.744877 0.517608 0.505896 0.708228 -0.067046 -2.39508 -1.21245 -1.20643 -0.592648 -2.17196 -0.0311267 -2.10739 1.31727 0.0243654 -1.52412 0.659061 -0.488196 -0.0525673 -0.650762 0.0648019 0.972223 0.604235 -1.25371 -0.156379 0.122856 -0.4394 1.08993 -0.609375 -2.91894 2.50442 -0.0456303 -2.20469 -0.533446 -3.03281 1.21129 -1.33021 2.63677 1.39847 0.267321 1.00601 -0.0273175 -2.81741 -0.467338 0.0899425 -0.924826 -0.438826 0.214773 -2.65405 -1.57631 -0.14834 0.531082 2.09282 -0.845629 0.219721 1.82718 0.509219 -0.780632 -0.00997916 0.00336581 -2.73521 1.24322 1.24179 1.75591 0.761965 1.12986 1.24897 1.64854 -1.11159 -1.8325 -1.47305 1.35784 -1.79605 1.06708 3.1245 0.420688 -1.45353 1.72683 1.54278 -0.367753 0.410425 -0.202151 -1.79631 -0.564774 -0.378738 -0.939728 -0.0321645 0.354355 -1.01062 -1.01556 
0.283534 -0.313815 1.04937 -0.289495 3.00679 1.07748 -1.01234 -1.30358 -0.638414 -1.728 -0.576762 2.92316 1.81972 -0.268202 1.18599 2.12074 -0.609854 0.966936 1.70323 -1.15065 1.07652 -0.581354 0.593524 1.52873 -1.03258 -2.05147 -0.46842 0.658042 -0.255 0.507707 0.113238 2.38761 0.277708 -1.78719 -0.416651 -0.444331 0.545378 0.927336 0.146763 0.528499 2.30292 2.64216 -2.00349 -0.34103 1.33025 2.56791 -2.29766 2.13602 -1.13697 2.47569 0.314479 2.11421 -1.91219 1.08829 0.896521 -1.58955 -0.108521 -2.08802 -0.764408 -1.53892 -1.46913 0.748593 0.00998837 0.160375 -0.578615 2.06973 1.01624 0.0177927 0.420417 0.61664 -0.401784 -2.26789 -0.447962 -1.60479 -1.21454 -0.449653 -1.57626 0.140062 -0.128851 0.574144 0.0504942 -0.546841 0.716567 -1.53107 -0.299479 2.12496 -1.17008 0.925592 0.627838 -1.7198 1.73402 -0.242103 -0.927392 1.58097 0.806974 -0.994572 -1.43012 1.18149 0.553234 -2.09866 1.08899 1.35893 -1.08794 -0.0586033 0.373282 1.4926 1.26835 1.18213 2.11825 1.56135 -2.82501 0.71427 -0.179056 0.207351 1.14483 0.179202 -1.78958 -1.1171 0.586288 0.755507 0.675517 -1.52136 -2.02458 1.2246 -1.30491 0.0319307 0.896657 0.881475 -0.629751 -0.4993 -0.948544 -1.81755 0.752701 -0.220082 0.130521 -1.81047 -1.79824 1.30244 0.186611 0.489539 1.50964 0.697498 -0.799978 -0.725494 1.76179 -1.52423 -1.28208 0.324818 0.215265 -0.34952 0.910797 1.05769 0.317344 -0.757447 0.0558505 -1.51826 -0.315566 -2.09312 -0.109653 -0.734402 1.85312 1.06684 -2.26639 -0.326443 -0.986138 -0.00417227 1.64254 -0.616531 1.30985 -0.20455 0.36605 -0.552997 1.65234 -1.17632 -0.0138639 0.00948572 1.3181 1.39372 -0.783424 1.36214 -0.595833 0.423097 0.542724 1.32587 -0.946645 -0.763307 -1.89101 2.17409 1.30845 1.46096 -0.438415 1.92607 -0.166172 -2.80492 0.918027 1.44387 2.57424 2.4456 -0.802417 -1.13975 -1.39246 0.0749879 -0.617949 1.21808 -1.64283 -1.74654 -1.82471 2.05891 0.171077 1.3632 0.530295 0.228416 0.714568 0.54485 0.605569 0.606312 1.40133 1.20099 0.142274 1.94028 1.50071 -1.17247 -0.0997557 1.31354 -0.238303 0.805292 1.72667 -0.627913 2.31994 2.1488 -0.530457 -3.27049 -0.309236 1.81791 0.124963 0.729776 0.957819 -0.392125 -0.818755 1.55926 -0.460615 0.305282 0.258976 -0.993206 0.0963534 2.48297 -0.0952814 -0.369283 1.37677 1.78501 0.538248 -0.200747 1.09434 0.417384 1.57395 2.37978 2.01464 0.475359 0.547943 0.138387 0.403806 -1.54928 -0.15459 -0.394895 0.682425 -1.02007 -1.63395 0.364477 1.07075 0.933372 0.42225 -1.76076 0.115576 2.07278 -1.66018 -1.06987 -2.2307 -0.403018 1.30383 0.535725 -1.14481 0.628443 2.9513 1.05886 -0.0734622 -0.287993 0.215791 -0.213858 0.915642 2.60731 -0.12592 0.0335373 2.19949 1.9533 0.886574 -0.0403778 -1.92589 -0.556685 0.192504 -0.389924 
